
label	time(d)	x	depth	z	radius	total	0-10	10-20	20-30	30-40	40-50	50-60	60-70	70-80	80-90	90-100	100-110	110-120	120-130	130-140	140-150	150-160	160-170	170-180	180-190	190-200
05.500,00.000	0	5.5	-200	0	4.5	0	0	0	0	0	0	0	0	0	0	0	0	0	0	0	0	0	0	0	0	0
05.500,00.000	0.1	5.5	-200	0	4.5	0	0	0	0	0	0	0	0	0	0	0	0	0	0	0	0	0	0	0	0	0
05.500,00.000	0.2	5.5	-200	0	4.5	0	0	0	0	0	0	0	0	0	0	0	0	0	0	0	0	0	0	0	0	0
05.500,00.000	0.3	5.5	-200	0	4.5	0	0	0	0	0	0	0	0	0	0	0	0	0	0	0	0	0	0	0	0	0
05.500,00.000	0.4	5.5	-200	0	4.5	0	0	0	0	0	0	0	0	0	0	0	0	0	0	0	0	0	0	0	0	0
05.500,00.000	0.5	5.5	-200	0	4.5	0	0	0	0	0	0	0	0	0	0	0	0	0	0	0	0	0	0	0	0	0
05.500,00.000	0.6	5.5	-200	0	4.5	0	0	0	0	0	0	0	0	0	0	0	0	0	0	0	0	0	0	0	0	0
05.500,00.000	0.7	5.5	-200	0	4.5	0	0	0	0	0	0	0	0	0	0	0	0	0	0	0	0	0	0	0	0	0
05.500,00.000	0.8	5.5	-200	0	4.5	0	0	0	0	0	0	0	0	0	0	0	0	0	0	0	0	0	0	0	0	0
05.500,00.000	0.9	5.5	-200	0	4.5	0	0	0	0	0	0	0	0	0	0	0	0	0	0	0	0	0	0	0	0	0
05.500,00.000	1	5.5	-200	0	4.5	0	0	0	0	0	0	0	0	0	0	0	0	0	0	0	0	0	0	0	0	0
05.500,00.000	1.1	5.5	-200	0	4.5	0	0	0	0	0	0	0	0	0	0	0	0	0	0	0	0	0	0	0	0	0
05.500,00.000	1.2	5.5	-200	0	4.5	0	0	0	0	0	0	0	0	0	0	0	0	0	0	0	0	0	0	0	0	0
05.500,00.000	1.3	5.5	-200	0	4.5	0	0	0	0	0	0	0	0	0	0	0	0	0	0	0	0	0	0	0	0	0
05.500,00.000	1.4	5.5	-200	0	4.5	0	0	0	0	0	0	0	0	0	0	0	0	0	0	0	0	0	0	0	0	0
05.500,00.000	1.5	5.5	-200	0	4.5	0	0	0	0	0	0	0	0	0	0	0	0	0	0	0	0	0	0	0	0	0
05.500,00.000	1.6	5.5	-200	0	4.5	0	0	0	0	0	0	0	0	0	0	0	0	0	0	0	0	0	0	0	0	0
05.500,00.000	1.7	5.5	-200	0	4.5	0	0	0	0	0	0	0	0	0	0	0	0	0	0	0	0	0	0	0	0	0
05.500,00.000	1.8	5.5	-200	0	4.5	0	0	0	0	0	0	0	0	0	0	0	0	0	0	0	0	0	0	0	0	0
05.500,00.000	1.9	5.5	-200	0	4.5	0	0	0	0	0	0	0	0	0	0	0	0	0	0	0	0	0	0	0	0	0
05.500,00.000	2	5.5	-200	0	4.5	0	0	0	0	0	0	0	0	0	0	0	0	0	0	0	0	0	0	0	0	0
05.500,00.000	2.1	5.5	-200	0	4.5	0	0	0	0	0	0	0	0	0	0	0	0	0	0	0	0	0	0	0	0	0
05.500,00.000	2.2	5.5	-200	0	4.5	0	0	0	0	0	0	0	0	0	0	0	0	0	0	0	0	0	0	0	0	0
05.500,00.000	2.3	5.5	-200	0	4.5	0	0	0	0	0	0	0	0	0	0	0	0	0	0	0	0	0	0	0	0	0
05.500,00.000	2.4	5.5	-200	0	4.5	0	0	0	0	0	0	0	0	0	0	0	0	0	0	0	0	0	0	0	0	0
05.500,00.000	2.5	5.5	-200	0	4.5	0.012392	0	0.012392	0	0	0	0	0	0	0	0	0	0	0	0	0	0	0	0	0	0
05.500,00.000	2.6	5.5	-200	0	4.5	0.311952	0	0.311952	0	0	0	0	0	0	0	0	0	0	0	0	0	0	0	0	0	0
05.500,00.000	2.7	5.5	-200	0	4.5	0.650343	0.0593444	0.590999	0	0	0	0	0	0	0	0	0	0	0	0	0	0	0	0	0	0
05.500,00.000	2.8	5.5	-200	0	4.5	1.16544	0.301395	0.864044	0	0	0	0	0	0	0	0	0	0	0	0	0	0	0	0	0	0
05.500,00.000	2.9	5.5	-200	0	4.5	1.70908	0.571356	1.13773	0	0	0	0	0	0	0	0	0	0	0	0	0	0	0	0	0	0
05.500,00.000	3	5.5	-200	0	4.5	2.28267	0.870553	1.41212	0	0	0	0	0	0	0	0	0	0	0	0	0	0	0	0	0	0
05.500,00.000	3.1	5.5	-200	0	4.5	2.95638	1.26893	1.68746	0	0	0	0	0	0	0	0	0	0	0	0	0	0	0	0	0	0
05.500,00.000	3.2	5.5	-200	0	4.5	3.81379	1.85104	1.96275	0	0	0	0	0	0	0	0	0	0	0	0	0	0	0	0	0	0
05.500,00.000	3.3	5.5	-200	0	4.5	4.70994	2.47195	2.23799	0	0	0	0	0	0	0	0	0	0	0	0	0	0	0	0	0	0
05.500,00.000	3.4	5.5	-200	0	4.5	5.60424	3.09193	2.51231	0	0	0	0	0	0	0	0	0	0	0	0	0	0	0	0	0	0
05.500,00.000	3.5	5.5	-200	0	4.5	6.49449	3.7095	2.78499	0	0	0	0	0	0	0	0	0	0	0	0	0	0	0	0	0	0
05.500,00.000	3.6	5.5	-200	0	4.5	7.38021	4.32433	3.05588	0	0	0	0	0	0	0	0	0	0	0	0	0	0	0	0	0	0
05.500,00.000	3.7	5.5	-200	0	4.5	8.26282	4.9377	3.32512	0	0	0	0	0	0	0	0	0	0	0	0	0	0	0	0	0	0
05.500,00.000	3.8	5.5	-200	0	4.5	9.14464	5.55138	3.59327	0	0	0	0	0	0	0	0	0	0	0	0	0	0	0	0	0	0
05.500,00.000	3.9	5.5	-200	0	4.5	10.0281	6.16676	3.86132	0	0	0	0	0	0	0	0	0	0	0	0	0	0	0	0	0	0
05.500,00.000	4	5.5	-200	0	4.5	10.9134	6.78354	4.12986	0	0	0	0	0	0	0	0	0	0	0	0	0	0	0	0	0	0
05.500,00.000	4.1	5.5	-200	0	4.5	11.5031	7.10458	4.3985	0	0	0	0	0	0	0	0	0	0	0	0	0	0	0	0	0	0
05.500,00.000	4.2	5.5	-200	0	4.5	12.0712	7.40533	4.66585	0	0	0	0	0	0	0	0	0	0	0	0	0	0	0	0	0	0
05.500,00.000	4.3	5.5	-200	0	4.5	12.6494	7.71697	4.93239	0	0	0	0	0	0	0	0	0	0	0	0	0	0	0	0	0	0
05.500,00.000	4.4	5.5	-200	0	4.5	13.2249	8.02746	5.19744	0	0	0	0	0	0	0	0	0	0	0	0	0	0	0	0	0	0
05.500,00.000	4.5	5.5	-200	0	4.5	13.7953	8.33541	5.45992	0	0	0	0	0	0	0	0	0	0	0	0	0	0	0	0	0	0
05.500,00.000	4.6	5.5	-200	0	4.5	14.3604	8.64075	5.71965	0	0	0	0	0	0	0	0	0	0	0	0	0	0	0	0	0	0
05.500,00.000	4.7	5.5	-200	0	4.5	14.9212	8.94443	5.97676	0	0	0	0	0	0	0	0	0	0	0	0	0	0	0	0	0	0
05.500,00.000	4.8	5.5	-200	0	4.5	15.478	9.24621	6.23176	0	0	0	0	0	0	0	0	0	0	0	0	0	0	0	0	0	0
05.500,00.000	4.9	5.5	-200	0	4.5	16.0316	9.54678	6.48479	0	0	0	0	0	0	0	0	0	0	0	0	0	0	0	0	0	0
05.500,00.000	5	5.5	-200	0	4.5	16.5824	9.84636	6.73604	0	0	0	0	0	0	0	0	0	0	0	0	0	0	0	0	0	0
05.500,00.000	5.1	5.5	-200	0	4.5	17.1324	10.1462	6.98624	0	0	0	0	0	0	0	0	0	0	0	0	0	0	0	0	0	0
05.500,00.000	5.2	5.5	-200	0	4.5	17.6807	10.4453	7.23538	0	0	0	0	0	0	0	0	0	0	0	0	0	0	0	0	0	0
05.500,00.000	5.3	5.5	-200	0	4.5	18.2276	10.7439	7.48371	0	0	0	0	0	0	0	0	0	0	0	0	0	0	0	0	0	0
05.500,00.000	5.4	5.5	-200	0	4.5	18.7722	11.0414	7.73078	0	0	0	0	0	0	0	0	0	0	0	0	0	0	0	0	0	0
05.500,00.000	5.5	5.5	-200	0	4.5	19.3137	11.3375	7.97626	0	0	0	0	0	0	0	0	0	0	0	0	0	0	0	0	0	0
05.500,00.000	5.6	5.5	-200	0	4.5	19.852	11.6319	8.22007	0	0	0	0	0	0	0	0	0	0	0	0	0	0	0	0	0	0
05.500,00.000	5.7	5.5	-200	0	4.5	20.3864	11.9072	8.47923	0	0	0	0	0	0	0	0	0	0	0	0	0	0	0	0	0	0
05.500,00.000	5.8	5.5	-200	0	4.5	20.9176	11.9072	8.936	0.0744468	0	0	0	0	0	0	0	0	0	0	0	0	0	0	0	0	0
05.500,00.000	5.9	5.5	-200	0	4.5	21.4462	11.9072	9.2262	0.312875	0	0	0	0	0	0	0	0	0	0	0	0	0	0	0	0	0
05.500,00.000	6	5.5	-200	0	4.5	21.9729	11.9072	9.51627	0.54941	0	0	0	0	0	0	0	0	0	0	0	0	0	0	0	0	0
05.500,00.000	6.1	5.5	-200	0	4.5	22.4976	11.9072	9.80593	0.784534	0	0	0	0	0	0	0	0	0	0	0	0	0	0	0	0	0
05.500,00.000	6.2	5.5	-200	0	4.5	23.0238	11.9072	10.0974	1.01924	0	0	0	0	0	0	0	0	0	0	0	0	0	0	0	0	0
05.500,00.000	6.3	5.5	-200	0	4.5	23.5509	11.9072	10.3901	1.25361	0	0	0	0	0	0	0	0	0	0	0	0	0	0	0	0	0
05.500,00.000	6.4	5.5	-200	0	4.5	23.916	11.9072	10.5211	1.48771	0	0	0	0	0	0	0	0	0	0	0	0	0	0	0	0	0
05.500,00.000	6.5	5.5	-200	0	4.5	24.1507	11.9082	10.521	1.72147	0	0	0	0	0	0	0	0	0	0	0	0	0	0	0	0	0
05.500,00.000	6.6	5.5	-200	0	4.5	24.3868	11.9098	10.523	1.95403	0	0	0	0	0	0	0	0	0	0	0	0	0	0	0	0	0
05.500,00.000	6.7	5.5	-200	0	4.5	24.6211	11.9129	10.523	2.18524	0	0	0	0	0	0	0	0	0	0	0	0	0	0	0	0	0
05.500,00.000	6.8	5.5	-200	0	4.5	24.8573	11.9186	10.5231	2.41564	0	0	0	0	0	0	0	0	0	0	0	0	0	0	0	0	0
05.500,00.000	6.9	5.5	-200	0	4.5	25.0975	11.9278	10.524	2.64568	0	0	0	0	0	0	0	0	0	0	0	0	0	0	0	0	0
05.500,00.000	7	5.5	-200	0	4.5	25.3418	11.9419	10.5241	2.87584	0	0	0	0	0	0	0	0	0	0	0	0	0	0	0	0	0
05.500,00.000	7.1	5.5	-200	0	4.5	25.5925	11.9625	10.5241	3.10593	0	0	0	0	0	0	0	0	0	0	0	0	0	0	0	0	0
05.500,00.000	7.2	5.5	-200	0	4.5	25.8517	11.9914	10.5257	3.3346	0	0	0	0	0	0	0	0	0	0	0	0	0	0	0	0	0
05.500,00.000	7.3	5.5	-200	0	4.5	26.1176	12.0282	10.5276	3.56186	0	0	0	0	0	0	0	0	0	0	0	0	0	0	0	0	0
05.500,00.000	7.4	5.5	-200	0	4.5	26.3935	12.0757	10.5304	3.78739	0	0	0	0	0	0	0	0	0	0	0	0	0	0	0	0	0
05.500,00.000	7.5	5.5	-200	0	4.5	26.679	12.1341	10.5341	4.01079	0	0	0	0	0	0	0	0	0	0	0	0	0	0	0	0	0
05.500,00.000	7.6	5.5	-200	0	4.5	26.976	12.2051	10.5394	4.23158	0	0	0	0	0	0	0	0	0	0	0	0	0	0	0	0	0
05.500,00.000	7.7	5.5	-200	0	4.5	27.2843	12.2888	10.5457	4.44976	0	0	0	0	0	0	0	0	0	0	0	0	0	0	0	0	0
05.500,00.000	7.8	5.5	-200	0	4.5	27.6073	12.3877	10.5539	4.66574	0	0	0	0	0	0	0	0	0	0	0	0	0	0	0	0	0
05.500,00.000	7.9	5.5	-200	0	4.5	27.9452	12.502	10.5634	4.87977	0	0	0	0	0	0	0	0	0	0	0	0	0	0	0	0	0
05.500,00.000	8	5.5	-200	0	4.5	28.2982	12.6315	10.5745	5.09216	0	0	0	0	0	0	0	0	0	0	0	0	0	0	0	0	0
05.500,00.000	8.1	5.5	-200	0	4.5	28.6684	12.7781	10.5873	5.30298	0	0	0	0	0	0	0	0	0	0	0	0	0	0	0	0	0
05.500,00.000	8.2	5.5	-200	0	4.5	29.0563	12.9408	10.6032	5.51226	0	0	0	0	0	0	0	0	0	0	0	0	0	0	0	0	0
05.500,00.000	8.3	5.5	-200	0	4.5	29.4594	13.1186	10.6207	5.72009	0	0	0	0	0	0	0	0	0	0	0	0	0	0	0	0	0
05.500,00.000	8.4	5.5	-200	0	4.5	29.879	13.312	10.6405	5.92653	0	0	0	0	0	0	0	0	0	0	0	0	0	0	0	0	0
05.500,00.000	8.5	5.5	-200	0	4.5	30.3163	13.5207	10.664	6.13148	0	0	0	0	0	0	0	0	0	0	0	0	0	0	0	0	0
05.500,00.000	8.6	5.5	-200	0	4.5	30.7679	13.7433	10.6897	6.3348	0	0	0	0	0	0	0	0	0	0	0	0	0	0	0	0	0
05.500,00.000	8.7	5.5	-200	0	4.5	31.2354	13.9809	10.7183	6.53632	0	0	0	0	0	0	0	0	0	0	0	0	0	0	0	0	0
05.500,00.000	8.8	5.5	-200	0	4.5	31.7198	14.2333	10.7504	6.73609	0	0	0	0	0	0	0	0	0	0	0	0	0	0	0	0	0
05.500,00.000	8.9	5.5	-200	0	4.5	32.2207	14.5011	10.7853	6.93428	0	0	0	0	0	0	0	0	0	0	0	0	0	0	0	0	0
05.500,00.000	9	5.5	-200	0	4.5	32.7405	14.786	10.8235	7.13101	0	0	0	0	0	0	0	0	0	0	0	0	0	0	0	0	0
05.500,00.000	9.1	5.5	-200	0	4.5	33.2797	15.0872	10.8662	7.3263	0	0	0	0	0	0	0	0	0	0	0	0	0	0	0	0	0
05.500,00.000	9.2	5.5	-200	0	4.5	33.8609	15.4274	10.9128	7.52068	0	0	0	0	0	0	0	0	0	0	0	0	0	0	0	0	0
05.500,00.000	9.3	5.5	-200	0	4.5	34.5019	15.8226	10.9639	7.7154	0	0	0	0	0	0	0	0	0	0	0	0	0	0	0	0	0
05.500,00.000	9.4	5.5	-200	0	4.5	35.1727	16.2409	11.0205	7.91135	0	0	0	0	0	0	0	0	0	0	0	0	0	0	0	0	0
05.500,00.000	9.5	5.5	-200	0	4.5	35.8794	16.6901	11.081	8.10839	0	0	0	0	0	0	0	0	0	0	0	0	0	0	0	0	0
05.500,00.000	9.6	5.5	-200	0	4.5	36.5939	17.142	11.1456	8.30628	0	0	0	0	0	0	0	0	0	0	0	0	0	0	0	0	0
05.500,00.000	9.7	5.5	-200	0	4.5	37.3178	17.6139	11.1991	8.50486	0	0	0	0	0	0	0	0	0	0	0	0	0	0	0	0	0
05.500,00.000	9.8	5.5	-200	0	4.5	38.0724	18.1097	11.2583	8.70446	0	0	0	0	0	0	0	0	0	0	0	0	0	0	0	0	0
05.500,00.000	9.9	5.5	-200	0	4.5	38.8618	18.6327	11.3232	8.90588	0	0	0	0	0	0	0	0	0	0	0	0	0	0	0	0	0
05.500,00.000	10	5.5	-200	0	4.5	39.6909	19.1843	11.3965	9.11008	0	0	0	0	0	0	0	0	0	0	0	0	0	0	0	0	0
05.500,00.000	10.1	5.5	-200	0	4.5	40.5591	19.7623	11.4794	9.31748	0	0	0	0	0	0	0	0	0	0	0	0	0	0	0	0	0
05.500,00.000	10.2	5.5	-200	0	4.5	41.4394	20.3465	11.5686	9.52424	0	0	0	0	0	0	0	0	0	0	0	0	0	0	0	0	0
05.500,00.000	10.3	5.5	-200	0	4.5	42.3469	20.9506	11.6665	9.72987	0	0	0	0	0	0	0	0	0	0	0	0	0	0	0	0	0
05.500,00.000	10.4	5.5	-200	0	4.5	43.2199	21.5114	11.7747	9.93385	0	0	0	0	0	0	0	0	0	0	0	0	0	0	0	0	0
05.500,00.000	10.5	5.5	-200	0	4.5	44.0142	21.9875	11.8911	10.1355	0	0	0	0	0	0	0	0	0	0	0	0	0	0	0	0	0
05.500,00.000	10.6	5.5	-200	0	4.5	44.9652	22.6144	12.0162	10.2822	0.0524682	0	0	0	0	0	0	0	0	0	0	0	0	0	0	0	0
05.500,00.000	10.7	5.5	-200	0	4.5	45.9337	23.2528	12.1498	10.282	0.249082	0	0	0	0	0	0	0	0	0	0	0	0	0	0	0	0
05.500,00.000	10.8	5.5	-200	0	4.5	46.9372	23.9198	12.2923	10.2818	0.443235	0	0	0	0	0	0	0	0	0	0	0	0	0	0	0	0
05.500,00.000	10.9	5.5	-200	0	4.5	47.9595	24.5979	12.4446	10.2818	0.635271	0	0	0	0	0	0	0	0	0	0	0	0	0	0	0	0
05.500,00.000	11	5.5	-200	0	4.5	49.0049	25.292	12.6055	10.2817	0.825767	0	0	0	0	0	0	0	0	0	0	0	0	0	0	0	0
05.500,00.000	11.1	5.5	-200	0	4.5	50.0818	26.0103	12.775	10.2817	1.01485	0	0	0	0	0	0	0	0	0	0	0	0	0	0	0	0
05.500,00.000	11.2	5.5	-200	0	4.5	51.1991	26.7621	12.9524	10.2818	1.20279	0	0	0	0	0	0	0	0	0	0	0	0	0	0	0	0
05.500,00.000	11.3	5.5	-200	0	4.5	52.3605	27.5507	13.1377	10.2826	1.38956	0	0	0	0	0	0	0	0	0	0	0	0	0	0	0	0
05.500,00.000	11.4	5.5	-200	0	4.5	53.5422	28.3563	13.3277	10.2835	1.57478	0	0	0	0	0	0	0	0	0	0	0	0	0	0	0	0
05.500,00.000	11.5	5.5	-200	0	4.5	54.7352	29.177	13.5153	10.2847	1.75818	0	0	0	0	0	0	0	0	0	0	0	0	0	0	0	0
05.500,00.000	11.6	5.5	-200	0	4.5	55.9621	30.028	13.7081	10.2863	1.93964	0	0	0	0	0	0	0	0	0	0	0	0	0	0	0	0
05.500,00.000	11.7	5.5	-200	0	4.5	57.2263	30.9119	13.9069	10.2885	2.11899	0	0	0	0	0	0	0	0	0	0	0	0	0	0	0	0
05.500,00.000	11.8	5.5	-200	0	4.5	58.5126	31.8117	14.1118	10.2926	2.2965	0	0	0	0	0	0	0	0	0	0	0	0	0	0	0	0
05.500,00.000	11.9	5.5	-200	0	4.5	59.8364	32.7439	14.323	10.2972	2.47229	0	0	0	0	0	0	0	0	0	0	0	0	0	0	0	0
05.500,00.000	12	5.5	-200	0	4.5	61.2002	33.7098	14.5412	10.3029	2.64634	0	0	0	0	0	0	0	0	0	0	0	0	0	0	0	0
05.500,00.000	12.1	5.5	-200	0	4.5	62.592	34.6941	14.7676	10.3111	2.81914	0	0	0	0	0	0	0	0	0	0	0	0	0	0	0	0
05.500,00.000	12.2	5.5	-200	0	4.5	64.0138	35.7007	15.0017	10.3205	2.99085	0	0	0	0	0	0	0	0	0	0	0	0	0	0	0	0
05.500,00.000	12.3	5.5	-200	0	4.5	65.4625	36.7374	15.2322	10.3316	3.16128	0	0	0	0	0	0	0	0	0	0	0	0	0	0	0	0
05.500,00.000	12.4	5.5	-200	0	4.5	66.9352	37.791	15.4695	10.3443	3.33046	0	0	0	0	0	0	0	0	0	0	0	0	0	0	0	0
05.500,00.000	12.5	5.5	-200	0	4.5	68.4278	38.858	15.7125	10.3587	3.49857	0	0	0	0	0	0	0	0	0	0	0	0	0	0	0	0
05.500,00.000	12.6	5.5	-200	0	4.5	69.9424	39.9404	15.9605	10.3759	3.66559	0	0	0	0	0	0	0	0	0	0	0	0	0	0	0	0
05.500,00.000	12.7	5.5	-200	0	4.5	71.4767	41.0368	16.214	10.3946	3.83125	0	0	0	0	0	0	0	0	0	0	0	0	0	0	0	0
05.500,00.000	12.8	5.5	-200	0	4.5	73.0232	42.149	16.4634	10.4153	3.99556	0	0	0	0	0	0	0	0	0	0	0	0	0	0	0	0
05.500,00.000	12.9	5.5	-200	0	4.5	74.5723	43.28	16.6947	10.4391	4.1585	0	0	0	0	0	0	0	0	0	0	0	0	0	0	0	0
05.500,00.000	13	5.5	-200	0	4.5	76.1524	44.4342	16.9326	10.465	4.32056	0	0	0	0	0	0	0	0	0	0	0	0	0	0	0	0
05.500,00.000	13.1	5.5	-200	0	4.5	77.7623	45.609	17.1782	10.4932	4.48188	0	0	0	0	0	0	0	0	0	0	0	0	0	0	0	0
05.500,00.000	13.2	5.5	-200	0	4.5	79.4007	46.8046	17.4316	10.5235	4.64102	0	0	0	0	0	0	0	0	0	0	0	0	0	0	0	0
05.500,00.000	13.3	5.5	-200	0	4.5	81.0856	48.0319	17.6962	10.5568	4.80075	0	0	0	0	0	0	0	0	0	0	0	0	0	0	0	0
05.500,00.000	13.4	5.5	-200	0	4.5	82.8076	49.2833	17.9694	10.594	4.96084	0	0	0	0	0	0	0	0	0	0	0	0	0	0	0	0
05.500,00.000	13.5	5.5	-200	0	4.5	84.5542	50.5491	18.2504	10.6338	5.12085	0	0	0	0	0	0	0	0	0	0	0	0	0	0	0	0
05.500,00.000	13.6	5.5	-200	0	4.5	86.3201	51.8236	18.5398	10.6762	5.28048	0	0	0	0	0	0	0	0	0	0	0	0	0	0	0	0
05.500,00.000	13.7	5.5	-200	0	4.5	88.1101	53.1107	18.8368	10.7227	5.43984	0	0	0	0	0	0	0	0	0	0	0	0	0	0	0	0
05.500,00.000	13.8	5.5	-200	0	4.5	89.9281	54.4136	19.143	10.7724	5.59916	0	0	0	0	0	0	0	0	0	0	0	0	0	0	0	0
05.500,00.000	13.9	5.5	-200	0	4.5	91.777	55.7339	19.4594	10.8255	5.75815	0	0	0	0	0	0	0	0	0	0	0	0	0	0	0	0
05.500,00.000	14	5.5	-200	0	4.5	93.6463	57.0485	19.7993	10.8821	5.91643	0	0	0	0	0	0	0	0	0	0	0	0	0	0	0	0
05.500,00.000	14.1	5.5	-200	0	4.5	95.5823	58.393	20.1696	10.9438	6.0759	0	0	0	0	0	0	0	0	0	0	0	0	0	0	0	0
05.500,00.000	14.2	5.5	-200	0	4.5	97.5389	59.7291	20.5624	11.0097	6.23765	0	0	0	0	0	0	0	0	0	0	0	0	0	0	0	0
05.500,00.000	14.3	5.5	-200	0	4.5	99.4788	61.0457	20.9572	11.0785	6.39754	0	0	0	0	0	0	0	0	0	0	0	0	0	0	0	0
05.500,00.000	14.4	5.5	-200	0	4.5	101.395	62.3465	21.3417	11.1504	6.55648	0	0	0	0	0	0	0	0	0	0	0	0	0	0	0	0
05.500,00.000	14.5	5.5	-200	0	4.5	103.303	63.6309	21.7313	11.2257	6.71475	0	0	0	0	0	0	0	0	0	0	0	0	0	0	0	0
05.500,00.000	14.6	5.5	-200	0	4.5	105.522	65.1142	22.1929	11.3191	6.89617	0	0	0	0	0	0	0	0	0	0	0	0	0	0	0	0
05.500,00.000	14.7	5.5	-200	0	4.5	107.732	66.5769	22.6609	11.4159	7.07889	0	0	0	0	0	0	0	0	0	0	0	0	0	0	0	0
05.500,00.000	14.8	5.5	-200	0	4.5	109.311	67.6098	23.0038	11.4881	7.20892	0	0	0	0	0	0	0	0	0	0	0	0	0	0	0	0
05.500,00.000	14.9	5.5	-200	0	4.5	111.299	68.9017	23.4424	11.5834	7.37154	0	0	0	0	0	0	0	0	0	0	0	0	0	0	0	0
05.500,00.000	15	5.5	-200	0	4.5	113.227	70.1391	23.8793	11.6804	7.52829	0	0	0	0	0	0	0	0	0	0	0	0	0	0	0	0
05.500,00.000	15.1	5.5	-200	0	4.5	115.081	71.317	24.3076	11.778	7.67858	0	0	0	0	0	0	0	0	0	0	0	0	0	0	0	0
05.500,00.000	15.2	5.5	-200	0	4.5	116.924	72.4748	24.7414	11.8796	7.82789	0	0	0	0	0	0	0	0	0	0	0	0	0	0	0	0
05.500,00.000	15.3	5.5	-200	0	4.5	118.756	73.6121	25.1822	11.9857	7.97641	0	0	0	0	0	0	0	0	0	0	0	0	0	0	0	0
05.500,00.000	15.4	5.5	-200	0	4.5	120.574	74.722	25.6301	12.0975	8.12402	0	0	0	0	0	0	0	0	0	0	0	0	0	0	0	0
05.500,00.000	15.5	5.5	-200	0	4.5	122.365	75.8004	26.0807	12.2129	8.27057	0	0	0	0	0	0	0	0	0	0	0	0	0	0	0	0
05.500,00.000	15.6	5.5	-200	0	4.5	124.849	77.2782	26.7139	12.3815	8.47537	0	0	0	0	0	0	0	0	0	0	0	0	0	0	0	0
05.500,00.000	15.7	5.5	-200	0	4.5	126.983	78.5504	27.2529	12.5292	8.65066	0	0	0	0	0	0	0	0	0	0	0	0	0	0	0	0
05.500,00.000	15.8	5.5	-200	0	4.5	128.124	79.2198	27.5487	12.6126	8.74333	0	0	0	0	0	0	0	0	0	0	0	0	0	0	0	0
05.500,00.000	15.9	5.5	-200	0	4.5	130.124	80.3801	28.0706	12.7668	8.90693	0	0	0	0	0	0	0	0	0	0	0	0	0	0	0	0
05.500,00.000	16	5.5	-200	0	4.5	131.966	81.4283	28.5648	12.9151	9.05806	0	0	0	0	0	0	0	0	0	0	0	0	0	0	0	0
05.500,00.000	16.1	5.5	-200	0	4.5	133.639	82.3653	29.021	13.0569	9.19623	0	0	0	0	0	0	0	0	0	0	0	0	0	0	0	0
05.500,00.000	16.2	5.5	-200	0	4.5	135.3	83.277	29.4835	13.2048	9.33446	0	0	0	0	0	0	0	0	0	0	0	0	0	0	0	0
05.500,00.000	16.3	5.5	-200	0	4.5	136.936	84.1355	29.9699	13.3589	9.47186	0	0	0	0	0	0	0	0	0	0	0	0	0	0	0	0
05.500,00.000	16.4	5.5	-200	0	4.5	138.541	84.9384	30.4761	13.5179	9.60865	0	0	0	0	0	0	0	0	0	0	0	0	0	0	0	0
05.500,00.000	16.5	5.5	-200	0	4.5	140.998	86.1442	31.2583	13.7743	9.82104	0	0	0	0	0	0	0	0	0	0	0	0	0	0	0	0
05.500,00.000	16.6	5.5	-200	0	4.5	143.464	87.3279	32.053	14.0456	10.0377	0	0	0	0	0	0	0	0	0	0	0	0	0	0	0	0
05.500,00.000	16.7	5.5	-200	0	4.5	144.018	87.5951	32.2223	14.1117	10.0892	0	0	0	0	0	0	0	0	0	0	0	0	0	0	0	0
05.500,00.000	16.8	5.5	-200	0	4.5	144.124	87.6445	32.2548	14.1251	10.0992	0	0	0	0	0	0	0	0	0	0	0	0	0	0	0	0
05.500,00.000	16.9	5.5	-200	0	4.5	145.619	88.3508	32.6962	14.3276	10.1573	0.0875715	0	0	0	0	0	0	0	0	0	0	0	0	0	0	0
05.500,00.000	17	5.5	-200	0	4.5	147.328	89.1527	33.1889	14.5713	10.1573	0.257525	0	0	0	0	0	0	0	0	0	0	0	0	0	0	0
05.500,00.000	17.1	5.5	-200	0	4.5	148.651	89.7408	33.5843	14.7744	10.1573	0.394301	0	0	0	0	0	0	0	0	0	0	0	0	0	0	0
05.500,00.000	17.2	5.5	-200	0	4.5	149.876	90.2802	33.9419	14.9734	10.1573	0.523588	0	0	0	0	0	0	0	0	0	0	0	0	0	0	0
05.500,00.000	17.3	5.5	-200	0	4.5	151.127	90.8025	34.3366	15.1784	10.1573	0.652629	0	0	0	0	0	0	0	0	0	0	0	0	0	0	0
05.500,00.000	17.4	5.5	-200	0	4.5	152.343	91.2943	34.7214	15.3886	10.1573	0.781019	0	0	0	0	0	0	0	0	0	0	0	0	0	0	0
05.500,00.000	17.5	5.5	-200	0	4.5	154.888	92.2881	35.5415	15.858	10.1573	1.04306	0	0	0	0	0	0	0	0	0	0	0	0	0	0	0
05.500,00.000	17.6	5.5	-200	0	4.5	156.54	92.9116	36.0678	16.1776	10.1573	1.22596	0	0	0	0	0	0	0	0	0	0	0	0	0	0	0
05.500,00.000	17.7	5.5	-200	0	4.5	156.726	92.9796	36.1271	16.2151	10.1573	1.24702	0	0	0	0	0	0	0	0	0	0	0	0	0	0	0
05.500,00.000	17.8	5.5	-200	0	4.5	156.848	93.0213	36.1658	16.2417	10.1573	1.26141	0	0	0	0	0	0	0	0	0	0	0	0	0	0	0
05.500,00.000	17.9	5.5	-200	0	4.5	157.512	93.241	36.3768	16.3947	10.1573	1.34203	0	0	0	0	0	0	0	0	0	0	0	0	0	0	0
05.500,00.000	18	5.5	-200	0	4.5	158.991	93.7124	36.8433	16.7522	10.1575	1.52529	0	0	0	0	0	0	0	0	0	0	0	0	0	0	0
05.500,00.000	18.1	5.5	-200	0	4.5	160.11	94.0556	37.1935	17.0357	10.1586	1.66682	0	0	0	0	0	0	0	0	0	0	0	0	0	0	0
05.500,00.000	18.2	5.5	-200	0	4.5	161.05	94.3294	37.4839	17.2874	10.1597	1.78913	0	0	0	0	0	0	0	0	0	0	0	0	0	0	0
05.500,00.000	18.3	5.5	-200	0	4.5	161.96	94.582	37.7618	17.5441	10.1612	1.91086	0	0	0	0	0	0	0	0	0	0	0	0	0	0	0
05.500,00.000	18.4	5.5	-200	0	4.5	162.871	94.8426	38.027	17.8059	10.1631	2.03195	0	0	0	0	0	0	0	0	0	0	0	0	0	0	0
05.500,00.000	18.5	5.5	-200	0	4.5	165.59	95.7062	38.754	18.5797	10.1701	2.38004	0	0	0	0	0	0	0	0	0	0	0	0	0	0	0
05.500,00.000	18.6	5.5	-200	0	4.5	167.027	96.3454	39.057	18.9198	10.1746	2.52998	0	0	0	0	0	0	0	0	0	0	0	0	0	0	0
05.500,00.000	18.7	5.5	-200	0	4.5	167.092	96.3733	39.0705	18.9363	10.1748	2.53708	0	0	0	0	0	0	0	0	0	0	0	0	0	0	0
05.500,00.000	18.8	5.5	-200	0	4.5	167.195	96.4185	39.0902	18.9624	10.1753	2.54818	0	0	0	0	0	0	0	0	0	0	0	0	0	0	0
05.500,00.000	18.9	5.5	-200	0	4.5	167.444	96.5344	39.1336	19.0247	10.1767	2.57427	0	0	0	0	0	0	0	0	0	0	0	0	0	0	0
05.500,00.000	19	5.5	-200	0	4.5	169.272	97.3303	39.4574	19.5183	10.189	2.77733	0	0	0	0	0	0	0	0	0	0	0	0	0	0	0
05.500,00.000	19.1	5.5	-200	0	4.5	170.617	97.9288	39.6832	19.882	10.1987	2.92463	0	0	0	0	0	0	0	0	0	0	0	0	0	0	0
05.500,00.000	19.2	5.5	-200	0	4.5	171.641	98.3826	39.8381	20.172	10.2072	3.04085	0	0	0	0	0	0	0	0	0	0	0	0	0	0	0
05.500,00.000	19.3	5.5	-200	0	4.5	172.639	98.8237	39.9782	20.4637	10.217	3.15605	0	0	0	0	0	0	0	0	0	0	0	0	0	0	0
05.500,00.000	19.4	5.5	-200	0	4.5	173.629	99.2638	40.1091	20.758	10.2277	3.27064	0	0	0	0	0	0	0	0	0	0	0	0	0	0	0
05.500,00.000	19.5	5.5	-200	0	4.5	174.628	99.7201	40.2304	21.0535	10.2393	3.3846	0	0	0	0	0	0	0	0	0	0	0	0	0	0	0
05.500,00.000	19.6	5.5	-200	0	4.5	177.815	101.162	40.5973	22.022	10.2804	3.75374	0	0	0	0	0	0	0	0	0	0	0	0	0	0	0
05.500,00.000	19.7	5.5	-200	0	4.5	179.002	101.707	40.7235	22.3844	10.2972	3.89024	0	0	0	0	0	0	0	0	0	0	0	0	0	0	0
05.500,00.000	19.8	5.5	-200	0	4.5	179.087	101.746	40.7319	22.4108	10.2985	3.90014	0	0	0	0	0	0	0	0	0	0	0	0	0	0	0
05.500,00.000	19.9	5.5	-200	0	4.5	179.183	101.789	40.7409	22.4413	10.3002	3.91152	0	0	0	0	0	0	0	0	0	0	0	0	0	0	0
05.500,00.000	20	5.5	-200	0	4.5	180.506	102.395	40.8518	22.864	10.3256	4.06919	0	0	0	0	0	0	0	0	0	0	0	0	0	0	0
05.500,00.000	20.1	5.5	-200	0	4.5	182.22	102.81	41.3594	23.4162	10.3608	4.27335	0	0	0	0	0	0	0	0	0	0	0	0	0	0	0
05.500,00.000	20.2	5.5	-200	0	4.5	183.302	102.99	41.7567	23.7678	10.3847	4.40245	0	0	0	0	0	0	0	0	0	0	0	0	0	0	0
05.500,00.000	20.3	5.5	-200	0	4.5	184.21	103.14	42.0862	24.0652	10.407	4.51135	0	0	0	0	0	0	0	0	0	0	0	0	0	0	0
05.500,00.000	20.4	5.5	-200	0	4.5	185.111	103.29	42.4083	24.3621	10.4305	4.61995	0	0	0	0	0	0	0	0	0	0	0	0	0	0	0
05.500,00.000	20.5	5.5	-200	0	4.5	187.232	103.644	43.1542	25.0664	10.4901	4.87735	0	0	0	0	0	0	0	0	0	0	0	0	0	0	0
05.500,00.000	20.6	5.5	-200	0	4.5	192.805	104.748	45.0062	26.8665	10.6523	5.53286	0	0	0	0	0	0	0	0	0	0	0	0	0	0	0
05.500,00.000	20.7	5.5	-200	0	4.5	193.924	105.095	45.3221	27.1788	10.6817	5.64623	0	0	0	0	0	0	0	0	0	0	0	0	0	0	0
05.500,00.000	20.8	5.5	-200	0	4.5	199.87	106.741	47.0676	28.9079	10.8684	6.28467	0	0	0	0	0	0	0	0	0	0	0	0	0	0	0
05.500,00.000	20.9	5.5	-200	0	4.5	203.849	107.974	48.2989	29.8996	10.9899	6.68726	0	0	0	0	0	0	0	0	0	0	0	0	0	0	0
05.500,00.000	21	5.5	-200	0	4.5	204.265	108.091	48.4364	30.0028	11.0039	6.73093	0	0	0	0	0	0	0	0	0	0	0	0	0	0	0
05.500,00.000	21.1	5.5	-200	0	4.5	206.829	108.901	49.1259	30.6762	11.1059	7.01996	0	0	0	0	0	0	0	0	0	0	0	0	0	0	0
05.500,00.000	21.2	5.5	-200	0	4.5	208.009	109.373	49.233	31.0444	11.1685	7.19017	0	0	0	0	0	0	0	0	0	0	0	0	0	0	0
05.500,00.000	21.3	5.5	-200	0	4.5	208.781	109.681	49.3102	31.2832	11.2106	7.29636	0	0	0	0	0	0	0	0	0	0	0	0	0	0	0
05.500,00.000	21.4	5.5	-200	0	4.5	209.56	109.993	49.3874	31.521	11.2552	7.40336	0	0	0	0	0	0	0	0	0	0	0	0	0	0	0
05.500,00.000	21.5	5.5	-200	0	4.5	213.313	111.504	49.8256	32.6148	11.4717	7.89639	0	0	0	0	0	0	0	0	0	0	0	0	0	0	0
05.500,00.000	21.6	5.5	-200	0	4.5	214.309	112.008	49.9596	32.822	11.5188	8.00036	0	0	0	0	0	0	0	0	0	0	0	0	0	0	0
05.500,00.000	21.7	5.5	-200	0	4.5	223.308	116.25	51.3094	34.829	11.9778	8.94163	0	0	0	0	0	0	0	0	0	0	0	0	0	0	0
05.500,00.000	21.8	5.5	-200	0	4.5	225.692	117.496	51.6716	35.2686	12.0906	9.166	0	0	0	0	0	0	0	0	0	0	0	0	0	0	0
05.500,00.000	21.9	5.5	-200	0	4.5	225.76	117.531	51.682	35.2812	12.0939	9.17212	0	0	0	0	0	0	0	0	0	0	0	0	0	0	0
05.500,00.000	22	5.5	-200	0	4.5	225.868	117.588	51.6987	35.3004	12.0994	9.18162	0	0	0	0	0	0	0	0	0	0	0	0	0	0	0
05.500,00.000	22.1	5.5	-200	0	4.5	231.01	120.362	52.5069	36.1606	12.3636	9.61678	0	0	0	0	0	0	0	0	0	0	0	0	0	0	0
05.500,00.000	22.2	5.5	-200	0	4.5	233.863	121.966	52.9804	36.5823	12.4997	9.83503	0	0	0	0	0	0	0	0	0	0	0	0	0	0	0
05.500,00.000	22.3	5.5	-200	0	4.5	235.259	122.749	53.2156	36.7834	12.5699	9.86052	0.0802447	0	0	0	0	0	0	0	0	0	0	0	0	0	0
05.500,00.000	22.4	5.5	-200	0	4.5	236.704	123.563	53.4728	36.9828	12.6441	9.8605	0.18082	0	0	0	0	0	0	0	0	0	0	0	0	0	0
05.500,00.000	22.5	5.5	-200	0	4.5	241.918	126.731	54.4932	37.6999	12.9332	9.8638	0.197098	0	0	0	0	0	0	0	0	0	0	0	0	0	0
05.500,00.000	22.6	5.5	-200	0	4.5	243.079	127.486	54.727	37.8452	12.9974	9.85969	0.163927	0	0	0	0	0	0	0	0	0	0	0	0	0	0
05.500,00.000	22.7	5.5	-200	0	4.5	243.459	127.727	54.8036	37.8897	13.0186	9.85927	0.160448	0	0	0	0	0	0	0	0	0	0	0	0	0	0
05.500,00.000	22.8	5.5	-200	0	4.5	252.726	133.468	56.6768	38.9812	13.5578	9.86251	0.178912	0	0	0	0	0	0	0	0	0	0	0	0	0	0
05.500,00.000	22.9	5.5	-200	0	4.5	254.877	134.815	57.1208	39.2186	13.6816	9.86274	0.178912	0	0	0	0	0	0	0	0	0	0	0	0	0	0
05.500,00.000	23	5.5	-200	0	4.5	255.05	134.922	57.1575	39.2369	13.6918	9.86286	0.178912	0	0	0	0	0	0	0	0	0	0	0	0	0	0
05.500,00.000	23.1	5.5	-200	0	4.5	259.526	137.272	58.5559	39.6905	13.9628	9.86597	0.178912	0	0	0	0	0	0	0	0	0	0	0	0	0	0
05.500,00.000	23.2	5.5	-200	0	4.5	262.139	138.479	59.5435	39.9467	14.1227	9.86815	0.178912	0	0	0	0	0	0	0	0	0	0	0	0	0	0
05.500,00.000	23.3	5.5	-200	0	4.5	263.74	139.212	60.1583	40.097	14.2233	9.86988	0.178912	0	0	0	0	0	0	0	0	0	0	0	0	0	0
05.500,00.000	23.4	5.5	-200	0	4.5	265.402	139.994	60.7862	40.243	14.3276	9.87207	0.178912	0	0	0	0	0	0	0	0	0	0	0	0	0	0
05.500,00.000	23.5	5.5	-200	0	4.5	270.629	142.431	62.8035	40.6644	14.6684	9.88227	0.178912	0	0	0	0	0	0	0	0	0	0	0	0	0	0
05.500,00.000	23.6	5.5	-200	0	4.5	275.942	144.899	64.91	41.0347	15.025	9.89354	0.178912	0	0	0	0	0	0	0	0	0	0	0	0	0	0
05.500,00.000	23.7	5.5	-200	0	4.5	276.618	145.193	65.2054	41.0731	15.0721	9.89524	0.178912	0	0	0	0	0	0	0	0	0	0	0	0	0	0
05.500,00.000	23.8	5.5	-200	0	4.5	279.188	146.329	66.2872	41.2357	15.2541	9.90345	0.178912	0	0	0	0	0	0	0	0	0	0	0	0	0	0
05.500,00.000	23.9	5.5	-200	0	4.5	279.901	146.671	66.5652	41.2732	15.3063	9.90595	0.178912	0	0	0	0	0	0	0	0	0	0	0	0	0	0
05.500,00.000	24	5.5	-200	0	4.5	280.104	146.764	66.6486	41.2847	15.3215	9.90676	0.178912	0	0	0	0	0	0	0	0	0	0	0	0	0	0
05.500,00.000	24.1	5.5	-200	0	4.5	284.176	148.589	68.3492	41.5019	15.6325	9.92469	0.178912	0	0	0	0	0	0	0	0	0	0	0	0	0	0
05.500,00.000	24.2	5.5	-200	0	4.5	286.74	149.696	69.4402	41.6609	15.8269	9.93698	0.178912	0	0	0	0	0	0	0	0	0	0	0	0	0	0
05.500,00.000	24.3	5.5	-200	0	4.5	288.41	150.413	70.1497	41.7652	15.9577	9.94599	0.178912	0	0	0	0	0	0	0	0	0	0	0	0	0	0
05.500,00.000	24.4	5.5	-200	0	4.5	290.082	151.124	70.8633	41.867	16.0923	9.95595	0.178912	0	0	0	0	0	0	0	0	0	0	0	0	0	0
05.500,00.000	24.5	5.5	-200	0	4.5	293.832	152.691	72.4794	42.0936	16.4081	9.98079	0.178912	0	0	0	0	0	0	0	0	0	0	0	0	0	0
05.500,00.000	24.6	5.5	-200	0	4.5	296.222	153.68	73.5229	42.2301	16.6119	9.9976	0.178912	0	0	0	0	0	0	0	0	0	0	0	0	0	0
05.500,00.000	24.7	5.5	-200	0	4.5	296.544	153.81	73.668	42.2474	16.6398	10.0001	0.178912	0	0	0	0	0	0	0	0	0	0	0	0	0	0
05.500,00.000	24.8	5.5	-200	0	4.5	301.844	155.924	76.0621	42.5282	17.1067	10.0447	0.178912	0	0	0	0	0	0	0	0	0	0	0	0	0	0
05.500,00.000	24.9	5.5	-200	0	4.5	304.58	157.25	77.1335	42.6409	17.3114	10.0649	0.178912	0	0	0	0	0	0	0	0	0	0	0	0	0	0
05.500,00.000	25	5.5	-200	0	4.5	304.852	157.384	77.2384	42.6517	17.3319	10.0671	0.178912	0	0	0	0	0	0	0	0	0	0	0	0	0	0
05.500,00.000	25.1	5.5	-200	0	4.5	308.21	159.049	78.5185	42.7816	17.5871	10.0953	0.178912	0	0	0	0	0	0	0	0	0	0	0	0	0	0
05.500,00.000	25.2	5.5	-200	0	4.5	310.842	160.339	79.5432	42.8776	17.7856	10.1179	0.178912	0	0	0	0	0	0	0	0	0	0	0	0	0	0
05.500,00.000	25.3	5.5	-200	0	4.5	313.019	161.393	80.4107	42.9528	17.9467	10.1375	0.178912	0	0	0	0	0	0	0	0	0	0	0	0	0	0
05.500,00.000	25.4	5.5	-200	0	4.5	315.224	162.468	81.2826	43.026	18.1109	10.1579	0.178912	0	0	0	0	0	0	0	0	0	0	0	0	0	0
05.500,00.000	25.5	5.5	-200	0	4.5	317.519	163.568	82.2067	43.1005	18.2851	10.1805	0.178912	0	0	0	0	0	0	0	0	0	0	0	0	0	0
05.500,00.000	25.6	5.5	-200	0	4.5	325.158	167.321	85.2076	43.338	18.8557	10.2572	0.178912	0	0	0	0	0	0	0	0	0	0	0	0	0	0
05.500,00.000	25.7	5.5	-200	0	4.5	327.264	168.397	85.9989	43.3994	19.0103	10.2787	0.178912	0	0	0	0	0	0	0	0	0	0	0	0	0	0
05.500,00.000	25.8	5.5	-200	0	4.5	327.652	168.595	86.1458	43.4107	19.0389	10.2829	0.178912	0	0	0	0	0	0	0	0	0	0	0	0	0	0
05.500,00.000	25.9	5.5	-200	0	4.5	327.895	168.72	86.2365	43.4174	19.0567	10.2856	0.178912	0	0	0	0	0	0	0	0	0	0	0	0	0	0
05.500,00.000	26	5.5	-200	0	4.5	332.31	171.146	87.6954	43.5453	19.4043	10.3403	0.178912	0	0	0	0	0	0	0	0	0	0	0	0	0	0
05.500,00.000	26.1	5.5	-200	0	4.5	335.628	173.013	88.7286	43.644	19.6787	10.3847	0.178912	0	0	0	0	0	0	0	0	0	0	0	0	0	0
05.500,00.000	26.2	5.5	-200	0	4.5	337.869	174.279	89.4202	43.7094	19.8647	10.4161	0.178912	0	0	0	0	0	0	0	0	0	0	0	0	0	0
05.500,00.000	26.3	5.5	-200	0	4.5	340.023	175.496	90.0864	43.7708	20.0431	10.4473	0.178912	0	0	0	0	0	0	0	0	0	0	0	0	0	0
05.500,00.000	26.4	5.5	-200	0	4.5	342.18	176.712	90.7557	43.8313	20.2228	10.4797	0.178912	0	0	0	0	0	0	0	0	0	0	0	0	0	0
05.500,00.000	26.5	5.5	-200	0	4.5	345.187	178.372	91.7125	43.9273	20.4704	10.526	0.178912	0	0	0	0	0	0	0	0	0	0	0	0	0	0
05.500,00.000	26.6	5.5	-200	0	4.5	352.574	182.43	94.0518	44.1936	21.0758	10.6433	0.178912	0	0	0	0	0	0	0	0	0	0	0	0	0	0
05.500,00.000	26.7	5.5	-200	0	4.5	354.122	183.29	94.5383	44.2489	21.1985	10.6677	0.178912	0	0	0	0	0	0	0	0	0	0	0	0	0	0
05.500,00.000	26.8	5.5	-200	0	4.5	361.436	187.195	96.9193	44.5729	21.7791	10.7912	0.178912	0	0	0	0	0	0	0	0	0	0	0	0	0	0
05.500,00.000	26.9	5.5	-200	0	4.5	363.532	188.294	97.5828	44.7113	21.9388	10.8259	0.178912	0	0	0	0	0	0	0	0	0	0	0	0	0	0
05.500,00.000	27	5.5	-200	0	4.5	363.849	188.461	97.6838	44.73	21.9633	10.8316	0.178912	0	0	0	0	0	0	0	0	0	0	0	0	0	0
05.500,00.000	27.1	5.5	-200	0	4.5	368.469	190.898	99.1518	45.0043	22.318	10.9178	0.178912	0	0	0	0	0	0	0	0	0	0	0	0	0	0
05.500,00.000	27.2	5.5	-200	0	4.5	371.704	192.604	100.174	45.2035	22.5637	10.9795	0.178912	0	0	0	0	0	0	0	0	0	0	0	0	0	0
05.500,00.000	27.3	5.5	-200	0	4.5	373.861	193.645	100.917	45.348	22.7438	11.0275	0.178912	0	0	0	0	0	0	0	0	0	0	0	0	0	0
05.500,00.000	27.4	5.5	-200	0	4.5	375.963	194.633	101.657	45.4928	22.9238	11.0775	0.178912	0	0	0	0	0	0	0	0	0	0	0	0	0	0
05.500,00.000	27.5	5.5	-200	0	4.5	379.279	195.961	102.973	45.7521	23.2431	11.1703	0.178912	0	0	0	0	0	0	0	0	0	0	0	0	0	0
05.500,00.000	27.6	5.5	-200	0	4.5	385.207	198.229	105.424	46.229	23.8052	11.3411	0.178912	0	0	0	0	0	0	0	0	0	0	0	0	0	0
05.500,00.000	27.7	5.5	-200	0	4.5	386.362	198.647	105.913	46.3401	23.9088	11.3734	0.178912	0	0	0	0	0	0	0	0	0	0	0	0	0	0
05.500,00.000	27.8	5.5	-200	0	4.5	391.61	200.588	108.14	46.7965	24.3756	11.5308	0.178912	0	0	0	0	0	0	0	0	0	0	0	0	0	0
05.500,00.000	27.9	5.5	-200	0	4.5	393.074	201.159	108.705	46.9595	24.4985	11.5732	0.178912	0	0	0	0	0	0	0	0	0	0	0	0	0	0
05.500,00.000	28	5.5	-200	0	4.5	394.924	201.897	109.441	47.1297	24.6491	11.6295	0.178912	0	0	0	0	0	0	0	0	0	0	0	0	0	0
05.500,00.000	28.1	5.5	-200	0	4.5	398.914	203.413	110.948	47.6788	24.9492	11.7463	0.178912	0	0	0	0	0	0	0	0	0	0	0	0	0	0
05.500,00.000	28.2	5.5	-200	0	4.5	401.77	204.449	111.987	48.1808	25.1473	11.8274	0.178912	0	0	0	0	0	0	0	0	0	0	0	0	0	0
05.500,00.000	28.3	5.5	-200	0	4.5	404.128	205.312	112.847	48.5857	25.3076	11.8967	0.178912	0	0	0	0	0	0	0	0	0	0	0	0	0	0
05.500,00.000	28.4	5.5	-200	0	4.5	406.513	206.185	113.728	48.9869	25.4651	11.9683	0.178912	0	0	0	0	0	0	0	0	0	0	0	0	0	0
05.500,00.000	28.5	5.5	-200	0	4.5	408.977	207.074	114.655	49.3982	25.6256	12.0451	0.178912	0	0	0	0	0	0	0	0	0	0	0	0	0	0
05.500,00.000	28.6	5.5	-200	0	4.5	417.156	209.995	117.779	50.7419	26.1507	12.3109	0.178912	0	0	0	0	0	0	0	0	0	0	0	0	0	0
05.500,00.000	28.7	5.5	-200	0	4.5	419.761	210.925	118.78	51.1693	26.3123	12.396	0.178912	0	0	0	0	0	0	0	0	0	0	0	0	0	0
05.500,00.000	28.8	5.5	-200	0	4.5	419.965	210.999	118.858	51.2014	26.3245	12.4029	0.178912	0	0	0	0	0	0	0	0	0	0	0	0	0	0
05.500,00.000	28.9	5.5	-200	0	4.5	420.203	211.087	118.95	51.2382	26.3381	12.4112	0.178912	0	0	0	0	0	0	0	0	0	0	0	0	0	0
05.500,00.000	29	5.5	-200	0	4.5	425.135	212.932	120.828	51.9947	26.6112	12.5908	0.178912	0	0	0	0	0	0	0	0	0	0	0	0	0	0
05.500,00.000	29.1	5.5	-200	0	4.5	429.008	214.539	122.204	52.5528	26.8075	12.726	0.178912	0	0	0	0	0	0	0	0	0	0	0	0	0	0
05.500,00.000	29.2	5.5	-200	0	4.5	431.623	215.636	123.136	52.9182	26.9341	12.8198	0.178912	0	0	0	0	0	0	0	0	0	0	0	0	0	0
05.500,00.000	29.3	5.5	-200	0	4.5	434.154	216.708	124.037	53.265	27.0516	12.913	0.178912	0	0	0	0	0	0	0	0	0	0	0	0	0	0
05.500,00.000	29.4	5.5	-200	0	4.5	436.692	217.799	124.936	53.6054	27.1642	13.0087	0.178993	0	0	0	0	0	0	0	0	0	0	0	0	0	0
05.500,00.000	29.5	5.5	-200	0	4.5	439.288	218.917	125.854	53.9512	27.2759	13.1102	0.179746	0	0	0	0	0	0	0	0	0	0	0	0	0	0
05.500,00.000	29.6	5.5	-200	0	4.5	448.457	223.071	128.896	55.2123	27.6342	13.4605	0.182473	0	0	0	0	0	0	0	0	0	0	0	0	0	0
05.500,00.000	29.7	5.5	-200	0	4.5	451.388	224.462	129.809	55.627	27.7392	13.5677	0.18348	0	0	0	0	0	0	0	0	0	0	0	0	0	0
05.500,00.000	29.8	5.5	-200	0	4.5	451.605	224.569	129.875	55.6564	27.7463	13.5757	0.183581	0	0	0	0	0	0	0	0	0	0	0	0	0	0
05.500,00.000	29.9	5.5	-200	0	4.5	451.873	224.704	129.954	55.6915	27.7546	13.5856	0.183732	0	0	0	0	0	0	0	0	0	0	0	0	0	0
05.500,00.000	30	5.5	-200	0	4.5	456.408	227.049	131.265	56.2687	27.8847	13.7544	0.186733	0	0	0	0	0	0	0	0	0	0	0	0	0	0
05.500,00.000	30.1	5.5	-200	0	4.5	461.074	229.49	132.599	56.8525	28.0124	13.9297	0.190169	0	0	0	0	0	0	0	0	0	0	0	0	0	0
05.500,00.000	30.2	5.5	-200	0	4.5	464.299	231.221	133.505	57.2332	28.0952	14.0522	0.192848	0	0	0	0	0	0	0	0	0	0	0	0	0	0
05.500,00.000	30.3	5.5	-200	0	4.5	467.235	232.824	134.319	57.5641	28.166	14.1655	0.19558	0	0	0	0	0	0	0	0	0	0	0	0	0	0
05.500,00.000	30.4	5.5	-200	0	4.5	470.168	234.442	135.125	57.8891	28.2327	14.2806	0.198555	0	0	0	0	0	0	0	0	0	0	0	0	0	0
05.500,00.000	30.5	5.5	-200	0	4.5	473.166	236.104	135.94	58.221	28.2976	14.4013	0.20182	0	0	0	0	0	0	0	0	0	0	0	0	0	0
05.500,00.000	30.6	5.5	-200	0	4.5	481.57	240.83	138.185	59.138	28.4676	14.7453	0.204536	0	0	0	0	0	0	0	0	0	0	0	0	0	0
05.500,00.000	30.7	5.5	-200	0	4.5	485.879	243.265	139.328	59.6055	28.5513	14.925	0.20413	0	0	0	0	0	0	0	0	0	0	0	0	0	0
05.500,00.000	30.8	5.5	-200	0	4.5	486.225	243.464	139.417	59.6422	28.5575	14.9395	0.204087	0	0	0	0	0	0	0	0	0	0	0	0	0	0
05.500,00.000	30.9	5.5	-200	0	4.5	486.466	243.606	139.478	59.6671	28.5614	14.9495	0.204096	0	0	0	0	0	0	0	0	0	0	0	0	0	0
05.500,00.000	31	5.5	-200	0	4.5	490.608	246.064	140.511	60.0834	28.6226	15.122	0.204045	0	0	0	0	0	0	0	0	0	0	0	0	0	0
05.500,00.000	31.1	5.5	-200	0	4.5	495.676	249.11	141.748	60.5866	28.6928	15.3352	0.203326	0	0	0	0	0	0	0	0	0	0	0	0	0	0
05.500,00.000	31.2	5.5	-200	0	4.5	498.997	251.13	142.543	60.9101	28.7349	15.4757	0.203035	0	0	0	0	0	0	0	0	0	0	0	0	0	0
05.500,00.000	31.3	5.5	-200	0	4.5	501.902	252.904	143.245	61.1839	28.768	15.598	0.203089	0	0	0	0	0	0	0	0	0	0	0	0	0	0
05.500,00.000	31.4	5.5	-200	0	4.5	504.802	254.693	143.937	61.3641	28.8841	15.7208	0.203164	0	0	0	0	0	0	0	0	0	0	0	0	0	0
05.500,00.000	31.5	5.5	-200	0	4.5	512.567	259.488	145.784	61.6285	29.4026	16.0598	0.203936	0	0	0	0	0	0	0	0	0	0	0	0	0	0
05.500,00.000	31.6	5.5	-200	0	4.5	522.879	265.614	148.428	61.9127	30.1787	16.5409	0.204604	0	0	0	0	0	0	0	0	0	0	0	0	0	0
05.500,00.000	31.7	5.5	-200	0	4.5	524.428	266.517	148.853	61.9525	30.2905	16.6112	0.203792	0	0	0	0	0	0	0	0	0	0	0	0	0	0
05.500,00.000	31.8	5.5	-200	0	4.5	524.54	266.584	148.882	61.9551	30.2987	16.6165	0.203803	0	0	0	0	0	0	0	0	0	0	0	0	0	0
05.500,00.000	31.9	5.5	-200	0	4.5	524.71	266.687	148.926	61.9585	30.3106	16.6242	0.203813	0	0	0	0	0	0	0	0	0	0	0	0	0	0
05.500,00.000	32	5.5	-200	0	4.5	525.241	267.011	149.063	61.9686	30.3471	16.6482	0.20367	0	0	0	0	0	0	0	0	0	0	0	0	0	0
05.500,00.000	32.1	5.5	-200	0	4.5	531.915	271.088	150.761	62.093	30.8125	16.9565	0.203834	0	0	0	0	0	0	0	0	0	0	0	0	0	0
05.500,00.000	32.2	5.5	-200	0	4.5	535.918	273.558	151.772	62.164	31.0832	17.1387	0.203202	0	0	0	0	0	0	0	0	0	0	0	0	0	0
05.500,00.000	32.3	5.5	-200	0	4.5	538.537	275.201	152.407	62.2076	31.2598	17.2584	0.203257	0	0	0	0	0	0	0	0	0	0	0	0	0	0
05.500,00.000	32.4	5.5	-200	0	4.5	541.135	276.841	153.029	62.2488	31.4343	17.378	0.203298	0	0	0	0	0	0	0	0	0	0	0	0	0	0
05.500,00.000	32.5	5.5	-200	0	4.5	543.766	278.485	153.668	62.2894	31.6164	17.5035	0.203348	0	0	0	0	0	0	0	0	0	0	0	0	0	0
05.500,00.000	32.6	5.5	-200	0	4.5	554.777	285.079	156.441	62.5859	32.4085	18.0578	0.204351	0	0	0	0	0	0	0	0	0	0	0	0	0	0
05.500,00.000	32.7	5.5	-200	0	4.5	562.571	289.618	158.424	62.8987	32.9686	18.4571	0.204424	0	0	0	0	0	0	0	0	0	0	0	0	0	0
05.500,00.000	32.8	5.5	-200	0	4.5	563.069	289.911	158.549	62.9189	33.004	18.4825	0.204214	0	0	0	0	0	0	0	0	0	0	0	0	0	0
05.500,00.000	32.9	5.5	-200	0	4.5	575.735	297.269	161.719	63.5484	33.8693	19.1244	0.204604	0	0	0	0	0	0	0	0	0	0	0	0	0	0
05.500,00.000	33	5.5	-200	0	4.5	579.344	299.484	162.733	63.7734	33.8307	19.3195	0.203303	0	0	0	0	0	0	0	0	0	0	0	0	0	0
05.500,00.000	33.1	5.5	-200	0	4.5	583.413	302.031	163.779	63.9815	33.8896	19.5281	0.20358	0	0	0	0	0	0	0	0	0	0	0	0	0	0
05.500,00.000	33.2	5.5	-200	0	4.5	586.239	303.807	164.513	64.1302	33.9132	19.6726	0.203388	0	0	0	0	0	0	0	0	0	0	0	0	0	0
05.500,00.000	33.3	5.5	-200	0	4.5	588.368	305.175	165.046	64.2373	33.9273	19.7786	0.203436	0	0	0	0	0	0	0	0	0	0	0	0	0	0
05.500,00.000	33.4	5.5	-200	0	4.5	590.561	306.598	165.587	64.3468	33.9407	19.8856	0.203483	0	0	0	0	0	0	0	0	0	0	0	0	0	0
05.500,00.000	33.5	5.5	-200	0	4.5	592.775	308.04	166.129	64.457	33.9531	19.9923	0.203527	0	0	0	0	0	0	0	0	0	0	0	0	0	0
05.500,00.000	33.6	5.5	-200	0	4.5	602.485	314.213	168.603	64.9715	34.0051	20.4878	0.204277	0	0	0	0	0	0	0	0	0	0	0	0	0	0
05.500,00.000	33.7	5.5	-200	0	4.5	614.852	321.635	171.714	66.1209	34.067	21.1106	0.204801	0	0	0	0	0	0	0	0	0	0	0	0	0	0
05.500,00.000	33.8	5.5	-200	0	4.5	616.619	322.711	172.107	66.331	34.0756	21.1879	0.206664	0	0	0	0	0	0	0	0	0	0	0	0	0	0
05.500,00.000	33.9	5.5	-200	0	4.5	636.787	335.868	175.956	68.5867	34.1412	22.0001	0.234261	0	0	0	0	0	0	0	0	0	0	0	0	0	0
05.500,00.000	34	5.5	-200	0	4.5	642.627	339.731	177.083	69.2297	34.1619	22.1724	0.249756	0	0	0	0	0	0	0	0	0	0	0	0	0	0
05.500,00.000	34.1	5.5	-200	0	4.5	650.576	345.188	178.47	70.0547	34.182	22.4197	0.260629	0	0	0	0	0	0	0	0	0	0	0	0	0	0
05.500,00.000	34.2	5.5	-200	0	4.5	655.372	348.473	179.292	70.5407	34.2455	22.5516	0.269444	0	0	0	0	0	0	0	0	0	0	0	0	0	0
05.500,00.000	34.3	5.5	-200	0	4.5	658.263	350.492	179.76	70.8267	34.2804	22.63	0.273654	0	0	0	0	0	0	0	0	0	0	0	0	0	0
05.500,00.000	34.4	5.5	-200	0	4.5	661.185	352.555	180.22	71.1134	34.3136	22.7052	0.277911	0	0	0	0	0	0	0	0	0	0	0	0	0	0
05.500,00.000	34.5	5.5	-200	0	4.5	666.191	356.05	181.017	71.6293	34.3703	22.8379	0.285344	0	0	0	0	0	0	0	0	0	0	0	0	0	0
05.500,00.000	34.6	5.5	-200	0	4.5	673.723	361.186	182.271	72.4652	34.4573	23.0467	0.297506	0	0	0	0	0	0	0	0	0	0	0	0	0	0
05.500,00.000	34.7	5.5	-200	0	4.5	686.876	370.433	184.392	73.7837	34.5877	23.3633	0.31667	0	0	0	0	0	0	0	0	0	0	0	0	0	0
05.500,00.000	34.8	5.5	-200	0	4.5	688.803	371.785	184.713	73.9713	34.6061	23.4061	0.321746	0	0	0	0	0	0	0	0	0	0	0	0	0	0
05.500,00.000	34.9	5.5	-200	0	4.5	706.911	384.413	187.555	75.2332	35.522	23.8331	0.353958	0	0	0	0	0	0	0	0	0	0	0	0	0	0
05.500,00.000	35	5.5	-200	0	4.5	712.674	388.555	188.293	75.6478	35.8591	23.9507	0.36807	0	0	0	0	0	0	0	0	0	0	0	0	0	0
05.500,00.000	35.1	5.5	-200	0	4.5	723.996	396.859	189.651	76.419	36.5119	24.1678	0.386408	0	0	0	0	0	0	0	0	0	0	0	0	0	0
05.500,00.000	35.2	5.5	-200	0	4.5	728.896	400.451	190.229	76.764	36.7946	24.2603	0.396642	0	0	0	0	0	0	0	0	0	0	0	0	0	0
05.500,00.000	35.3	5.5	-200	0	4.5	731.293	402.273	190.468	76.9239	36.9259	24.301	0.400353	0	0	0	0	0	0	0	0	0	0	0	0	0	0
05.500,00.000	35.4	5.5	-200	0	4.5	734.714	404.891	190.8	77.1505	37.1114	24.3561	0.405802	0	0	0	0	0	0	0	0	0	0	0	0	0	0
05.500,00.000	35.5	5.5	-200	0	4.5	738.023	407.432	191.117	77.3674	37.2888	24.4066	0.411246	0	0	0	0	0	0	0	0	0	0	0	0	0	0
05.500,00.000	35.6	5.5	-200	0	4.5	741.851	410.261	191.526	77.6508	37.5238	24.4706	0.418192	0	0	0	0	0	0	0	0	0	0	0	0	0	0
05.500,00.000	35.7	5.5	-200	0	4.5	761.182	424.969	193.429	78.9605	38.6166	24.7564	0.449658	0	0	0	0	0	0	0	0	0	0	0	0	0	0
05.500,00.000	35.8	5.5	-200	0	4.5	764.435	427.384	193.777	79.1971	38.8118	24.8063	0.458312	0	0	0	0	0	0	0	0	0	0	0	0	0	0
05.500,00.000	35.9	5.5	-200	0	4.5	771.296	432.652	194.415	79.6655	39.1972	24.8963	0.470168	0	0	0	0	0	0	0	0	0	0	0	0	0	0
05.500,00.000	36	5.5	-200	0	4.5	773.37	434.221	194.62	79.8127	39.3179	24.9238	0.475463	0	0	0	0	0	0	0	0	0	0	0	0	0	0
05.500,00.000	36.1	5.5	-200	0	4.5	780.502	439.733	195.254	80.3031	39.7174	25.006	0.48804	0	0	0	0	0	0	0	0	0	0	0	0	0	0
05.500,00.000	36.2	5.5	-200	0	4.5	785.054	443.249	195.661	80.593	39.9744	25.0569	0.51937	0	0	0	0	0	0	0	0	0	0	0	0	0	0
05.500,00.000	36.3	5.5	-200	0	4.5	788.184	445.683	195.927	80.796	40.1493	25.0889	0.540291	0	0	0	0	0	0	0	0	0	0	0	0	0	0
05.500,00.000	36.4	5.5	-200	0	4.5	791.338	448.145	196.186	81.0009	40.3255	25.1191	0.561629	0	0	0	0	0	0	0	0	0	0	0	0	0	0
05.500,00.000	36.5	5.5	-200	0	4.5	794.513	450.625	196.448	81.2064	40.5031	25.1473	0.583324	0	0	0	0	0	0	0	0	0	0	0	0	0	0
05.500,00.000	36.6	5.5	-200	0	4.5	798.833	453.887	196.837	81.5236	40.7797	25.1882	0.617563	0	0	0	0	0	0	0	0	0	0	0	0	0	0
05.500,00.000	36.7	5.5	-200	0	4.5	813.392	464.744	198.16	82.663	41.7614	25.3232	0.739553	0	0	0	0	0	0	0	0	0	0	0	0	0	0
05.500,00.000	36.8	5.5	-200	0	4.5	816.219	466.893	198.404	82.8708	41.9403	25.3471	0.764693	0	0	0	0	0	0	0	0	0	0	0	0	0	0
05.500,00.000	36.9	5.5	-200	0	4.5	823.397	472.495	198.938	83.3783	42.3684	25.3972	0.818915	0	0	0	0	0	0	0	0	0	0	0	0	0	0
05.500,00.000	37	5.5	-200	0	4.5	827.921	475.895	199.353	83.7291	42.6575	25.4293	0.857114	0	0	0	0	0	0	0	0	0	0	0	0	0	0
05.500,00.000	37.1	5.5	-200	0	4.5	831.103	478.325	199.629	83.9681	42.8501	25.4485	0.881859	0	0	0	0	0	0	0	0	0	0	0	0	0	0
05.500,00.000	37.2	5.5	-200	0	4.5	834.41	480.832	199.94	84.2172	43.0467	25.4665	0.907048	0	0	0	0	0	0	0	0	0	0	0	0	0	0
05.500,00.000	37.3	5.5	-200	0	4.5	837.518	483.182	200.233	84.4579	43.2322	25.4818	0.930806	0	0	0	0	0	0	0	0	0	0	0	0	0	0
05.500,00.000	37.4	5.5	-200	0	4.5	840.509	485.449	200.505	84.6951	43.4115	25.495	0.953763	0	0	0	0	0	0	0	0	0	0	0	0	0	0
05.500,00.000	37.5	5.5	-200	0	4.5	843.792	487.933	200.799	84.9637	43.6098	25.5079	0.979205	0	0	0	0	0	0	0	0	0	0	0	0	0	0
05.500,00.000	37.6	5.5	-200	0	4.5	853.261	495.013	201.639	85.792	44.2167	25.5428	1.05731	0	0	0	0	0	0	0	0	0	0	0	0	0	0
05.500,00.000	37.7	5.5	-200	0	4.5	855.529	496.703	201.851	85.9896	44.3587	25.5504	1.07659	0	0	0	0	0	0	0	0	0	0	0	0	0	0
05.500,00.000	37.8	5.5	-200	0	4.5	855.882	496.971	201.879	86.0203	44.3803	25.5514	1.07933	0	0	0	0	0	0	0	0	0	0	0	0	0	0
05.500,00.000	37.9	5.5	-200	0	4.5	858.101	498.638	202.062	86.2249	44.5217	25.5569	1.09742	0	0	0	0	0	0	0	0	0	0	0	0	0	0
05.500,00.000	38	5.5	-200	0	4.5	858.791	499.156	202.12	86.2878	44.5647	25.5585	1.10313	0	0	0	0	0	0	0	0	0	0	0	0	0	0
05.500,00.000	38.1	5.5	-200	0	4.5	864.543	503.466	202.576	86.8442	44.9373	25.5695	1.14975	0	0	0	0	0	0	0	0	0	0	0	0	0	0
05.500,00.000	38.2	5.5	-200	0	4.5	868.481	506.453	202.871	87.2164	45.1835	25.5761	1.18057	0	0	0	0	0	0	0	0	0	0	0	0	0	0
05.500,00.000	38.3	5.5	-200	0	4.5	871.595	508.79	203.1	87.5321	45.3879	25.5808	1.20457	0	0	0	0	0	0	0	0	0	0	0	0	0	0
05.500,00.000	38.4	5.5	-200	0	4.5	874.368	510.873	203.296	87.8184	45.5708	25.5846	1.22532	0	0	0	0	0	0	0	0	0	0	0	0	0	0
05.500,00.000	38.5	5.5	-200	0	4.5	877.373	513.138	203.497	88.1333	45.7697	25.588	1.24695	0	0	0	0	0	0	0	0	0	0	0	0	0	0
05.500,00.000	38.6	5.5	-200	0	4.5	881.954	516.41	203.836	88.7026	46.1279	25.5933	1.28465	0	0	0	0	0	0	0	0	0	0	0	0	0	0
05.500,00.000	38.7	5.5	-200	0	4.5	894.937	525.547	204.849	90.3808	47.1633	25.6067	1.38945	0	0	0	0	0	0	0	0	0	0	0	0	0	0
05.500,00.000	38.8	5.5	-200	0	4.5	897.325	527.21	205.065	90.6911	47.3416	25.609	1.40853	0	0	0	0	0	0	0	0	0	0	0	0	0	0
05.500,00.000	38.9	5.5	-200	0	4.5	908.453	535.173	205.892	92.1535	48.1319	25.6171	1.48633	0	0	0	0	0	0	0	0	0	0	0	0	0	0
05.500,00.000	39	5.5	-200	0	4.5	911.715	537.482	206.141	92.6134	48.3489	25.6194	1.5099	0	0	0	0	0	0	0	0	0	0	0	0	0	0
05.500,00.000	39.1	5.5	-200	0	4.5	915.935	540.528	206.423	93.1838	48.6432	25.6216	1.53624	0	0	0	0	0	0	0	0	0	0	0	0	0	0
05.500,00.000	39.2	5.5	-200	0	4.5	919.381	542.923	206.777	93.6645	48.836	25.623	1.55742	0	0	0	0	0	0	0	0	0	0	0	0	0	0
05.500,00.000	39.3	5.5	-200	0	4.5	922.447	544.999	207.157	94.1351	48.9566	25.624	1.57491	0	0	0	0	0	0	0	0	0	0	0	0	0	0
05.500,00.000	39.4	5.5	-200	0	4.5	925.691	547.204	207.554	94.6381	49.0777	25.6246	1.59241	0	0	0	0	0	0	0	0	0	0	0	0	0	0
05.500,00.000	39.5	5.5	-200	0	4.5	929.217	549.605	207.977	95.192	49.2074	25.625	1.61046	0	0	0	0	0	0	0	0	0	0	0	0	0	0
05.500,00.000	39.6	5.5	-200	0	4.5	937.936	555.32	209.083	96.7125	49.5368	25.6253	1.65805	0	0	0	0	0	0	0	0	0	0	0	0	0	0
05.500,00.000	39.7	5.5	-200	0	4.5	940.267	556.878	209.372	97.1195	49.6025	25.6253	1.67026	0	0	0	0	0	0	0	0	0	0	0	0	0	0
05.500,00.000	39.8	5.5	-200	0	4.5	940.321	556.913	209.38	97.1288	49.6044	25.6253	1.67052	0	0	0	0	0	0	0	0	0	0	0	0	0	0
05.500,00.000	39.9	5.5	-200	0	4.5	948.189	562.07	210.311	98.5703	49.9045	25.6253	1.70748	0	0	0	0	0	0	0	0	0	0	0	0	0	0
05.500,00.000	40	5.5	-200	0	4.5	950.299	563.478	210.571	98.9348	49.9724	25.6253	1.71747	0	0	0	0	0	0	0	0	0	0	0	0	0	0
05.500,00.000	40.1	5.5	-200	0	4.5	954.055	565.943	211.035	99.6012	50.1183	25.6253	1.73301	0	0	0	0	0	0	0	0	0	0	0	0	0	0
05.500,00.000	40.2	5.5	-200	0	4.5	959.515	569.296	211.943	100.567	50.3294	25.6253	1.75438	0	0	0	0	0	0	0	0	0	0	0	0	0	0
05.500,00.000	40.3	5.5	-200	0	4.5	961.622	570.595	212.292	100.937	50.4109	25.6253	1.7622	0	0	0	0	0	0	0	0	0	0	0	0	0	0
05.500,00.000	40.4	5.5	-200	0	4.5	964.234	572.197	212.715	101.408	50.5178	25.6253	1.77099	0	0	0	0	0	0	0	0	0	0	0	0	0	0
05.500,00.000	40.5	5.5	-200	0	4.5	967.672	574.31	213.262	102.037	50.6562	25.6253	1.78195	0	0	0	0	0	0	0	0	0	0	0	0	0	0
05.500,00.000	40.6	5.5	-200	0	4.5	977.593	580.192	214.88	103.985	51.0978	25.6253	1.8134	0	0	0	0	0	0	0	0	0	0	0	0	0	0
05.500,00.000	40.7	5.5	-200	0	4.5	979.464	581.346	215.163	104.318	51.1927	25.6253	1.81908	0	0	0	0	0	0	0	0	0	0	0	0	0	0
05.500,00.000	40.8	5.5	-200	0	4.5	979.536	581.389	215.175	104.332	51.1964	25.6253	1.81927	0	0	0	0	0	0	0	0	0	0	0	0	0	0
05.500,00.000	40.9	5.5	-200	0	4.5	986.315	585.365	216.247	105.679	51.5618	25.6253	1.83653	0	0	0	0	0	0	0	0	0	0	0	0	0	0
05.500,00.000	41	5.5	-200	0	4.5	988.006	586.366	216.494	106.011	51.6604	25.6253	1.84899	0	0	0	0	0	0	0	0	0	0	0	0	0	0
05.500,00.000	41.1	5.5	-200	0	4.5	990.977	588.09	216.961	106.6	51.8313	25.6253	1.86825	0	0	0	0	0	0	0	0	0	0	0	0	0	0
05.500,00.000	41.2	5.5	-200	0	4.5	996.161	591.111	217.681	107.685	52.1554	25.6253	1.90388	0	0	0	0	0	0	0	0	0	0	0	0	0	0
05.500,00.000	41.3	5.5	-200	0	4.5	997.44	591.917	217.772	107.961	52.2485	25.6253	1.91611	0	0	0	0	0	0	0	0	0	0	0	0	0	0
05.500,00.000	41.4	5.5	-200	0	4.5	1000.06	593.43	218.116	108.521	52.4383	25.6253	1.93027	0	0	0	0	0	0	0	0	0	0	0	0	0	0
05.500,00.000	41.5	5.5	-200	0	4.5	1002.47	594.839	218.407	109.033	52.6236	25.6253	1.94537	0	0	0	0	0	0	0	0	0	0	0	0	0	0
05.500,00.000	41.6	5.5	-200	0	4.5	1007.17	597.503	218.981	110.083	53.0062	25.6253	1.97042	0	0	0	0	0	0	0	0	0	0	0	0	0	0
05.500,00.000	41.7	5.5	-200	0	4.5	1008.72	598.384	219.178	110.416	53.1374	25.6253	1.98119	0	0	0	0	0	0	0	0	0	0	0	0	0	0
05.500,00.000	41.8	5.5	-200	0	4.5	1010.67	599.448	219.423	110.868	53.3128	25.6253	1.99001	0	0	0	0	0	0	0	0	0	0	0	0	0	0
05.500,00.000	41.9	5.5	-200	0	4.5	1012.15	600.264	219.612	111.204	53.4498	25.6253	1.99754	0	0	0	0	0	0	0	0	0	0	0	0	0	0
05.500,00.000	42	5.5	-200	0	4.5	1012.31	600.349	219.632	111.237	53.4653	25.6253	1.99882	0	0	0	0	0	0	0	0	0	0	0	0	0	0