
label	time(d)	x	depth	z	radius	total	0-10	10-20	20-30	30-40	40-50	50-60	60-70	70-80	80-90	90-100	100-110	110-120	120-130	130-140	140-150	150-160	160-170	170-180	180-190	190-200
05.500,00.000	0	5.5	-200	0	4.5	0	0	0	0	0	0	0	0	0	0	0	0	0	0	0	0	0	0	0	0	0
05.500,00.000	0.1	5.5	-200	0	4.5	0	0	0	0	0	0	0	0	0	0	0	0	0	0	0	0	0	0	0	0	0
05.500,00.000	0.2	5.5	-200	0	4.5	0	0	0	0	0	0	0	0	0	0	0	0	0	0	0	0	0	0	0	0	0
05.500,00.000	0.3	5.5	-200	0	4.5	0	0	0	0	0	0	0	0	0	0	0	0	0	0	0	0	0	0	0	0	0
05.500,00.000	0.4	5.5	-200	0	4.5	0	0	0	0	0	0	0	0	0	0	0	0	0	0	0	0	0	0	0	0	0
05.500,00.000	0.5	5.5	-200	0	4.5	0	0	0	0	0	0	0	0	0	0	0	0	0	0	0	0	0	0	0	0	0
05.500,00.000	0.6	5.5	-200	0	4.5	0	0	0	0	0	0	0	0	0	0	0	0	0	0	0	0	0	0	0	0	0
05.500,00.000	0.7	5.5	-200	0	4.5	0	0	0	0	0	0	0	0	0	0	0	0	0	0	0	0	0	0	0	0	0
05.500,00.000	0.8	5.5	-200	0	4.5	0	0	0	0	0	0	0	0	0	0	0	0	0	0	0	0	0	0	0	0	0
05.500,00.000	0.9	5.5	-200	0	4.5	0	0	0	0	0	0	0	0	0	0	0	0	0	0	0	0	0	0	0	0	0
05.500,00.000	1	5.5	-200	0	4.5	0	0	0	0	0	0	0	0	0	0	0	0	0	0	0	0	0	0	0	0	0
05.500,00.000	1.1	5.5	-200	0	4.5	0	0	0	0	0	0	0	0	0	0	0	0	0	0	0	0	0	0	0	0	0
05.500,00.000	1.2	5.5	-200	0	4.5	0	0	0	0	0	0	0	0	0	0	0	0	0	0	0	0	0	0	0	0	0
05.500,00.000	1.3	5.5	-200	0	4.5	0	0	0	0	0	0	0	0	0	0	0	0	0	0	0	0	0	0	0	0	0
05.500,00.000	1.4	5.5	-200	0	4.5	0	0	0	0	0	0	0	0	0	0	0	0	0	0	0	0	0	0	0	0	0
05.500,00.000	1.5	5.5	-200	0	4.5	0	0	0	0	0	0	0	0	0	0	0	0	0	0	0	0	0	0	0	0	0
05.500,00.000	1.6	5.5	-200	0	4.5	0	0	0	0	0	0	0	0	0	0	0	0	0	0	0	0	0	0	0	0	0
05.500,00.000	1.7	5.5	-200	0	4.5	0	0	0	0	0	0	0	0	0	0	0	0	0	0	0	0	0	0	0	0	0
05.500,00.000	1.8	5.5	-200	0	4.5	0	0	0	0	0	0	0	0	0	0	0	0	0	0	0	0	0	0	0	0	0
05.500,00.000	1.9	5.5	-200	0	4.5	0	0	0	0	0	0	0	0	0	0	0	0	0	0	0	0	0	0	0	0	0
05.500,00.000	2	5.5	-200	0	4.5	0	0	0	0	0	0	0	0	0	0	0	0	0	0	0	0	0	0	0	0	0
05.500,00.000	2.1	5.5	-200	0	4.5	0	0	0	0	0	0	0	0	0	0	0	0	0	0	0	0	0	0	0	0	0
05.500,00.000	2.2	5.5	-200	0	4.5	0	0	0	0	0	0	0	0	0	0	0	0	0	0	0	0	0	0	0	0	0
05.500,00.000	2.3	5.5	-200	0	4.5	0	0	0	0	0	0	0	0	0	0	0	0	0	0	0	0	0	0	0	0	0
05.500,00.000	2.4	5.5	-200	0	4.5	0	0	0	0	0	0	0	0	0	0	0	0	0	0	0	0	0	0	0	0	0
05.500,00.000	2.5	5.5	-200	0	4.5	0.0638238	0	0.0638238	0	0	0	0	0	0	0	0	0	0	0	0	0	0	0	0	0	0
05.500,00.000	2.6	5.5	-200	0	4.5	0.354602	0	0.354602	0	0	0	0	0	0	0	0	0	0	0	0	0	0	0	0	0	0
05.500,00.000	2.7	5.5	-200	0	4.5	0.62805	0	0.62805	0	0	0	0	0	0	0	0	0	0	0	0	0	0	0	0	0	0
05.500,00.000	2.8	5.5	-200	0	4.5	0.895726	0	0.895726	0	0	0	0	0	0	0	0	0	0	0	0	0	0	0	0	0	0
05.500,00.000	2.9	5.5	-200	0	4.5	1.16318	0	1.16318	0	0	0	0	0	0	0	0	0	0	0	0	0	0	0	0	0	0
05.500,00.000	3	5.5	-200	0	4.5	1.43071	3.77476e-15	1.43071	0	0	0	0	0	0	0	0	0	0	0	0	0	0	0	0	0	0
05.500,00.000	3.1	5.5	-200	0	4.5	1.97282	0.275604	1.69722	0	0	0	0	0	0	0	0	0	0	0	0	0	0	0	0	0	0
05.500,00.000	3.2	5.5	-200	0	4.5	2.51403	0.551219	1.96281	0	0	0	0	0	0	0	0	0	0	0	0	0	0	0	0	0	0
05.500,00.000	3.3	5.5	-200	0	4.5	3.05613	0.827826	2.2283	0	0	0	0	0	0	0	0	0	0	0	0	0	0	0	0	0	0
05.500,00.000	3.4	5.5	-200	0	4.5	3.60003	1.10639	2.49363	0	0	0	0	0	0	0	0	0	0	0	0	0	0	0	0	0	0
05.500,00.000	3.5	5.5	-200	0	4.5	4.32231	1.56438	2.75794	0	0	0	0	0	0	0	0	0	0	0	0	0	0	0	0	0	0
05.500,00.000	3.6	5.5	-200	0	4.5	5.07933	2.05815	3.02117	0	0	0	0	0	0	0	0	0	0	0	0	0	0	0	0	0	0
05.500,00.000	3.7	5.5	-200	0	4.5	5.88495	2.60078	3.28417	0	0	0	0	0	0	0	0	0	0	0	0	0	0	0	0	0	0
05.500,00.000	3.8	5.5	-200	0	4.5	6.68904	3.14213	3.54691	0	0	0	0	0	0	0	0	0	0	0	0	0	0	0	0	0	0
05.500,00.000	3.9	5.5	-200	0	4.5	7.4949	3.68579	3.8091	0	0	0	0	0	0	0	0	0	0	0	0	0	0	0	0	0	0
05.500,00.000	4	5.5	-200	0	4.5	8.30254	4.2318	4.07074	0	0	0	0	0	0	0	0	0	0	0	0	0	0	0	0	0	0
05.500,00.000	4.1	5.5	-200	0	4.5	9.11008	4.77805	4.33203	0	0	0	0	0	0	0	0	0	0	0	0	0	0	0	0	0	0
05.500,00.000	4.2	5.5	-200	0	4.5	9.91791	5.32499	4.59293	0	0	0	0	0	0	0	0	0	0	0	0	0	0	0	0	0	0
05.500,00.000	4.3	5.5	-200	0	4.5	10.7257	5.87269	4.85298	0	0	0	0	0	0	0	0	0	0	0	0	0	0	0	0	0	0
05.500,00.000	4.4	5.5	-200	0	4.5	11.5333	6.421	5.11229	0	0	0	0	0	0	0	0	0	0	0	0	0	0	0	0	0	0
05.500,00.000	4.5	5.5	-200	0	4.5	12.094	6.72282	5.37118	0	0	0	0	0	0	0	0	0	0	0	0	0	0	0	0	0	0
05.500,00.000	4.6	5.5	-200	0	4.5	12.6263	6.99684	5.62946	0	0	0	0	0	0	0	0	0	0	0	0	0	0	0	0	0	0
05.500,00.000	4.7	5.5	-200	0	4.5	13.1607	7.27371	5.88701	0	0	0	0	0	0	0	0	0	0	0	0	0	0	0	0	0	0
05.500,00.000	4.8	5.5	-200	0	4.5	13.6943	7.40016	6.2941	0	0	0	0	0	0	0	0	0	0	0	0	0	0	0	0	0	0
05.500,00.000	4.9	5.5	-200	0	4.5	14.2274	7.40016	6.8272	0	0	0	0	0	0	0	0	0	0	0	0	0	0	0	0	0	0
05.500,00.000	5	5.5	-200	0	4.5	14.7599	7.40016	7.35977	0	0	0	0	0	0	0	0	0	0	0	0	0	0	0	0	0	0
05.500,00.000	5.1	5.5	-200	0	4.5	15.2917	7.40016	7.89157	0	0	0	0	0	0	0	0	0	0	0	0	0	0	0	0	0	0
05.500,00.000	5.2	5.5	-200	0	4.5	15.8235	7.40016	8.4233	0	0	0	0	0	0	0	0	0	0	0	0	0	0	0	0	0	0
05.500,00.000	5.3	5.5	-200	0	4.5	16.354	7.40016	8.95384	0	0	0	0	0	0	0	0	0	0	0	0	0	0	0	0	0	0
05.500,00.000	5.4	5.5	-200	0	4.5	16.8831	7.40016	9.48292	0	0	0	0	0	0	0	0	0	0	0	0	0	0	0	0	0	0
05.500,00.000	5.5	5.5	-200	0	4.5	17.41	7.40016	10.0098	0	0	0	0	0	0	0	0	0	0	0	0	0	0	0	0	0	0
05.500,00.000	5.6	5.5	-200	0	4.5	17.9371	7.40016	10.537	0	0	0	0	0	0	0	0	0	0	0	0	0	0	0	0	0	0
05.500,00.000	5.7	5.5	-200	0	4.5	18.4631	7.40016	11.0629	0	0	0	0	0	0	0	0	0	0	0	0	0	0	0	0	0	0
05.500,00.000	5.8	5.5	-200	0	4.5	18.988	7.40016	11.4758	0.112022	0	0	0	0	0	0	0	0	0	0	0	0	0	0	0	0	0
05.500,00.000	5.9	5.5	-200	0	4.5	19.5118	7.40016	11.7489	0.362788	0	0	0	0	0	0	0	0	0	0	0	0	0	0	0	0	0
05.500,00.000	6	5.5	-200	0	4.5	20.0356	7.40016	12.0226	0.6128	0	0	0	0	0	0	0	0	0	0	0	0	0	0	0	0	0
05.500,00.000	6.1	5.5	-200	0	4.5	20.5587	7.40016	12.2962	0.862337	0	0	0	0	0	0	0	0	0	0	0	0	0	0	0	0	0
05.500,00.000	6.2	5.5	-200	0	4.5	21.0803	7.40016	12.5687	1.1115	0	0	0	0	0	0	0	0	0	0	0	0	0	0	0	0	0
05.500,00.000	6.3	5.5	-200	0	4.5	21.601	7.40016	12.8409	1.35995	0	0	0	0	0	0	0	0	0	0	0	0	0	0	0	0	0
05.500,00.000	6.4	5.5	-200	0	4.5	22.1207	7.40016	13.113	1.6075	0	0	0	0	0	0	0	0	0	0	0	0	0	0	0	0	0
05.500,00.000	6.5	5.5	-200	0	4.5	22.6382	7.40016	13.3841	1.85396	0	0	0	0	0	0	0	0	0	0	0	0	0	0	0	0	0
05.500,00.000	6.6	5.5	-200	0	4.5	23.1555	7.40016	13.6549	2.10038	0	0	0	0	0	0	0	0	0	0	0	0	0	0	0	0	0
05.500,00.000	6.7	5.5	-200	0	4.5	23.6715	7.40016	13.9253	2.34611	0	0	0	0	0	0	0	0	0	0	0	0	0	0	0	0	0
05.500,00.000	6.8	5.5	-200	0	4.5	24.1865	7.40016	14.1954	2.59095	0	0	0	0	0	0	0	0	0	0	0	0	0	0	0	0	0
05.500,00.000	6.9	5.5	-200	0	4.5	24.7021	7.40016	14.4663	2.83562	0	0	0	0	0	0	0	0	0	0	0	0	0	0	0	0	0
05.500,00.000	7	5.5	-200	0	4.5	25.2178	7.40059	14.7374	3.07975	0	0	0	0	0	0	0	0	0	0	0	0	0	0	0	0	0
05.500,00.000	7.1	5.5	-200	0	4.5	25.7357	7.40303	15.0094	3.32327	0	0	0	0	0	0	0	0	0	0	0	0	0	0	0	0	0
05.500,00.000	7.2	5.5	-200	0	4.5	26.2561	7.40711	15.2829	3.56604	0	0	0	0	0	0	0	0	0	0	0	0	0	0	0	0	0
05.500,00.000	7.3	5.5	-200	0	4.5	26.7808	7.41443	15.5581	3.80819	0	0	0	0	0	0	0	0	0	0	0	0	0	0	0	0	0
05.500,00.000	7.4	5.5	-200	0	4.5	27.3128	7.42678	15.8359	4.05009	0	0	0	0	0	0	0	0	0	0	0	0	0	0	0	0	0
05.500,00.000	7.5	5.5	-200	0	4.5	27.8521	7.44459	16.1165	4.291	0	0	0	0	0	0	0	0	0	0	0	0	0	0	0	0	0
05.500,00.000	7.6	5.5	-200	0	4.5	28.403	7.47073	16.4011	4.53124	0	0	0	0	0	0	0	0	0	0	0	0	0	0	0	0	0
05.500,00.000	7.7	5.5	-200	0	4.5	28.9659	7.50539	16.6895	4.77099	0	0	0	0	0	0	0	0	0	0	0	0	0	0	0	0	0
05.500,00.000	7.8	5.5	-200	0	4.5	29.545	7.55317	16.9815	5.01025	0	0	0	0	0	0	0	0	0	0	0	0	0	0	0	0	0
05.500,00.000	7.9	5.5	-200	0	4.5	30.1426	7.61506	17.2784	5.2492	0	0	0	0	0	0	0	0	0	0	0	0	0	0	0	0	0
05.500,00.000	8	5.5	-200	0	4.5	30.7629	7.69498	17.5803	5.48757	0	0	0	0	0	0	0	0	0	0	0	0	0	0	0	0	0
05.500,00.000	8.1	5.5	-200	0	4.5	31.4065	7.7939	17.8873	5.72523	0	0	0	0	0	0	0	0	0	0	0	0	0	0	0	0	0
05.500,00.000	8.2	5.5	-200	0	4.5	32.0752	7.91378	18.199	5.96238	0	0	0	0	0	0	0	0	0	0	0	0	0	0	0	0	0
05.500,00.000	8.3	5.5	-200	0	4.5	32.7717	8.05703	18.5154	6.19926	0	0	0	0	0	0	0	0	0	0	0	0	0	0	0	0	0
05.500,00.000	8.4	5.5	-200	0	4.5	33.4982	8.22581	18.8369	6.43546	0	0	0	0	0	0	0	0	0	0	0	0	0	0	0	0	0
05.500,00.000	8.5	5.5	-200	0	4.5	34.2521	8.41943	19.1622	6.6705	0	0	0	0	0	0	0	0	0	0	0	0	0	0	0	0	0
05.500,00.000	8.6	5.5	-200	0	4.5	35.044	8.64509	19.4938	6.90517	0	0	0	0	0	0	0	0	0	0	0	0	0	0	0	0	0
05.500,00.000	8.7	5.5	-200	0	4.5	35.8743	8.90267	19.832	7.13965	0	0	0	0	0	0	0	0	0	0	0	0	0	0	0	0	0
05.500,00.000	8.8	5.5	-200	0	4.5	36.7549	9.2057	20.1757	7.37348	0	0	0	0	0	0	0	0	0	0	0	0	0	0	0	0	0
05.500,00.000	8.9	5.5	-200	0	4.5	37.6753	9.54188	20.2921	7.8413	0	0	0	0	0	0	0	0	0	0	0	0	0	0	0	0	0
05.500,00.000	9	5.5	-200	0	4.5	38.6394	9.91295	20.3932	8.33327	0	0	0	0	0	0	0	0	0	0	0	0	0	0	0	0	0
05.500,00.000	9.1	5.5	-200	0	4.5	39.6418	10.3137	20.5039	8.82418	0	0	0	0	0	0	0	0	0	0	0	0	0	0	0	0	0
05.500,00.000	9.2	5.5	-200	0	4.5	40.6833	10.7439	20.6254	9.31394	0	0	0	0	0	0	0	0	0	0	0	0	0	0	0	0	0
05.500,00.000	9.3	5.5	-200	0	4.5	41.7644	11.2021	20.7598	9.80253	0	0	0	0	0	0	0	0	0	0	0	0	0	0	0	0	0
05.500,00.000	9.4	5.5	-200	0	4.5	42.8851	11.6877	20.9074	10.29	0	0	0	0	0	0	0	0	0	0	0	0	0	0	0	0	0
05.500,00.000	9.5	5.5	-200	0	4.5	44.0099	12.1659	21.0684	10.7756	0	0	0	0	0	0	0	0	0	0	0	0	0	0	0	0	0
05.500,00.000	9.6	5.5	-200	0	4.5	45.1607	12.653	21.2476	11.2601	0	0	0	0	0	0	0	0	0	0	0	0	0	0	0	0	0
05.500,00.000	9.7	5.5	-200	0	4.5	46.3534	13.1671	21.4429	11.7435	0	0	0	0	0	0	0	0	0	0	0	0	0	0	0	0	0
05.500,00.000	9.8	5.5	-200	0	4.5	47.5796	13.6964	21.6576	12.2256	0	0	0	0	0	0	0	0	0	0	0	0	0	0	0	0	0
05.500,00.000	9.9	5.5	-200	0	4.5	48.8522	14.25	21.8954	12.7068	0	0	0	0	0	0	0	0	0	0	0	0	0	0	0	0	0
05.500,00.000	10	5.5	-200	0	4.5	50.1636	14.8192	22.1577	13.1868	0	0	0	0	0	0	0	0	0	0	0	0	0	0	0	0	0
05.500,00.000	10.1	5.5	-200	0	4.5	51.5128	15.3992	22.4478	13.4923	0.173467	0	0	0	0	0	0	0	0	0	0	0	0	0	0	0	0
05.500,00.000	10.2	5.5	-200	0	4.5	52.9219	16.0014	22.777	13.744	0.399474	0	0	0	0	0	0	0	0	0	0	0	0	0	0	0	0
05.500,00.000	10.3	5.5	-200	0	4.5	54.3766	16.6215	23.1354	13.9949	0.624798	0	0	0	0	0	0	0	0	0	0	0	0	0	0	0	0
05.500,00.000	10.4	5.5	-200	0	4.5	55.9448	17.3235	23.5264	14.2453	0.849618	0	0	0	0	0	0	0	0	0	0	0	0	0	0	0	0
05.500,00.000	10.5	5.5	-200	0	4.5	57.5836	18.0733	23.9416	14.4949	1.07379	0	0	0	0	0	0	0	0	0	0	0	0	0	0	0	0
05.500,00.000	10.6	5.5	-200	0	4.5	59.2718	18.8399	24.3896	14.7448	1.29746	0	0	0	0	0	0	0	0	0	0	0	0	0	0	0	0
05.500,00.000	10.7	5.5	-200	0	4.5	61.0145	19.6557	24.8436	14.9948	1.52041	0	0	0	0	0	0	0	0	0	0	0	0	0	0	0	0
05.500,00.000	10.8	5.5	-200	0	4.5	62.8057	20.4971	25.3203	15.2455	1.74274	0	0	0	0	0	0	0	0	0	0	0	0	0	0	0	0
05.500,00.000	10.9	5.5	-200	0	4.5	64.4487	21.3718	25.8303	15.4981	1.74845	0	0	0	0	0	0	0	0	0	0	0	0	0	0	0	0
05.500,00.000	11	5.5	-200	0	4.5	66.1649	22.2887	26.3707	15.7521	1.75342	0	0	0	0	0	0	0	0	0	0	0	0	0	0	0	0
05.500,00.000	11.1	5.5	-200	0	4.5	67.9578	23.2518	26.9418	16.0076	1.75656	0	0	0	0	0	0	0	0	0	0	0	0	0	0	0	0
05.500,00.000	11.2	5.5	-200	0	4.5	69.8128	24.2505	27.5439	16.2604	1.75795	0	0	0	0	0	0	0	0	0	0	0	0	0	0	0	0
05.500,00.000	11.3	5.5	-200	0	4.5	71.478	25.266	28.178	16.276	1.75795	0	0	0	0	0	0	0	0	0	0	0	0	0	0	0	0
05.500,00.000	11.4	5.5	-200	0	4.5	73.2085	26.3218	28.8471	16.2817	1.75795	0	0	0	0	0	0	0	0	0	0	0	0	0	0	0	0
05.500,00.000	11.5	5.5	-200	0	4.5	74.9934	27.39	29.5418	16.3037	1.75795	0	0	0	0	0	0	0	0	0	0	0	0	0	0	0	0
05.500,00.000	11.6	5.5	-200	0	4.5	76.8552	28.4916	30.2751	16.3306	1.75795	0	0	0	0	0	0	0	0	0	0	0	0	0	0	0	0
05.500,00.000	11.7	5.5	-200	0	4.5	78.7908	29.6241	31.0466	16.3621	1.75795	0	0	0	0	0	0	0	0	0	0	0	0	0	0	0	0
05.500,00.000	11.8	5.5	-200	0	4.5	80.7976	30.7863	31.8555	16.3979	1.75795	0	0	0	0	0	0	0	0	0	0	0	0	0	0	0	0
05.500,00.000	11.9	5.5	-200	0	4.5	82.8922	31.99	32.7055	16.4388	1.75795	0	0	0	0	0	0	0	0	0	0	0	0	0	0	0	0
05.500,00.000	12	5.5	-200	0	4.5	85.0678	33.2298	33.5954	16.4847	1.75795	0	0	0	0	0	0	0	0	0	0	0	0	0	0	0	0
05.500,00.000	12.1	5.5	-200	0	4.5	87.2736	34.4509	34.5285	16.5363	1.75795	0	0	0	0	0	0	0	0	0	0	0	0	0	0	0	0
05.500,00.000	12.2	5.5	-200	0	4.5	89.559	35.7047	35.5031	16.5933	1.75795	0	0	0	0	0	0	0	0	0	0	0	0	0	0	0	0
05.500,00.000	12.3	5.5	-200	0	4.5	91.9435	37.0064	36.5227	16.6565	1.75795	0	0	0	0	0	0	0	0	0	0	0	0	0	0	0	0
05.500,00.000	12.4	5.5	-200	0	4.5	94.4254	38.353	37.5888	16.7256	1.75795	0	0	0	0	0	0	0	0	0	0	0	0	0	0	0	0
05.500,00.000	12.5	5.5	-200	0	4.5	97.0385	39.7792	38.7002	16.8011	1.75795	0	0	0	0	0	0	0	0	0	0	0	0	0	0	0	0
05.500,00.000	12.6	5.5	-200	0	4.5	99.8126	41.2698	39.9	16.8849	1.75795	0	0	0	0	0	0	0	0	0	0	0	0	0	0	0	0
05.500,00.000	12.7	5.5	-200	0	4.5	102.665	42.7872	41.1444	16.9751	1.75795	0	0	0	0	0	0	0	0	0	0	0	0	0	0	0	0
05.500,00.000	12.8	5.5	-200	0	4.5	105.443	44.2538	42.3642	17.0666	1.75795	0	0	0	0	0	0	0	0	0	0	0	0	0	0	0	0
05.500,00.000	12.9	5.5	-200	0	4.5	108.407	45.8049	43.6762	17.168	1.75795	0	0	0	0	0	0	0	0	0	0	0	0	0	0	0	0
05.500,00.000	13	5.5	-200	0	4.5	111.457	47.3902	45.0332	17.2758	1.75795	0	0	0	0	0	0	0	0	0	0	0	0	0	0	0	0
05.500,00.000	13.1	5.5	-200	0	4.5	114.597	49.0144	46.4339	17.3908	1.75795	0	0	0	0	0	0	0	0	0	0	0	0	0	0	0	0
05.500,00.000	13.2	5.5	-200	0	4.5	117.823	50.673	47.8802	17.512	1.75795	0	0	0	0	0	0	0	0	0	0	0	0	0	0	0	0
05.500,00.000	13.3	5.5	-200	0	4.5	121.153	52.369	49.3851	17.6406	1.75795	0	0	0	0	0	0	0	0	0	0	0	0	0	0	0	0
05.500,00.000	13.4	5.5	-200	0	4.5	124.549	54.0948	50.917	17.7791	1.75795	0	0	0	0	0	0	0	0	0	0	0	0	0	0	0	0
05.500,00.000	13.5	5.5	-200	0	4.5	128.002	55.8165	52.4984	17.9287	1.75795	0	0	0	0	0	0	0	0	0	0	0	0	0	0	0	0
05.500,00.000	13.6	5.5	-200	0	4.5	131.833	57.6878	54.2798	18.1078	1.75795	0	0	0	0	0	0	0	0	0	0	0	0	0	0	0	0
05.500,00.000	13.7	5.5	-200	0	4.5	135.471	59.4457	55.9789	18.2888	1.75795	0	0	0	0	0	0	0	0	0	0	0	0	0	0	0	0
05.500,00.000	13.8	5.5	-200	0	4.5	138.722	60.9991	57.5032	18.462	1.75795	0	0	0	0	0	0	0	0	0	0	0	0	0	0	0	0
05.500,00.000	13.9	5.5	-200	0	4.5	142.589	62.8304	59.3183	18.6821	1.75795	0	0	0	0	0	0	0	0	0	0	0	0	0	0	0	0
05.500,00.000	14	5.5	-200	0	4.5	146.492	64.6743	61.1427	18.9167	1.75795	0	0	0	0	0	0	0	0	0	0	0	0	0	0	0	0
05.500,00.000	14.1	5.5	-200	0	4.5	150.458	66.5173	63.0161	19.1671	1.75795	0	0	0	0	0	0	0	0	0	0	0	0	0	0	0	0
05.500,00.000	14.2	5.5	-200	0	4.5	154.5	68.3679	64.9368	19.4377	1.75795	0	0	0	0	0	0	0	0	0	0	0	0	0	0	0	0
05.500,00.000	14.3	5.5	-200	0	4.5	158.595	70.224	66.8831	19.7301	1.75795	0	0	0	0	0	0	0	0	0	0	0	0	0	0	0	0
05.500,00.000	14.4	5.5	-200	0	4.5	162.703	71.9763	68.9218	20.0465	1.75795	0	0	0	0	0	0	0	0	0	0	0	0	0	0	0	0
05.500,00.000	14.5	5.5	-200	0	4.5	167.031	73.7731	71.0989	20.4011	1.75795	0	0	0	0	0	0	0	0	0	0	0	0	0	0	0	0
05.500,00.000	14.6	5.5	-200	0	4.5	172.26	75.9021	73.749	20.851	1.75795	0	0	0	0	0	0	0	0	0	0	0	0	0	0	0	0
05.500,00.000	14.7	5.5	-200	0	4.5	176.502	77.5754	75.8781	21.2903	1.75795	0	0	0	0	0	0	0	0	0	0	0	0	0	0	0	0
05.500,00.000	14.8	5.5	-200	0	4.5	180.017	78.9364	77.7549	21.5674	1.75795	0	0	0	0	0	0	0	0	0	0	0	0	0	0	0	0
05.500,00.000	14.9	5.5	-200	0	4.5	184.154	80.5273	79.8878	21.9809	1.75795	0	0	0	0	0	0	0	0	0	0	0	0	0	0	0	0
05.500,00.000	15	5.5	-200	0	4.5	188.947	82.3501	82.3555	22.483	1.75795	0	0	0	0	0	0	0	0	0	0	0	0	0	0	0	0
05.500,00.000	15.1	5.5	-200	0	4.5	193.543	84.0701	84.7305	22.9844	1.75795	0	0	0	0	0	0	0	0	0	0	0	0	0	0	0	0
05.500,00.000	15.2	5.5	-200	0	4.5	198.096	85.7456	87.0911	23.5009	1.75814	0	0	0	0	0	0	0	0	0	0	0	0	0	0	0	0
05.500,00.000	15.3	5.5	-200	0	4.5	202.722	87.4068	89.5089	24.0469	1.75901	0	0	0	0	0	0	0	0	0	0	0	0	0	0	0	0
05.500,00.000	15.4	5.5	-200	0	4.5	207.406	89.0313	91.9914	24.6229	1.76055	0	0	0	0	0	0	0	0	0	0	0	0	0	0	0	0
05.500,00.000	15.5	5.5	-200	0	4.5	214.067	91.2569	95.5714	25.4737	1.76471	0	0	0	0	0	0	0	0	0	0	0	0	0	0	0	0
05.500,00.000	15.6	5.5	-200	0	4.5	218.384	92.6704	97.901	26.0444	1.76861	0	0	0	0	0	0	0	0	0	0	0	0	0	0	0	0
05.500,00.000	15.7	5.5	-200	0	4.5	224.404	94.5373	101.206	26.8849	1.7758	0	0	0	0	0	0	0	0	0	0	0	0	0	0	0	0
05.500,00.000	15.8	5.5	-200	0	4.5	228.439	95.7437	103.446	27.4675	1.78218	0	0	0	0	0	0	0	0	0	0	0	0	0	0	0	0
05.500,00.000	15.9	5.5	-200	0	4.5	231.238	96.5395	104.979	27.8792	1.84013	0	0	0	0	0	0	0	0	0	0	0	0	0	0	0	0
05.500,00.000	16	5.5	-200	0	4.5	237.356	98.1251	108.27	28.7915	2.16951	0	0	0	0	0	0	0	0	0	0	0	0	0	0	0	0
05.500,00.000	16.1	5.5	-200	0	4.5	242.76	99.4746	111.199	29.641	2.44621	0	0	0	0	0	0	0	0	0	0	0	0	0	0	0	0
05.500,00.000	16.2	5.5	-200	0	4.5	247.706	100.685	113.892	30.4498	2.67966	0	0	0	0	0	0	0	0	0	0	0	0	0	0	0	0
05.500,00.000	16.3	5.5	-200	0	4.5	252.738	101.925	116.611	31.2873	2.91537	0	0	0	0	0	0	0	0	0	0	0	0	0	0	0	0
05.500,00.000	16.4	5.5	-200	0	4.5	257.807	103.128	119.375	32.1529	3.15134	0	0	0	0	0	0	0	0	0	0	0	0	0	0	0	0
05.500,00.000	16.5	5.5	-200	0	4.5	267.138	105.296	124.466	33.7907	3.58566	0	0	0	0	0	0	0	0	0	0	0	0	0	0	0	0
05.500,00.000	16.6	5.5	-200	0	4.5	270.252	106.009	126.166	34.3477	3.73037	0	0	0	0	0	0	0	0	0	0	0	0	0	0	0	0
05.500,00.000	16.7	5.5	-200	0	4.5	276.144	107.284	129.4	35.4501	4.00968	0	0	0	0	0	0	0	0	0	0	0	0	0	0	0	0
05.500,00.000	16.8	5.5	-200	0	4.5	279.356	107.966	131.164	36.0647	4.16193	0	0	0	0	0	0	0	0	0	0	0	0	0	0	0	0
05.500,00.000	16.9	5.5	-200	0	4.5	280.338	108.167	131.704	36.2587	4.20857	0	0	0	0	0	0	0	0	0	0	0	0	0	0	0	0
05.500,00.000	17	5.5	-200	0	4.5	287.302	109.546	135.536	37.6795	4.54058	0	0	0	0	0	0	0	0	0	0	0	0	0	0	0	0
05.500,00.000	17.1	5.5	-200	0	4.5	293.187	110.683	138.775	38.9072	4.8217	0	0	0	0	0	0	0	0	0	0	0	0	0	0	0	0
05.500,00.000	17.2	5.5	-200	0	4.5	298.269	111.625	141.59	39.9902	5.06426	0	0	0	0	0	0	0	0	0	0	0	0	0	0	0	0
05.500,00.000	17.3	5.5	-200	0	4.5	303.281	112.531	144.339	41.1039	5.30787	0	0	0	0	0	0	0	0	0	0	0	0	0	0	0	0
05.500,00.000	17.4	5.5	-200	0	4.5	308.273	113.39	147.085	42.2466	5.46238	0.0897957	0	0	0	0	0	0	0	0	0	0	0	0	0	0	0
05.500,00.000	17.5	5.5	-200	0	4.5	318.979	115.158	152.968	44.7731	5.55187	0.528219	0	0	0	0	0	0	0	0	0	0	0	0	0	0	0
05.500,00.000	17.6	5.5	-200	0	4.5	324.325	116.007	155.901	46.0696	5.5815	0.765268	0	0	0	0	0	0	0	0	0	0	0	0	0	0	0
05.500,00.000	17.7	5.5	-200	0	4.5	325.518	116.191	156.552	46.3683	5.59083	0.816179	0	0	0	0	0	0	0	0	0	0	0	0	0	0	0
05.500,00.000	17.8	5.5	-200	0	4.5	331.876	117.112	160.01	48.0243	5.63749	1.09226	0	0	0	0	0	0	0	0	0	0	0	0	0	0	0
05.500,00.000	17.9	5.5	-200	0	4.5	333.441	117.337	160.859	48.4391	5.6451	1.16046	0	0	0	0	0	0	0	0	0	0	0	0	0	0	0
05.500,00.000	18	5.5	-200	0	4.5	343.087	118.649	166.044	51.1003	5.7153	1.57846	0	0	0	0	0	0	0	0	0	0	0	0	0	0	0
05.500,00.000	18.1	5.5	-200	0	4.5	349.394	119.479	169.44	52.8669	5.75781	1.85116	0	0	0	0	0	0	0	0	0	0	0	0	0	0	0
05.500,00.000	18.2	5.5	-200	0	4.5	353.989	120.062	171.901	54.1819	5.79244	2.05163	0	0	0	0	0	0	0	0	0	0	0	0	0	0	0
05.500,00.000	18.3	5.5	-200	0	4.5	358.565	120.626	174.353	55.5024	5.82849	2.25516	0	0	0	0	0	0	0	0	0	0	0	0	0	0	0
05.500,00.000	18.4	5.5	-200	0	4.5	363.04	121.154	176.712	56.8499	5.86553	2.45843	0	0	0	0	0	0	0	0	0	0	0	0	0	0	0
05.500,00.000	18.5	5.5	-200	0	4.5	377.854	122.815	184.588	61.3397	5.96748	3.14374	0	0	0	0	0	0	0	0	0	0	0	0	0	0	0
05.500,00.000	18.6	5.5	-200	0	4.5	380.753	123.129	186.178	62.1909	5.9747	3.28055	0	0	0	0	0	0	0	0	0	0	0	0	0	0	0
05.500,00.000	18.7	5.5	-200	0	4.5	411.159	126.096	202.315	71.7683	6.20514	4.77363	0	0	0	0	0	0	0	0	0	0	0	0	0	0	0
05.500,00.000	18.8	5.5	-200	0	4.5	417.702	126.706	205.829	73.8241	6.23205	5.11029	0	0	0	0	0	0	0	0	0	0	0	0	0	0	0
05.500,00.000	18.9	5.5	-200	0	4.5	430.087	127.75	212.322	77.9313	6.33304	5.75035	0	0	0	0	0	0	0	0	0	0	0	0	0	0	0
05.500,00.000	19	5.5	-200	0	4.5	435.501	128.172	215.356	79.5576	6.37015	6.04656	0	0	0	0	0	0	0	0	0	0	0	0	0	0	0
05.500,00.000	19.1	5.5	-200	0	4.5	440.237	128.55	217.858	81.1117	6.41449	6.30256	0	0	0	0	0	0	0	0	0	0	0	0	0	0	0
05.500,00.000	19.2	5.5	-200	0	4.5	443.912	128.862	219.797	82.2955	6.44925	6.50787	0	0	0	0	0	0	0	0	0	0	0	0	0	0	0
05.500,00.000	19.3	5.5	-200	0	4.5	447.646	129.173	221.713	83.5548	6.48778	6.71751	0	0	0	0	0	0	0	0	0	0	0	0	0	0	0
05.500,00.000	19.4	5.5	-200	0	4.5	451.239	129.471	223.529	84.7917	6.52572	6.92142	0	0	0	0	0	0	0	0	0	0	0	0	0	0	0
05.500,00.000	19.5	5.5	-200	0	4.5	454.62	129.749	225.215	85.9743	6.56334	7.11784	0	0	0	0	0	0	0	0	0	0	0	0	0	0	0
05.500,00.000	19.6	5.5	-200	0	4.5	457.946	130.005	226.866	87.159	6.60161	7.31354	0	0	0	0	0	0	0	0	0	0	0	0	0	0	0
05.500,00.000	19.7	5.5	-200	0	4.5	487.639	132.234	242.124	97.2786	6.96156	9.04135	0	0	0	0	0	0	0	0	0	0	0	0	0	0	0
05.500,00.000	19.8	5.5	-200	0	4.5	493.394	132.711	245.307	98.9697	7.02187	9.38438	0	0	0	0	0	0	0	0	0	0	0	0	0	0	0
05.500,00.000	19.9	5.5	-200	0	4.5	493.446	132.715	245.334	98.9862	7.0229	9.38739	0	0	0	0	0	0	0	0	0	0	0	0	0	0	0
05.500,00.000	20	5.5	-200	0	4.5	495.038	132.854	246.18	99.4617	7.05897	9.48362	0	0	0	0	0	0	0	0	0	0	0	0	0	0	0
05.500,00.000	20.1	5.5	-200	0	4.5	504.275	133.654	250.896	102.372	7.31929	9.61631	0.418084	0	0	0	0	0	0	0	0	0	0	0	0	0	0
05.500,00.000	20.2	5.5	-200	0	4.5	508.946	134.06	253.248	103.859	7.46456	9.61631	0.698121	0	0	0	0	0	0	0	0	0	0	0	0	0	0
05.500,00.000	20.3	5.5	-200	0	4.5	512.071	134.341	254.759	104.894	7.57747	9.61631	0.883841	0	0	0	0	0	0	0	0	0	0	0	0	0	0
05.500,00.000	20.4	5.5	-200	0	4.5	515.228	134.626	256.254	105.954	7.70616	9.61631	1.07234	0	0	0	0	0	0	0	0	0	0	0	0	0	0
05.500,00.000	20.5	5.5	-200	0	4.5	518.148	134.888	257.603	106.946	7.84565	9.61631	1.24908	0	0	0	0	0	0	0	0	0	0	0	0	0	0
05.500,00.000	20.6	5.5	-200	0	4.5	524.098	135.397	260.293	109.012	8.16304	9.61663	1.61689	0	0	0	0	0	0	0	0	0	0	0	0	0	0
05.500,00.000	20.7	5.5	-200	0	4.5	537.178	136.559	265.989	113.645	8.92538	9.62883	2.43159	0	0	0	0	0	0	0	0	0	0	0	0	0	0
05.500,00.000	20.8	5.5	-200	0	4.5	539.411	136.774	266.935	114.426	9.07141	9.63306	2.57219	0	0	0	0	0	0	0	0	0	0	0	0	0	0
05.500,00.000	20.9	5.5	-200	0	4.5	539.503	136.783	266.972	114.459	9.07737	9.63354	2.5778	0	0	0	0	0	0	0	0	0	0	0	0	0	0
05.500,00.000	21	5.5	-200	0	4.5	542.52	137.08	268.161	115.567	9.2926	9.65472	2.76421	0	0	0	0	0	0	0	0	0	0	0	0	0	0
05.500,00.000	21.1	5.5	-200	0	4.5	549.586	137.835	270.541	118.505	9.79073	9.71477	3.19847	0	0	0	0	0	0	0	0	0	0	0	0	0	0
05.500,00.000	21.2	5.5	-200	0	4.5	553.632	138.349	271.649	120.36	10.0742	9.75681	3.44345	0	0	0	0	0	0	0	0	0	0	0	0	0	0
05.500,00.000	21.3	5.5	-200	0	4.5	556.662	138.753	272.437	121.749	10.3022	9.79612	3.62535	0	0	0	0	0	0	0	0	0	0	0	0	0	0
05.500,00.000	21.4	5.5	-200	0	4.5	559.732	139.202	273.196	123.142	10.5415	9.84301	3.80777	0	0	0	0	0	0	0	0	0	0	0	0	0	0
05.500,00.000	21.5	5.5	-200	0	4.5	562.789	139.643	273.922	124.538	10.7979	9.898	3.99015	0	0	0	0	0	0	0	0	0	0	0	0	0	0
05.500,00.000	21.6	5.5	-200	0	4.5	565.854	140.069	274.616	125.964	11.0651	9.96217	4.17664	0	0	0	0	0	0	0	0	0	0	0	0	0	0
05.500,00.000	21.7	5.5	-200	0	4.5	580.48	142.11	277.805	132.809	12.3198	10.3259	5.11001	0	0	0	0	0	0	0	0	0	0	0	0	0	0
05.500,00.000	21.8	5.5	-200	0	4.5	583.928	142.673	278.565	134.338	12.6149	10.4156	5.32124	0	0	0	0	0	0	0	0	0	0	0	0	0	0
05.500,00.000	21.9	5.5	-200	0	4.5	584.038	142.69	278.588	134.387	12.6253	10.4191	5.32786	0	0	0	0	0	0	0	0	0	0	0	0	0	0
05.500,00.000	22	5.5	-200	0	4.5	591.386	143.908	280.07	137.632	13.3358	10.6725	5.7689	0	0	0	0	0	0	0	0	0	0	0	0	0	0
05.500,00.000	22.1	5.5	-200	0	4.5	597.765	145.012	281.302	140.438	13.9528	10.9084	6.15204	0	0	0	0	0	0	0	0	0	0	0	0	0	0
05.500,00.000	22.2	5.5	-200	0	4.5	601.452	145.662	281.995	142.041	14.3224	11.0601	6.37117	0	0	0	0	0	0	0	0	0	0	0	0	0	0
05.500,00.000	22.3	5.5	-200	0	4.5	604.12	146.149	282.481	143.178	14.6039	11.1791	6.52823	0	0	0	0	0	0	0	0	0	0	0	0	0	0
05.500,00.000	22.4	5.5	-200	0	4.5	607.756	146.815	283.124	144.709	15.0112	11.3554	6.74181	0	0	0	0	0	0	0	0	0	0	0	0	0	0
05.500,00.000	22.5	5.5	-200	0	4.5	610.402	147.291	283.578	145.817	15.3283	11.4924	6.89587	0	0	0	0	0	0	0	0	0	0	0	0	0	0
05.500,00.000	22.6	5.5	-200	0	4.5	617.554	148.476	284.772	148.874	16.2239	11.8914	7.3164	0	0	0	0	0	0	0	0	0	0	0	0	0	0
05.500,00.000	22.7	5.5	-200	0	4.5	641.368	153.476	288.28	158.556	19.1977	13.231	8.62776	0	0	0	0	0	0	0	0	0	0	0	0	0	0
05.500,00.000	22.8	5.5	-200	0	4.5	645.842	154.699	288.935	160.206	19.6668	13.4791	8.85601	0	0	0	0	0	0	0	0	0	0	0	0	0	0
05.500,00.000	22.9	5.5	-200	0	4.5	674.913	162.951	293.145	169.057	24.2959	15.2352	9.6155	0.613505	0	0	0	0	0	0	0	0	0	0	0	0	0
05.500,00.000	23	5.5	-200	0	4.5	683.416	164.865	294.964	171.21	26.016	15.7466	9.61557	0.998604	0	0	0	0	0	0	0	0	0	0	0	0	0
05.500,00.000	23.1	5.5	-200	0	4.5	692.487	166.625	297.159	173.505	27.8311	16.3517	9.62085	1.39351	0	0	0	0	0	0	0	0	0	0	0	0	0
05.500,00.000	23.2	5.5	-200	0	4.5	698.45	167.74	298.681	174.979	29.0108	16.7652	9.62424	1.64912	0	0	0	0	0	0	0	0	0	0	0	0	0
05.500,00.000	23.3	5.5	-200	0	4.5	702.72	168.559	299.773	176.004	29.8484	17.079	9.62772	1.82812	0	0	0	0	0	0	0	0	0	0	0	0	0
05.500,00.000	23.4	5.5	-200	0	4.5	707.02	169.395	300.886	177.013	30.6759	17.4118	9.63249	2.0051	0	0	0	0	0	0	0	0	0	0	0	0	0
05.500,00.000	23.5	5.5	-200	0	4.5	711.422	170.241	302.033	178.036	31.5204	17.7676	9.64023	2.18342	0	0	0	0	0	0	0	0	0	0	0	0	0
05.500,00.000	23.6	5.5	-200	0	4.5	729.187	173.431	306.531	182.304	35.023	19.2815	9.68747	2.92848	0	0	0	0	0	0	0	0	0	0	0	0	0
05.500,00.000	23.7	5.5	-200	0	4.5	740.496	175.713	309.524	184.865	37.0904	20.2023	9.73106	3.37048	0	0	0	0	0	0	0	0	0	0	0	0	0
05.500,00.000	23.8	5.5	-200	0	4.5	741.016	175.817	309.671	184.983	37.1806	20.2419	9.7336	3.39015	0	0	0	0	0	0	0	0	0	0	0	0	0
05.500,00.000	23.9	5.5	-200	0	4.5	753.188	178.353	312.874	187.644	39.3888	21.2655	9.82148	3.84026	0	0	0	0	0	0	0	0	0	0	0	0	0
05.500,00.000	24	5.5	-200	0	4.5	757.356	179.207	314.045	188.545	40.1247	21.5892	9.85468	3.99018	0	0	0	0	0	0	0	0	0	0	0	0	0
05.500,00.000	24.1	5.5	-200	0	4.5	765.984	180.898	316.432	190.341	41.7258	22.345	9.94839	4.2946	0	0	0	0	0	0	0	0	0	0	0	0	0
05.500,00.000	24.2	5.5	-200	0	4.5	772.522	182.17	318.328	191.661	42.9113	22.9051	10.0263	4.51965	0	0	0	0	0	0	0	0	0	0	0	0	0
05.500,00.000	24.3	5.5	-200	0	4.5	777.705	183.157	319.856	192.685	43.8455	23.367	10.0988	4.6953	0	0	0	0	0	0	0	0	0	0	0	0	0
05.500,00.000	24.4	5.5	-200	0	4.5	782.94	184.128	321.418	193.703	44.7926	23.846	10.1817	4.87147	0	0	0	0	0	0	0	0	0	0	0	0	0
05.500,00.000	24.5	5.5	-200	0	4.5	788.174	185.076	323.003	194.71	45.7219	24.3394	10.2759	5.04735	0	0	0	0	0	0	0	0	0	0	0	0	0
05.500,00.000	24.6	5.5	-200	0	4.5	798.236	186.817	326.052	196.654	47.5075	25.3294	10.4808	5.39465	0	0	0	0	0	0	0	0	0	0	0	0	0
05.500,00.000	24.7	5.5	-200	0	4.5	805.846	188.12	328.421	198.101	48.8067	26.0949	10.6483	5.65451	0	0	0	0	0	0	0	0	0	0	0	0	0
05.500,00.000	24.8	5.5	-200	0	4.5	811.816	189.116	330.279	199.23	49.8205	26.7197	10.7921	5.85959	0	0	0	0	0	0	0	0	0	0	0	0	0
05.500,00.000	24.9	5.5	-200	0	4.5	812.8	189.283	330.614	199.424	49.9488	26.8214	10.817	5.89297	0	0	0	0	0	0	0	0	0	0	0	0	0
05.500,00.000	25	5.5	-200	0	4.5	821.328	190.681	333.402	201.013	51.2794	27.7332	11.0484	6.17112	0	0	0	0	0	0	0	0	0	0	0	0	0
05.500,00.000	25.1	5.5	-200	0	4.5	829.734	192.044	336.155	202.525	52.6822	28.6092	11.2821	6.43646	0	0	0	0	0	0	0	0	0	0	0	0	0
05.500,00.000	25.2	5.5	-200	0	4.5	835.9	193.121	338.115	203.645	53.4993	29.4365	11.4597	6.62399	0	0	0	0	0	0	0	0	0	0	0	0	0
05.500,00.000	25.3	5.5	-200	0	4.5	841.857	194.268	339.955	204.7	54.2306	30.269	11.636	6.79869	0	0	0	0	0	0	0	0	0	0	0	0	0
05.500,00.000	25.4	5.5	-200	0	4.5	848.055	195.592	341.81	205.772	54.9619	31.1233	11.8228	6.97331	0	0	0	0	0	0	0	0	0	0	0	0	0
05.500,00.000	25.5	5.5	-200	0	4.5	854.375	196.931	343.711	206.861	55.7002	32.0024	12.0216	7.14884	0	0	0	0	0	0	0	0	0	0	0	0	0
05.500,00.000	25.6	5.5	-200	0	4.5	860.794	198.245	345.626	207.974	56.4653	32.9166	12.2362	7.33032	0	0	0	0	0	0	0	0	0	0	0	0	0
05.500,00.000	25.7	5.5	-200	0	4.5	891.448	204	353.961	214.188	60.2614	37.4502	13.3563	8.23052	0	0	0	0	0	0	0	0	0	0	0	0	0
05.500,00.000	25.8	5.5	-200	0	4.5	898.156	205.393	355.86	215.495	61.0879	38.317	13.5924	8.41067	0	0	0	0	0	0	0	0	0	0	0	0	0
05.500,00.000	25.9	5.5	-200	0	4.5	898.5	205.46	355.951	215.566	61.1306	38.366	13.606	8.41988	0	0	0	0	0	0	0	0	0	0	0	0	0
05.500,00.000	26	5.5	-200	0	4.5	914.035	208.712	360.033	218.66	63.0214	40.546	14.2389	8.82242	0	0	0	0	0	0	0	0	0	0	0	0	0
05.500,00.000	26.1	5.5	-200	0	4.5	925.017	211.044	362.615	221.129	64.3534	42.0686	14.7017	9.10518	0	0	0	0	0	0	0	0	0	0	0	0	0
05.500,00.000	26.2	5.5	-200	0	4.5	932.056	212.505	364.237	222.744	65.1986	43.0666	15.0185	9.20263	0.0823017	0	0	0	0	0	0	0	0	0	0	0	0
05.500,00.000	26.3	5.5	-200	0	4.5	938.752	213.949	365.757	224.281	65.9834	44.0003	15.3301	9.20459	0.247589	0	0	0	0	0	0	0	0	0	0	0	0
05.500,00.000	26.4	5.5	-200	0	4.5	945.837	215.467	367.358	225.909	66.8007	44.9983	15.6758	9.20572	0.421582	0	0	0	0	0	0	0	0	0	0	0	0
05.500,00.000	26.5	5.5	-200	0	4.5	952.924	216.965	368.966	227.531	67.6164	46.0068	16.0372	9.20579	0.595248	0	0	0	0	0	0	0	0	0	0	0	0
05.500,00.000	26.6	5.5	-200	0	4.5	966.79	219.666	371.985	230.846	69.2899	48.0571	16.7934	9.21014	0.94192	0	0	0	0	0	0	0	0	0	0	0	0
05.500,00.000	26.7	5.5	-200	0	4.5	989.115	223.914	376.965	236.08	72.0438	51.3454	18.0599	9.21014	1.49728	0	0	0	0	0	0	0	0	0	0	0	0
05.500,00.000	26.8	5.5	-200	0	4.5	992.78	224.515	377.938	236.93	72.5035	51.8224	18.2731	9.21014	1.5875	0	0	0	0	0	0	0	0	0	0	0	0
05.500,00.000	26.9	5.5	-200	0	4.5	1001.13	226.018	380.039	238.811	73.4895	53.0007	18.7767	9.21014	1.78448	0	0	0	0	0	0	0	0	0	0	0	0
05.500,00.000	27	5.5	-200	0	4.5	1004.51	226.567	380.983	239.577	73.8886	53.4311	18.9858	9.21017	1.86389	0	0	0	0	0	0	0	0	0	0	0	0
05.500,00.000	27.1	5.5	-200	0	4.5	1016.65	228.309	384.561	242.272	75.265	55.125	19.7638	9.21152	2.1406	0	0	0	0	0	0	0	0	0	0	0	0
05.500,00.000	27.2	5.5	-200	0	4.5	1025.77	229.668	387.393	244.083	76.3062	56.3799	20.3778	9.21324	2.35177	0	0	0	0	0	0	0	0	0	0	0	0
05.500,00.000	27.3	5.5	-200	0	4.5	1033.27	230.764	389.742	245.555	77.1397	57.4375	20.8971	9.21647	2.52268	0	0	0	0	0	0	0	0	0	0	0	0
05.500,00.000	27.4	5.5	-200	0	4.5	1040.83	231.835	392.112	247.041	77.9641	58.5218	21.4388	9.22076	2.69414	0	0	0	0	0	0	0	0	0	0	0	0
05.500,00.000	27.5	5.5	-200	0	4.5	1048.46	232.918	394.501	248.574	78.7538	59.6212	21.9989	9.22726	2.86529	0	0	0	0	0	0	0	0	0	0	0	0
05.500,00.000	27.6	5.5	-200	0	4.5	1062.57	234.719	398.851	251.519	80.2297	61.7285	23.0874	9.24342	3.19323	0	0	0	0	0	0	0	0	0	0	0	0
05.500,00.000	27.7	5.5	-200	0	4.5	1082.96	237.556	404.713	255.942	82.354	64.7417	24.694	9.29296	3.66305	0	0	0	0	0	0	0	0	0	0	0	0
05.500,00.000	27.8	5.5	-200	0	4.5	1086.28	238.052	405.686	256.667	82.6988	65.1732	24.9633	9.3029	3.74005	0	0	0	0	0	0	0	0	0	0	0	0
05.500,00.000	27.9	5.5	-200	0	4.5	1092.56	239.01	407.504	257.994	83.3231	66.0515	25.4768	9.32613	3.87916	0	0	0	0	0	0	0	0	0	0	0	0
05.500,00.000	28	5.5	-200	0	4.5	1094.91	239.37	408.205	258.488	83.5522	66.3539	25.6727	9.33567	3.93109	0	0	0	0	0	0	0	0	0	0	0	0
05.500,00.000	28.1	5.5	-200	0	4.5	1108.27	241.261	412.208	261.305	84.8254	68.2391	26.8106	9.40434	4.21926	0	0	0	0	0	0	0	0	0	0	0	0
05.500,00.000	28.2	5.5	-200	0	4.5	1118.41	242.8	415.244	263.44	85.7664	69.5824	27.677	9.46335	4.43428	0	0	0	0	0	0	0	0	0	0	0	0
05.500,00.000	28.3	5.5	-200	0	4.5	1126.58	244.043	417.698	265.162	86.5071	70.6632	28.3847	9.51638	4.60461	0	0	0	0	0	0	0	0	0	0	0	0
05.500,00.000	28.4	5.5	-200	0	4.5	1134.81	245.271	420.21	266.898	87.2436	71.7226	29.1133	9.5759	4.77473	0	0	0	0	0	0	0	0	0	0	0	0
05.500,00.000	28.5	5.5	-200	0	4.5	1143.1	246.54	422.755	268.628	87.9729	72.6332	29.9854	9.64284	4.94432	0	0	0	0	0	0	0	0	0	0	0	0
05.500,00.000	28.6	5.5	-200	0	4.5	1165.91	249.246	429.469	273.667	90.2196	75.1575	32.8262	9.86663	5.45689	0	0	0	0	0	0	0	0	0	0	0	0
05.500,00.000	28.7	5.5	-200	0	4.5	1207.09	256.356	440.577	281.704	94.7637	79.3534	37.7219	10.2953	6.31445	0	0	0	0	0	0	0	0	0	0	0	0
05.500,00.000	28.8	5.5	-200	0	4.5	1213.14	257.299	442.286	282.877	95.5193	79.9026	38.4533	10.3623	6.43938	0	0	0	0	0	0	0	0	0	0	0	0
05.500,00.000	28.9	5.5	-200	0	4.5	1292.91	272.636	464.089	297.361	104.512	87.3777	47.648	11.3427	7.94273	0	0	0	0	0	0	0	0	0	0	0	0
05.500,00.000	29	5.5	-200	0	4.5	1313.56	276.754	469.115	301.722	106.853	89.1915	49.9939	11.6081	8.32289	0	0	0	0	0	0	0	0	0	0	0	0
05.500,00.000	29.1	5.5	-200	0	4.5	1346.39	283.143	477.337	308.655	110.368	92.1218	53.741	12.1237	8.90352	0	0	0	0	0	0	0	0	0	0	0	0
05.500,00.000	29.2	5.5	-200	0	4.5	1364.09	287.102	481.655	312.377	112.193	93.4383	55.7087	12.4113	9.203	0	0	0	0	0	0	0	0	0	0	0	0
05.500,00.000	29.3	5.5	-200	0	4.5	1374.34	289.458	484.129	314.471	113.227	94.2481	56.84	12.5958	9.36911	0	0	0	0	0	0	0	0	0	0	0	0
05.500,00.000	29.4	5.5	-200	0	4.5	1384.75	291.813	486.687	316.601	114.267	95.0596	57.9903	12.7978	9.5147	0.0176202	0	0	0	0	0	0	0	0	0	0	0
05.500,00.000	29.5	5.5	-200	0	4.5	1394.96	294.257	489.149	318.673	115.256	95.8329	59.1027	13.0078	9.54227	0.143602	0	0	0	0	0	0	0	0	0	0	0
05.500,00.000	29.6	5.5	-200	0	4.5	1405.93	296.622	491.784	321.01	116.345	96.7034	60.352	13.2601	9.5564	0.298255	0	0	0	0	0	0	0	0	0	0	0
05.500,00.000	29.7	5.5	-200	0	4.5	1463.47	309.455	504.662	332.361	122.417	101.622	67.3869	14.7762	9.5564	1.23786	0	0	0	0	0	0	0	0	0	0	0
05.500,00.000	29.8	5.5	-200	0	4.5	1475.41	312.411	507.265	334.672	123.669	102.517	68.8063	15.0909	9.55654	1.42222	0	0	0	0	0	0	0	0	0	0	0
05.500,00.000	29.9	5.5	-200	0	4.5	1475.49	312.431	507.284	334.687	123.677	102.523	68.8157	15.0932	9.55656	1.42337	0	0	0	0	0	0	0	0	0	0	0
05.500,00.000	30	5.5	-200	0	4.5	1524.44	325.263	518.59	343.498	128.398	106.018	74.5165	16.4948	9.57385	2.09068	0	0	0	0	0	0	0	0	0	0	0
05.500,00.000	30.1	5.5	-200	0	4.5	1548.3	331.778	524.055	347.723	130.721	107.486	77.3455	17.1942	9.58533	2.41242	0	0	0	0	0	0	0	0	0	0	0
05.500,00.000	30.2	5.5	-200	0	4.5	1559.62	334.768	526.726	349.725	131.817	108.218	78.6724	17.539	9.59547	2.55927	0	0	0	0	0	0	0	0	0	0	0
05.500,00.000	30.3	5.5	-200	0	4.5	1571.04	337.835	529.45	351.718	132.902	108.927	79.9646	17.9351	9.60884	2.70276	0	0	0	0	0	0	0	0	0	0	0
05.500,00.000	30.4	5.5	-200	0	4.5	1582.62	340.752	532.473	353.721	133.981	109.613	81.1081	18.5041	9.62567	2.84356	0	0	0	0	0	0	0	0	0	0	0
05.500,00.000	30.5	5.5	-200	0	4.5	1594.51	343.659	535.646	355.802	135.083	110.293	82.2921	19.0999	9.64697	2.98543	0	0	0	0	0	0	0	0	0	0	0
05.500,00.000	30.6	5.5	-200	0	4.5	1616.97	348.53	541.595	359.886	137.313	111.639	84.7024	20.3327	9.69939	3.27131	0	0	0	0	0	0	0	0	0	0	0
05.500,00.000	30.7	5.5	-200	0	4.5	1672.86	361.48	555.376	369.829	142.904	115.247	90.6791	23.5003	9.85943	3.98691	0	0	0	0	0	0	0	0	0	0	0
05.500,00.000	30.8	5.5	-200	0	4.5	1682.33	363.921	557.692	371.335	143.672	116.028	91.6292	24.054	9.89068	4.10866	0	0	0	0	0	0	0	0	0	0	0
05.500,00.000	30.9	5.5	-200	0	4.5	1682.82	364.032	557.819	371.417	143.715	116.065	91.6793	24.0822	9.89272	4.11445	0	0	0	0	0	0	0	0	0	0	0
05.500,00.000	31	5.5	-200	0	4.5	1720.06	373.4	567.435	377.369	146.879	118.82	95.322	26.2282	10.0692	4.5386	0	0	0	0	0	0	0	0	0	0	0
05.500,00.000	31.1	5.5	-200	0	4.5	1740.27	378.661	572.823	380.414	148.67	120.13	97.1948	27.4328	10.1766	4.77242	0	0	0	0	0	0	0	0	0	0	0
05.500,00.000	31.2	5.5	-200	0	4.5	1751.71	381.291	576.042	382.239	149.691	120.864	98.3021	28.1305	10.2482	4.90144	0	0	0	0	0	0	0	0	0	0	0
05.500,00.000	31.3	5.5	-200	0	4.5	1763.19	384.165	579.221	384.011	150.688	121.566	99.3772	28.8172	10.3255	5.02435	0	0	0	0	0	0	0	0	0	0	0
05.500,00.000	31.4	5.5	-200	0	4.5	1775.28	387.243	582.551	385.848	151.73	122.296	100.5	29.5436	10.4148	5.15003	0	0	0	0	0	0	0	0	0	0	0
05.500,00.000	31.5	5.5	-200	0	4.5	1787.43	390.275	585.981	387.676	152.78	123.024	101.623	30.2816	10.5133	5.27328	0	0	0	0	0	0	0	0	0	0	0
05.500,00.000	31.6	5.5	-200	0	4.5	1815.31	396.298	593.862	392.084	155.406	124.829	104.32	32.1496	10.7849	5.57899	0	0	0	0	0	0	0	0	0	0	0
05.500,00.000	31.7	5.5	-200	0	4.5	1876.19	411.507	609.742	401.084	161.063	128.725	110.204	36.1839	11.4371	6.24161	0	0	0	0	0	0	0	0	0	0	0
05.500,00.000	31.8	5.5	-200	0	4.5	1885.96	413.796	612.437	402.52	161.993	129.335	111.158	36.821	11.5494	6.34795	0	0	0	0	0	0	0	0	0	0	0
05.500,00.000	31.9	5.5	-200	0	4.5	1886.15	413.836	612.493	402.55	162.011	129.348	111.177	36.8346	11.5519	6.35	0	0	0	0	0	0	0	0	0	0	0
05.500,00.000	32	5.5	-200	0	4.5	1920.6	422.691	621.781	407.41	165.164	131.418	114.284	39.1542	12.0167	6.68106	0	0	0	0	0	0	0	0	0	0	0
05.500,00.000	32.1	5.5	-200	0	4.5	1948.11	429.117	629.533	411.258	167.915	133.035	116.814	41.0686	12.4185	6.94946	0	0	0	0	0	0	0	0	0	0	0
05.500,00.000	32.2	5.5	-200	0	4.5	1962.31	432.431	633.566	413.212	169.299	133.904	118.106	42.0674	12.6386	7.0847	0	0	0	0	0	0	0	0	0	0	0
05.500,00.000	32.3	5.5	-200	0	4.5	1973.28	435.19	636.575	414.696	170.333	134.58	119.074	42.8355	12.8151	7.18295	0	0	0	0	0	0	0	0	0	0	0
05.500,00.000	32.4	5.5	-200	0	4.5	1986.04	438.571	640.043	416.366	171.506	135.35	120.165	43.7161	13.0268	7.29255	0	0	0	0	0	0	0	0	0	0	0
05.500,00.000	32.5	5.5	-200	0	4.5	1998.87	441.924	643.572	418.046	172.701	136.123	121.241	44.6121	13.2502	7.39944	0	0	0	0	0	0	0	0	0	0	0
05.500,00.000	32.6	5.5	-200	0	4.5	2012.37	445.503	647.208	419.766	173.96	136.963	122.376	45.5768	13.5006	7.5121	0	0	0	0	0	0	0	0	0	0	0
05.500,00.000	32.7	5.5	-200	0	4.5	2077.82	460.568	664.862	428.198	180.455	141.589	128.337	50.7871	14.9095	8.11015	0	0	0	0	0	0	0	0	0	0	0
05.500,00.000	32.8	5.5	-200	0	4.5	2099.85	466.361	670.704	430.852	182.473	143.185	130.151	52.4588	15.3714	8.29524	0	0	0	0	0	0	0	0	0	0	0
05.500,00.000	32.9	5.5	-200	0	4.5	2099.78	466.356	670.677	430.841	182.457	143.189	130.134	52.4553	15.3714	8.29524	0	0	0	0	0	0	0	0	0	0	0
05.500,00.000	33	5.5	-200	0	4.5	2159.77	483.82	686.47	437.579	187.744	147.212	134.662	56.62	16.9328	8.73062	0	0	0	0	0	0	0	0	0	0	0
05.500,00.000	33.1	5.5	-200	0	4.5	2188.86	492.213	693.961	441.068	190.37	149.109	136.775	58.3826	18.04	8.93986	0	0	0	0	0	0	0	0	0	0	0
05.500,00.000	33.2	5.5	-200	0	4.5	2202.57	496.291	697.475	442.709	191.575	150.006	137.737	59.2074	18.5376	9.0315	0	0	0	0	0	0	0	0	0	0	0
05.500,00.000	33.3	5.5	-200	0	4.5	2216.85	500.528	701.202	444.428	192.819	150.916	138.712	60.0659	19.0591	9.12336	0	0	0	0	0	0	0	0	0	0	0
05.500,00.000	33.4	5.5	-200	0	4.5	2231.47	504.789	705.142	446.188	194.083	151.835	139.67	60.9483	19.5971	9.21397	0	0	0	0	0	0	0	0	0	0	0
05.500,00.000	33.5	5.5	-200	0	4.5	2246.25	509.089	709.204	447.956	195.346	152.752	140.61	61.8425	20.1443	9.30203	0	0	0	0	0	0	0	0	0	0	0
05.500,00.000	33.6	5.5	-200	0	4.5	2261.15	513.346	713.194	449.738	196.648	153.722	141.584	62.7934	20.7335	9.39393	0	0	0	0	0	0	0	0	0	0	0
05.500,00.000	33.7	5.5	-200	0	4.5	2322.2	531.342	729.027	457.009	201.889	157.738	145.501	66.7384	23.1936	9.50268	0.255799	0	0	0	0	0	0	0	0	0	0
05.500,00.000	33.8	5.5	-200	0	4.5	2334.16	535.022	732.098	458.406	202.865	158.528	146.243	67.4938	23.6748	9.50268	0.325726	0	0	0	0	0	0	0	0	0	0
05.500,00.000	33.9	5.5	-200	0	4.5	2347.34	538.98	735.665	459.95	203.91	159.38	147.021	68.327	24.2053	9.50268	0.396363	0	0	0	0	0	0	0	0	0	0
05.500,00.000	34	5.5	-200	0	4.5	2375.79	547.503	743.442	463.294	206.134	161.227	148.659	70.1346	25.3543	9.50268	0.543245	0	0	0	0	0	0	0	0	0	0
05.500,00.000	34.1	5.5	-200	0	4.5	2394.88	553.139	748.684	465.579	207.621	162.478	149.725	71.3716	26.1364	9.50268	0.639257	0	0	0	0	0	0	0	0	0	0
05.500,00.000	34.2	5.5	-200	0	4.5	2411.1	558.129	753.34	467.424	208.8	163.496	150.562	72.3635	26.7691	9.50268	0.712958	0	0	0	0	0	0	0	0	0	0
05.500,00.000	34.3	5.5	-200	0	4.5	2429.58	563.652	759.125	469.485	210.067	164.599	151.452	73.4458	27.4645	9.50268	0.79007	0	0	0	0	0	0	0	0	0	0
05.500,00.000	34.4	5.5	-200	0	4.5	2448.6	569.257	764.91	471.982	211.33	165.705	152.327	74.5448	28.1734	9.50268	0.865053	0	0	0	0	0	0	0	0	0	0
05.500,00.000	34.5	5.5	-200	0	4.5	2467.91	575.005	770.599	474.754	212.582	166.807	153.176	75.6556	28.8903	9.50268	0.937342	0	0	0	0	0	0	0	0	0	0
05.500,00.000	34.6	5.5	-200	0	4.5	2488.09	580.989	776.505	477.8	213.859	167.941	154.016	76.82	29.6434	9.50268	1.01065	0	0	0	0	0	0	0	0	0	0
05.500,00.000	34.7	5.5	-200	0	4.5	2508.23	586.934	782.324	480.886	215.284	169.048	154.812	77.9663	30.3904	9.50268	1.07978	0	0	0	0	0	0	0	0	0	0
05.500,00.000	34.8	5.5	-200	0	4.5	2528.95	592.905	788.319	484.099	216.924	170.165	155.604	79.13	31.1549	9.50268	1.14693	0	0	0	0	0	0	0	0	0	0
05.500,00.000	34.9	5.5	-200	0	4.5	2550.41	598.977	794.545	487.458	218.768	171.295	156.4	80.313	31.9397	9.50268	1.21238	0	0	0	0	0	0	0	0	0	0
05.500,00.000	35	5.5	-200	0	4.5	2572.75	605.23	800.968	490.969	220.79	172.543	157.2	81.5207	32.7484	9.50268	1.2766	0	0	0	0	0	0	0	0	0	0
05.500,00.000	35.1	5.5	-200	0	4.5	2595.39	611.466	807.401	494.553	222.849	173.999	157.984	82.728	33.5658	9.50268	1.33842	0	0	0	0	0	0	0	0	0	0
05.500,00.000	35.2	5.5	-200	0	4.5	2618.42	617.67	813.774	498	224.989	175.748	158.825	84.0403	34.4652	9.50268	1.40317	0	0	0	0	0	0	0	0	0	0
05.500,00.000	35.3	5.5	-200	0	4.5	2639.51	623.383	819.593	501.002	226.947	177.419	159.617	85.2659	35.3163	9.50272	1.46159	0	0	0	0	0	0	0	0	0	0
05.500,00.000	35.4	5.5	-200	0	4.5	2660.56	629.078	825.405	503.921	228.889	179.113	160.439	86.508	36.189	9.50311	1.51859	0	0	0	0	0	0	0	0	0	0
05.500,00.000	35.5	5.5	-200	0	4.5	2681.67	634.738	831.178	506.83	230.832	180.853	161.291	87.7782	37.0922	9.50381	1.57494	0	0	0	0	0	0	0	0	0	0
05.500,00.000	35.6	5.5	-200	0	4.5	2702.56	640.295	836.866	509.695	232.741	182.607	162.158	89.0502	38.0095	9.50494	1.62979	0	0	0	0	0	0	0	0	0	0
05.500,00.000	35.7	5.5	-200	0	4.5	2723.04	645.66	842.434	512.514	234.596	184.345	163.056	90.313	38.9338	9.5069	1.68233	0	0	0	0	0	0	0	0	0	0
05.500,00.000	35.8	5.5	-200	0	4.5	2743.47	650.974	847.956	515.345	236.424	186.096	163.966	91.5883	39.8793	9.50962	1.73321	0	0	0	0	0	0	0	0	0	0
05.500,00.000	35.9	5.5	-200	0	4.5	2764.15	656.382	853.505	518.224	238.247	187.864	164.897	92.8838	40.8521	9.51328	1.78279	0	0	0	0	0	0	0	0	0	0
05.500,00.000	36	5.5	-200	0	4.5	2784.82	661.797	858.963	521.157	240.059	189.626	165.841	94.1854	41.8455	9.5182	1.83084	0	0	0	0	0	0	0	0	0	0
05.500,00.000	36.1	5.5	-200	0	4.5	2805.42	667.193	864.415	524.052	241.854	191.371	166.792	95.4873	42.8587	9.52422	1.87729	0	0	0	0	0	0	0	0	0	0
05.500,00.000	36.2	5.5	-200	0	4.5	2825.96	672.586	869.859	526.966	243.589	193.089	167.747	96.7827	43.8874	9.5315	1.92196	0	0	0	0	0	0	0	0	0	0
05.500,00.000	36.3	5.5	-200	0	4.5	2846.48	677.935	875.314	529.901	245.307	194.793	168.709	98.0799	44.94	9.54061	1.96519	0	0	0	0	0	0	0	0	0	0
05.500,00.000	36.4	5.5	-200	0	4.5	2866.92	683.208	880.767	532.805	247.014	196.479	169.703	99.3756	46.0146	9.55125	2.00688	0	0	0	0	0	0	0	0	0	0
05.500,00.000	36.5	5.5	-200	0	4.5	2887.37	688.5	886.194	535.71	248.711	198.149	170.715	100.67	47.1144	9.5637	2.04724	0	0	0	0	0	0	0	0	0	0
05.500,00.000	36.6	5.5	-200	0	4.5	2907.68	693.731	891.562	538.613	250.39	199.794	171.738	101.955	48.2329	9.57773	2.08617	0	0	0	0	0	0	0	0	0	0
05.500,00.000	36.7	5.5	-200	0	4.5	2927.58	698.904	896.783	541.482	252.017	201.379	172.743	103.204	49.3536	9.59298	2.1228	0	0	0	0	0	0	0	0	0	0
05.500,00.000	36.8	5.5	-200	0	4.5	2953.84	705.886	903.644	545.242	254.138	203.411	174.063	104.819	50.8542	9.61497	2.16856	0	0	0	0	0	0	0	0	0	0
05.500,00.000	36.9	5.5	-200	0	4.5	2965.53	709.042	906.661	546.902	255.084	204.306	174.653	105.53	51.5345	9.6257	2.18819	0	0	0	0	0	0	0	0	0	0
05.500,00.000	37	5.5	-200	0	4.5	2986.89	714.856	912.094	550.007	256.781	205.904	175.751	106.816	52.8136	9.64764	2.22216	0	0	0	0	0	0	0	0	0	0
05.500,00.000	37.1	5.5	-200	0	4.5	3008.05	720.644	917.338	553.206	258.419	207.465	176.854	108.085	54.1118	9.67117	2.25465	0	0	0	0	0	0	0	0	0	0
05.500,00.000	37.2	5.5	-200	0	4.5	3027.95	726.216	922.223	556.26	259.928	208.872	177.887	109.245	55.3371	9.69473	2.28325	0	0	0	0	0	0	0	0	0	0
05.500,00.000	37.3	5.5	-200	0	4.5	3048.33	731.97	927.245	559.386	261.45	210.273	178.953	110.413	56.6077	9.72079	2.31088	0	0	0	0	0	0	0	0	0	0
05.500,00.000	37.4	5.5	-200	0	4.5	3068.58	737.73	932.348	562.356	262.951	211.636	180.025	111.559	57.783	9.8582	2.33686	0	0	0	0	0	0	0	0	0	0
05.500,00.000	37.5	5.5	-200	0	4.5	3088.73	743.528	937.385	565.278	264.458	212.957	181.108	112.683	58.8924	10.0773	2.36119	0	0	0	0	0	0	0	0	0	0
05.500,00.000	37.6	5.5	-200	0	4.5	3108.94	749.368	942.356	568.256	265.985	214.249	182.216	113.799	60.0267	10.3031	2.38433	0	0	0	0	0	0	0	0	0	0
05.500,00.000	37.7	5.5	-200	0	4.5	3128.49	755.008	947.104	571.188	267.477	215.468	183.307	114.866	61.1441	10.525	2.40526	0	0	0	0	0	0	0	0	0	0
05.500,00.000	37.8	5.5	-200	0	4.5	3148.22	760.632	951.918	574.223	268.979	216.661	184.422	115.925	62.2834	10.7513	2.42478	0	0	0	0	0	0	0	0	0	0
05.500,00.000	37.9	5.5	-200	0	4.5	3168.06	766.319	956.704	577.297	270.513	217.831	185.56	116.974	63.4389	10.9812	2.44282	0	0	0	0	0	0	0	0	0	0
05.500,00.000	38	5.5	-200	0	4.5	3188	772.112	961.475	580.411	272.047	218.954	186.718	118.009	64.6028	11.2137	2.4593	0	0	0	0	0	0	0	0	0	0
05.500,00.000	38.1	5.5	-200	0	4.5	3207.98	777.958	966.165	583.56	273.608	220.043	187.908	119.036	65.7806	11.4502	2.47431	0	0	0	0	0	0	0	0	0	0
05.500,00.000	38.2	5.5	-200	0	4.5	3227.93	783.827	970.693	586.713	275.215	221.108	189.14	120.068	66.982	11.6931	2.48796	0	0	0	0	0	0	0	0	0	0
05.500,00.000	38.3	5.5	-200	0	4.5	3247.08	789.528	974.978	589.743	276.726	222.108	190.348	121.06	68.1544	11.9316	2.49967	0	0	0	0	0	0	0	0	0	0
05.500,00.000	38.4	5.5	-200	0	4.5	3266.05	795.195	979.164	592.752	278.231	223.072	191.574	122.044	69.3351	12.173	2.50984	0	0	0	0	0	0	0	0	0	0
05.500,00.000	38.5	5.5	-200	0	4.5	3284.82	800.833	983.255	595.707	279.737	223.996	192.81	123.021	70.5248	12.4178	2.51848	0	0	0	0	0	0	0	0	0	0
05.500,00.000	38.6	5.5	-200	0	4.5	3303.4	806.412	987.291	598.589	281.203	224.909	194.063	124	71.7361	12.6694	2.5257	0	0	0	0	0	0	0	0	0	0
05.500,00.000	38.7	5.5	-200	0	4.5	3321.51	811.864	991.248	601.387	282.607	225.767	195.297	124.955	72.9349	12.9201	2.53124	0	0	0	0	0	0	0	0	0	0
05.500,00.000	38.8	5.5	-200	0	4.5	3338.5	817.015	994.937	603.996	283.937	226.53	196.467	125.852	74.0728	13.1604	2.53501	0	0	0	0	0	0	0	0	0	0
05.500,00.000	38.9	5.5	-200	0	4.5	3356.23	822.455	998.847	606.648	285.318	227.286	197.682	126.779	75.2578	13.414	2.53735	0	0	0	0	0	0	0	0	0	0
05.500,00.000	39	5.5	-200	0	4.5	3373.93	827.797	1002.86	609.27	286.699	228.018	198.9	127.726	76.4527	13.6733	2.53815	0	0	0	0	0	0	0	0	0	0
05.500,00.000	39.1	5.5	-200	0	4.5	3391.13	832.904	1006.89	611.783	287.974	228.711	200.096	128.67	77.6332	13.9335	2.53815	0	0	0	0	0	0	0	0	0	0
05.500,00.000	39.2	5.5	-200	0	4.5	3408.43	838.033	1011.09	614.303	289.214	229.368	201.273	129.608	78.806	14.196	2.53815	0	0	0	0	0	0	0	0	0	0
05.500,00.000	39.3	5.5	-200	0	4.5	3425.4	842.745	1015.53	616.767	290.43	229.986	202.435	130.532	79.9717	14.4614	2.53815	0	0	0	0	0	0	0	0	0	0
05.500,00.000	39.4	5.5	-200	0	4.5	3442.07	847.317	1019.96	619.153	291.636	230.565	203.601	131.447	81.1296	14.7298	2.53815	0	0	0	0	0	0	0	0	0	0
05.500,00.000	39.5	5.5	-200	0	4.5	3458.51	851.559	1024.58	621.441	292.857	231.108	204.762	132.376	82.2881	15.0035	2.53815	0	0	0	0	0	0	0	0	0	0
05.500,00.000	39.6	5.5	-200	0	4.5	3474.55	855.667	1029.17	623.557	294.081	231.609	205.9	133.31	83.4389	15.2812	2.53815	0	0	0	0	0	0	0	0	0	0
05.500,00.000	39.7	5.5	-200	0	4.5	3493.82	860.53	1034.8	626.05	295.546	232.183	207.268	134.454	84.8303	15.6266	2.53815	0	0	0	0	0	0	0	0	0	0
05.500,00.000	39.8	5.5	-200	0	4.5	3503.25	862.912	1037.59	627.243	296.233	232.469	207.933	135.026	85.5078	15.7992	2.53815	0	0	0	0	0	0	0	0	0	0
05.500,00.000	39.9	5.5	-200	0	4.5	3518.99	866.798	1042.35	629.254	297.404	232.903	209.016	135.994	86.6371	16.0947	2.53815	0	0	0	0	0	0	0	0	0	0
05.500,00.000	40	5.5	-200	0	4.5	3534.68	870.624	1047.17	631.195	298.563	233.329	210.085	136.997	87.7791	16.3969	2.53815	0	0	0	0	0	0	0	0	0	0
05.500,00.000	40.1	5.5	-200	0	4.5	3549.37	874.171	1051.75	632.967	299.666	233.711	211.068	137.96	88.8517	16.6876	2.53815	0	0	0	0	0	0	0	0	0	0
05.500,00.000	40.2	5.5	-200	0	4.5	3563.77	877.595	1056.26	634.7	300.797	234.064	212.009	138.929	89.8963	16.9794	2.53815	0	0	0	0	0	0	0	0	0	0
05.500,00.000	40.3	5.5	-200	0	4.5	3577.87	880.905	1060.73	636.392	301.9	234.396	212.912	139.91	90.9158	17.2733	2.53815	0	0	0	0	0	0	0	0	0	0
05.500,00.000	40.4	5.5	-200	0	4.5	3591.62	884.113	1065.17	637.97	302.951	234.708	213.779	140.9	91.9173	17.5701	2.53815	0	0	0	0	0	0	0	0	0	0
05.500,00.000	40.5	5.5	-200	0	4.5	3605.03	887.216	1069.57	639.476	303.958	235.002	214.608	141.897	92.9007	17.8697	2.53815	0	0	0	0	0	0	0	0	0	0
05.500,00.000	40.6	5.5	-200	0	4.5	3618.22	890.207	1073.9	640.953	304.942	235.273	215.415	142.925	93.8878	18.18	2.53815	0	0	0	0	0	0	0	0	0	0
05.500,00.000	40.7	5.5	-200	0	4.5	3632.82	893.516	1078.72	642.585	306.008	235.56	216.283	144.096	94.9813	18.5341	2.53815	0	0	0	0	0	0	0	0	0	0
05.500,00.000	40.8	5.5	-200	0	4.5	3641.9	895.567	1081.78	643.575	306.655	235.731	216.804	144.841	95.6526	18.7582	2.53815	0	0	0	0	0	0	0	0	0	0
05.500,00.000	40.9	5.5	-200	0	4.5	3654.66	898.417	1086.17	644.957	307.551	235.96	217.505	145.912	96.5713	19.0792	2.53815	0	0	0	0	0	0	0	0	0	0
05.500,00.000	41	5.5	-200	0	4.5	3667.34	901.227	1090.58	646.316	308.427	236.183	218.181	147.009	97.4737	19.4068	2.53815	0	0	0	0	0	0	0	0	0	0
05.500,00.000	41.1	5.5	-200	0	4.5	3679.28	903.842	1094.78	647.597	309.218	236.407	218.796	148.071	98.314	19.724	2.53815	0	0	0	0	0	0	0	0	0	0
05.500,00.000	41.2	5.5	-200	0	4.5	3690.96	906.357	1098.93	648.855	309.951	236.643	219.376	149.137	99.1309	20.0434	2.53815	0	0	0	0	0	0	0	0	0	0
05.500,00.000	41.3	5.5	-200	0	4.5	3702.39	908.789	1103.06	650.078	310.629	236.876	219.923	150.226	99.905	20.3657	2.53815	0	0	0	0	0	0	0	0	0	0
05.500,00.000	41.4	5.5	-200	0	4.5	3713.59	911.145	1107.14	651.285	311.27	237.106	220.437	151.308	100.667	20.6909	2.53815	0	0	0	0	0	0	0	0	0	0
05.500,00.000	41.5	5.5	-200	0	4.5	3724.59	913.435	1111.17	652.466	311.879	237.333	220.916	152.396	101.434	21.0186	2.53815	0	0	0	0	0	0	0	0	0	0
05.500,00.000	41.6	5.5	-200	0	4.5	3735.37	915.621	1115.08	653.678	312.461	237.562	221.37	153.51	102.196	21.3573	2.53815	0	0	0	0	0	0	0	0	0	0
05.500,00.000	41.7	5.5	-200	0	4.5	3746	917.743	1118.94	654.887	313.014	237.79	221.794	154.64	102.946	21.7018	2.53815	0	0	0	0	0	0	0	0	0	0
05.500,00.000	41.8	5.5	-200	0	4.5	3755.21	919.563	1122.33	655.941	313.471	237.991	222.139	155.631	103.593	22.0081	2.53815	0	0	0	0	0	0	0	0	0	0
05.500,00.000	41.9	5.5	-200	0	4.5	3765.19	921.509	1126.05	657.09	313.945	238.212	222.489	156.713	104.289	22.347	2.53815	0	0	0	0	0	0	0	0	0	0
05.500,00.000	42	5.5	-200	0	4.5	3775.11	923.418	1129.79	658.227	314.395	238.437	222.817	157.804	104.983	22.6945	2.53815	0	0	0	0	0	0	0	0	0	0