
label	time(d)	x	depth	z	radius	total	0-10	10-20	20-30	30-40	40-50	50-60	60-70	70-80	80-90	90-100	100-110	110-120	120-130	130-140	140-150	150-160	160-170	170-180	180-190	190-200
00.000,00.000	0	0	-200	0	4.5	0	0	0	0	0	0	0	0	0	0	0	0	0	0	0	0	0	0	0	0	0
00.000,00.000	0.1	0	-200	0	4.5	0.293975	0.293975	0	0	0	0	0	0	0	0	0	0	0	0	0	0	0	0	0	0	0
00.000,00.000	0.2	0	-200	0	4.5	0.590923	0.590923	0	0	0	0	0	0	0	0	0	0	0	0	0	0	0	0	0	0	0
00.000,00.000	0.3	0	-200	0	4.5	0.890002	0.890002	0	0	0	0	0	0	0	0	0	0	0	0	0	0	0	0	0	0	0
00.000,00.000	0.4	0	-200	0	4.5	1.19143	1.19143	0	0	0	0	0	0	0	0	0	0	0	0	0	0	0	0	0	0	0
00.000,00.000	0.5	0	-200	0	4.5	1.49521	1.49521	0	0	0	0	0	0	0	0	0	0	0	0	0	0	0	0	0	0	0
00.000,00.000	0.6	0	-200	0	4.5	1.80104	1.80104	0	0	0	0	0	0	0	0	0	0	0	0	0	0	0	0	0	0	0
00.000,00.000	0.7	0	-200	0	4.5	2.10883	2.10883	0	0	0	0	0	0	0	0	0	0	0	0	0	0	0	0	0	0	0
00.000,00.000	0.8	0	-200	0	4.5	2.41858	2.41858	0	0	0	0	0	0	0	0	0	0	0	0	0	0	0	0	0	0	0
00.000,00.000	0.9	0	-200	0	4.5	2.72975	2.72975	0	0	0	0	0	0	0	0	0	0	0	0	0	0	0	0	0	0	0
00.000,00.000	1	0	-200	0	4.5	3.04097	3.04097	0	0	0	0	0	0	0	0	0	0	0	0	0	0	0	0	0	0	0
00.000,00.000	1.1	0	-200	0	4.5	3.35807	3.35807	0	0	0	0	0	0	0	0	0	0	0	0	0	0	0	0	0	0	0
00.000,00.000	1.2	0	-200	0	4.5	3.68462	3.68462	0	0	0	0	0	0	0	0	0	0	0	0	0	0	0	0	0	0	0
00.000,00.000	1.3	0	-200	0	4.5	4.02213	4.02213	0	0	0	0	0	0	0	0	0	0	0	0	0	0	0	0	0	0	0
00.000,00.000	1.4	0	-200	0	4.5	4.37196	4.37196	0	0	0	0	0	0	0	0	0	0	0	0	0	0	0	0	0	0	0
00.000,00.000	1.5	0	-200	0	4.5	4.73535	4.73535	0	0	0	0	0	0	0	0	0	0	0	0	0	0	0	0	0	0	0
00.000,00.000	1.6	0	-200	0	4.5	5.11344	5.11344	0	0	0	0	0	0	0	0	0	0	0	0	0	0	0	0	0	0	0
00.000,00.000	1.7	0	-200	0	4.5	5.50399	5.50399	0	0	0	0	0	0	0	0	0	0	0	0	0	0	0	0	0	0	0
00.000,00.000	1.8	0	-200	0	4.5	5.90818	5.90818	0	0	0	0	0	0	0	0	0	0	0	0	0	0	0	0	0	0	0
00.000,00.000	1.9	0	-200	0	4.5	6.3527	6.3527	0	0	0	0	0	0	0	0	0	0	0	0	0	0	0	0	0	0	0
00.000,00.000	2	0	-200	0	4.5	6.84814	6.84814	0	0	0	0	0	0	0	0	0	0	0	0	0	0	0	0	0	0	0
00.000,00.000	2.1	0	-200	0	4.5	7.42452	7.42452	0	0	0	0	0	0	0	0	0	0	0	0	0	0	0	0	0	0	0
00.000,00.000	2.2	0	-200	0	4.5	8.16147	8.16147	0	0	0	0	0	0	0	0	0	0	0	0	0	0	0	0	0	0	0
00.000,00.000	2.3	0	-200	0	4.5	9.05331	8.81415	0.23916	0	0	0	0	0	0	0	0	0	0	0	0	0	0	0	0	0	0
00.000,00.000	2.4	0	-200	0	4.5	10.0844	9.56508	0.519321	0	0	0	0	0	0	0	0	0	0	0	0	0	0	0	0	0	0
00.000,00.000	2.5	0	-200	0	4.5	11.2342	10.4347	0.799491	0	0	0	0	0	0	0	0	0	0	0	0	0	0	0	0	0	0
00.000,00.000	2.6	0	-200	0	4.5	12.4973	11.4186	1.07872	0	0	0	0	0	0	0	0	0	0	0	0	0	0	0	0	0	0
00.000,00.000	2.7	0	-200	0	4.5	13.8804	12.5232	1.35723	0	0	0	0	0	0	0	0	0	0	0	0	0	0	0	0	0	0
00.000,00.000	2.8	0	-200	0	4.5	15.4087	13.7726	1.63608	0	0	0	0	0	0	0	0	0	0	0	0	0	0	0	0	0	0
00.000,00.000	2.9	0	-200	0	4.5	17.1196	15.2011	1.9185	0	0	0	0	0	0	0	0	0	0	0	0	0	0	0	0	0	0
00.000,00.000	3	0	-200	0	4.5	18.9943	16.7878	2.20643	0	0	0	0	0	0	0	0	0	0	0	0	0	0	0	0	0	0
00.000,00.000	3.1	0	-200	0	4.5	20.9564	18.458	2.49843	0	0	0	0	0	0	0	0	0	0	0	0	0	0	0	0	0	0
00.000,00.000	3.2	0	-200	0	4.5	22.8816	20.091	2.79061	0	0	0	0	0	0	0	0	0	0	0	0	0	0	0	0	0	0
00.000,00.000	3.3	0	-200	0	4.5	24.7971	21.7144	3.08277	0	0	0	0	0	0	0	0	0	0	0	0	0	0	0	0	0	0
00.000,00.000	3.4	0	-200	0	4.5	26.6961	23.3211	3.37501	0	0	0	0	0	0	0	0	0	0	0	0	0	0	0	0	0	0
00.000,00.000	3.5	0	-200	0	4.5	28.5594	24.8934	3.66593	0	0	0	0	0	0	0	0	0	0	0	0	0	0	0	0	0	0
00.000,00.000	3.6	0	-200	0	4.5	30.3875	26.4325	3.95499	0	0	0	0	0	0	0	0	0	0	0	0	0	0	0	0	0	0
00.000,00.000	3.7	0	-200	0	4.5	32.191	27.9485	4.24248	0	0	0	0	0	0	0	0	0	0	0	0	0	0	0	0	0	0
00.000,00.000	3.8	0	-200	0	4.5	33.9824	29.4537	4.52875	0	0	0	0	0	0	0	0	0	0	0	0	0	0	0	0	0	0
00.000,00.000	3.9	0	-200	0	4.5	35.7707	30.9568	4.81389	0	0	0	0	0	0	0	0	0	0	0	0	0	0	0	0	0	0
00.000,00.000	4	0	-200	0	4.5	37.5683	32.4696	5.0987	0	0	0	0	0	0	0	0	0	0	0	0	0	0	0	0	0	0
00.000,00.000	4.1	0	-200	0	4.5	39.3719	33.988	5.38391	0	0	0	0	0	0	0	0	0	0	0	0	0	0	0	0	0	0
00.000,00.000	4.2	0	-200	0	4.5	41.1801	35.5101	5.67004	0	0	0	0	0	0	0	0	0	0	0	0	0	0	0	0	0	0
00.000,00.000	4.3	0	-200	0	4.5	42.9916	37.0343	5.95733	0	0	0	0	0	0	0	0	0	0	0	0	0	0	0	0	0	0
00.000,00.000	4.4	0	-200	0	4.5	44.8011	38.5555	6.24563	0	0	0	0	0	0	0	0	0	0	0	0	0	0	0	0	0	0
00.000,00.000	4.5	0	-200	0	4.5	46.4745	39.7054	6.76909	0	0	0	0	0	0	0	0	0	0	0	0	0	0	0	0	0	0
00.000,00.000	4.6	0	-200	0	4.5	47.935	40.0761	7.85897	0	0	0	0	0	0	0	0	0	0	0	0	0	0	0	0	0	0
00.000,00.000	4.7	0	-200	0	4.5	49.3809	40.3533	9.02757	0	0	0	0	0	0	0	0	0	0	0	0	0	0	0	0	0	0
00.000,00.000	4.8	0	-200	0	4.5	50.8157	40.6262	10.1895	0	0	0	0	0	0	0	0	0	0	0	0	0	0	0	0	0	0
00.000,00.000	4.9	0	-200	0	4.5	52.1276	40.78	11.3477	0	0	0	0	0	0	0	0	0	0	0	0	0	0	0	0	0	0
00.000,00.000	5	0	-200	0	4.5	52.8597	40.7912	12.0685	0	0	0	0	0	0	0	0	0	0	0	0	0	0	0	0	0	0
00.000,00.000	5.1	0	-200	0	4.5	53.427	40.7995	12.6275	0	0	0	0	0	0	0	0	0	0	0	0	0	0	0	0	0	0
00.000,00.000	5.2	0	-200	0	4.5	53.9976	40.8106	13.187	0	0	0	0	0	0	0	0	0	0	0	0	0	0	0	0	0	0
00.000,00.000	5.3	0	-200	0	4.5	54.5709	40.824	13.7469	0	0	0	0	0	0	0	0	0	0	0	0	0	0	0	0	0	0
00.000,00.000	5.4	0	-200	0	4.5	55.1473	40.8399	14.3074	0	0	0	0	0	0	0	0	0	0	0	0	0	0	0	0	0	0
00.000,00.000	5.5	0	-200	0	4.5	55.7255	40.8585	14.867	0	0	0	0	0	0	0	0	0	0	0	0	0	0	0	0	0	0
00.000,00.000	5.6	0	-200	0	4.5	56.3058	40.8798	15.426	0	0	0	0	0	0	0	0	0	0	0	0	0	0	0	0	0	0
00.000,00.000	5.7	0	-200	0	4.5	56.8879	40.904	15.9839	0	0	0	0	0	0	0	0	0	0	0	0	0	0	0	0	0	0
00.000,00.000	5.8	0	-200	0	4.5	57.3517	40.9305	16.4044	0.0167953	0	0	0	0	0	0	0	0	0	0	0	0	0	0	0	0	0
00.000,00.000	5.9	0	-200	0	4.5	57.6582	40.9598	16.4042	0.294155	0	0	0	0	0	0	0	0	0	0	0	0	0	0	0	0	0
00.000,00.000	6	0	-200	0	4.5	57.9681	40.9939	16.4036	0.570595	0	0	0	0	0	0	0	0	0	0	0	0	0	0	0	0	0
00.000,00.000	6.1	0	-200	0	4.5	58.2839	41.0342	16.4036	0.846138	0	0	0	0	0	0	0	0	0	0	0	0	0	0	0	0	0
00.000,00.000	6.2	0	-200	0	4.5	58.6042	41.0796	16.4036	1.121	0	0	0	0	0	0	0	0	0	0	0	0	0	0	0	0	0
00.000,00.000	6.3	0	-200	0	4.5	58.9325	41.1332	16.4041	1.3952	0	0	0	0	0	0	0	0	0	0	0	0	0	0	0	0	0
00.000,00.000	6.4	0	-200	0	4.5	59.2754	41.202	16.4047	1.66872	0	0	0	0	0	0	0	0	0	0	0	0	0	0	0	0	0
00.000,00.000	6.5	0	-200	0	4.5	59.6301	41.2831	16.4056	1.94135	0	0	0	0	0	0	0	0	0	0	0	0	0	0	0	0	0
00.000,00.000	6.6	0	-200	0	4.5	60.0036	41.382	16.408	2.21356	0	0	0	0	0	0	0	0	0	0	0	0	0	0	0	0	0
00.000,00.000	6.7	0	-200	0	4.5	60.3979	41.5018	16.4111	2.48509	0	0	0	0	0	0	0	0	0	0	0	0	0	0	0	0	0
00.000,00.000	6.8	0	-200	0	4.5	60.8117	41.6401	16.4156	2.75592	0	0	0	0	0	0	0	0	0	0	0	0	0	0	0	0	0
00.000,00.000	6.9	0	-200	0	4.5	61.2551	41.8074	16.4214	3.02633	0	0	0	0	0	0	0	0	0	0	0	0	0	0	0	0	0
00.000,00.000	7	0	-200	0	4.5	61.7291	42.0047	16.4284	3.29598	0	0	0	0	0	0	0	0	0	0	0	0	0	0	0	0	0
00.000,00.000	7.1	0	-200	0	4.5	62.2349	42.2326	16.4374	3.56494	0	0	0	0	0	0	0	0	0	0	0	0	0	0	0	0	0
00.000,00.000	7.2	0	-200	0	4.5	62.779	42.4979	16.4479	3.83322	0	0	0	0	0	0	0	0	0	0	0	0	0	0	0	0	0
00.000,00.000	7.3	0	-200	0	4.5	63.3584	42.7974	16.4601	4.10085	0	0	0	0	0	0	0	0	0	0	0	0	0	0	0	0	0
00.000,00.000	7.4	0	-200	0	4.5	63.9758	43.1332	16.4748	4.36783	0	0	0	0	0	0	0	0	0	0	0	0	0	0	0	0	0
00.000,00.000	7.5	0	-200	0	4.5	64.6211	43.4962	16.4912	4.63374	0	0	0	0	0	0	0	0	0	0	0	0	0	0	0	0	0
00.000,00.000	7.6	0	-200	0	4.5	65.3005	43.892	16.5095	4.89902	0	0	0	0	0	0	0	0	0	0	0	0	0	0	0	0	0
00.000,00.000	7.7	0	-200	0	4.5	66.017	44.3227	16.5305	5.16371	0	0	0	0	0	0	0	0	0	0	0	0	0	0	0	0	0
00.000,00.000	7.8	0	-200	0	4.5	66.7716	44.7904	16.5535	5.42775	0	0	0	0	0	0	0	0	0	0	0	0	0	0	0	0	0
00.000,00.000	7.9	0	-200	0	4.5	67.578	45.3056	16.5811	5.69132	0	0	0	0	0	0	0	0	0	0	0	0	0	0	0	0	0
00.000,00.000	8	0	-200	0	4.5	68.4281	45.8622	16.6117	5.95429	0	0	0	0	0	0	0	0	0	0	0	0	0	0	0	0	0
00.000,00.000	8.1	0	-200	0	4.5	69.3275	46.4649	16.6459	6.21669	0	0	0	0	0	0	0	0	0	0	0	0	0	0	0	0	0
00.000,00.000	8.2	0	-200	0	4.5	70.2947	47.1317	16.6845	6.47851	0	0	0	0	0	0	0	0	0	0	0	0	0	0	0	0	0
00.000,00.000	8.3	0	-200	0	4.5	71.3369	47.8695	16.7277	6.73964	0	0	0	0	0	0	0	0	0	0	0	0	0	0	0	0	0
00.000,00.000	8.4	0	-200	0	4.5	72.4488	48.669	16.7795	7.00017	0	0	0	0	0	0	0	0	0	0	0	0	0	0	0	0	0
00.000,00.000	8.5	0	-200	0	4.5	73.6009	49.5012	16.8399	7.25981	0	0	0	0	0	0	0	0	0	0	0	0	0	0	0	0	0
00.000,00.000	8.6	0	-200	0	4.5	74.8031	50.3733	16.9109	7.51895	0	0	0	0	0	0	0	0	0	0	0	0	0	0	0	0	0
00.000,00.000	8.7	0	-200	0	4.5	76.0568	51.2831	16.9962	7.7775	0	0	0	0	0	0	0	0	0	0	0	0	0	0	0	0	0
00.000,00.000	8.8	0	-200	0	4.5	77.3666	52.2353	17.0957	8.03561	0	0	0	0	0	0	0	0	0	0	0	0	0	0	0	0	0
00.000,00.000	8.9	0	-200	0	4.5	78.7555	53.2529	17.2091	8.29345	0	0	0	0	0	0	0	0	0	0	0	0	0	0	0	0	0
00.000,00.000	9	0	-200	0	4.5	80.2307	54.3405	17.3395	8.55074	0	0	0	0	0	0	0	0	0	0	0	0	0	0	0	0	0
00.000,00.000	9.1	0	-200	0	4.5	81.8016	55.5053	17.4887	8.8076	0	0	0	0	0	0	0	0	0	0	0	0	0	0	0	0	0
00.000,00.000	9.2	0	-200	0	4.5	83.4712	56.7487	17.6585	9.06404	0	0	0	0	0	0	0	0	0	0	0	0	0	0	0	0	0
00.000,00.000	9.3	0	-200	0	4.5	85.2388	58.0697	17.8491	9.32007	0	0	0	0	0	0	0	0	0	0	0	0	0	0	0	0	0
00.000,00.000	9.4	0	-200	0	4.5	87.0966	59.4595	18.0613	9.57574	0	0	0	0	0	0	0	0	0	0	0	0	0	0	0	0	0
00.000,00.000	9.5	0	-200	0	4.5	89.0088	60.8875	18.2905	9.83076	0	0	0	0	0	0	0	0	0	0	0	0	0	0	0	0	0
00.000,00.000	9.6	0	-200	0	4.5	90.9796	62.3566	18.5373	10.0857	0	0	0	0	0	0	0	0	0	0	0	0	0	0	0	0	0
00.000,00.000	9.7	0	-200	0	4.5	93.0144	63.8703	18.8036	10.154	0.18642	0	0	0	0	0	0	0	0	0	0	0	0	0	0	0	0
00.000,00.000	9.8	0	-200	0	4.5	95.1256	65.4415	19.089	10.1543	0.440884	0	0	0	0	0	0	0	0	0	0	0	0	0	0	0	0
00.000,00.000	9.9	0	-200	0	4.5	97.3498	67.1054	19.3943	10.1543	0.695874	0	0	0	0	0	0	0	0	0	0	0	0	0	0	0	0
00.000,00.000	10	0	-200	0	4.5	99.6925	68.8657	19.7219	10.1543	0.950626	0	0	0	0	0	0	0	0	0	0	0	0	0	0	0	0
00.000,00.000	10.1	0	-200	0	4.5	102.156	70.7242	20.0723	10.1543	1.20505	0	0	0	0	0	0	0	0	0	0	0	0	0	0	0	0
00.000,00.000	10.2	0	-200	0	4.5	104.736	72.6776	20.4449	10.1544	1.45951	0	0	0	0	0	0	0	0	0	0	0	0	0	0	0	0
00.000,00.000	10.3	0	-200	0	4.5	107.436	74.7274	20.8393	10.1553	1.71388	0	0	0	0	0	0	0	0	0	0	0	0	0	0	0	0
00.000,00.000	10.4	0	-200	0	4.5	110.241	76.8622	21.2544	10.157	1.96788	0	0	0	0	0	0	0	0	0	0	0	0	0	0	0	0
00.000,00.000	10.5	0	-200	0	4.5	113.108	79.0391	21.6857	10.1614	2.22136	0	0	0	0	0	0	0	0	0	0	0	0	0	0	0	0
00.000,00.000	10.6	0	-200	0	4.5	116.038	81.2777	22.1175	10.1673	2.47511	0	0	0	0	0	0	0	0	0	0	0	0	0	0	0	0
00.000,00.000	10.7	0	-200	0	4.5	119.037	83.5895	22.5431	10.1752	2.72907	0	0	0	0	0	0	0	0	0	0	0	0	0	0	0	0
00.000,00.000	10.8	0	-200	0	4.5	122.123	85.9727	22.9801	10.1871	2.98279	0	0	0	0	0	0	0	0	0	0	0	0	0	0	0	0
00.000,00.000	10.9	0	-200	0	4.5	125.348	88.4736	23.436	10.2019	3.23635	0	0	0	0	0	0	0	0	0	0	0	0	0	0	0	0
00.000,00.000	11	0	-200	0	4.5	128.716	91.0944	23.9118	10.22	3.49017	0	0	0	0	0	0	0	0	0	0	0	0	0	0	0	0
00.000,00.000	11.1	0	-200	0	4.5	132.219	93.8297	24.4031	10.2424	3.74401	0	0	0	0	0	0	0	0	0	0	0	0	0	0	0	0
00.000,00.000	11.2	0	-200	0	4.5	135.892	96.7109	24.9155	10.2685	3.99722	0	0	0	0	0	0	0	0	0	0	0	0	0	0	0	0
00.000,00.000	11.3	0	-200	0	4.5	139.719	99.7199	25.4502	10.2986	4.25007	0	0	0	0	0	0	0	0	0	0	0	0	0	0	0	0
00.000,00.000	11.4	0	-200	0	4.5	143.676	102.835	26.004	10.3336	4.50302	0	0	0	0	0	0	0	0	0	0	0	0	0	0	0	0
00.000,00.000	11.5	0	-200	0	4.5	147.681	105.987	26.5655	10.3726	4.7556	0	0	0	0	0	0	0	0	0	0	0	0	0	0	0	0
00.000,00.000	11.6	0	-200	0	4.5	151.723	109.19	27.1099	10.4158	5.00792	0	0	0	0	0	0	0	0	0	0	0	0	0	0	0	0
00.000,00.000	11.7	0	-200	0	4.5	155.591	112.449	27.6676	10.4644	5.01058	0	0	0	0	0	0	0	0	0	0	0	0	0	0	0	0
00.000,00.000	11.8	0	-200	0	4.5	159.562	115.797	28.2411	10.5175	5.00637	0	0	0	0	0	0	0	0	0	0	0	0	0	0	0	0
00.000,00.000	11.9	0	-200	0	4.5	163.729	119.315	28.8346	10.5756	5.00442	0	0	0	0	0	0	0	0	0	0	0	0	0	0	0	0
00.000,00.000	12	0	-200	0	4.5	168.078	122.994	29.4408	10.6383	5.00442	0	0	0	0	0	0	0	0	0	0	0	0	0	0	0	0
00.000,00.000	12.1	0	-200	0	4.5	172.583	126.805	30.0676	10.7065	5.00442	0	0	0	0	0	0	0	0	0	0	0	0	0	0	0	0
00.000,00.000	12.2	0	-200	0	4.5	177.142	130.648	30.7093	10.7804	5.00442	0	0	0	0	0	0	0	0	0	0	0	0	0	0	0	0
00.000,00.000	12.3	0	-200	0	4.5	181.747	134.509	31.3751	10.8589	5.00442	0	0	0	0	0	0	0	0	0	0	0	0	0	0	0	0
00.000,00.000	12.4	0	-200	0	4.5	186.405	138.401	32.0557	10.9436	5.00442	0	0	0	0	0	0	0	0	0	0	0	0	0	0	0	0
00.000,00.000	12.5	0	-200	0	4.5	191.082	142.291	32.7531	11.0341	5.00442	0	0	0	0	0	0	0	0	0	0	0	0	0	0	0	0
00.000,00.000	12.6	0	-200	0	4.5	195.743	146.142	33.4674	11.1295	5.00442	0	0	0	0	0	0	0	0	0	0	0	0	0	0	0	0
00.000,00.000	12.7	0	-200	0	4.5	200.408	149.982	34.1911	11.23	5.00442	0	0	0	0	0	0	0	0	0	0	0	0	0	0	0	0
00.000,00.000	12.8	0	-200	0	4.5	205.134	153.846	34.9474	11.3364	5.00442	0	0	0	0	0	0	0	0	0	0	0	0	0	0	0	0
00.000,00.000	12.9	0	-200	0	4.5	209.88	157.405	36.0236	11.4476	5.00442	0	0	0	0	0	0	0	0	0	0	0	0	0	0	0	0
00.000,00.000	13	0	-200	0	4.5	214.752	160.803	37.38	11.565	5.00442	0	0	0	0	0	0	0	0	0	0	0	0	0	0	0	0
00.000,00.000	13.1	0	-200	0	4.5	219.74	164.266	38.7803	11.6889	5.00442	0	0	0	0	0	0	0	0	0	0	0	0	0	0	0	0
00.000,00.000	13.2	0	-200	0	4.5	224.842	167.641	40.3787	11.8187	5.00442	0	0	0	0	0	0	0	0	0	0	0	0	0	0	0	0
00.000,00.000	13.3	0	-200	0	4.5	230.059	171.021	42.0787	11.9548	5.00442	0	0	0	0	0	0	0	0	0	0	0	0	0	0	0	0
00.000,00.000	13.4	0	-200	0	4.5	235.358	174.447	43.8079	12.0981	5.00442	0	0	0	0	0	0	0	0	0	0	0	0	0	0	0	0
00.000,00.000	13.5	0	-200	0	4.5	240.689	177.861	45.5748	12.2489	5.00442	0	0	0	0	0	0	0	0	0	0	0	0	0	0	0	0
00.000,00.000	13.6	0	-200	0	4.5	246.455	181.527	47.502	12.4211	5.00442	0	0	0	0	0	0	0	0	0	0	0	0	0	0	0	0
00.000,00.000	13.7	0	-200	0	4.5	252.173	185.135	49.4322	12.6017	5.00442	0	0	0	0	0	0	0	0	0	0	0	0	0	0	0	0
00.000,00.000	13.8	0	-200	0	4.5	256.929	188.129	51.0264	12.769	5.00442	0	0	0	0	0	0	0	0	0	0	0	0	0	0	0	0
00.000,00.000	13.9	0	-200	0	4.5	262.378	191.543	52.8505	12.9809	5.00442	0	0	0	0	0	0	0	0	0	0	0	0	0	0	0	0
00.000,00.000	14	0	-200	0	4.5	267.732	194.841	54.6879	13.1982	5.00442	0	0	0	0	0	0	0	0	0	0	0	0	0	0	0	0
00.000,00.000	14.1	0	-200	0	4.5	272.975	198.064	56.4863	13.4203	5.00442	0	0	0	0	0	0	0	0	0	0	0	0	0	0	0	0
00.000,00.000	14.2	0	-200	0	4.5	278.255	201.231	58.366	13.6534	5.00442	0	0	0	0	0	0	0	0	0	0	0	0	0	0	0	0
00.000,00.000	14.3	0	-200	0	4.5	283.605	204.385	60.3198	13.8956	5.00445	0	0	0	0	0	0	0	0	0	0	0	0	0	0	0	0
00.000,00.000	14.4	0	-200	0	4.5	288.957	207.506	62.2986	14.1465	5.00504	0	0	0	0	0	0	0	0	0	0	0	0	0	0	0	0
00.000,00.000	14.5	0	-200	0	4.5	294.254	210.492	64.3495	14.4068	5.00594	0	0	0	0	0	0	0	0	0	0	0	0	0	0	0	0
00.000,00.000	14.6	0	-200	0	4.5	300.651	214.038	66.8698	14.7353	5.00764	0	0	0	0	0	0	0	0	0	0	0	0	0	0	0	0
00.000,00.000	14.7	0	-200	0	4.5	306.412	217.164	69.1898	15.0475	5.01027	0	0	0	0	0	0	0	0	0	0	0	0	0	0	0	0
00.000,00.000	14.8	0	-200	0	4.5	310.46	219.311	70.8582	15.2788	5.01279	0	0	0	0	0	0	0	0	0	0	0	0	0	0	0	0
00.000,00.000	14.9	0	-200	0	4.5	315.9	222.16	73.1259	15.5963	5.01784	0	0	0	0	0	0	0	0	0	0	0	0	0	0	0	0
00.000,00.000	15	0	-200	0	4.5	321.122	224.853	75.3351	15.9102	5.02387	0	0	0	0	0	0	0	0	0	0	0	0	0	0	0	0
00.000,00.000	15.1	0	-200	0	4.5	326.131	227.402	77.4795	16.2186	5.03153	0	0	0	0	0	0	0	0	0	0	0	0	0	0	0	0
00.000,00.000	15.2	0	-200	0	4.5	331	229.897	79.5282	16.5337	5.04081	0	0	0	0	0	0	0	0	0	0	0	0	0	0	0	0
00.000,00.000	15.3	0	-200	0	4.5	335.865	232.341	81.6142	16.8575	5.05222	0	0	0	0	0	0	0	0	0	0	0	0	0	0	0	0
00.000,00.000	15.4	0	-200	0	4.5	340.752	234.745	83.749	17.1897	5.06741	0	0	0	0	0	0	0	0	0	0	0	0	0	0	0	0
00.000,00.000	15.5	0	-200	0	4.5	346.95	237.773	86.4519	17.6341	5.09119	0	0	0	0	0	0	0	0	0	0	0	0	0	0	0	0
00.000,00.000	15.6	0	-200	0	4.5	353.657	240.939	89.457	18.1384	5.12278	0	0	0	0	0	0	0	0	0	0	0	0	0	0	0	0
00.000,00.000	15.7	0	-200	0	4.5	358.761	243.291	91.7777	18.5408	5.15096	0	0	0	0	0	0	0	0	0	0	0	0	0	0	0	0
00.000,00.000	15.8	0	-200	0	4.5	361.324	244.447	92.9574	18.7529	5.16735	0	0	0	0	0	0	0	0	0	0	0	0	0	0	0	0
00.000,00.000	15.9	0	-200	0	4.5	365.598	246.345	94.9348	19.1192	5.19867	0	0	0	0	0	0	0	0	0	0	0	0	0	0	0	0
00.000,00.000	16	0	-200	0	4.5	370.707	248.626	97.2624	19.5768	5.24132	0	0	0	0	0	0	0	0	0	0	0	0	0	0	0	0
00.000,00.000	16.1	0	-200	0	4.5	375.141	250.544	99.3319	19.9836	5.28194	0	0	0	0	0	0	0	0	0	0	0	0	0	0	0	0
00.000,00.000	16.2	0	-200	0	4.5	379.32	252.338	101.323	20.3352	5.32428	0	0	0	0	0	0	0	0	0	0	0	0	0	0	0	0
00.000,00.000	16.3	0	-200	0	4.5	383.459	254.103	103.3	20.6858	5.36976	0	0	0	0	0	0	0	0	0	0	0	0	0	0	0	0
00.000,00.000	16.4	0	-200	0	4.5	387.524	255.824	104.872	21.411	5.41798	0	0	0	0	0	0	0	0	0	0	0	0	0	0	0	0
00.000,00.000	16.5	0	-200	0	4.5	395.722	259.236	107.683	23.2799	5.5229	0	0	0	0	0	0	0	0	0	0	0	0	0	0	0	0
00.000,00.000	16.6	0	-200	0	4.5	399.722	260.838	109.083	24.2243	5.57717	0	0	0	0	0	0	0	0	0	0	0	0	0	0	0	0
00.000,00.000	16.7	0	-200	0	4.5	402.382	261.892	110.005	24.8694	5.61586	0	0	0	0	0	0	0	0	0	0	0	0	0	0	0	0
00.000,00.000	16.8	0	-200	0	4.5	402.871	262.074	110.18	24.9944	5.62353	0	0	0	0	0	0	0	0	0	0	0	0	0	0	0	0
00.000,00.000	16.9	0	-200	0	4.5	404.449	262.686	110.718	25.395	5.64937	0	0	0	0	0	0	0	0	0	0	0	0	0	0	0	0
00.000,00.000	17	0	-200	0	4.5	409.931	264.818	112.568	26.8026	5.74258	0	0	0	0	0	0	0	0	0	0	0	0	0	0	0	0
00.000,00.000	17.1	0	-200	0	4.5	414.185	266.453	114.001	27.9133	5.81748	0	0	0	0	0	0	0	0	0	0	0	0	0	0	0	0
00.000,00.000	17.2	0	-200	0	4.5	417.852	267.876	115.008	29.0833	5.88392	0	0	0	0	0	0	0	0	0	0	0	0	0	0	0	0
00.000,00.000	17.3	0	-200	0	4.5	421.522	269.317	115.983	30.2751	5.9471	0	0	0	0	0	0	0	0	0	0	0	0	0	0	0	0
00.000,00.000	17.4	0	-200	0	4.5	425.205	270.778	116.938	31.4782	6.01154	0	0	0	0	0	0	0	0	0	0	0	0	0	0	0	0
00.000,00.000	17.5	0	-200	0	4.5	435.899	275.022	119.654	35.014	6.20843	0	0	0	0	0	0	0	0	0	0	0	0	0	0	0	0
00.000,00.000	17.6	0	-200	0	4.5	438.508	276.033	120.318	35.894	6.26235	0	0	0	0	0	0	0	0	0	0	0	0	0	0	0	0
00.000,00.000	17.7	0	-200	0	4.5	441.747	277.29	121.122	36.9989	6.33557	0	0	0	0	0	0	0	0	0	0	0	0	0	0	0	0
00.000,00.000	17.8	0	-200	0	4.5	442.428	277.55	121.291	37.2344	6.35242	0	0	0	0	0	0	0	0	0	0	0	0	0	0	0	0
00.000,00.000	17.9	0	-200	0	4.5	443.032	277.795	121.432	37.4371	6.36748	0	0	0	0	0	0	0	0	0	0	0	0	0	0	0	0
00.000,00.000	18	0	-200	0	4.5	449.413	280.449	122.908	39.5438	6.51178	0	0	0	0	0	0	0	0	0	0	0	0	0	0	0	0
00.000,00.000	18.1	0	-200	0	4.5	453.904	282.365	123.958	40.9692	6.61173	0	0	0	0	0	0	0	0	0	0	0	0	0	0	0	0
00.000,00.000	18.2	0	-200	0	4.5	457.493	283.915	124.784	42.0998	6.69382	0	0	0	0	0	0	0	0	0	0	0	0	0	0	0	0
00.000,00.000	18.3	0	-200	0	4.5	461.119	285.517	125.594	43.2294	6.77872	0	0	0	0	0	0	0	0	0	0	0	0	0	0	0	0
00.000,00.000	18.4	0	-200	0	4.5	464.778	287.158	126.406	44.3474	6.86725	0	0	0	0	0	0	0	0	0	0	0	0	0	0	0	0
00.000,00.000	18.5	0	-200	0	4.5	477.641	292.975	129.169	48.3021	7.19462	0	0	0	0	0	0	0	0	0	0	0	0	0	0	0	0
00.000,00.000	18.6	0	-200	0	4.5	480.306	294.242	129.654	49.1467	7.26315	0	0	0	0	0	0	0	0	0	0	0	0	0	0	0	0
00.000,00.000	18.7	0	-200	0	4.5	480.462	294.314	129.685	49.1959	7.26736	0	0	0	0	0	0	0	0	0	0	0	0	0	0	0	0
00.000,00.000	18.8	0	-200	0	4.5	484.04	295.951	130.378	50.3417	7.36858	0	0	0	0	0	0	0	0	0	0	0	0	0	0	0	0
00.000,00.000	18.9	0	-200	0	4.5	485.249	296.551	130.585	50.7124	7.40113	0	0	0	0	0	0	0	0	0	0	0	0	0	0	0	0
00.000,00.000	19	0	-200	0	4.5	492.728	300.239	131.958	52.9208	7.61035	0	0	0	0	0	0	0	0	0	0	0	0	0	0	0	0
00.000,00.000	19.1	0	-200	0	4.5	497.986	302.856	132.919	54.4521	7.75802	0	0	0	0	0	0	0	0	0	0	0	0	0	0	0	0
00.000,00.000	19.2	0	-200	0	4.5	501.859	304.801	133.628	55.5662	7.86382	0	0	0	0	0	0	0	0	0	0	0	0	0	0	0	0
00.000,00.000	19.3	0	-200	0	4.5	505.748	306.771	134.335	56.6761	7.96585	0	0	0	0	0	0	0	0	0	0	0	0	0	0	0	0
00.000,00.000	19.4	0	-200	0	4.5	509.663	308.761	135.05	57.7822	8.07049	0	0	0	0	0	0	0	0	0	0	0	0	0	0	0	0
00.000,00.000	19.5	0	-200	0	4.5	513.579	310.642	135.871	58.8868	8.17818	0	0	0	0	0	0	0	0	0	0	0	0	0	0	0	0
00.000,00.000	19.6	0	-200	0	4.5	521.361	313.874	137.972	61.1091	8.40503	0	0	0	0	0	0	0	0	0	0	0	0	0	0	0	0
00.000,00.000	19.7	0	-200	0	4.5	523.102	314.623	138.429	61.3559	8.69402	0	0	0	0	0	0	0	0	0	0	0	0	0	0	0	0
00.000,00.000	19.8	0	-200	0	4.5	534.874	318.912	142.171	63.3861	10.4049	0	0	0	0	0	0	0	0	0	0	0	0	0	0	0	0
00.000,00.000	19.9	0	-200	0	4.5	537.901	319.988	143.172	63.8688	10.8715	0	0	0	0	0	0	0	0	0	0	0	0	0	0	0	0
00.000,00.000	20	0	-200	0	4.5	544.695	322.271	145.636	64.8682	11.9195	0	0	0	0	0	0	0	0	0	0	0	0	0	0	0	0
00.000,00.000	20.1	0	-200	0	4.5	550.14	323.712	148.021	65.6597	12.7462	0	0	0	0	0	0	0	0	0	0	0	0	0	0	0	0
00.000,00.000	20.2	0	-200	0	4.5	554.401	324.799	149.958	66.2589	13.3852	0	0	0	0	0	0	0	0	0	0	0	0	0	0	0	0
00.000,00.000	20.3	0	-200	0	4.5	558.767	325.933	151.955	66.8537	14.0252	0	0	0	0	0	0	0	0	0	0	0	0	0	0	0	0
00.000,00.000	20.4	0	-200	0	4.5	563.179	327.104	153.973	67.4398	14.6623	0	0	0	0	0	0	0	0	0	0	0	0	0	0	0	0
00.000,00.000	20.5	0	-200	0	4.5	567.63	328.299	156.008	68.0217	15.3015	0	0	0	0	0	0	0	0	0	0	0	0	0	0	0	0
00.000,00.000	20.6	0	-200	0	4.5	572.064	329.49	158.034	68.5356	16.0044	0	0	0	0	0	0	0	0	0	0	0	0	0	0	0	0
00.000,00.000	20.7	0	-200	0	4.5	576.509	330.714	160.059	68.8763	16.8602	0	0	0	0	0	0	0	0	0	0	0	0	0	0	0	0
00.000,00.000	20.8	0	-200	0	4.5	616.648	340.096	179.067	72.1668	25.3177	0	0	0	0	0	0	0	0	0	0	0	0	0	0	0	0
00.000,00.000	20.9	0	-200	0	4.5	625.366	342.555	183.093	72.8076	26.9109	0	0	0	0	0	0	0	0	0	0	0	0	0	0	0	0
00.000,00.000	21	0	-200	0	4.5	640.938	347.298	189.985	74.2024	29.4529	0	0	0	0	0	0	0	0	0	0	0	0	0	0	0	0
00.000,00.000	21.1	0	-200	0	4.5	654.737	351.523	195.234	76.2903	31.69	0	0	0	0	0	0	0	0	0	0	0	0	0	0	0	0
00.000,00.000	21.2	0	-200	0	4.5	661.106	353.615	197.515	77.3125	32.6637	0	0	0	0	0	0	0	0	0	0	0	0	0	0	0	0
00.000,00.000	21.3	0	-200	0	4.5	666.291	355.349	199.362	78.1473	33.4327	0	0	0	0	0	0	0	0	0	0	0	0	0	0	0	0
00.000,00.000	21.4	0	-200	0	4.5	673.961	357.973	202.066	79.3865	34.5357	0	0	0	0	0	0	0	0	0	0	0	0	0	0	0	0
00.000,00.000	21.5	0	-200	0	4.5	676.255	358.774	202.86	79.7612	34.8597	0	0	0	0	0	0	0	0	0	0	0	0	0	0	0	0
00.000,00.000	21.6	0	-200	0	4.5	682.371	360.865	204.864	80.9239	35.7182	0	0	0	0	0	0	0	0	0	0	0	0	0	0	0	0
00.000,00.000	21.7	0	-200	0	4.5	688.339	362.953	206.635	82.2227	36.5277	0	0	0	0	0	0	0	0	0	0	0	0	0	0	0	0
00.000,00.000	21.8	0	-200	0	4.5	694.112	364.99	208.347	83.4795	37.078	0.218072	0	0	0	0	0	0	0	0	0	0	0	0	0	0	0
00.000,00.000	21.9	0	-200	0	4.5	707.614	369.849	212.63	85.8926	37.8857	1.35768	0	0	0	0	0	0	0	0	0	0	0	0	0	0	0
00.000,00.000	22	0	-200	0	4.5	710.883	371.146	213.623	86.4429	38.0472	1.62379	0	0	0	0	0	0	0	0	0	0	0	0	0	0	0
00.000,00.000	22.1	0	-200	0	4.5	722.5	375.862	217.133	88.3809	38.6052	2.519	0	0	0	0	0	0	0	0	0	0	0	0	0	0	0
00.000,00.000	22.2	0	-200	0	4.5	730.238	379.008	219.479	89.6761	38.9688	3.10502	0	0	0	0	0	0	0	0	0	0	0	0	0	0	0
00.000,00.000	22.3	0	-200	0	4.5	736.449	381.594	221.344	90.7035	39.2514	3.55611	0	0	0	0	0	0	0	0	0	0	0	0	0	0	0
00.000,00.000	22.4	0	-200	0	4.5	743.035	384.366	223.189	91.9149	39.5436	4.02126	0	0	0	0	0	0	0	0	0	0	0	0	0	0	0
00.000,00.000	22.5	0	-200	0	4.5	749.703	387.188	224.936	93.2511	39.8409	4.48707	0	0	0	0	0	0	0	0	0	0	0	0	0	0	0
00.000,00.000	22.6	0	-200	0	4.5	778.169	398.52	232.034	99.8339	41.1976	6.58319	0	0	0	0	0	0	0	0	0	0	0	0	0	0	0
00.000,00.000	22.7	0	-200	0	4.5	793.254	403.84	235.685	103.921	42.0078	7.80083	0	0	0	0	0	0	0	0	0	0	0	0	0	0	0
00.000,00.000	22.8	0	-200	0	4.5	798.4	406.238	236.745	105.05	42.2377	8.12932	0	0	0	0	0	0	0	0	0	0	0	0	0	0	0
00.000,00.000	22.9	0	-200	0	4.5	798.634	406.334	236.802	105.105	42.2488	8.14466	0	0	0	0	0	0	0	0	0	0	0	0	0	0	0
00.000,00.000	23	0	-200	0	4.5	827.992	419.584	243.521	111.471	43.1619	10.2537	0	0	0	0	0	0	0	0	0	0	0	0	0	0	0
00.000,00.000	23.1	0	-200	0	4.5	846.825	427.433	248.067	115.861	43.5273	11.9364	0	0	0	0	0	0	0	0	0	0	0	0	0	0	0
00.000,00.000	23.2	0	-200	0	4.5	855.354	430.937	250.184	117.842	43.718	12.6723	0	0	0	0	0	0	0	0	0	0	0	0	0	0	0
00.000,00.000	23.3	0	-200	0	4.5	863.038	434.001	252.228	119.593	43.903	13.3132	0	0	0	0	0	0	0	0	0	0	0	0	0	0	0
00.000,00.000	23.4	0	-200	0	4.5	905.42	447.886	267.215	128.432	45.0278	16.859	0	0	0	0	0	0	0	0	0	0	0	0	0	0	0
00.000,00.000	23.5	0	-200	0	4.5	917.213	450.836	272.303	130.822	45.3628	17.8901	0	0	0	0	0	0	0	0	0	0	0	0	0	0	0
00.000,00.000	23.6	0	-200	0	4.5	958.197	459.957	290.435	138.691	47.5749	21.5399	0	0	0	0	0	0	0	0	0	0	0	0	0	0	0
00.000,00.000	23.7	0	-200	0	4.5	980.975	464.197	300.832	142.938	49.2409	23.7661	0	0	0	0	0	0	0	0	0	0	0	0	0	0	0
00.000,00.000	23.8	0	-200	0	4.5	1000.74	469.657	309.064	146.338	50.6616	24.6443	0.37621	0	0	0	0	0	0	0	0	0	0	0	0	0	0
00.000,00.000	23.9	0	-200	0	4.5	1002.43	470.021	309.838	146.649	50.7861	24.5269	0.606055	0	0	0	0	0	0	0	0	0	0	0	0	0	0
00.000,00.000	24	0	-200	0	4.5	1061.43	486.168	334.964	156.781	55.015	24.977	3.5225	0	0	0	0	0	0	0	0	0	0	0	0	0	0
00.000,00.000	24.1	0	-200	0	4.5	1085.1	492.426	344.715	161.134	56.8611	25.1602	4.80289	0	0	0	0	0	0	0	0	0	0	0	0	0	0
00.000,00.000	24.2	0	-200	0	4.5	1093.28	494.577	348.039	162.664	57.5414	25.227	5.22751	0	0	0	0	0	0	0	0	0	0	0	0	0	0
00.000,00.000	24.3	0	-200	0	4.5	1102.03	497.06	351.496	164.095	58.4277	25.2998	5.65588	0	0	0	0	0	0	0	0	0	0	0	0	0	0
00.000,00.000	24.4	0	-200	0	4.5	1138.3	507.744	365.207	170.049	62.2791	25.6274	7.39453	0	0	0	0	0	0	0	0	0	0	0	0	0	0
00.000,00.000	24.5	0	-200	0	4.5	1155.4	512.987	371.154	173.07	64.1395	25.8011	8.24551	0	0	0	0	0	0	0	0	0	0	0	0	0	0
00.000,00.000	24.6	0	-200	0	4.5	1180.98	518.336	380.769	178.175	67.7136	26.1713	9.81881	0	0	0	0	0	0	0	0	0	0	0	0	0	0
00.000,00.000	24.7	0	-200	0	4.5	1189.37	520.847	383.592	179.731	68.682	26.2785	10.2359	0	0	0	0	0	0	0	0	0	0	0	0	0	0
00.000,00.000	24.8	0	-200	0	4.5	1190.31	521.099	383.926	179.915	68.7994	26.2929	10.2829	0	0	0	0	0	0	0	0	0	0	0	0	0	0
00.000,00.000	24.9	0	-200	0	4.5	1200.77	524.118	387.411	181.883	70.1002	26.4622	10.7987	0	0	0	0	0	0	0	0	0	0	0	0	0	0
00.000,00.000	25	0	-200	0	4.5	1203.94	525.119	388.434	182.471	70.4597	26.5128	10.9411	0	0	0	0	0	0	0	0	0	0	0	0	0	0
00.000,00.000	25.1	0	-200	0	4.5	1206.87	525.999	389.416	183.022	70.7983	26.5636	11.0684	0	0	0	0	0	0	0	0	0	0	0	0	0	0
00.000,00.000	25.2	0	-200	0	4.5	1208.87	526.638	390.067	183.395	71.0294	26.5914	11.1528	0	0	0	0	0	0	0	0	0	0	0	0	0	0
00.000,00.000	25.3	0	-200	0	4.5	1209.88	526.981	390.385	183.575	71.1423	26.6053	11.1925	0	0	0	0	0	0	0	0	0	0	0	0	0	0
00.000,00.000	25.4	0	-200	0	4.5	1210.04	527.036	390.435	183.605	71.1607	26.6068	11.1989	0	0	0	0	0	0	0	0	0	0	0	0	0	0
00.000,00.000	25.5	0	-200	0	4.5	1213.41	528.203	391.412	184.288	71.5331	26.6482	11.3261	0	0	0	0	0	0	0	0	0	0	0	0	0	0
00.000,00.000	25.6	0	-200	0	4.5	1215.96	529.055	392.12	184.859	71.8272	26.6749	11.4267	0	0	0	0	0	0	0	0	0	0	0	0	0	0
00.000,00.000	25.7	0	-200	0	4.5	1275.67	543.51	410.37	199.008	79.3958	28.7706	14.6136	0	0	0	0	0	0	0	0	0	0	0	0	0	0
00.000,00.000	25.8	0	-200	0	4.5	1373	581.982	436.209	217.32	86.8307	32.4488	17.123	1.08598	0	0	0	0	0	0	0	0	0	0	0	0	0
00.000,00.000	25.9	0	-200	0	4.5	1384.32	586.134	439.065	219.687	87.8137	32.9401	17.123	1.56075	0	0	0	0	0	0	0	0	0	0	0	0	0
00.000,00.000	26	0	-200	0	4.5	1385.08	586.42	439.266	219.835	87.8739	32.9711	17.123	1.58764	0	0	0	0	0	0	0	0	0	0	0	0	0
00.000,00.000	26.1	0	-200	0	4.5	1424.59	601.39	449.895	227.571	91.0302	34.6207	17.123	2.95905	0	0	0	0	0	0	0	0	0	0	0	0	0
00.000,00.000	26.2	0	-200	0	4.5	1446.2	609.662	455.755	231.641	92.7765	35.5405	17.123	3.70436	0	0	0	0	0	0	0	0	0	0	0	0	0
00.000,00.000	26.3	0	-200	0	4.5	1459.05	614.346	459.526	234.039	93.8008	36.093	17.123	4.12261	0	0	0	0	0	0	0	0	0	0	0	0	0
00.000,00.000	26.4	0	-200	0	4.5	1542.4	641.188	487.594	249.367	100.513	39.8162	17.1259	6.79241	0	0	0	0	0	0	0	0	0	0	0	0	0
00.000,00.000	26.5	0	-200	0	4.5	1575.3	650.6	498.67	255.939	103.409	41.5871	17.1356	7.95614	0	0	0	0	0	0	0	0	0	0	0	0	0
00.000,00.000	26.6	0	-200	0	4.5	1587.27	654.014	502.646	258.366	104.478	42.2409	17.1478	8.37818	0	0	0	0	0	0	0	0	0	0	0	0	0
00.000,00.000	26.7	0	-200	0	4.5	1599.57	657.52	506.757	260.853	105.571	42.9152	17.1658	8.78452	0	0	0	0	0	0	0	0	0	0	0	0	0
00.000,00.000	26.8	0	-200	0	4.5	1640.64	669.13	520.693	269.035	109.201	45.2226	17.2447	10.1182	0	0	0	0	0	0	0	0	0	0	0	0	0
00.000,00.000	26.9	0	-200	0	4.5	1664.32	675.863	528.622	273.773	111.302	46.6018	17.2986	10.8619	0	0	0	0	0	0	0	0	0	0	0	0	0
00.000,00.000	27	0	-200	0	4.5	1665.92	676.315	529.164	274.098	111.438	46.6952	17.3032	10.9105	0	0	0	0	0	0	0	0	0	0	0	0	0
00.000,00.000	27.1	0	-200	0	4.5	1677.75	679.606	533.193	276.55	112.437	47.3702	17.3449	11.2469	0	0	0	0	0	0	0	0	0	0	0	0	0
00.000,00.000	27.2	0	-200	0	4.5	1683.87	681.315	535.272	277.814	112.955	47.7212	17.3678	11.4199	0	0	0	0	0	0	0	0	0	0	0	0	0
00.000,00.000	27.3	0	-200	0	4.5	1685.16	681.675	535.713	278.089	113.065	47.7937	17.3734	11.4544	0	0	0	0	0	0	0	0	0	0	0	0	0
00.000,00.000	27.4	0	-200	0	4.5	1685.37	681.733	535.783	278.133	113.083	47.8053	17.3744	11.4599	0	0	0	0	0	0	0	0	0	0	0	0	0
00.000,00.000	27.5	0	-200	0	4.5	1742.1	697.468	554.909	290.361	117.901	50.3933	18.1883	12.8826	0	0	0	0	0	0	0	0	0	0	0	0	0
00.000,00.000	27.6	0	-200	0	4.5	1762.65	703.369	561.726	294.671	119.647	51.2444	18.5815	13.413	0	0	0	0	0	0	0	0	0	0	0	0	0
00.000,00.000	27.7	0	-200	0	4.5	1796.27	713.004	572.779	301.688	122.623	52.7393	19.2143	14.2258	0	0	0	0	0	0	0	0	0	0	0	0	0
00.000,00.000	27.8	0	-200	0	4.5	1868.24	733.952	596.428	316.357	129.078	55.8848	20.5853	15.9552	0	0	0	0	0	0	0	0	0	0	0	0	0
00.000,00.000	27.9	0	-200	0	4.5	1884.84	738.815	601.843	319.716	130.581	56.6295	20.9069	16.3507	0	0	0	0	0	0	0	0	0	0	0	0	0
00.000,00.000	28	0	-200	0	4.5	1885.94	739.137	602.196	319.941	130.684	56.6787	20.9281	16.3753	0	0	0	0	0	0	0	0	0	0	0	0	0
00.000,00.000	28.1	0	-200	0	4.5	1887.52	739.601	602.701	320.264	130.834	56.7496	20.9586	16.4096	0	0	0	0	0	0	0	0	0	0	0	0	0
00.000,00.000	28.2	0	-200	0	4.5	1889.01	740.039	603.174	320.57	130.978	56.8173	20.9876	16.4414	0	0	0	0	0	0	0	0	0	0	0	0	0
00.000,00.000	28.3	0	-200	0	4.5	1890.39	740.449	603.61	320.855	131.115	56.8812	21.0148	16.466	0.00436771	0	0	0	0	0	0	0	0	0	0	0	0
00.000,00.000	28.4	0	-200	0	4.5	1890.62	740.517	603.679	320.9	131.137	56.8917	21.0192	16.4667	0.0083518	0	0	0	0	0	0	0	0	0	0	0	0
00.000,00.000	28.5	0	-200	0	4.5	2005.55	774.407	639.448	344.01	142.867	62.7015	23.3296	17.1846	1.60087	0	0	0	0	0	0	0	0	0	0	0	0
00.000,00.000	28.6	0	-200	0	4.5	2060.92	790.641	656.539	355.167	148.611	65.5832	24.4664	17.1846	2.73008	0	0	0	0	0	0	0	0	0	0	0	0
00.000,00.000	28.7	0	-200	0	4.5	2108.76	804.835	670.998	364.914	153.54	68.1101	25.5076	17.1846	3.67017	0	0	0	0	0	0	0	0	0	0	0	0
00.000,00.000	28.8	0	-200	0	4.5	2148.8	816.765	682.971	373.067	157.688	70.2583	26.4148	17.1846	4.44725	0	0	0	0	0	0	0	0	0	0	0	0
00.000,00.000	28.9	0	-200	0	4.5	2153.68	818.213	684.423	374.052	158.204	70.5251	26.5338	17.1846	4.54168	0	0	0	0	0	0	0	0	0	0	0	0
00.000,00.000	29	0	-200	0	4.5	2167.49	822.405	688.459	376.833	159.646	71.2997	26.8657	17.1846	4.79642	0	0	0	0	0	0	0	0	0	0	0	0
00.000,00.000	29.1	0	-200	0	4.5	2207.69	834.731	699.981	385.023	163.823	73.5758	27.8457	17.1857	5.5262	0	0	0	0	0	0	0	0	0	0	0	0
00.000,00.000	29.2	0	-200	0	4.5	2235.36	843.199	707.777	390.716	166.738	75.1726	28.5431	17.1889	6.02606	0	0	0	0	0	0	0	0	0	0	0	0
00.000,00.000	29.3	0	-200	0	4.5	2258.16	850.198	714.131	395.408	169.169	76.5059	29.1277	17.1937	6.43005	0	0	0	0	0	0	0	0	0	0	0	0
00.000,00.000	29.4	0	-200	0	4.5	2332.92	873.346	734.64	410.981	177.012	80.8636	31.1158	17.2181	7.74508	0	0	0	0	0	0	0	0	0	0	0	0
00.000,00.000	29.5	0	-200	0	4.5	2372.38	885.529	745.329	419.501	180.894	83.217	32.2185	17.237	8.45072	0	0	0	0	0	0	0	0	0	0	0	0
00.000,00.000	29.6	0	-200	0	4.5	2395.53	892.654	751.467	424.548	183.256	84.6133	32.8747	17.2542	8.85934	0	0	0	0	0	0	0	0	0	0	0	0
00.000,00.000	29.7	0	-200	0	4.5	2418.35	899.819	757.445	429.452	185.58	85.9944	33.5308	17.2764	9.25349	0	0	0	0	0	0	0	0	0	0	0	0
00.000,00.000	29.8	0	-200	0	4.5	2493.15	923.157	776.937	445.497	193.296	90.6199	35.7317	17.3718	10.5388	0	0	0	0	0	0	0	0	0	0	0	0
00.000,00.000	29.9	0	-200	0	4.5	2508.14	927.946	780.7	448.754	194.757	91.6023	36.1824	17.3983	10.7997	0	0	0	0	0	0	0	0	0	0	0	0
00.000,00.000	30	0	-200	0	4.5	2509.69	928.444	781.091	449.083	194.912	91.7025	36.2226	17.4081	10.8256	0	0	0	0	0	0	0	0	0	0	0	0
00.000,00.000	30.1	0	-200	0	4.5	2553.82	942.669	792.188	458.429	199.319	94.5618	37.2727	17.8259	11.5547	0	0	0	0	0	0	0	0	0	0	0	0
00.000,00.000	30.2	0	-200	0	4.5	2585.72	953.017	800.12	465.273	202.378	96.6624	37.9703	18.2182	12.0825	0	0	0	0	0	0	0	0	0	0	0	0
00.000,00.000	30.3	0	-200	0	4.5	2610.22	961.012	806.188	470.46	204.764	98.2642	38.5215	18.5228	12.4821	0	0	0	0	0	0	0	0	0	0	0	0
00.000,00.000	30.4	0	-200	0	4.5	2715.99	993.449	833.282	493.257	215.343	105.456	41.0331	19.926	14.2444	0	0	0	0	0	0	0	0	0	0	0	0
00.000,00.000	30.5	0	-200	0	4.5	2765.11	1006.33	847.484	504.199	220.33	108.765	42.2699	20.6294	15.097	0	0	0	0	0	0	0	0	0	0	0	0
00.000,00.000	30.6	0	-200	0	4.5	2788.49	1012.18	854.357	509.384	222.783	110.411	42.8833	20.9859	15.5064	0	0	0	0	0	0	0	0	0	0	0	0
00.000,00.000	30.7	0	-200	0	4.5	2832.7	1023.6	866.762	519.132	227.474	113.602	44.0808	21.7675	16.2807	0	0	0	0	0	0	0	0	0	0	0	0
00.000,00.000	30.8	0	-200	0	4.5	2883.18	1036.88	880.032	530.474	232.974	117.382	45.5268	22.7237	17.1909	0	0	0	0	0	0	0	0	0	0	0	0
00.000,00.000	30.9	0	-200	0	4.5	2890.58	1038.9	881.836	532.189	233.794	117.907	45.7583	22.8737	17.3146	0.0151553	0	0	0	0	0	0	0	0	0	0	0
00.000,00.000	31	0	-200	0	4.5	2919.71	1046.9	889.188	538.608	236.918	120.119	46.662	23.4705	17.596	0.250839	0	0	0	0	0	0	0	0	0	0	0
00.000,00.000	31.1	0	-200	0	4.5	2956.22	1056.89	898.442	546.628	240.796	122.889	47.8196	24.2482	17.6801	0.818984	0	0	0	0	0	0	0	0	0	0	0
00.000,00.000	31.2	0	-200	0	4.5	2981.5	1063.93	904.812	552.088	243.486	124.799	48.6352	24.8018	17.6801	1.26502	0	0	0	0	0	0	0	0	0	0	0
00.000,00.000	31.3	0	-200	0	4.5	3004.32	1070.38	910.471	556.955	245.93	126.539	49.3841	25.3171	17.6857	1.66317	0	0	0	0	0	0	0	0	0	0	0
00.000,00.000	31.4	0	-200	0	4.5	3030.69	1077.82	916.963	562.517	248.795	128.557	50.2668	25.9316	17.7134	2.12037	0	0	0	0	0	0	0	0	0	0	0
00.000,00.000	31.5	0	-200	0	4.5	3054.71	1084.67	922.866	567.527	251.407	130.38	51.0723	26.5124	17.7411	2.53697	0	0	0	0	0	0	0	0	0	0	0
00.000,00.000	31.6	0	-200	0	4.5	3077.65	1091.17	928.523	572.286	253.857	132.146	51.8711	27.091	17.7679	2.93925	0	0	0	0	0	0	0	0	0	0	0
00.000,00.000	31.7	0	-200	0	4.5	3100.11	1097.7	934.055	576.85	256.189	133.857	52.6654	27.6699	17.7949	3.32813	0	0	0	0	0	0	0	0	0	0	0
00.000,00.000	31.8	0	-200	0	4.5	3163.89	1116.31	949.646	589.705	262.831	138.686	55.0107	29.3824	17.8704	4.44303	0	0	0	0	0	0	0	0	0	0	0
00.000,00.000	31.9	0	-200	0	4.5	3176.55	1120.07	952.78	592.116	264.208	139.572	55.4954	29.7384	17.8935	4.67101	0	0	0	0	0	0	0	0	0	0	0
00.000,00.000	32	0	-200	0	4.5	3178.17	1120.56	953.174	592.427	264.38	139.691	55.5581	29.7845	17.8958	4.69924	0	0	0	0	0	0	0	0	0	0	0
00.000,00.000	32.1	0	-200	0	4.5	3214.73	1131.73	962.005	599.278	268.238	142.359	56.9877	30.8465	17.9507	5.33207	0	0	0	0	0	0	0	0	0	0	0
00.000,00.000	32.2	0	-200	0	4.5	3242.89	1140.31	968.799	604.459	271.305	144.379	58.1164	31.697	18.0001	5.82846	0	0	0	0	0	0	0	0	0	0	0
00.000,00.000	32.3	0	-200	0	4.5	3265.45	1147.16	974.231	608.552	273.754	146.023	59.0481	32.3946	18.063	6.22424	0	0	0	0	0	0	0	0	0	0	0
00.000,00.000	32.4	0	-200	0	4.5	3333.74	1168.13	990.61	620.727	281.088	150.869	61.9772	34.632	18.2735	7.4273	0	0	0	0	0	0	0	0	0	0	0
00.000,00.000	32.5	0	-200	0	4.5	3371.08	1179.69	999.59	627.237	285.075	153.439	63.6342	35.9129	18.4118	8.09197	0	0	0	0	0	0	0	0	0	0	0
00.000,00.000	32.6	0	-200	0	4.5	3408	1190.99	1008.29	633.714	289.03	156.09	65.3477	37.2226	18.5504	8.75496	0	0	0	0	0	0	0	0	0	0	0
00.000,00.000	32.7	0	-200	0	4.5	3473.34	1210.84	1023.58	645.114	296.096	160.859	68.4665	39.6148	18.8231	9.94265	0	0	0	0	0	0	0	0	0	0	0
00.000,00.000	32.8	0	-200	0	4.5	3484.58	1214.37	1026.22	646.912	297.348	161.662	69.0094	39.9338	18.9793	10.1469	0	0	0	0	0	0	0	0	0	0	0
00.000,00.000	32.9	0	-200	0	4.5	3485.89	1214.79	1026.52	647.124	297.489	161.755	69.0722	39.9707	18.9976	10.17	0	0	0	0	0	0	0	0	0	0	0
00.000,00.000	33	0	-200	0	4.5	3530.71	1229.33	1036.74	654.267	302.307	164.865	71.2491	41.2997	19.6768	10.9717	0	0	0	0	0	0	0	0	0	0	0
00.000,00.000	33.1	0	-200	0	4.5	3560.96	1239.22	1043.62	659.012	305.576	166.863	72.7465	42.2347	20.1686	11.5207	0	0	0	0	0	0	0	0	0	0	0
00.000,00.000	33.2	0	-200	0	4.5	3582.8	1246.5	1048.47	662.336	307.94	168.327	73.8608	42.9274	20.5286	11.9156	0	0	0	0	0	0	0	0	0	0	0
00.000,00.000	33.3	0	-200	0	4.5	3604.57	1253.88	1053.24	665.598	310.224	169.784	74.9904	43.6384	20.9001	12.312	0	0	0	0	0	0	0	0	0	0	0
00.000,00.000	33.4	0	-200	0	4.5	3626.19	1261.32	1057.9	668.758	312.495	171.228	76.1237	44.366	21.2835	12.7087	0	0	0	0	0	0	0	0	0	0	0
00.000,00.000	33.5	0	-200	0	4.5	3647.58	1268.81	1062.48	671.776	314.756	172.604	77.2731	45.1109	21.6766	13.1058	0	0	0	0	0	0	0	0	0	0	0
00.000,00.000	33.6	0	-200	0	4.5	3706.3	1288.82	1074.88	679.984	321.162	176.511	80.5928	47.2858	22.8221	14.2407	0	0	0	0	0	0	0	0	0	0	0
00.000,00.000	33.7	0	-200	0	4.5	3718.05	1292.91	1077.34	681.581	322.451	177.244	81.2305	47.736	23.0817	14.4726	0	0	0	0	0	0	0	0	0	0	0
00.000,00.000	33.8	0	-200	0	4.5	3743	1301.91	1082.46	684.812	325.1	178.862	82.5815	48.7018	23.6281	14.9514	0	0	0	0	0	0	0	0	0	0	0
00.000,00.000	33.9	0	-200	0	4.5	3749.32	1304.22	1083.75	685.602	325.779	179.259	82.9178	48.9531	23.7718	15.0745	0	0	0	0	0	0	0	0	0	0	0
00.000,00.000	34	0	-200	0	4.5	3787.74	1318.52	1091.4	690.238	329.801	181.748	85.0457	50.5226	24.6542	15.8167	0	0	0	0	0	0	0	0	0	0	0
00.000,00.000	34.1	0	-200	0	4.5	3814.88	1328.75	1096.67	693.404	332.663	183.518	86.5672	51.6702	25.3	16.3503	0	0	0	0	0	0	0	0	0	0	0
00.000,00.000	34.2	0	-200	0	4.5	3834.99	1336.31	1100.51	695.701	334.805	184.85	87.7204	52.5509	25.7923	16.7487	0	0	0	0	0	0	0	0	0	0	0
00.000,00.000	34.3	0	-200	0	4.5	3854.97	1343.9	1104.27	697.905	336.922	186.186	88.8818	53.4556	26.3025	17.1484	0	0	0	0	0	0	0	0	0	0	0
00.000,00.000	34.4	0	-200	0	4.5	3874.83	1351.5	1107.93	700.035	339.01	187.524	90.0506	54.3833	26.8388	17.5485	0	0	0	0	0	0	0	0	0	0	0
00.000,00.000	34.5	0	-200	0	4.5	3894.51	1359.07	1111.51	702.103	341.064	188.861	91.2257	55.334	27.387	17.9492	0	0	0	0	0	0	0	0	0	0	0
00.000,00.000	34.6	0	-200	0	4.5	3932.96	1373.46	1118.44	706.156	345.118	191.573	93.5996	57.3187	28.5267	18.7232	0.0425063	0	0	0	0	0	0	0	0	0	0
00.000,00.000	34.7	0	-200	0	4.5	3967.14	1386.27	1124.52	709.713	348.691	193.995	95.7332	59.1463	29.5741	19.0682	0.43304	0	0	0	0	0	0	0	0	0	0
00.000,00.000	34.8	0	-200	0	4.5	3971.7	1388.02	1125.3	710.18	349.165	194.318	96.0054	59.3874	29.72	19.1177	0.48282	0	0	0	0	0	0	0	0	0	0
00.000,00.000	34.9	0	-200	0	4.5	3975.11	1389.37	1125.88	710.511	349.496	194.556	96.2097	59.5717	29.8304	19.117	0.561925	0	0	0	0	0	0	0	0	0	0
00.000,00.000	35	0	-200	0	4.5	4006.28	1401.72	1131.19	713.47	352.482	196.727	98.1278	61.3264	30.846	19.1831	1.20906	0	0	0	0	0	0	0	0	0	0
00.000,00.000	35.1	0	-200	0	4.5	4028.86	1410.71	1134.98	715.574	354.616	198.31	99.5188	62.6266	31.6052	19.2077	1.71583	0	0	0	0	0	0	0	0	0	0
00.000,00.000	35.2	0	-200	0	4.5	4047.05	1418.06	1137.98	717.192	356.295	199.588	100.654	63.7078	32.2318	19.2322	2.11694	0	0	0	0	0	0	0	0	0	0
00.000,00.000	35.3	0	-200	0	4.5	4065.19	1425.47	1140.93	718.766	357.926	200.854	101.793	64.7997	32.8736	19.2548	2.5204	0	0	0	0	0	0	0	0	0	0
00.000,00.000	35.4	0	-200	0	4.5	4083.21	1432.91	1143.8	720.291	359.497	202.123	102.932	65.9135	33.5402	19.2776	2.92435	0	0	0	0	0	0	0	0	0	0
00.000,00.000	35.5	0	-200	0	4.5	4101.05	1440.32	1146.61	721.76	361.017	203.386	104.07	67.0367	34.2226	19.3023	3.3289	0	0	0	0	0	0	0	0	0	0
00.000,00.000	35.6	0	-200	0	4.5	4137.07	1454.49	1152.3	724.738	364.148	206.032	106.558	69.5166	35.7257	19.3617	4.20636	0	0	0	0	0	0	0	0	0	0
00.000,00.000	35.7	0	-200	0	4.5	4146.64	1458.3	1153.78	725.53	364.961	206.675	107.232	70.1737	36.1383	19.4102	4.44329	0	0	0	0	0	0	0	0	0	0
00.000,00.000	35.8	0	-200	0	4.5	4164.34	1465.94	1156.36	726.851	366.33	207.857	108.397	71.4031	36.8749	19.4685	4.85882	0	0	0	0	0	0	0	0	0	0
00.000,00.000	35.9	0	-200	0	4.5	4168.44	1467.71	1156.96	727.162	366.639	208.112	108.673	71.6845	37.0514	19.4928	4.9567	0	0	0	0	0	0	0	0	0	0
00.000,00.000	36	0	-200	0	4.5	4193.81	1478.85	1160.55	728.972	368.458	209.809	110.33	73.5172	38.1662	19.5956	5.56445	0	0	0	0	0	0	0	0	0	0
00.000,00.000	36.1	0	-200	0	4.5	4213.99	1487.87	1163.34	730.392	369.844	211.083	111.652	74.9926	39.0754	19.6963	6.05361	0	0	0	0	0	0	0	0	0	0
00.000,00.000	36.2	0	-200	0	4.5	4230.56	1495.41	1165.56	731.505	370.908	212.236	112.612	76.2513	39.8394	19.7792	6.45854	0	0	0	0	0	0	0	0	0	0
00.000,00.000	36.3	0	-200	0	4.5	4247.05	1503.01	1167.73	732.566	371.929	213.342	113.599	77.523	40.6189	19.869	6.86542	0	0	0	0	0	0	0	0	0	0
00.000,00.000	36.4	0	-200	0	4.5	4263.35	1510.66	1169.81	733.575	372.889	214.417	114.58	78.7762	41.409	19.9647	7.2726	0	0	0	0	0	0	0	0	0	0
00.000,00.000	36.5	0	-200	0	4.5	4279.5	1518.28	1171.82	734.538	373.796	215.457	115.553	80.0978	42.1904	20.0783	7.68488	0	0	0	0	0	0	0	0	0	0
00.000,00.000	36.6	0	-200	0	4.5	4309.95	1531.85	1175.67	736.346	375.544	217.439	117.519	82.8586	43.8531	20.3302	8.53931	0	0	0	0	0	0	0	0	0	0
00.000,00.000	36.7	0	-200	0	4.5	4331.58	1541.92	1178.3	737.545	376.692	218.728	118.887	84.7838	44.7578	20.8286	9.1401	0	0	0	0	0	0	0	0	0	0
00.000,00.000	36.8	0	-200	0	4.5	4333.98	1543.07	1178.59	737.674	376.807	218.861	119.032	84.9924	44.8574	20.8911	9.20664	0	0	0	0	0	0	0	0	0	0
00.000,00.000	36.9	0	-200	0	4.5	4340.85	1546.68	1179.32	737.992	377.102	219.219	119.416	85.5647	45.1249	21.0448	9.3795	0	0	0	0	0	0	0	0	0	0
00.000,00.000	37	0	-200	0	4.5	4368.11	1560.47	1182.31	739.273	378.282	220.701	121.009	87.9639	46.2762	21.7173	10.1079	0	0	0	0	0	0	0	0	0	0
00.000,00.000	37.1	0	-200	0	4.5	4385.09	1569.13	1184.14	740.049	378.978	221.609	122	89.4616	46.9901	22.1621	10.5676	0	0	0	0	0	0	0	0	0	0
00.000,00.000	37.2	0	-200	0	4.5	4399.31	1576.47	1185.61	740.677	379.534	222.355	122.838	90.7134	47.604	22.5559	10.9508	0	0	0	0	0	0	0	0	0	0
00.000,00.000	37.3	0	-200	0	4.5	4414.17	1584.2	1187.1	741.337	380.078	223.131	123.699	92.0342	48.2653	23.0349	11.2908	0	0	0	0	0	0	0	0	0	0
00.000,00.000	37.4	0	-200	0	4.5	4428.72	1591.9	1188.52	741.993	380.583	223.897	124.538	93.3635	48.9362	23.5264	11.459	0	0	0	0	0	0	0	0	0	0
00.000,00.000	37.5	0	-200	0	4.5	4443.24	1599.56	1189.94	742.632	381.054	224.649	125.378	94.7136	49.6286	24.0309	11.6564	0	0	0	0	0	0	0	0	0	0
00.000,00.000	37.6	0	-200	0	4.5	4468.78	1611.31	1192.66	743.843	381.944	226.13	127.106	97.5229	51.1022	25.1026	12.0627	0	0	0	0	0	0	0	0	0	0
00.000,00.000	37.7	0	-200	0	4.5	4497.03	1625.76	1195.3	744.995	382.77	227.593	128.848	100.391	52.6462	26.2228	12.506	0	0	0	0	0	0	0	0	0	0
00.000,00.000	37.8	0	-200	0	4.5	4500.49	1627.25	1195.68	745.161	382.878	227.801	129.09	100.79	52.874	26.3923	12.581	0	0	0	0	0	0	0	0	0	0
00.000,00.000	37.9	0	-200	0	4.5	4508.22	1631.7	1196.32	745.417	383.047	228.119	129.502	101.476	53.2637	26.6652	12.7065	0	0	0	0	0	0	0	0	0	0
00.000,00.000	38	0	-200	0	4.5	4535.26	1646.34	1198.71	746.365	383.648	229.252	131.081	104.104	54.7875	27.7461	13.2207	0	0	0	0	0	0	0	0	0	0
00.000,00.000	38.1	0	-200	0	4.5	4550.7	1654.54	1200.12	746.897	384.048	229.883	131.985	105.613	55.6896	28.3897	13.5353	0	0	0	0	0	0	0	0	0	0
00.000,00.000	38.2	0	-200	0	4.5	4562.44	1660.95	1201.14	747.269	384.319	230.334	132.656	106.735	56.3767	28.8696	13.7835	0	0	0	0	0	0	0	0	0	0
00.000,00.000	38.3	0	-200	0	4.5	4576.11	1668.49	1202.28	747.682	384.608	230.838	133.436	108.04	57.1993	29.4393	14.0977	0	0	0	0	0	0	0	0	0	0
00.000,00.000	38.4	0	-200	0	4.5	4589.7	1675.99	1203.41	748.073	384.869	231.322	134.208	109.337	58.0417	30.0173	14.4314	0	0	0	0	0	0	0	0	0	0
00.000,00.000	38.5	0	-200	0	4.5	4602.91	1683.25	1204.5	748.435	385.1	231.797	134.961	110.613	58.8976	30.5986	14.7632	0	0	0	0	0	0	0	0	0	0
00.000,00.000	38.6	0	-200	0	4.5	4626.06	1693.09	1206.8	749.17	385.565	232.858	136.648	113.518	60.9174	31.959	15.5251	0	0	0	0	0	0	0	0	0	0
00.000,00.000	38.7	0	-200	0	4.5	4652.66	1703.75	1209.53	749.998	386.075	234.099	138.673	116.945	63.438	33.6501	16.4991	0	0	0	0	0	0	0	0	0	0
00.000,00.000	38.8	0	-200	0	4.5	4656.76	1705.74	1209.91	750.111	386.141	234.265	138.945	117.374	63.7692	33.8867	16.6174	0	0	0	0	0	0	0	0	0	0
00.000,00.000	38.9	0	-200	0	4.5	4690.87	1724.13	1212.84	750.869	386.613	235.42	140.928	120.575	66.3047	35.6719	17.5183	0	0	0	0	0	0	0	0	0	0
00.000,00.000	39	0	-200	0	4.5	4706.5	1732.29	1214.26	751.229	386.849	235.964	141.876	122.037	67.4745	36.5494	17.9717	0	0	0	0	0	0	0	0	0	0
00.000,00.000	39.1	0	-200	0	4.5	4716.03	1737.53	1215.06	751.424	386.972	236.262	142.414	122.876	68.1966	37.0681	18.2066	0.0247356	0	0	0	0	0	0	0	0	0
00.000,00.000	39.2	0	-200	0	4.5	4728.31	1744.3	1216.1	751.659	387.115	236.626	143.092	123.932	69.1441	37.7463	18.4294	0.161072	0	0	0	0	0	0	0	0	0
00.000,00.000	39.3	0	-200	0	4.5	4740.25	1750.81	1217.16	751.88	387.244	236.972	143.753	124.955	70.1038	38.432	18.634	0.311913	0	0	0	0	0	0	0	0	0
00.000,00.000	39.4	0	-200	0	4.5	4751.6	1757.11	1218.13	752.073	387.352	237.278	144.361	125.901	71.0267	39.0881	18.8242	0.454774	0	0	0	0	0	0	0	0	0
00.000,00.000	39.5	0	-200	0	4.5	4763.33	1763.39	1219.27	752.265	387.455	237.588	144.994	126.86	72.0725	39.8046	19.0187	0.615265	0	0	0	0	0	0	0	0	0
00.000,00.000	39.6	0	-200	0	4.5	4776.25	1768.39	1220.9	752.516	387.584	238.01	145.898	128.264	73.633	40.884	19.322	0.849523	0	0	0	0	0	0	0	0	0
00.000,00.000	39.7	0	-200	0	4.5	4810.64	1780.5	1225.41	753.151	387.908	239.124	148.397	132.203	78.1446	44.0193	20.28	1.50742	0	0	0	0	0	0	0	0	0
00.000,00.000	39.8	0	-200	0	4.5	4817.3	1782.99	1226.45	753.266	387.965	239.323	148.84	132.876	78.9164	44.5905	20.4633	1.62515	0	0	0	0	0	0	0	0	0
00.000,00.000	39.9	0	-200	0	4.5	4849.24	1797.85	1231.12	753.675	388.158	240.034	150.537	135.597	82.0673	46.9252	21.1919	2.0815	0	0	0	0	0	0	0	0	0
00.000,00.000	40	0	-200	0	4.5	4864.44	1803.67	1234.2	753.877	388.252	240.387	151.396	136.969	83.6514	48.0664	21.6461	2.3142	0	0	0	0	0	0	0	0	0
00.000,00.000	40.1	0	-200	0	4.5	4872.51	1806.66	1236.01	753.975	388.295	240.561	151.834	137.679	84.5013	48.5696	21.9912	2.43378	0	0	0	0	0	0	0	0	0
00.000,00.000	40.2	0	-200	0	4.5	4882.98	1810.49	1238.46	754.093	388.344	240.773	152.382	138.579	85.6061	49.2185	22.4496	2.58508	0	0	0	0	0	0	0	0	0
00.000,00.000	40.3	0	-200	0	4.5	4892.97	1814.03	1240.91	754.197	388.385	240.964	152.894	139.433	86.6732	49.8346	22.9128	2.72844	0	0	0	0	0	0	0	0	0
00.000,00.000	40.4	0	-200	0	4.5	4902.23	1817.29	1243.3	754.286	388.418	241.129	153.35	140.204	87.6551	50.4063	23.3421	2.85735	0	0	0	0	0	0	0	0	0
00.000,00.000	40.5	0	-200	0	4.5	4912.11	1820.54	1245.98	754.375	388.449	241.299	153.835	141.039	88.7362	51.047	23.8156	2.99644	0	0	0	0	0	0	0	0	0
00.000,00.000	40.6	0	-200	0	4.5	4922.49	1823.02	1248.36	754.481	388.483	241.518	154.499	142.203	90.2681	51.972	24.4884	3.19036	0	0	0	0	0	0	0	0	0
00.000,00.000	40.7	0	-200	0	4.5	4958.06	1833.65	1256.16	754.749	388.559	242.131	156.456	145.852	95.0786	54.9753	26.6445	3.80038	0	0	0	0	0	0	0	0	0
00.000,00.000	40.8	0	-200	0	4.5	4964.52	1835.03	1258.1	754.799	388.573	242.279	156.754	146.533	95.9823	55.5095	27.0509	3.91401	0	0	0	0	0	0	0	0	0
00.000,00.000	40.9	0	-200	0	4.5	4964.82	1835.09	1258.19	754.801	388.574	242.285	156.77	146.565	96.0247	55.5369	27.0701	3.9192	0	0	0	0	0	0	0	0	0
00.000,00.000	41	0	-200	0	4.5	4985.67	1839.98	1264.36	754.923	388.596	242.688	157.754	148.607	98.7919	57.3847	28.3346	4.25413	0	0	0	0	0	0	0	0	0
00.000,00.000	41.1	0	-200	0	4.5	4998.27	1842.6	1267.96	754.997	388.61	242.937	158.375	149.932	100.577	58.6104	29.1981	4.47078	0	0	0	0	0	0	0	0	0
00.000,00.000	41.2	0	-200	0	4.5	5004.7	1843.82	1270.03	755.03	388.615	243.05	158.671	150.58	101.465	59.237	29.627	4.57597	0	0	0	0	0	0	0	0	0
00.000,00.000	41.3	0	-200	0	4.5	5012.77	1845.52	1272.24	755.068	388.618	243.191	159.051	151.432	102.642	60.0982	30.1998	4.71325	0	0	0	0	0	0	0	0	0
00.000,00.000	41.4	0	-200	0	4.5	5025.87	1848.12	1276.19	755.121	388.622	243.391	159.888	152.715	104.373	61.453	31.0812	4.91989	0	0	0	0	0	0	0	0	0
00.000,00.000	41.5	0	-200	0	4.5	5028.54	1848.61	1276.98	755.132	388.622	243.43	160.135	152.974	104.698	61.7342	31.2616	4.96163	0	0	0	0	0	0	0	0	0
00.000,00.000	41.6	0	-200	0	4.5	5061.58	1853.59	1285.53	755.232	388.626	243.858	162.901	156.725	109.662	65.9257	33.9777	5.55911	0	0	0	0	0	0	0	0	0
00.000,00.000	41.7	0	-200	0	4.5	5069.43	1854.81	1287.84	755.255	388.627	243.965	163.543	157.573	110.741	66.7454	34.6096	5.7178	0	0	0	0	0	0	0	0	0
00.000,00.000	41.8	0	-200	0	4.5	5086.76	1858.11	1292.31	755.29	388.628	244.115	164.893	159.393	113.14	68.8202	36.0091	6.05891	0	0	0	0	0	0	0	0	0
00.000,00.000	41.9	0	-200	0	4.5	5091.21	1858.9	1293.41	755.299	388.628	244.168	165.256	159.885	113.775	69.3432	36.3892	6.15077	0	0	0	0	0	0	0	0	0
00.000,00.000	42	0	-200	0	4.5	5107.61	1861.45	1297.46	755.323	388.629	244.371	166.574	161.699	116.183	71.5852	37.8348	6.49019	0	0	0	0	0	0	0	0	0