
label	time(d)	x	depth	z	radius	total	0-10	10-20	20-30	30-40	40-50	50-60	60-70	70-80	80-90	90-100	100-110	110-120	120-130	130-140	140-150	150-160	160-170	170-180	180-190	190-200
05.500,00.000	0	5.5	-200	0	4.5	0	0	0	0	0	0	0	0	0	0	0	0	0	0	0	0	0	0	0	0	0
05.500,00.000	0.1	5.5	-200	0	4.5	0	0	0	0	0	0	0	0	0	0	0	0	0	0	0	0	0	0	0	0	0
05.500,00.000	0.2	5.5	-200	0	4.5	0	0	0	0	0	0	0	0	0	0	0	0	0	0	0	0	0	0	0	0	0
05.500,00.000	0.3	5.5	-200	0	4.5	0	0	0	0	0	0	0	0	0	0	0	0	0	0	0	0	0	0	0	0	0
05.500,00.000	0.4	5.5	-200	0	4.5	0	0	0	0	0	0	0	0	0	0	0	0	0	0	0	0	0	0	0	0	0
05.500,00.000	0.5	5.5	-200	0	4.5	0	0	0	0	0	0	0	0	0	0	0	0	0	0	0	0	0	0	0	0	0
05.500,00.000	0.6	5.5	-200	0	4.5	0	0	0	0	0	0	0	0	0	0	0	0	0	0	0	0	0	0	0	0	0
05.500,00.000	0.7	5.5	-200	0	4.5	0	0	0	0	0	0	0	0	0	0	0	0	0	0	0	0	0	0	0	0	0
05.500,00.000	0.8	5.5	-200	0	4.5	0	0	0	0	0	0	0	0	0	0	0	0	0	0	0	0	0	0	0	0	0
05.500,00.000	0.9	5.5	-200	0	4.5	0	0	0	0	0	0	0	0	0	0	0	0	0	0	0	0	0	0	0	0	0
05.500,00.000	1	5.5	-200	0	4.5	0	0	0	0	0	0	0	0	0	0	0	0	0	0	0	0	0	0	0	0	0
05.500,00.000	1.1	5.5	-200	0	4.5	0	0	0	0	0	0	0	0	0	0	0	0	0	0	0	0	0	0	0	0	0
05.500,00.000	1.2	5.5	-200	0	4.5	0	0	0	0	0	0	0	0	0	0	0	0	0	0	0	0	0	0	0	0	0
05.500,00.000	1.3	5.5	-200	0	4.5	0	0	0	0	0	0	0	0	0	0	0	0	0	0	0	0	0	0	0	0	0
05.500,00.000	1.4	5.5	-200	0	4.5	0	0	0	0	0	0	0	0	0	0	0	0	0	0	0	0	0	0	0	0	0
05.500,00.000	1.5	5.5	-200	0	4.5	0	0	0	0	0	0	0	0	0	0	0	0	0	0	0	0	0	0	0	0	0
05.500,00.000	1.6	5.5	-200	0	4.5	0	0	0	0	0	0	0	0	0	0	0	0	0	0	0	0	0	0	0	0	0
05.500,00.000	1.7	5.5	-200	0	4.5	0	0	0	0	0	0	0	0	0	0	0	0	0	0	0	0	0	0	0	0	0
05.500,00.000	1.8	5.5	-200	0	4.5	0	0	0	0	0	0	0	0	0	0	0	0	0	0	0	0	0	0	0	0	0
05.500,00.000	1.9	5.5	-200	0	4.5	0	0	0	0	0	0	0	0	0	0	0	0	0	0	0	0	0	0	0	0	0
05.500,00.000	2	5.5	-200	0	4.5	0	0	0	0	0	0	0	0	0	0	0	0	0	0	0	0	0	0	0	0	0
05.500,00.000	2.1	5.5	-200	0	4.5	0	0	0	0	0	0	0	0	0	0	0	0	0	0	0	0	0	0	0	0	0
05.500,00.000	2.2	5.5	-200	0	4.5	0	0	0	0	0	0	0	0	0	0	0	0	0	0	0	0	0	0	0	0	0
05.500,00.000	2.3	5.5	-200	0	4.5	0	0	0	0	0	0	0	0	0	0	0	0	0	0	0	0	0	0	0	0	0
05.500,00.000	2.4	5.5	-200	0	4.5	0	0	0	0	0	0	0	0	0	0	0	0	0	0	0	0	0	0	0	0	0
05.500,00.000	2.5	5.5	-200	0	4.5	0	0	0	0	0	0	0	0	0	0	0	0	0	0	0	0	0	0	0	0	0
05.500,00.000	2.6	5.5	-200	0	4.5	0	0	0	0	0	0	0	0	0	0	0	0	0	0	0	0	0	0	0	0	0
05.500,00.000	2.7	5.5	-200	0	4.5	0	0	0	0	0	0	0	0	0	0	0	0	0	0	0	0	0	0	0	0	0
05.500,00.000	2.8	5.5	-200	0	4.5	0	0	0	0	0	0	0	0	0	0	0	0	0	0	0	0	0	0	0	0	0
05.500,00.000	2.9	5.5	-200	0	4.5	0	0	0	0	0	0	0	0	0	0	0	0	0	0	0	0	0	0	0	0	0
05.500,00.000	3	5.5	-200	0	4.5	0	0	0	0	0	0	0	0	0	0	0	0	0	0	0	0	0	0	0	0	0
05.500,00.000	3.1	5.5	-200	0	4.5	0	0	0	0	0	0	0	0	0	0	0	0	0	0	0	0	0	0	0	0	0
05.500,00.000	3.2	5.5	-200	0	4.5	0	0	0	0	0	0	0	0	0	0	0	0	0	0	0	0	0	0	0	0	0
05.500,00.000	3.3	5.5	-200	0	4.5	0	0	0	0	0	0	0	0	0	0	0	0	0	0	0	0	0	0	0	0	0
05.500,00.000	3.4	5.5	-200	0	4.5	0.135365	0.135365	0	0	0	0	0	0	0	0	0	0	0	0	0	0	0	0	0	0	0
05.500,00.000	3.5	5.5	-200	0	4.5	0.401472	0.401472	0	0	0	0	0	0	0	0	0	0	0	0	0	0	0	0	0	0	0
05.500,00.000	3.6	5.5	-200	0	4.5	0.66314	0.66314	0	0	0	0	0	0	0	0	0	0	0	0	0	0	0	0	0	0	0
05.500,00.000	3.7	5.5	-200	0	4.5	0.921625	0.921625	0	0	0	0	0	0	0	0	0	0	0	0	0	0	0	0	0	0	0
05.500,00.000	3.8	5.5	-200	0	4.5	1.17862	1.17862	0	0	0	0	0	0	0	0	0	0	0	0	0	0	0	0	0	0	0
05.500,00.000	3.9	5.5	-200	0	4.5	1.43631	1.43631	0	0	0	0	0	0	0	0	0	0	0	0	0	0	0	0	0	0	0
05.500,00.000	4	5.5	-200	0	4.5	1.69699	1.69699	0	0	0	0	0	0	0	0	0	0	0	0	0	0	0	0	0	0	0
05.500,00.000	4.1	5.5	-200	0	4.5	1.95974	1.95974	0	0	0	0	0	0	0	0	0	0	0	0	0	0	0	0	0	0	0
05.500,00.000	4.2	5.5	-200	0	4.5	2.22425	2.22425	0	0	0	0	0	0	0	0	0	0	0	0	0	0	0	0	0	0	0
05.500,00.000	4.3	5.5	-200	0	4.5	2.49021	2.49021	0	0	0	0	0	0	0	0	0	0	0	0	0	0	0	0	0	0	0
05.500,00.000	4.4	5.5	-200	0	4.5	2.75672	2.75672	0	0	0	0	0	0	0	0	0	0	0	0	0	0	0	0	0	0	0
05.500,00.000	4.5	5.5	-200	0	4.5	3.02094	3.02094	0	0	0	0	0	0	0	0	0	0	0	0	0	0	0	0	0	0	0
05.500,00.000	4.6	5.5	-200	0	4.5	3.28241	3.28241	0	0	0	0	0	0	0	0	0	0	0	0	0	0	0	0	0	0	0
05.500,00.000	4.7	5.5	-200	0	4.5	3.54141	3.54141	0	0	0	0	0	0	0	0	0	0	0	0	0	0	0	0	0	0	0
05.500,00.000	4.8	5.5	-200	0	4.5	3.79899	3.79899	0	0	0	0	0	0	0	0	0	0	0	0	0	0	0	0	0	0	0
05.500,00.000	4.9	5.5	-200	0	4.5	4.05604	4.05604	0	0	0	0	0	0	0	0	0	0	0	0	0	0	0	0	0	0	0
05.500,00.000	5	5.5	-200	0	4.5	4.3121	4.094	0.218098	0	0	0	0	0	0	0	0	0	0	0	0	0	0	0	0	0	0
05.500,00.000	5.1	5.5	-200	0	4.5	4.56745	4.094	0.473447	0	0	0	0	0	0	0	0	0	0	0	0	0	0	0	0	0	0
05.500,00.000	5.2	5.5	-200	0	4.5	4.82345	4.094	0.729446	0	0	0	0	0	0	0	0	0	0	0	0	0	0	0	0	0	0
05.500,00.000	5.3	5.5	-200	0	4.5	5.08057	4.094	0.986567	0	0	0	0	0	0	0	0	0	0	0	0	0	0	0	0	0	0
05.500,00.000	5.4	5.5	-200	0	4.5	5.33902	4.094	1.24502	0	0	0	0	0	0	0	0	0	0	0	0	0	0	0	0	0	0
05.500,00.000	5.5	5.5	-200	0	4.5	5.59705	4.094	1.50305	0	0	0	0	0	0	0	0	0	0	0	0	0	0	0	0	0	0
05.500,00.000	5.6	5.5	-200	0	4.5	5.85438	4.094	1.76038	0	0	0	0	0	0	0	0	0	0	0	0	0	0	0	0	0	0
05.500,00.000	5.7	5.5	-200	0	4.5	6.11028	4.094	2.01627	0	0	0	0	0	0	0	0	0	0	0	0	0	0	0	0	0	0
05.500,00.000	5.8	5.5	-200	0	4.5	6.36559	4.094	2.27159	0	0	0	0	0	0	0	0	0	0	0	0	0	0	0	0	0	0
05.500,00.000	5.9	5.5	-200	0	4.5	6.62025	4.094	2.52624	0	0	0	0	0	0	0	0	0	0	0	0	0	0	0	0	0	0
05.500,00.000	6	5.5	-200	0	4.5	6.87438	4.094	2.78038	0	0	0	0	0	0	0	0	0	0	0	0	0	0	0	0	0	0
05.500,00.000	6.1	5.5	-200	0	4.5	7.12889	4.094	3.03488	0	0	0	0	0	0	0	0	0	0	0	0	0	0	0	0	0	0
05.500,00.000	6.2	5.5	-200	0	4.5	7.32988	4.094	3.23588	0	0	0	0	0	0	0	0	0	0	0	0	0	0	0	0	0	0
05.500,00.000	6.3	5.5	-200	0	4.5	7.3544	4.094	3.2604	0	0	0	0	0	0	0	0	0	0	0	0	0	0	0	0	0	0
05.500,00.000	6.4	5.5	-200	0	4.5	7.3544	4.094	3.2604	0	0	0	0	0	0	0	0	0	0	0	0	0	0	0	0	0	0
05.500,00.000	6.5	5.5	-200	0	4.5	7.3544	4.094	3.2604	0	0	0	0	0	0	0	0	0	0	0	0	0	0	0	0	0	0
05.500,00.000	6.6	5.5	-200	0	4.5	7.3544	4.094	3.2604	0	0	0	0	0	0	0	0	0	0	0	0	0	0	0	0	0	0
05.500,00.000	6.7	5.5	-200	0	4.5	7.3544	4.094	3.2604	0	0	0	0	0	0	0	0	0	0	0	0	0	0	0	0	0	0
05.500,00.000	6.8	5.5	-200	0	4.5	7.3544	4.094	3.2604	0	0	0	0	0	0	0	0	0	0	0	0	0	0	0	0	0	0
05.500,00.000	6.9	5.5	-200	0	4.5	7.3544	4.094	3.2604	0	0	0	0	0	0	0	0	0	0	0	0	0	0	0	0	0	0
05.500,00.000	7	5.5	-200	0	4.5	7.3544	4.094	3.2604	0	0	0	0	0	0	0	0	0	0	0	0	0	0	0	0	0	0
05.500,00.000	7.1	5.5	-200	0	4.5	7.3544	4.094	3.2604	0	0	0	0	0	0	0	0	0	0	0	0	0	0	0	0	0	0
05.500,00.000	7.2	5.5	-200	0	4.5	7.3544	4.094	3.2604	0	0	0	0	0	0	0	0	0	0	0	0	0	0	0	0	0	0
05.500,00.000	7.3	5.5	-200	0	4.5	7.3544	4.094	3.2604	0	0	0	0	0	0	0	0	0	0	0	0	0	0	0	0	0	0
05.500,00.000	7.4	5.5	-200	0	4.5	7.3544	4.094	3.2604	0	0	0	0	0	0	0	0	0	0	0	0	0	0	0	0	0	0
05.500,00.000	7.5	5.5	-200	0	4.5	7.3544	4.094	3.2604	0	0	0	0	0	0	0	0	0	0	0	0	0	0	0	0	0	0
05.500,00.000	7.6	5.5	-200	0	4.5	7.3544	4.094	3.2604	0	0	0	0	0	0	0	0	0	0	0	0	0	0	0	0	0	0
05.500,00.000	7.7	5.5	-200	0	4.5	7.3546	4.0942	3.2604	0	0	0	0	0	0	0	0	0	0	0	0	0	0	0	0	0	0
05.500,00.000	7.8	5.5	-200	0	4.5	7.35674	4.09635	3.2604	0	0	0	0	0	0	0	0	0	0	0	0	0	0	0	0	0	0
05.500,00.000	7.9	5.5	-200	0	4.5	7.35979	4.09939	3.2604	0	0	0	0	0	0	0	0	0	0	0	0	0	0	0	0	0	0
05.500,00.000	8	5.5	-200	0	4.5	7.36501	4.10461	3.2604	0	0	0	0	0	0	0	0	0	0	0	0	0	0	0	0	0	0
05.500,00.000	8.1	5.5	-200	0	4.5	7.37239	4.11199	3.2604	0	0	0	0	0	0	0	0	0	0	0	0	0	0	0	0	0	0
05.500,00.000	8.2	5.5	-200	0	4.5	7.38342	4.12303	3.2604	0	0	0	0	0	0	0	0	0	0	0	0	0	0	0	0	0	0
05.500,00.000	8.3	5.5	-200	0	4.5	7.40095	4.14055	3.2604	0	0	0	0	0	0	0	0	0	0	0	0	0	0	0	0	0	0
05.500,00.000	8.4	5.5	-200	0	4.5	7.42654	4.16614	3.2604	0	0	0	0	0	0	0	0	0	0	0	0	0	0	0	0	0	0
05.500,00.000	8.5	5.5	-200	0	4.5	7.45396	4.19357	3.2604	0	0	0	0	0	0	0	0	0	0	0	0	0	0	0	0	0	0
05.500,00.000	8.6	5.5	-200	0	4.5	7.48083	4.22043	3.2604	0	0	0	0	0	0	0	0	0	0	0	0	0	0	0	0	0	0
05.500,00.000	8.7	5.5	-200	0	4.5	7.51234	4.25195	3.2604	0	0	0	0	0	0	0	0	0	0	0	0	0	0	0	0	0	0
05.500,00.000	8.8	5.5	-200	0	4.5	7.54879	4.28839	3.2604	0	0	0	0	0	0	0	0	0	0	0	0	0	0	0	0	0	0
05.500,00.000	8.9	5.5	-200	0	4.5	7.59172	4.33132	3.2604	0	0	0	0	0	0	0	0	0	0	0	0	0	0	0	0	0	0
05.500,00.000	9	5.5	-200	0	4.5	7.64194	4.38155	3.2604	0	0	0	0	0	0	0	0	0	0	0	0	0	0	0	0	0	0
05.500,00.000	9.1	5.5	-200	0	4.5	7.69869	4.43829	3.2604	0	0	0	0	0	0	0	0	0	0	0	0	0	0	0	0	0	0
05.500,00.000	9.2	5.5	-200	0	4.5	7.76312	4.50272	3.2604	0	0	0	0	0	0	0	0	0	0	0	0	0	0	0	0	0	0
05.500,00.000	9.3	5.5	-200	0	4.5	7.83549	4.57476	3.26073	0	0	0	0	0	0	0	0	0	0	0	0	0	0	0	0	0	0
05.500,00.000	9.4	5.5	-200	0	4.5	7.91641	4.65344	3.26297	0	0	0	0	0	0	0	0	0	0	0	0	0	0	0	0	0	0
05.500,00.000	9.5	5.5	-200	0	4.5	8.00614	4.73756	3.26859	0	0	0	0	0	0	0	0	0	0	0	0	0	0	0	0	0	0
05.500,00.000	9.6	5.5	-200	0	4.5	8.1047	4.82701	3.27769	0	0	0	0	0	0	0	0	0	0	0	0	0	0	0	0	0	0
05.500,00.000	9.7	5.5	-200	0	4.5	8.21209	4.92164	3.29044	0	0	0	0	0	0	0	0	0	0	0	0	0	0	0	0	0	0
05.500,00.000	9.8	5.5	-200	0	4.5	8.32946	5.02161	3.30785	0	0	0	0	0	0	0	0	0	0	0	0	0	0	0	0	0	0
05.500,00.000	9.9	5.5	-200	0	4.5	8.45934	5.12795	3.33138	0	0	0	0	0	0	0	0	0	0	0	0	0	0	0	0	0	0
05.500,00.000	10	5.5	-200	0	4.5	8.60125	5.24105	3.3602	0	0	0	0	0	0	0	0	0	0	0	0	0	0	0	0	0	0
05.500,00.000	10.1	5.5	-200	0	4.5	8.75685	5.36076	3.39609	0	0	0	0	0	0	0	0	0	0	0	0	0	0	0	0	0	0
05.500,00.000	10.2	5.5	-200	0	4.5	8.92567	5.4965	3.42918	0	0	0	0	0	0	0	0	0	0	0	0	0	0	0	0	0	0
05.500,00.000	10.3	5.5	-200	0	4.5	9.10694	5.63987	3.46707	0	0	0	0	0	0	0	0	0	0	0	0	0	0	0	0	0	0
05.500,00.000	10.4	5.5	-200	0	4.5	9.30138	5.78724	3.51413	0	0	0	0	0	0	0	0	0	0	0	0	0	0	0	0	0	0
05.500,00.000	10.5	5.5	-200	0	4.5	9.50494	5.93816	3.56678	0	0	0	0	0	0	0	0	0	0	0	0	0	0	0	0	0	0
05.500,00.000	10.6	5.5	-200	0	4.5	9.71771	6.09275	3.62495	0	0	0	0	0	0	0	0	0	0	0	0	0	0	0	0	0	0
05.500,00.000	10.7	5.5	-200	0	4.5	9.93952	6.25194	3.68758	0	0	0	0	0	0	0	0	0	0	0	0	0	0	0	0	0	0
05.500,00.000	10.8	5.5	-200	0	4.5	10.1711	6.4152	3.7559	0	0	0	0	0	0	0	0	0	0	0	0	0	0	0	0	0	0
05.500,00.000	10.9	5.5	-200	0	4.5	10.4156	6.58521	3.83036	0	0	0	0	0	0	0	0	0	0	0	0	0	0	0	0	0	0
05.500,00.000	11	5.5	-200	0	4.5	10.6765	6.76216	3.91434	0	0	0	0	0	0	0	0	0	0	0	0	0	0	0	0	0	0
05.500,00.000	11.1	5.5	-200	0	4.5	10.9511	6.94746	4.0036	0	0	0	0	0	0	0	0	0	0	0	0	0	0	0	0	0	0
05.500,00.000	11.2	5.5	-200	0	4.5	11.2414	7.14199	4.09943	0	0	0	0	0	0	0	0	0	0	0	0	0	0	0	0	0	0
05.500,00.000	11.3	5.5	-200	0	4.5	11.5472	7.34543	4.20172	0	0	0	0	0	0	0	0	0	0	0	0	0	0	0	0	0	0
05.500,00.000	11.4	5.5	-200	0	4.5	11.8662	7.55771	4.30848	0	0	0	0	0	0	0	0	0	0	0	0	0	0	0	0	0	0
05.500,00.000	11.5	5.5	-200	0	4.5	12.1911	7.77346	4.41764	0	0	0	0	0	0	0	0	0	0	0	0	0	0	0	0	0	0
05.500,00.000	11.6	5.5	-200	0	4.5	12.521	7.99304	4.52798	0	0	0	0	0	0	0	0	0	0	0	0	0	0	0	0	0	0
05.500,00.000	11.7	5.5	-200	0	4.5	12.8674	8.22549	4.64195	0	0	0	0	0	0	0	0	0	0	0	0	0	0	0	0	0	0
05.500,00.000	11.8	5.5	-200	0	4.5	13.2125	8.46422	4.7483	0	0	0	0	0	0	0	0	0	0	0	0	0	0	0	0	0	0
05.500,00.000	11.9	5.5	-200	0	4.5	13.5585	8.71418	4.84432	0	0	0	0	0	0	0	0	0	0	0	0	0	0	0	0	0	0
05.500,00.000	12	5.5	-200	0	4.5	13.929	8.9818	4.94716	0	0	0	0	0	0	0	0	0	0	0	0	0	0	0	0	0	0
05.500,00.000	12.1	5.5	-200	0	4.5	14.3677	9.30393	5.06379	0	0	0	0	0	0	0	0	0	0	0	0	0	0	0	0	0	0
05.500,00.000	12.2	5.5	-200	0	4.5	14.8098	9.62624	5.1836	0	0	0	0	0	0	0	0	0	0	0	0	0	0	0	0	0	0
05.500,00.000	12.3	5.5	-200	0	4.5	15.2512	9.95337	5.29781	0	0	0	0	0	0	0	0	0	0	0	0	0	0	0	0	0	0
05.500,00.000	12.4	5.5	-200	0	4.5	15.7602	10.2875	5.47265	0	0	0	0	0	0	0	0	0	0	0	0	0	0	0	0	0	0
05.500,00.000	12.5	5.5	-200	0	4.5	16.3786	10.6824	5.69622	0	0	0	0	0	0	0	0	0	0	0	0	0	0	0	0	0	0
05.500,00.000	12.6	5.5	-200	0	4.5	17.0028	11.0844	5.91836	0	0	0	0	0	0	0	0	0	0	0	0	0	0	0	0	0	0
05.500,00.000	12.7	5.5	-200	0	4.5	17.5719	11.4504	6.12147	0	0	0	0	0	0	0	0	0	0	0	0	0	0	0	0	0	0
05.500,00.000	12.8	5.5	-200	0	4.5	17.9645	11.7072	6.25732	0	0	0	0	0	0	0	0	0	0	0	0	0	0	0	0	0	0
05.500,00.000	12.9	5.5	-200	0	4.5	18.5076	12.0616	6.44599	0	0	0	0	0	0	0	0	0	0	0	0	0	0	0	0	0	0
05.500,00.000	13	5.5	-200	0	4.5	19.1143	12.4649	6.64938	0	0	0	0	0	0	0	0	0	0	0	0	0	0	0	0	0	0
05.500,00.000	13.1	5.5	-200	0	4.5	19.6948	12.8498	6.84495	0	0	0	0	0	0	0	0	0	0	0	0	0	0	0	0	0	0
05.500,00.000	13.2	5.5	-200	0	4.5	20.2803	13.2362	7.04412	0	0	0	0	0	0	0	0	0	0	0	0	0	0	0	0	0	0
05.500,00.000	13.3	5.5	-200	0	4.5	20.8782	13.6307	7.24754	0	0	0	0	0	0	0	0	0	0	0	0	0	0	0	0	0	0
05.500,00.000	13.4	5.5	-200	0	4.5	21.5267	14.07	7.4567	0	0	0	0	0	0	0	0	0	0	0	0	0	0	0	0	0	0
05.500,00.000	13.5	5.5	-200	0	4.5	22.4176	14.6668	7.75087	0	0	0	0	0	0	0	0	0	0	0	0	0	0	0	0	0	0
05.500,00.000	13.6	5.5	-200	0	4.5	23.2278	15.205	8.02281	0	0	0	0	0	0	0	0	0	0	0	0	0	0	0	0	0	0
05.500,00.000	13.7	5.5	-200	0	4.5	23.9751	15.7263	8.24884	0	0	0	0	0	0	0	0	0	0	0	0	0	0	0	0	0	0
05.500,00.000	13.8	5.5	-200	0	4.5	24.3802	16.0016	8.37861	0	0	0	0	0	0	0	0	0	0	0	0	0	0	0	0	0	0
05.500,00.000	13.9	5.5	-200	0	4.5	24.9418	16.391	8.55074	0	0	0	0	0	0	0	0	0	0	0	0	0	0	0	0	0	0
05.500,00.000	14	5.5	-200	0	4.5	25.8928	17.0642	8.82858	0	0	0	0	0	0	0	0	0	0	0	0	0	0	0	0	0	0
05.500,00.000	14.1	5.5	-200	0	4.5	26.7379	17.6617	9.07626	0	0	0	0	0	0	0	0	0	0	0	0	0	0	0	0	0	0
05.500,00.000	14.2	5.5	-200	0	4.5	27.5296	18.2159	9.3137	0	0	0	0	0	0	0	0	0	0	0	0	0	0	0	0	0	0
05.500,00.000	14.3	5.5	-200	0	4.5	28.3247	18.7697	9.55496	0	0	0	0	0	0	0	0	0	0	0	0	0	0	0	0	0	0
05.500,00.000	14.4	5.5	-200	0	4.5	29.127	19.3203	9.80671	0	0	0	0	0	0	0	0	0	0	0	0	0	0	0	0	0	0
05.500,00.000	14.5	5.5	-200	0	4.5	30.5738	20.3239	10.2499	0	0	0	0	0	0	0	0	0	0	0	0	0	0	0	0	0	0
05.500,00.000	14.6	5.5	-200	0	4.5	31.5928	21.0235	10.5693	0	0	0	0	0	0	0	0	0	0	0	0	0	0	0	0	0	0
05.500,00.000	14.7	5.5	-200	0	4.5	32.497	21.6389	10.8582	0	0	0	0	0	0	0	0	0	0	0	0	0	0	0	0	0	0
05.500,00.000	14.8	5.5	-200	0	4.5	32.8538	21.8772	10.9766	0	0	0	0	0	0	0	0	0	0	0	0	0	0	0	0	0	0
05.500,00.000	14.9	5.5	-200	0	4.5	33.3909	22.2353	11.1557	0	0	0	0	0	0	0	0	0	0	0	0	0	0	0	0	0	0
05.500,00.000	15	5.5	-200	0	4.5	34.443	22.9346	11.5084	0	0	0	0	0	0	0	0	0	0	0	0	0	0	0	0	0	0
05.500,00.000	15.1	5.5	-200	0	4.5	35.2992	23.4985	11.8007	0	0	0	0	0	0	0	0	0	0	0	0	0	0	0	0	0	0
05.500,00.000	15.2	5.5	-200	0	4.5	36.0804	23.9983	12.0821	0	0	0	0	0	0	0	0	0	0	0	0	0	0	0	0	0	0
05.500,00.000	15.3	5.5	-200	0	4.5	36.8746	24.4881	12.3865	0	0	0	0	0	0	0	0	0	0	0	0	0	0	0	0	0	0
05.500,00.000	15.4	5.5	-200	0	4.5	37.6774	24.9659	12.7115	0	0	0	0	0	0	0	0	0	0	0	0	0	0	0	0	0	0
05.500,00.000	15.5	5.5	-200	0	4.5	40.1289	26.4219	13.707	0	0	0	0	0	0	0	0	0	0	0	0	0	0	0	0	0	0
05.500,00.000	15.6	5.5	-200	0	4.5	40.6301	26.7024	13.9278	0	0	0	0	0	0	0	0	0	0	0	0	0	0	0	0	0	0
05.500,00.000	15.7	5.5	-200	0	4.5	41.4086	27.167	14.2417	0	0	0	0	0	0	0	0	0	0	0	0	0	0	0	0	0	0
05.500,00.000	15.8	5.5	-200	0	4.5	41.5631	27.2639	14.2991	0	0	0	0	0	0	0	0	0	0	0	0	0	0	0	0	0	0
05.500,00.000	15.9	5.5	-200	0	4.5	42.5521	27.8507	14.7014	0	0	0	0	0	0	0	0	0	0	0	0	0	0	0	0	0	0
05.500,00.000	16	5.5	-200	0	4.5	43.9096	28.6049	15.3047	0	0	0	0	0	0	0	0	0	0	0	0	0	0	0	0	0	0
05.500,00.000	16.1	5.5	-200	0	4.5	44.7782	29.079	15.6992	0	0	0	0	0	0	0	0	0	0	0	0	0	0	0	0	0	0
05.500,00.000	16.2	5.5	-200	0	4.5	45.519	29.4694	16.0496	0	0	0	0	0	0	0	0	0	0	0	0	0	0	0	0	0	0
05.500,00.000	16.3	5.5	-200	0	4.5	46.2627	29.8438	16.4189	0	0	0	0	0	0	0	0	0	0	0	0	0	0	0	0	0	0
05.500,00.000	16.4	5.5	-200	0	4.5	47.0155	30.2033	16.8121	0	0	0	0	0	0	0	0	0	0	0	0	0	0	0	0	0	0
05.500,00.000	16.5	5.5	-200	0	4.5	50.8021	31.9127	18.8894	0	0	0	0	0	0	0	0	0	0	0	0	0	0	0	0	0	0
05.500,00.000	16.6	5.5	-200	0	4.5	51.5544	32.2538	19.3006	0	0	0	0	0	0	0	0	0	0	0	0	0	0	0	0	0	0
05.500,00.000	16.7	5.5	-200	0	4.5	57.5317	34.7458	22.7859	0	0	0	0	0	0	0	0	0	0	0	0	0	0	0	0	0	0
05.500,00.000	16.8	5.5	-200	0	4.5	58.948	35.3302	23.6178	0	0	0	0	0	0	0	0	0	0	0	0	0	0	0	0	0	0
05.500,00.000	16.9	5.5	-200	0	4.5	62.1968	36.6188	25.578	0	0	0	0	0	0	0	0	0	0	0	0	0	0	0	0	0	0
05.500,00.000	17	5.5	-200	0	4.5	63.7612	37.2441	26.5171	0	0	0	0	0	0	0	0	0	0	0	0	0	0	0	0	0	0
05.500,00.000	17.1	5.5	-200	0	4.5	64.4495	37.5005	26.949	0	0	0	0	0	0	0	0	0	0	0	0	0	0	0	0	0	0
05.500,00.000	17.2	5.5	-200	0	4.5	65.158	37.7487	27.4093	0	0	0	0	0	0	0	0	0	0	0	0	0	0	0	0	0	0
05.500,00.000	17.3	5.5	-200	0	4.5	65.8651	37.9837	27.8814	0	0	0	0	0	0	0	0	0	0	0	0	0	0	0	0	0	0
05.500,00.000	17.4	5.5	-200	0	4.5	66.586	38.2055	28.3805	0	0	0	0	0	0	0	0	0	0	0	0	0	0	0	0	0	0
05.500,00.000	17.5	5.5	-200	0	4.5	71.3315	39.5804	31.5997	0.151465	0	0	0	0	0	0	0	0	0	0	0	0	0	0	0	0	0
05.500,00.000	17.6	5.5	-200	0	4.5	72.1772	39.8883	32.0772	0.211804	0	0	0	0	0	0	0	0	0	0	0	0	0	0	0	0	0
05.500,00.000	17.7	5.5	-200	0	4.5	79.633	41.9729	36.6649	0.99512	0	0	0	0	0	0	0	0	0	0	0	0	0	0	0	0	0
05.500,00.000	17.8	5.5	-200	0	4.5	81.6394	42.5006	37.8335	1.30536	0	0	0	0	0	0	0	0	0	0	0	0	0	0	0	0	0
05.500,00.000	17.9	5.5	-200	0	4.5	86.0807	43.595	40.7302	1.75555	0	0	0	0	0	0	0	0	0	0	0	0	0	0	0	0	0
05.500,00.000	18	5.5	-200	0	4.5	88.104	44.0773	42.0689	1.95777	0	0	0	0	0	0	0	0	0	0	0	0	0	0	0	0	0
05.500,00.000	18.1	5.5	-200	0	4.5	88.8878	44.2599	42.5864	2.04141	0	0	0	0	0	0	0	0	0	0	0	0	0	0	0	0	0
05.500,00.000	18.2	5.5	-200	0	4.5	89.6954	44.4457	43.1207	2.12895	0	0	0	0	0	0	0	0	0	0	0	0	0	0	0	0	0
05.500,00.000	18.3	5.5	-200	0	4.5	90.5082	44.6305	43.6594	2.2184	0	0	0	0	0	0	0	0	0	0	0	0	0	0	0	0	0
05.500,00.000	18.4	5.5	-200	0	4.5	91.3685	44.8154	44.2419	2.31116	0	0	0	0	0	0	0	0	0	0	0	0	0	0	0	0	0
05.500,00.000	18.5	5.5	-200	0	4.5	97.4688	46.0739	48.4184	2.97649	0	0	0	0	0	0	0	0	0	0	0	0	0	0	0	0	0
05.500,00.000	18.6	5.5	-200	0	4.5	98.6817	46.2473	49.3199	3.11449	0	0	0	0	0	0	0	0	0	0	0	0	0	0	0	0	0
05.500,00.000	18.7	5.5	-200	0	4.5	108.224	47.8268	56.0773	4.32021	0	0	0	0	0	0	0	0	0	0	0	0	0	0	0	0	0
05.500,00.000	18.8	5.5	-200	0	4.5	110.567	48.1383	57.7628	4.66602	0	0	0	0	0	0	0	0	0	0	0	0	0	0	0	0	0
05.500,00.000	18.9	5.5	-200	0	4.5	116.172	48.9629	61.628	5.5813	0	0	0	0	0	0	0	0	0	0	0	0	0	0	0	0	0
05.500,00.000	19	5.5	-200	0	4.5	118.821	49.3754	63.3953	6.05058	0	0	0	0	0	0	0	0	0	0	0	0	0	0	0	0	0
05.500,00.000	19.1	5.5	-200	0	4.5	119.855	49.5286	64.0983	6.22826	0	0	0	0	0	0	0	0	0	0	0	0	0	0	0	0	0
05.500,00.000	19.2	5.5	-200	0	4.5	120.944	49.6836	64.8445	6.41538	0	0	0	0	0	0	0	0	0	0	0	0	0	0	0	0	0
05.500,00.000	19.3	5.5	-200	0	4.5	122.047	49.8261	65.6147	6.60602	0	0	0	0	0	0	0	0	0	0	0	0	0	0	0	0	0
05.500,00.000	19.4	5.5	-200	0	4.5	123.185	49.9668	66.4157	6.80223	0	0	0	0	0	0	0	0	0	0	0	0	0	0	0	0	0
05.500,00.000	19.5	5.5	-200	0	4.5	124.411	50.112	67.2842	7.01446	0	0	0	0	0	0	0	0	0	0	0	0	0	0	0	0	0
05.500,00.000	19.6	5.5	-200	0	4.5	125.547	50.242	68.0932	7.21225	0	0	0	0	0	0	0	0	0	0	0	0	0	0	0	0	0
05.500,00.000	19.7	5.5	-200	0	4.5	126.704	50.3715	68.9177	7.41518	0	0	0	0	0	0	0	0	0	0	0	0	0	0	0	0	0
05.500,00.000	19.8	5.5	-200	0	4.5	127.885	50.5019	69.7574	7.62528	0	0	0	0	0	0	0	0	0	0	0	0	0	0	0	0	0
05.500,00.000	19.9	5.5	-200	0	4.5	130.321	50.787	71.4714	8.06234	0	0	0	0	0	0	0	0	0	0	0	0	0	0	0	0	0
05.500,00.000	20	5.5	-200	0	4.5	130.935	50.8591	71.9036	8.17215	0	0	0	0	0	0	0	0	0	0	0	0	0	0	0	0	0
05.500,00.000	20.1	5.5	-200	0	4.5	132.69	51.0809	73.1137	8.49515	0	0	0	0	0	0	0	0	0	0	0	0	0	0	0	0	0
05.500,00.000	20.2	5.5	-200	0	4.5	134.104	51.259	74.056	8.78861	0	0	0	0	0	0	0	0	0	0	0	0	0	0	0	0	0
05.500,00.000	20.3	5.5	-200	0	4.5	135.262	51.4089	74.8138	9.03972	0	0	0	0	0	0	0	0	0	0	0	0	0	0	0	0	0
05.500,00.000	20.4	5.5	-200	0	4.5	137.07	51.6472	75.9866	9.43628	0	0	0	0	0	0	0	0	0	0	0	0	0	0	0	0	0
05.500,00.000	20.5	5.5	-200	0	4.5	137.54	51.7075	76.2823	9.54979	0	0	0	0	0	0	0	0	0	0	0	0	0	0	0	0	0
05.500,00.000	20.6	5.5	-200	0	4.5	142.543	52.4271	79.3149	10.7113	0.0895379	0	0	0	0	0	0	0	0	0	0	0	0	0	0	0	0
05.500,00.000	20.7	5.5	-200	0	4.5	145.508	52.8764	81.0054	11.4277	0.198142	0	0	0	0	0	0	0	0	0	0	0	0	0	0	0	0
05.500,00.000	20.8	5.5	-200	0	4.5	145.671	52.9016	81.0974	11.4674	0.204361	0	0	0	0	0	0	0	0	0	0	0	0	0	0	0	0
05.500,00.000	20.9	5.5	-200	0	4.5	145.747	52.9144	81.1386	11.4869	0.207551	0	0	0	0	0	0	0	0	0	0	0	0	0	0	0	0
05.500,00.000	21	5.5	-200	0	4.5	147.531	53.2284	82.0605	11.9548	0.287194	0	0	0	0	0	0	0	0	0	0	0	0	0	0	0	0
05.500,00.000	21.1	5.5	-200	0	4.5	150.114	53.6756	83.4247	12.6123	0.401927	0	0	0	0	0	0	0	0	0	0	0	0	0	0	0	0
05.500,00.000	21.2	5.5	-200	0	4.5	151.565	53.9067	84.1482	12.9708	0.538968	0	0	0	0	0	0	0	0	0	0	0	0	0	0	0	0
05.500,00.000	21.3	5.5	-200	0	4.5	152.67	54.0838	84.7112	13.2354	0.639835	0	0	0	0	0	0	0	0	0	0	0	0	0	0	0	0
05.500,00.000	21.4	5.5	-200	0	4.5	156.805	54.7519	86.8252	14.2099	1.0185	0	0	0	0	0	0	0	0	0	0	0	0	0	0	0	0
05.500,00.000	21.5	5.5	-200	0	4.5	157.75	54.9194	87.2833	14.4323	1.1154	0	0	0	0	0	0	0	0	0	0	0	0	0	0	0	0
05.500,00.000	21.6	5.5	-200	0	4.5	160.589	55.446	88.6811	15.0788	1.38286	0	0	0	0	0	0	0	0	0	0	0	0	0	0	0	0
05.500,00.000	21.7	5.5	-200	0	4.5	164.81	56.286	90.7088	16.0249	1.78981	0	0	0	0	0	0	0	0	0	0	0	0	0	0	0	0
05.500,00.000	21.8	5.5	-200	0	4.5	165.614	56.4443	91.0851	16.2092	1.87489	0	0	0	0	0	0	0	0	0	0	0	0	0	0	0	0
05.500,00.000	21.9	5.5	-200	0	4.5	172.688	57.9079	94.3654	17.7459	2.66913	0	0	0	0	0	0	0	0	0	0	0	0	0	0	0	0
05.500,00.000	22	5.5	-200	0	4.5	174.458	58.2834	95.1455	18.1291	2.90023	0	0	0	0	0	0	0	0	0	0	0	0	0	0	0	0
05.500,00.000	22.1	5.5	-200	0	4.5	178.406	59.1947	96.8819	18.9433	3.38568	0	0	0	0	0	0	0	0	0	0	0	0	0	0	0	0
05.500,00.000	22.2	5.5	-200	0	4.5	180.695	59.7589	97.8695	19.4006	3.66615	0	0	0	0	0	0	0	0	0	0	0	0	0	0	0	0
05.500,00.000	22.3	5.5	-200	0	4.5	182.062	60.0948	98.441	19.6672	3.85935	0	0	0	0	0	0	0	0	0	0	0	0	0	0	0	0
05.500,00.000	22.4	5.5	-200	0	4.5	183.459	60.447	99.0153	19.9388	4.05816	0	0	0	0	0	0	0	0	0	0	0	0	0	0	0	0
05.500,00.000	22.5	5.5	-200	0	4.5	184.872	60.8104	99.586	20.2142	4.26145	0	0	0	0	0	0	0	0	0	0	0	0	0	0	0	0
05.500,00.000	22.6	5.5	-200	0	4.5	186.31	61.1737	100.148	20.5021	4.48606	0	0	0	0	0	0	0	0	0	0	0	0	0	0	0	0
05.500,00.000	22.7	5.5	-200	0	4.5	187.888	61.5274	100.741	20.8654	4.7545	0	0	0	0	0	0	0	0	0	0	0	0	0	0	0	0
05.500,00.000	22.8	5.5	-200	0	4.5	192.048	62.633	102.171	21.7977	5.44632	0	0	0	0	0	0	0	0	0	0	0	0	0	0	0	0
05.500,00.000	22.9	5.5	-200	0	4.5	195.669	63.4947	103.43	22.6618	6.08216	0	0	0	0	0	0	0	0	0	0	0	0	0	0	0	0
05.500,00.000	23	5.5	-200	0	4.5	196.219	63.634	103.611	22.8189	6.15502	0	0	0	0	0	0	0	0	0	0	0	0	0	0	0	0
05.500,00.000	23.1	5.5	-200	0	4.5	201.319	64.9199	105.256	24.1711	6.97276	0	0	0	0	0	0	0	0	0	0	0	0	0	0	0	0
05.500,00.000	23.2	5.5	-200	0	4.5	204.227	65.5945	106.226	24.9488	7.45757	0	0	0	0	0	0	0	0	0	0	0	0	0	0	0	0
05.500,00.000	23.3	5.5	-200	0	4.5	205.918	65.9673	106.794	25.4006	7.75632	0	0	0	0	0	0	0	0	0	0	0	0	0	0	0	0
05.500,00.000	23.4	5.5	-200	0	4.5	213.364	67.5806	109.254	27.4564	9.07267	0	0	0	0	0	0	0	0	0	0	0	0	0	0	0	0
05.500,00.000	23.5	5.5	-200	0	4.5	215.04	67.9309	109.815	27.9414	9.35209	0	0	0	0	0	0	0	0	0	0	0	0	0	0	0	0
05.500,00.000	23.6	5.5	-200	0	4.5	220.145	68.954	111.477	29.4495	10.2638	0	0	0	0	0	0	0	0	0	0	0	0	0	0	0	0
05.500,00.000	23.7	5.5	-200	0	4.5	223.337	69.5807	112.493	30.4014	10.862	0	0	0	0	0	0	0	0	0	0	0	0	0	0	0	0
05.500,00.000	23.8	5.5	-200	0	4.5	225.833	70.0679	113.266	31.1706	11.3288	0	0	0	0	0	0	0	0	0	0	0	0	0	0	0	0
05.500,00.000	23.9	5.5	-200	0	4.5	235.868	71.9504	116.247	34.3451	13.1764	0.110175	0.0388769	0	0	0	0	0	0	0	0	0	0	0	0	0	0
05.500,00.000	24	5.5	-200	0	4.5	238.209	72.3646	116.898	35.0387	13.6211	0.154826	0.131588	0	0	0	0	0	0	0	0	0	0	0	0	0	0
05.500,00.000	24.1	5.5	-200	0	4.5	246.06	73.8576	119.023	37.4391	15.0933	0.311747	0.335181	0	0	0	0	0	0	0	0	0	0	0	0	0	0
05.500,00.000	24.2	5.5	-200	0	4.5	250.245	74.6571	120.171	38.6946	15.8746	0.393874	0.454743	0	0	0	0	0	0	0	0	0	0	0	0	0	0
05.500,00.000	24.3	5.5	-200	0	4.5	252.388	75.0689	120.738	39.3174	16.3138	0.437327	0.512435	0	0	0	0	0	0	0	0	0	0	0	0	0	0
05.500,00.000	24.4	5.5	-200	0	4.5	258.283	76.199	122.276	41.0384	17.5381	0.558885	0.672531	0	0	0	0	0	0	0	0	0	0	0	0	0	0
05.500,00.000	24.5	5.5	-200	0	4.5	261.728	76.8495	123.181	42.0398	18.2573	0.629706	0.770402	0	0	0	0	0	0	0	0	0	0	0	0	0	0
05.500,00.000	24.6	5.5	-200	0	4.5	263.956	77.2477	123.749	42.6905	18.7582	0.67459	0.835307	0	0	0	0	0	0	0	0	0	0	0	0	0	0
05.500,00.000	24.7	5.5	-200	0	4.5	266.157	77.6287	124.289	43.3642	19.2587	0.716753	0.898808	0	0	0	0	0	0	0	0	0	0	0	0	0	0
05.500,00.000	24.8	5.5	-200	0	4.5	275.404	79.0832	126.416	46.1982	21.6018	0.90642	1.19834	0	0	0	0	0	0	0	0	0	0	0	0	0	0
05.500,00.000	24.9	5.5	-200	0	4.5	283.956	80.6195	128.098	48.8772	23.7867	1.11231	1.46212	0	0	0	0	0	0	0	0	0	0	0	0	0	0
05.500,00.000	25	5.5	-200	0	4.5	284.872	80.7845	128.273	49.1661	24.0226	1.13784	1.48848	0	0	0	0	0	0	0	0	0	0	0	0	0	0
05.500,00.000	25.1	5.5	-200	0	4.5	297.328	83.4747	130.609	52.9609	27.0145	1.45254	1.81644	0	0	0	0	0	0	0	0	0	0	0	0	0	0
05.500,00.000	25.2	5.5	-200	0	4.5	303.691	84.878	131.731	54.8539	28.5396	1.59591	2.09165	0	0	0	0	0	0	0	0	0	0	0	0	0	0
05.500,00.000	25.3	5.5	-200	0	4.5	306.402	85.4974	132.216	55.6334	29.1687	1.65497	2.23174	0	0	0	0	0	0	0	0	0	0	0	0	0	0
05.500,00.000	25.4	5.5	-200	0	4.5	324.501	90.2176	135.24	60.5179	33.0833	2.14293	3.29916	0	0	0	0	0	0	0	0	0	0	0	0	0	0
05.500,00.000	25.5	5.5	-200	0	4.5	333.164	92.7005	136.568	62.7317	34.8668	2.45727	3.83916	0	0	0	0	0	0	0	0	0	0	0	0	0	0
05.500,00.000	25.6	5.5	-200	0	4.5	336.321	93.6097	137.058	63.5165	35.5425	2.57001	4.02453	0	0	0	0	0	0	0	0	0	0	0	0	0	0
05.500,00.000	25.7	5.5	-200	0	4.5	339.419	94.5224	137.539	64.2625	36.2111	2.67779	4.20588	0	0	0	0	0	0	0	0	0	0	0	0	0	0
05.500,00.000	25.8	5.5	-200	0	4.5	342.742	95.5018	138.064	65.0424	36.9425	2.79102	4.4005	0	0	0	0	0	0	0	0	0	0	0	0	0	0
05.500,00.000	25.9	5.5	-200	0	4.5	366.908	102.07	142.353	70.5561	42.2741	3.70848	5.82124	0.126196	0	0	0	0	0	0	0	0	0	0	0	0	0
05.500,00.000	26	5.5	-200	0	4.5	371.31	102.802	143.272	71.7634	43.2586	3.91255	6.11729	0.185203	0	0	0	0	0	0	0	0	0	0	0	0	0
05.500,00.000	26.1	5.5	-200	0	4.5	384.444	105.113	145.842	75.2429	46.3158	4.57221	6.99407	0.364103	0	0	0	0	0	0	0	0	0	0	0	0	0
05.500,00.000	26.2	5.5	-200	0	4.5	390.783	106.262	147.034	76.9531	47.7598	4.90899	7.41244	0.451813	0	0	0	0	0	0	0	0	0	0	0	0	0
05.500,00.000	26.3	5.5	-200	0	4.5	393.532	106.757	147.559	77.6727	48.4149	5.04369	7.59345	0.490807	0	0	0	0	0	0	0	0	0	0	0	0	0
05.500,00.000	26.4	5.5	-200	0	4.5	424.217	112.116	153.42	85.4736	55.7841	6.71411	9.7942	0.915063	0	0	0	0	0	0	0	0	0	0	0	0	0
05.500,00.000	26.5	5.5	-200	0	4.5	434.351	113.871	155.392	88.1236	58.0234	7.30733	10.5858	1.04783	0	0	0	0	0	0	0	0	0	0	0	0	0
05.500,00.000	26.6	5.5	-200	0	4.5	434.677	113.928	155.455	88.2091	58.0966	7.32505	10.6109	1.05226	0	0	0	0	0	0	0	0	0	0	0	0	0
05.500,00.000	26.7	5.5	-200	0	4.5	450.862	116.714	158.576	92.3986	61.6362	8.14839	11.8436	1.38314	0	0	0	0.161832	0	0	0	0	0	0	0	0	0
05.500,00.000	26.8	5.5	-200	0	4.5	461.642	118.557	160.441	95.0413	63.8415	8.63959	12.6146	1.6433	0	0	0	0.864085	0	0	0	0	0	0	0	0	0
05.500,00.000	26.9	5.5	-200	0	4.5	472.266	120.486	162.278	97.6519	66.0136	9.09611	13.2711	1.90803	0	0	0	1.56111	0	0	0	0	0	0	0	0	0
05.500,00.000	27	5.5	-200	0	4.5	473.961	120.839	162.548	98.0604	66.3613	9.17042	13.3522	1.95223	0	0	0	1.67615	0	0	0	0	0	0	0	0	0
05.500,00.000	27.1	5.5	-200	0	4.5	489.203	124.063	164.927	101.827	69.4324	9.75721	14.1774	2.34769	0	0	0	2.67181	0	0	0	0	0	0	0	0	0
05.500,00.000	27.2	5.5	-200	0	4.5	496.642	125.702	166.023	103.732	70.832	10.0374	14.6136	2.54315	0	0	0	3.15887	0	0	0	0	0	0	0	0	0
05.500,00.000	27.3	5.5	-200	0	4.5	497.761	125.951	166.184	104.023	71.0418	10.0765	14.681	2.57279	0	0	0	3.20584	0.0252657	0	0	0	0	0	0	0	0
05.500,00.000	27.4	5.5	-200	0	4.5	498	126.004	166.218	104.086	71.0866	10.0842	14.6952	2.57916	0	0	0	3.2079	0.0384196	0	0	0	0	0	0	0	0
05.500,00.000	27.5	5.5	-200	0	4.5	515.582	130.077	168.678	108.633	74.4089	10.6391	15.7252	3.05879	0	0	0	3.41278	0.949709	0	0	0	0	0	0	0	0
05.500,00.000	27.6	5.5	-200	0	4.5	522.091	131.628	169.62	110.232	75.5621	10.8656	16.1466	3.27283	0	0	0	3.41278	1.35015	0	0	0	0	0	0	0	0
05.500,00.000	27.7	5.5	-200	0	4.5	564.583	140.918	176.266	120.668	83.4864	12.126	18.8179	4.98001	0	0	0	3.41278	3.90792	0	0	0	0	0	0	0	0
05.500,00.000	27.8	5.5	-200	0	4.5	583.4	144.664	179.362	125.317	87.1194	12.7028	19.9857	5.82348	0	0	0	3.41278	5.01354	0	0	0	0	0	0	0	0
05.500,00.000	27.9	5.5	-200	0	4.5	586.253	145.268	179.814	126.026	87.6614	12.7832	20.1658	5.94497	0	0	0	3.41278	5.17661	0	0	0	0	0	0	0	0
05.500,00.000	28	5.5	-200	0	4.5	586.678	145.357	179.883	126.13	87.7431	12.7942	20.1933	5.96337	0	0	0	3.41278	5.20062	0	0	0	0	0	0	0	0
05.500,00.000	28.1	5.5	-200	0	4.5	600.724	148.256	182.152	129.614	90.4635	13.1197	21.1552	6.5717	0	0	0	3.41278	5.97953	0	0	0	0	0	0	0	0
05.500,00.000	28.2	5.5	-200	0	4.5	608.439	149.728	183.418	131.591	92.002	13.2926	21.6807	6.91227	0	0	0	3.41278	6.40225	0	0	0	0	0	0	0	0
05.500,00.000	28.3	5.5	-200	0	4.5	612.602	150.535	184.098	132.652	92.82	13.3742	21.981	7.09764	0	0	0	3.41278	6.63187	0	0	0	0	0	0	0	0
05.500,00.000	28.4	5.5	-200	0	4.5	613.472	150.69	184.256	132.874	92.9899	13.3907	22.0425	7.13719	0	0	0	3.41278	6.67928	0	0	0	0	0	0	0	0
05.500,00.000	28.5	5.5	-200	0	4.5	643.597	156.756	189.505	140.27	98.8567	13.8473	23.9854	8.66062	0	0	0	3.41394	8.30234	0	0	0	0	0	0	0	0
05.500,00.000	28.6	5.5	-200	0	4.5	661.324	160.193	192.833	144.603	102.335	14.0968	25.0504	9.57426	0	0	0	3.42376	8.3725	0.842773	0	0	0	0	0	0	0
05.500,00.000	28.7	5.5	-200	0	4.5	663.429	160.597	193.226	145.116	102.75	14.1234	25.1867	9.682	0	0	0	3.42695	8.3725	0.948283	0	0	0	0	0	0	0
05.500,00.000	28.8	5.5	-200	0	4.5	684.161	164.793	196.963	150.006	106.72	14.3329	26.6956	10.7618	0.0223947	0	0	3.48784	8.3725	2.00581	0	0	0	0	0	0	0
05.500,00.000	28.9	5.5	-200	0	4.5	689.207	165.739	197.887	151.268	107.637	14.3822	27.0241	11.0542	0.0863809	0	0	3.50523	8.37252	2.2497	0	0	0	0	0	0	0
05.500,00.000	29	5.5	-200	0	4.5	690.747	166.06	198.166	151.627	107.908	14.3945	27.1317	11.147	0.0986094	0	0	3.51449	8.37274	2.32647	0	0	0	0	0	0	0
05.500,00.000	29.1	5.5	-200	0	4.5	692.795	166.493	198.536	152.094	108.267	14.4097	27.2768	11.2716	0.115326	0	0	3.52867	8.37311	2.42924	0	0	0	0	0	0	0
05.500,00.000	29.2	5.5	-200	0	4.5	693.681	166.686	198.694	152.294	108.42	14.4155	27.3398	11.3258	0.124187	0	0	3.53598	8.37332	2.47352	0	0	0	0	0	0	0
05.500,00.000	29.3	5.5	-200	0	4.5	694.183	166.799	198.78	152.405	108.506	14.4181	27.3769	11.3566	0.128467	0	0	3.54103	8.37349	2.4987	0	0	0	0	0	0	0
05.500,00.000	29.4	5.5	-200	0	4.5	694.264	166.817	198.795	152.422	108.519	14.4185	27.3827	11.3616	0.12953	0	0	3.54189	8.37352	2.5027	0	0	0	0	0	0	0
05.500,00.000	29.5	5.5	-200	0	4.5	718.194	172.447	202.797	157.399	112.515	14.5236	29.2618	12.861	0.470262	0	0	3.85372	8.38616	3.67902	0	0	0	0	0	0	0
05.500,00.000	29.6	5.5	-200	0	4.5	726.829	174.404	204.295	159.178	113.964	14.6023	29.8494	13.4263	0.680759	0	0	3.94945	8.39258	4.08801	0	0	0	0	0	0	0
05.500,00.000	29.7	5.5	-200	0	4.5	726.963	174.436	204.318	159.204	113.986	14.603	29.859	13.4352	0.6835	0	0	3.95136	8.39288	4.09447	0	0	0	0	0	0	0
05.500,00.000	29.8	5.5	-200	0	4.5	754.066	181.1	208.828	164.422	118.273	14.7604	31.684	15.4876	1.29875	0	0	4.36592	8.4731	5.37354	0	0	0	0	0	0	0
05.500,00.000	29.9	5.5	-200	0	4.5	762.737	183.195	210.32	166.144	119.592	14.8283	32.2147	16.136	1.513	0	0	4.51173	8.50308	5.77921	0	0	0	0	0	0	0
05.500,00.000	30	5.5	-200	0	4.5	763.061	183.278	210.374	166.204	119.641	14.8299	32.2363	16.1608	1.52128	0	0	4.5175	8.50494	5.79431	0	0	0	0	0	0	0
05.500,00.000	30.1	5.5	-200	0	4.5	763.448	183.378	210.438	166.274	119.698	14.8317	32.2617	16.1903	1.53151	0	0	4.52481	8.50767	5.81243	0	0	0	0	0	0	0
05.500,00.000	30.2	5.5	-200	0	4.5	763.794	183.469	210.496	166.336	119.748	14.8333	32.284	16.217	1.54092	0	0	4.5317	8.51062	5.82868	0	0	0	0	0	0	0
05.500,00.000	30.3	5.5	-200	0	4.5	764.106	183.552	210.547	166.39	119.792	14.8345	32.3038	16.2413	1.54959	0	0	4.53824	8.51375	5.84333	0	0	0	0	0	0	0
05.500,00.000	30.4	5.5	-200	0	4.5	764.155	183.565	210.556	166.399	119.799	14.8348	32.3068	16.2449	1.55101	0	0	4.53934	8.51429	5.84567	0	0	0	0	0	0	0
05.500,00.000	30.5	5.5	-200	0	4.5	787.265	189.332	214.915	170.216	123.024	14.9123	33.5956	18.2122	2.21966	0.0737893	0	5.04808	8.81624	6.90083	0	0	0	0	0	0	0
05.500,00.000	30.6	5.5	-200	0	4.5	808.153	193.559	219.655	173.525	125.957	14.9958	34.6135	20.0883	2.91203	0.36449	0.129014	5.4616	9.09486	7.79674	0	0	0	0	0	0	0
05.500,00.000	30.7	5.5	-200	0	4.5	811.611	194.26	220.419	174.063	126.435	15.0309	34.7724	20.3968	3.0275	0.411061	0.178247	5.53364	9.14391	7.87346	0.0657245	0	0	0	0	0	0
05.500,00.000	30.8	5.5	-200	0	4.5	832.105	198.454	224.996	177.083	129.226	15.2036	35.7812	22.205	3.70036	0.731922	0.455358	5.98362	9.48786	7.95806	0.839311	0	0	0	0	0	0
05.500,00.000	30.9	5.5	-200	0	4.5	837.224	199.499	226.157	177.782	129.898	15.2481	35.9913	22.669	3.90986	0.832516	0.591494	6.07317	9.57365	7.95806	1.03952	0	0	0	0	0	0
05.500,00.000	31	5.5	-200	0	4.5	846.542	201.447	228.295	179.016	131.052	15.3157	36.4007	23.486	4.32089	1.04049	0.78066	6.25888	9.76041	7.95806	1.40928	0	0	0	0	0	0
05.500,00.000	31.1	5.5	-200	0	4.5	853.844	202.979	229.958	179.943	131.945	15.367	36.7018	24.1314	4.7029	1.20289	0.949798	6.39614	9.91486	7.95806	1.69497	0	0	0	0	0	0
05.500,00.000	31.2	5.5	-200	0	4.5	858.446	203.968	231.007	180.502	132.486	15.4007	36.8894	24.5359	4.94803	1.30888	1.05311	6.49161	10.0224	7.95806	1.87484	0	0	0	0	0	0
05.500,00.000	31.3	5.5	-200	0	4.5	862.758	204.905	231.985	181.001	132.972	15.4619	37.0595	24.9132	5.18295	1.41073	1.15151	6.58515	10.1314	7.95806	2.04166	0	0	0	0	0	0
05.500,00.000	31.4	5.5	-200	0	4.5	896.779	212.313	239.68	184.601	136.507	16.1198	38.305	28.1835	7.28694	2.21053	1.93903	7.33078	11.0463	7.95806	3.29857	0	0	0	0	0	0
05.500,00.000	31.5	5.5	-200	0	4.5	911.943	215.598	243.089	186.198	138.061	16.4702	38.7848	29.6611	8.37673	2.54641	2.31743	7.61335	11.4466	7.96026	3.81916	0	0	0	0	0	0
05.500,00.000	31.6	5.5	-200	0	4.5	912.993	215.827	243.323	186.314	138.154	16.4989	38.8168	29.7601	8.4531	2.57019	2.34996	7.63343	11.4762	7.96109	3.85476	0	0	0	0	0	0
05.500,00.000	31.7	5.5	-200	0	4.5	913.207	215.875	243.371	186.337	138.173	16.504	38.8234	29.7796	8.46829	2.57525	2.35587	7.6383	11.4829	7.96142	3.86204	0	0	0	0	0	0
05.500,00.000	31.8	5.5	-200	0	4.5	932.851	220.537	247.191	188.357	139.935	17.0034	39.416	31.6135	9.78869	3.12251	3.05148	8.1173	12.1678	8.00558	4.54606	0	0	0	0	0	0
05.500,00.000	31.9	5.5	-200	0	4.5	939.108	222.063	248.377	188.956	140.479	17.1911	39.5816	32.2042	10.147	3.31252	3.37693	8.25094	12.3876	8.02105	4.75951	0	0	0	0	0	0
05.500,00.000	32	5.5	-200	0	4.5	939.444	222.15	248.44	188.986	140.507	17.1995	39.5908	32.2345	10.1682	3.32312	3.39083	8.25988	12.4007	8.02233	4.77083	0	0	0	0	0	0
05.500,00.000	32.1	5.5	-200	0	4.5	939.855	222.257	248.516	189.022	140.541	17.2098	39.6013	32.2709	10.1934	3.33635	3.40913	8.27104	12.4174	8.02419	4.78456	0	0	0	0	0	0
05.500,00.000	32.2	5.5	-200	0	4.5	940.2	222.35	248.581	189.05	140.568	17.2182	39.6098	32.3009	10.2143	3.34769	3.42511	8.28075	12.4322	8.02603	4.79603	0	0	0	0	0	0
05.500,00.000	32.3	5.5	-200	0	4.5	940.484	222.429	248.634	189.072	140.59	17.225	39.6164	32.3248	10.2309	3.35717	3.43853	8.28911	12.445	8.02779	4.80543	0	0	0	0	0	0
05.500,00.000	32.4	5.5	-200	0	4.5	940.528	222.441	248.643	189.075	140.593	17.2262	39.6173	32.3284	10.2333	3.35863	3.4411	8.29031	12.447	8.02808	4.80685	0	0	0	0	0	0
05.500,00.000	32.5	5.5	-200	0	4.5	940.529	222.441	248.643	189.075	140.593	17.2262	39.6173	32.3284	10.2333	3.35863	3.44121	8.29028	12.447	8.02808	4.80685	0	0	0	0	0	0
05.500,00.000	32.6	5.5	-200	0	4.5	940.529	222.441	248.643	189.075	140.593	17.2262	39.6173	32.3284	10.2333	3.35863	3.44124	8.29028	12.447	8.02808	4.80685	0	0	0	0	0	0
05.500,00.000	32.7	5.5	-200	0	4.5	940.529	222.441	248.643	189.075	140.593	17.2262	39.6173	32.3284	10.2333	3.35863	3.44131	8.29026	12.447	8.02808	4.80685	0	0	0	0	0	0
05.500,00.000	32.8	5.5	-200	0	4.5	969.894	231.23	254.175	190.751	142.352	17.8819	40.2411	34.2816	11.8596	4.32146	5.19706	9.37876	14.1284	8.32223	5.77415	0	0	0	0	0	0
05.500,00.000	32.9	5.5	-200	0	4.5	979.931	234.186	256.027	191.316	142.892	18.1112	40.4703	35.0166	12.4296	4.69553	5.91718	9.69922	14.6603	8.42296	6.08708	0	0	0	0	0	0
05.500,00.000	33	5.5	-200	0	4.5	980.327	234.303	256.101	191.336	142.912	18.1196	40.4775	35.0437	12.4592	4.7097	5.9415	9.71477	14.6828	8.42761	6.0991	0	0	0	0	0	0
05.500,00.000	33.1	5.5	-200	0	4.5	980.782	234.438	256.186	191.357	142.934	18.1288	40.4854	35.0739	12.4937	4.72573	5.9707	9.73309	14.7097	8.43342	6.11285	0	0	0	0	0	0
05.500,00.000	33.2	5.5	-200	0	4.5	981.176	234.556	256.261	191.374	142.952	18.1365	40.4917	35.0992	12.5222	4.73938	5.99692	9.74938	14.734	8.4389	6.12471	0	0	0	0	0	0
05.500,00.000	33.3	5.5	-200	0	4.5	981.514	234.659	256.326	191.388	142.966	18.1428	40.4966	35.1203	12.545	4.75093	6.02039	9.76402	14.7559	8.44402	6.13488	0	0	0	0	0	0
05.500,00.000	33.4	5.5	-200	0	4.5	981.567	234.675	256.336	191.39	142.969	18.1437	40.4974	35.1235	12.5487	4.75271	6.02493	9.76606	14.7593	8.44485	6.13646	0	0	0	0	0	0
05.500,00.000	33.5	5.5	-200	0	4.5	981.833	234.757	256.388	191.398	142.979	18.1481	40.5006	35.1389	12.5665	4.76147	6.04413	9.77872	14.7783	8.44958	6.1444	0	0	0	0	0	0
05.500,00.000	33.6	5.5	-200	0	4.5	981.899	234.776	256.401	191.4	142.981	18.1492	40.5015	35.1427	12.5713	4.76363	6.05021	9.7814	14.7828	8.45076	6.14638	0	0	0	0	0	0
05.500,00.000	33.7	5.5	-200	0	4.5	998.143	239.574	259.687	191.826	143.515	18.3902	40.6717	36.0022	13.9436	5.26856	7.27228	10.5765	16.0175	8.77805	6.62078	0	0	0	0	0	0
05.500,00.000	33.8	5.5	-200	0	4.5	1015.31	244.351	263.336	192.268	144.034	18.6329	40.8358	36.8678	15.5598	5.85077	8.58048	11.4435	17.3104	9.12866	7.11045	0	0	0	0	0	0
05.500,00.000	33.9	5.5	-200	0	4.5	1018.48	245.247	264.013	192.345	144.129	18.6753	40.8642	37.0174	15.8512	5.95351	8.82782	11.621	17.5448	9.19525	7.19775	0	0	0	0	0	0
05.500,00.000	34	5.5	-200	0	4.5	1018.89	245.361	264.104	192.353	144.14	18.6803	40.8675	37.0356	15.8872	5.96611	8.85703	11.646	17.578	9.2046	7.20877	0	0	0	0	0	0
05.500,00.000	34.1	5.5	-200	0	4.5	1019.93	245.649	264.34	192.374	144.167	18.6927	40.8752	37.0801	15.979	5.99738	8.93321	11.7116	17.6665	9.23001	7.23676	0	0	0	0	0	0
05.500,00.000	34.2	5.5	-200	0	4.5	1020.62	245.84	264.496	192.387	144.184	18.7006	40.8799	37.1081	16.0391	6.01754	8.98468	11.7549	17.7255	9.24726	7.25506	0	0	0	0	0	0
05.500,00.000	34.3	5.5	-200	0	4.5	1020.95	245.931	264.571	192.392	144.191	18.7041	40.8819	37.1208	16.0677	6.02687	9.0081	11.777	17.7557	9.2561	7.26378	0	0	0	0	0	0
05.500,00.000	34.4	5.5	-200	0	4.5	1021	245.945	264.582	192.393	144.192	18.7047	40.8822	37.1226	16.0721	6.0283	9.01204	11.7803	17.7604	9.2575	7.26512	0	0	0	0	0	0
05.500,00.000	34.5	5.5	-200	0	4.5	1021.21	246.001	264.631	192.397	144.196	18.7066	40.8832	37.1298	16.0902	6.03382	9.02632	11.7955	17.7814	9.26375	7.2706	0	0	0	0	0	0
05.500,00.000	34.6	5.5	-200	0	4.5	1021.26	246.015	264.642	192.397	144.197	18.7071	40.8834	37.1315	16.0947	6.03518	9.03022	11.799	17.7865	9.26531	7.27195	0	0	0	0	0	0
05.500,00.000	34.7	5.5	-200	0	4.5	1021.36	246.043	264.667	192.399	144.199	18.708	40.8839	37.1349	16.1043	6.03791	9.03758	11.8076	17.7986	9.269	7.27483	0	0	0	0	0	0
05.500,00.000	34.8	5.5	-200	0	4.5	1046.01	252.064	270.603	192.805	144.574	18.8984	40.9688	37.8678	18.2924	6.63801	10.718	13.8277	20.6645	10.1533	7.93143	0	0	0	0	0	0
05.500,00.000	34.9	5.5	-200	0	4.5	1058.12	254.977	273.463	193.364	144.737	18.9818	41.0044	38.1924	19.3202	7.01621	11.4856	14.798	21.9779	10.572	8.21153	0.0147742	0	0	0	0	0
05.500,00.000	35	5.5	-200	0	4.5	1059.08	255.179	273.686	193.458	144.749	18.9878	41.0067	38.2149	19.3965	7.05421	11.5412	14.8768	22.0762	10.6052	8.20879	0.0391025	0	0	0	0	0
05.500,00.000	35.1	5.5	-200	0	4.5	1064.79	256.327	275.028	193.989	144.808	19.0221	41.0181	38.3416	19.8494	7.24317	11.8679	15.3681	22.7251	10.8237	8.25287	0.124448	0	0	0	0	0
05.500,00.000	35.2	5.5	-200	0	4.5	1068.12	257.023	275.761	194.257	144.925	19.0412	41.0241	38.41	19.8952	7.57482	12.0522	15.6517	23.0965	10.9531	8.25246	0.198171	0	0	0	0	0
05.500,00.000	35.3	5.5	-200	0	4.5	1074.17	258.234	277.137	194.483	145.361	19.0741	41.0329	38.5247	20.0248	8.10544	12.3934	16.182	23.8278	11.2073	8.27497	0.308164	0	0	0	0	0
05.500,00.000	35.4	5.5	-200	0	4.5	1075.52	258.51	277.437	194.524	145.47	19.0812	41.0348	38.5482	20.0476	8.23801	12.4734	16.2981	23.9819	11.2638	8.27497	0.336842	0	0	0	0	0
05.500,00.000	35.5	5.5	-200	0	4.5	1081.59	259.738	278.819	194.68	145.961	19.1101	41.0402	38.6397	20.1321	8.80142	12.8025	16.8366	24.7474	11.5433	8.27497	0.463978	0	0	0	0	0
05.500,00.000	35.6	5.5	-200	0	4.5	1084.68	260.274	279.547	194.766	146.207	19.1246	41.0428	38.6842	20.1783	9.09741	12.9833	17.1628	25.1245	11.6838	8.27497	0.528412	0	0	0	0	0
05.500,00.000	35.7	5.5	-200	0	4.5	1098.73	262.892	282.815	195.08	147.337	19.184	41.0526	38.8582	20.3417	10.3739	13.7341	18.5389	27.0346	12.3971	8.27497	0.818262	0	0	0	0	0
05.500,00.000	35.8	5.5	-200	0	4.5	1112.04	265.204	285.989	195.381	148.399	19.2371	41.061	39.0065	20.4986	11.7109	14.433	20.0134	28.6477	13.0944	8.27497	1.08911	0	0	0	0	0
05.500,00.000	35.9	5.5	-200	0	4.5	1114.52	265.635	286.575	195.441	148.601	19.2467	41.0625	39.0323	20.5295	11.9766	14.5663	20.3119	28.8911	13.2335	8.27497	1.14014	0	0	0	0	0
05.500,00.000	36	5.5	-200	0	4.5	1117.96	266.272	287.394	195.509	148.878	19.258	41.0642	39.059	20.5613	12.3104	14.73	20.6655	29.3362	13.4353	8.27497	1.20681	0	0	0	0	0
05.500,00.000	36.1	5.5	-200	0	4.5	1123.24	267.224	288.686	195.61	149.305	19.2738	41.0663	39.0933	20.609	12.8234	14.975	21.1993	30.0334	13.7613	8.27497	1.30786	0	0	0	0	0
05.500,00.000	36.2	5.5	-200	0	4.5	1125.97	267.716	289.358	195.661	149.521	19.281	41.0672	39.1407	20.6344	13.0813	15.0955	21.4635	30.3839	13.932	8.27497	1.35774	0	0	0	0	0
05.500,00.000	36.3	5.5	-200	0	4.5	1128.73	268.23	290.048	195.707	149.745	19.2872	41.0679	39.18	20.6593	13.3376	15.209	21.7268	30.7385	14.1159	8.27497	1.40727	0	0	0	0	0
05.500,00.000	36.4	5.5	-200	0	4.5	1129.25	268.326	290.179	195.717	149.786	19.2883	41.068	39.1939	20.6651	13.3869	15.231	21.7753	30.7885	14.1509	8.27497	1.41639	0	0	0	0	0
05.500,00.000	36.5	5.5	-200	0	4.5	1130.27	268.515	290.444	195.733	149.871	19.2897	41.068	39.2153	20.6758	13.4827	15.2696	21.8681	30.904	14.2266	8.27497	1.43373	0	0	0	0	0
05.500,00.000	36.6	5.5	-200	0	4.5	1131.14	268.66	290.671	195.747	149.945	19.2909	41.0681	39.2341	20.6849	13.5671	15.306	21.9489	30.9993	14.2921	8.27497	1.44884	0	0	0	0	0
05.500,00.000	36.7	5.5	-200	0	4.5	1145.3	270.943	294.156	195.92	151.224	19.302	41.0681	39.3978	20.8123	14.9762	15.8388	23.2718	33.031	15.3841	8.27497	1.69813	0	0	0	0	0
05.500,00.000	36.8	5.5	-200	0	4.5	1184.44	277.778	304.01	196.645	154.699	19.3175	41.0681	39.821	21.1468	18.7238	17.1708	26.7212	38.0637	18.6546	8.27497	2.3403	0	0	0	0	0
05.500,00.000	36.9	5.5	-200	0	4.5	1191.71	279.09	305.825	196.828	155.153	19.5086	41.0681	39.9061	21.2211	19.2412	17.6381	27.4071	38.9102	19.1897	8.27497	2.4532	0	0	0	0	0
05.500,00.000	37	5.5	-200	0	4.5	1212.1	283.42	310.952	197.23	155.544	20.9251	41.0681	40.1238	21.472	19.8449	18.7692	29.2734	41.5449	20.8992	8.27497	2.75716	0	0	0	0	0
05.500,00.000	37.1	5.5	-200	0	4.5	1220.62	285.287	313.21	197.415	155.597	21.6486	41.0681	40.2133	21.5927	19.9895	19.0674	30.0564	42.6772	21.6394	8.27689	2.88419	0	0	0	0	0
05.500,00.000	37.2	5.5	-200	0	4.5	1223.3	285.85	313.891	197.463	155.614	21.8603	41.0681	40.2376	21.6332	20.0304	19.141	30.2774	43.0205	22.0155	8.27879	2.91969	0	0	0	0	0
05.500,00.000	37.3	5.5	-200	0	4.5	1226.2	286.454	314.628	197.513	155.635	22.0901	41.0681	40.2615	21.6816	20.0721	19.2094	30.5029	43.3907	22.459	8.28197	2.95568	0	0	0	0	0
05.500,00.000	37.4	5.5	-200	0	4.5	1246.11	290.944	319.513	197.845	155.79	23.6435	41.0681	40.4084	22.0491	20.3441	19.6867	31.9534	45.9294	25.4437	8.31223	3.18524	0	0	0	0	0
05.500,00.000	37.5	5.5	-200	0	4.5	1254.33	293.122	321.511	198.029	155.865	23.7031	41.0681	40.4681	22.2157	20.4651	20.0055	32.5554	47.0172	26.1557	8.86581	3.27999	0	0	0	0	0
05.500,00.000	37.6	5.5	-200	0	4.5	1257.27	293.854	322.223	198.108	155.901	23.7031	41.0681	40.4876	22.2823	20.5126	20.1607	32.7589	47.3981	26.434	9.06527	3.31166	0	0	0	0	0
05.500,00.000	37.7	5.5	-200	0	4.5	1286.15	300.33	329.022	198.85	156.253	23.7031	41.0681	40.6731	23.0349	21.2113	22.116	34.669	51.2114	29.2499	11.1306	3.6291	0	0	0	0	0
05.500,00.000	37.8	5.5	-200	0	4.5	1291.97	301.482	330.443	199.024	156.339	23.7031	41.0681	40.7083	23.1924	21.4608	22.5731	35.124	51.8638	29.7559	11.5385	3.68955	0	0	0	0	0
05.500,00.000	37.9	5.5	-200	0	4.5	1291.99	301.487	330.448	199.025	156.34	23.7031	41.0681	40.7085	23.193	21.4615	22.5747	35.1255	51.8663	29.7581	11.54	3.68974	0	0	0	0	0
05.500,00.000	38	5.5	-200	0	4.5	1309.66	305.465	334.644	199.501	156.751	23.7031	41.0681	40.7846	23.7243	22.0876	23.7748	36.247	53.8082	31.5214	12.7558	3.82891	0	0	0	0	0
05.500,00.000	38.1	5.5	-200	0	4.5	1317.3	307.223	336.588	199.714	156.942	23.7031	41.1158	40.8156	23.9412	22.3866	24.3655	36.719	54.4795	32.14	13.2804	3.88652	0	0	0	0	0
05.500,00.000	38.2	5.5	-200	0	4.5	1319.88	307.785	337.229	199.784	157.016	23.7031	41.1364	40.8239	24.0181	22.4981	24.5769	36.86	54.7226	32.3724	13.4534	3.90292	0	0	0	0	0
05.500,00.000	38.3	5.5	-200	0	4.5	1322.59	308.395	337.879	199.854	157.109	23.7031	41.1693	40.8311	24.0996	22.624	24.7927	36.9945	54.9644	32.6185	13.6337	3.9179	0	0	0	0	0
05.500,00.000	38.4	5.5	-200	0	4.5	1337.27	311.788	341.428	200.226	157.618	23.7031	41.3883	40.8609	24.5164	23.3583	25.9466	37.6485	56.2334	33.9719	14.597	3.98622	0	0	0	0	0
05.500,00.000	38.5	5.5	-200	0	4.5	1344.14	313.353	343.031	200.393	157.968	23.7041	41.5149	40.9033	24.689	23.705	26.6456	37.9301	56.7631	34.4893	15.0341	4.0145	0	0	0	0	0
05.500,00.000	38.6	5.5	-200	0	4.5	1349.96	314.711	344.322	200.53	158.272	23.7107	41.6264	40.9223	24.8559	24.0246	27.2176	38.1401	57.2346	34.9482	15.4082	4.03313	0	0	0	0	0
05.500,00.000	38.7	5.5	-200	0	4.5	1374.27	318.658	350.807	201.103	159.246	23.7441	42.1576	40.9916	25.5643	25.5438	30.0846	38.917	59.3612	36.9006	17.0887	4.10002	0	0	0	0	0
05.500,00.000	38.8	5.5	-200	0	4.5	1378.79	319.356	352.084	201.23	159.502	23.7566	42.2567	41.0125	25.6457	25.8162	30.6656	39.0059	59.7199	37.2163	17.4076	4.11088	0	0	0	0	0
05.500,00.000	38.9	5.5	-200	0	4.5	1378.81	319.359	352.09	201.231	159.503	23.7567	42.2571	41.0126	25.6463	25.8177	30.6681	39.0065	59.7216	37.2182	17.4091	4.1109	0	0	0	0	0
05.500,00.000	39	5.5	-200	0	4.5	1395.45	321.956	356.864	201.795	160.373	23.8637	42.6254	41.0406	26.0859	26.8946	32.4817	39.3518	60.9437	38.5458	18.5144	4.11532	0	0	0	0	0
05.500,00.000	39.1	5.5	-200	0	4.5	1410.75	324.197	361.061	202.341	161.263	23.9709	43.513	41.1441	26.4474	27.7653	34.0941	39.638	61.9312	39.7435	18.7611	4.87736	0	0	0	0	0
05.500,00.000	39.2	5.5	-200	0	4.5	1412.9	324.506	361.655	202.435	161.388	23.9911	43.689	41.1699	26.4857	27.8722	34.3201	39.6748	62.0199	39.9113	18.788	4.99214	0	0	0	0	0
05.500,00.000	39.3	5.5	-200	0	4.5	1421.18	325.772	363.884	202.752	161.76	24.0966	44.3706	41.2576	26.6769	28.3797	35.1067	39.7879	62.4638	40.5886	18.8741	5.41381	0	0	0	0	0
05.500,00.000	39.4	5.5	-200	0	4.5	1435.94	328.159	368.045	203.371	162.623	24.2403	44.9348	41.4141	26.9993	29.2266	36.5289	40.0048	63.2766	41.8556	19.0734	6.19273	0	0	0	0	0
05.500,00.000	39.5	5.5	-200	0	4.5	1438.7	328.557	368.909	203.504	162.782	24.2773	44.9348	41.4473	27.0362	29.3456	36.8305	40.0446	63.4412	42.1256	19.1047	6.35699	0	0	0	0	0
05.500,00.000	39.6	5.5	-200	0	4.5	1452.82	330.841	373.085	204.111	163.609	24.4586	44.9348	41.5891	27.4229	30.2251	38.1787	40.2515	64.2931	43.3686	19.3226	7.13093	0	0	0	0	0
05.500,00.000	39.7	5.5	-200	0	4.5	1455.6	331.26	373.924	204.237	163.771	24.5026	44.9348	41.6176	27.4935	30.337	38.4527	40.3416	64.4487	43.6262	19.3695	7.2862	0	0	0	0	0
05.500,00.000	39.8	5.5	-200	0	4.5	1455.62	331.263	373.928	204.238	163.772	24.5029	44.9348	41.6177	27.494	30.338	38.4542	40.3419	64.4496	43.6277	19.3697	7.28702	0	0	0	0	0
05.500,00.000	39.9	5.5	-200	0	4.5	1456.29	331.367	374.131	204.268	163.809	24.5151	44.9348	41.624	27.5121	30.37	38.5119	40.3591	64.49	43.696	19.3789	7.32075	0	0	0	0	0
05.500,00.000	40	5.5	-200	0	4.5	1464.89	332.719	376.655	204.64	164.283	24.6982	44.9348	41.7015	27.7756	30.901	39.2168	40.5195	65.0172	44.5533	19.5389	7.73505	0	0	0	0	0
05.500,00.000	40.1	5.5	-200	0	4.5	1472.01	333.841	378.746	204.957	164.688	24.8453	44.9348	41.799	27.9925	31.2838	39.8067	40.6554	65.4306	45.2745	19.676	8.07849	0	0	0	0	0
05.500,00.000	40.2	5.5	-200	0	4.5	1472.98	333.993	379.04	205.001	164.745	24.8628	44.9348	41.8124	28.0216	31.3193	39.8929	40.6778	65.485	45.376	19.6896	8.1256	0	0	0	0	0
05.500,00.000	40.3	5.5	-200	0	4.5	1475.78	334.43	379.86	205.13	164.907	24.9179	44.9348	41.8505	28.12	31.4926	40.121	40.7266	65.639	45.6603	19.7335	8.256	0	0	0	0	0
05.500,00.000	40.4	5.5	-200	0	4.5	1489.3	336.543	383.809	205.762	165.699	25.1751	44.9348	42.0334	28.5999	32.3321	41.1979	40.9352	66.3577	47.0464	19.9957	8.87513	0	0	0	0	0
05.500,00.000	40.5	5.5	-200	0	4.5	1491.69	336.931	384.556	205.882	165.844	25.2257	44.9348	42.0679	28.6761	32.429	41.3316	40.9876	66.4976	47.2953	20.0418	8.99139	0	0	0	0	0
05.500,00.000	40.6	5.5	-200	0	4.5	1500.02	338.238	387.002	206.298	166.335	25.4152	44.9351	42.1843	28.9844	32.9634	41.9149	41.1141	66.9282	48.1236	20.2049	9.38225	0	0	0	0	0
05.500,00.000	40.7	5.5	-200	0	4.5	1506.07	339.132	388.831	206.6	166.696	25.5478	44.9379	42.2664	29.1988	33.3216	42.3251	41.2082	67.248	48.7324	20.3393	9.69136	0	0	0	0	0
05.500,00.000	40.8	5.5	-200	0	4.5	1506.64	339.208	388.993	206.629	166.728	25.5597	44.9386	42.2737	29.2178	33.3459	42.3611	41.2176	67.2761	48.7883	20.3514	9.75297	0	0	0	0	0
05.500,00.000	40.9	5.5	-200	0	4.5	1512.32	339.985	390.56	206.943	167.074	25.7058	44.9529	42.3496	29.4389	33.7428	42.7228	41.2883	67.5321	49.3644	20.4822	10.1829	0	0	0	0	0
05.500,00.000	41	5.5	-200	0	4.5	1514.25	340.234	391.115	207.051	167.192	25.753	44.9585	42.3752	29.5121	33.8538	42.8196	41.3169	67.623	49.5537	20.5328	10.356	0	0	0	0	0
05.500,00.000	41.1	5.5	-200	0	4.5	1515.78	340.432	391.543	207.141	167.289	25.7928	44.9651	42.3962	29.572	33.9615	42.8998	41.3342	67.6879	49.7134	20.5805	10.47	0	0	0	0	0
05.500,00.000	41.2	5.5	-200	0	4.5	1521.07	341.124	392.974	207.382	167.641	25.9255	44.9807	42.4726	29.7918	34.3648	43.1926	41.3962	67.9147	50.3024	20.7172	10.892	0	0	0	0	0
05.500,00.000	41.3	5.5	-200	0	4.5	1524.04	341.506	393.794	207.527	167.844	25.9987	44.9933	42.5163	29.9133	34.5593	43.3457	41.4341	68.0437	50.6326	20.7956	11.1393	0	0	0	0	0
05.500,00.000	41.4	5.5	-200	0	4.5	1527.6	341.943	394.763	207.717	168.094	26.0905	45.0245	42.5687	30.0635	34.8169	43.5276	41.4768	68.181	50.999	20.9116	11.4253	0	0	0	0	0
05.500,00.000	41.5	5.5	-200	0	4.5	1528.16	342.01	394.917	207.75	168.135	26.1048	45.0325	42.5773	30.0855	34.8417	43.5537	41.4832	68.2036	51.0631	20.9309	11.4714	0	0	0	0	0
05.500,00.000	41.6	5.5	-200	0	4.5	1533.03	342.573	396.222	208.03	168.516	26.2469	45.0758	42.6534	30.2966	35.1886	43.7993	41.5357	68.3803	51.5574	21.088	11.8634	0	0	0	0	0
05.500,00.000	41.7	5.5	-200	0	4.5	1534.89	342.783	396.71	208.139	168.665	26.3022	45.0885	42.6832	30.3775	35.305	43.8903	41.5568	68.4521	51.765	21.1565	12.0134	0	0	0	0	0
05.500,00.000	41.8	5.5	-200	0	4.5	1536.99	343.006	397.247	208.257	168.832	26.3689	45.1051	42.7163	30.4733	35.4684	43.9914	41.5788	68.5289	52.004	21.2436	12.1725	0	0	0	0	0
05.500,00.000	41.9	5.5	-200	0	4.5	1539.37	343.258	397.864	208.397	169.03	26.4498	45.1249	42.7552	30.5869	35.6553	44.1057	41.6037	68.6067	52.2524	21.3303	12.3535	0	0	0	0	0
05.500,00.000	42	5.5	-200	0	4.5	1539.96	343.321	398.016	208.432	169.082	26.4708	45.1305	42.7652	30.615	35.6952	44.1343	41.6092	68.6243	52.3129	21.3521	12.3991	0	0	0	0	0