
label	time(d)	x	depth	z	radius	total	0-10	10-20	20-30	30-40	40-50	50-60	60-70	70-80	80-90	90-100	100-110	110-120	120-130	130-140	140-150	150-160	160-170	170-180	180-190	190-200
05.500,00.000	0	5.5	-200	0	4.5	0	0	0	0	0	0	0	0	0	0	0	0	0	0	0	0	0	0	0	0	0
05.500,00.000	0.1	5.5	-200	0	4.5	0	0	0	0	0	0	0	0	0	0	0	0	0	0	0	0	0	0	0	0	0
05.500,00.000	0.2	5.5	-200	0	4.5	0	0	0	0	0	0	0	0	0	0	0	0	0	0	0	0	0	0	0	0	0
05.500,00.000	0.3	5.5	-200	0	4.5	0	0	0	0	0	0	0	0	0	0	0	0	0	0	0	0	0	0	0	0	0
05.500,00.000	0.4	5.5	-200	0	4.5	0	0	0	0	0	0	0	0	0	0	0	0	0	0	0	0	0	0	0	0	0
05.500,00.000	0.5	5.5	-200	0	4.5	0	0	0	0	0	0	0	0	0	0	0	0	0	0	0	0	0	0	0	0	0
05.500,00.000	0.6	5.5	-200	0	4.5	0	0	0	0	0	0	0	0	0	0	0	0	0	0	0	0	0	0	0	0	0
05.500,00.000	0.7	5.5	-200	0	4.5	0	0	0	0	0	0	0	0	0	0	0	0	0	0	0	0	0	0	0	0	0
05.500,00.000	0.8	5.5	-200	0	4.5	0	0	0	0	0	0	0	0	0	0	0	0	0	0	0	0	0	0	0	0	0
05.500,00.000	0.9	5.5	-200	0	4.5	0	0	0	0	0	0	0	0	0	0	0	0	0	0	0	0	0	0	0	0	0
05.500,00.000	1	5.5	-200	0	4.5	0	0	0	0	0	0	0	0	0	0	0	0	0	0	0	0	0	0	0	0	0
05.500,00.000	1.1	5.5	-200	0	4.5	0	0	0	0	0	0	0	0	0	0	0	0	0	0	0	0	0	0	0	0	0
05.500,00.000	1.2	5.5	-200	0	4.5	0	0	0	0	0	0	0	0	0	0	0	0	0	0	0	0	0	0	0	0	0
05.500,00.000	1.3	5.5	-200	0	4.5	0	0	0	0	0	0	0	0	0	0	0	0	0	0	0	0	0	0	0	0	0
05.500,00.000	1.4	5.5	-200	0	4.5	0	0	0	0	0	0	0	0	0	0	0	0	0	0	0	0	0	0	0	0	0
05.500,00.000	1.5	5.5	-200	0	4.5	0	0	0	0	0	0	0	0	0	0	0	0	0	0	0	0	0	0	0	0	0
05.500,00.000	1.6	5.5	-200	0	4.5	0	0	0	0	0	0	0	0	0	0	0	0	0	0	0	0	0	0	0	0	0
05.500,00.000	1.7	5.5	-200	0	4.5	0	0	0	0	0	0	0	0	0	0	0	0	0	0	0	0	0	0	0	0	0
05.500,00.000	1.8	5.5	-200	0	4.5	0	0	0	0	0	0	0	0	0	0	0	0	0	0	0	0	0	0	0	0	0
05.500,00.000	1.9	5.5	-200	0	4.5	0	0	0	0	0	0	0	0	0	0	0	0	0	0	0	0	0	0	0	0	0
05.500,00.000	2	5.5	-200	0	4.5	0	0	0	0	0	0	0	0	0	0	0	0	0	0	0	0	0	0	0	0	0
05.500,00.000	2.1	5.5	-200	0	4.5	0	0	0	0	0	0	0	0	0	0	0	0	0	0	0	0	0	0	0	0	0
05.500,00.000	2.2	5.5	-200	0	4.5	0	0	0	0	0	0	0	0	0	0	0	0	0	0	0	0	0	0	0	0	0
05.500,00.000	2.3	5.5	-200	0	4.5	0	0	0	0	0	0	0	0	0	0	0	0	0	0	0	0	0	0	0	0	0
05.500,00.000	2.4	5.5	-200	0	4.5	0	0	0	0	0	0	0	0	0	0	0	0	0	0	0	0	0	0	0	0	0
05.500,00.000	2.5	5.5	-200	0	4.5	0	0	0	0	0	0	0	0	0	0	0	0	0	0	0	0	0	0	0	0	0
05.500,00.000	2.6	5.5	-200	0	4.5	0	0	0	0	0	0	0	0	0	0	0	0	0	0	0	0	0	0	0	0	0
05.500,00.000	2.7	5.5	-200	0	4.5	0	0	0	0	0	0	0	0	0	0	0	0	0	0	0	0	0	0	0	0	0
05.500,00.000	2.8	5.5	-200	0	4.5	0	0	0	0	0	0	0	0	0	0	0	0	0	0	0	0	0	0	0	0	0
05.500,00.000	2.9	5.5	-200	0	4.5	0	0	0	0	0	0	0	0	0	0	0	0	0	0	0	0	0	0	0	0	0
05.500,00.000	3	5.5	-200	0	4.5	0	0	0	0	0	0	0	0	0	0	0	0	0	0	0	0	0	0	0	0	0
05.500,00.000	3.1	5.5	-200	0	4.5	0.115177	0.115177	0	0	0	0	0	0	0	0	0	0	0	0	0	0	0	0	0	0	0
05.500,00.000	3.2	5.5	-200	0	4.5	0.369473	0.369473	0	0	0	0	0	0	0	0	0	0	0	0	0	0	0	0	0	0	0
05.500,00.000	3.3	5.5	-200	0	4.5	0.624752	0.624752	0	0	0	0	0	0	0	0	0	0	0	0	0	0	0	0	0	0	0
05.500,00.000	3.4	5.5	-200	0	4.5	0.881549	0.881549	0	0	0	0	0	0	0	0	0	0	0	0	0	0	0	0	0	0	0
05.500,00.000	3.5	5.5	-200	0	4.5	1.1387	1.1387	0	0	0	0	0	0	0	0	0	0	0	0	0	0	0	0	0	0	0
05.500,00.000	3.6	5.5	-200	0	4.5	1.39434	1.39434	0	0	0	0	0	0	0	0	0	0	0	0	0	0	0	0	0	0	0
05.500,00.000	3.7	5.5	-200	0	4.5	1.65003	1.65003	0	0	0	0	0	0	0	0	0	0	0	0	0	0	0	0	0	0	0
05.500,00.000	3.8	5.5	-200	0	4.5	1.90527	1.90527	0	0	0	0	0	0	0	0	0	0	0	0	0	0	0	0	0	0	0
05.500,00.000	3.9	5.5	-200	0	4.5	2.16038	2.16038	0	0	0	0	0	0	0	0	0	0	0	0	0	0	0	0	0	0	0
05.500,00.000	4	5.5	-200	0	4.5	2.41672	2.41672	0	0	0	0	0	0	0	0	0	0	0	0	0	0	0	0	0	0	0
05.500,00.000	4.1	5.5	-200	0	4.5	2.67469	2.67469	0	0	0	0	0	0	0	0	0	0	0	0	0	0	0	0	0	0	0
05.500,00.000	4.2	5.5	-200	0	4.5	2.93333	2.93333	0	0	0	0	0	0	0	0	0	0	0	0	0	0	0	0	0	0	0
05.500,00.000	4.3	5.5	-200	0	4.5	3.19256	3.19256	0	0	0	0	0	0	0	0	0	0	0	0	0	0	0	0	0	0	0
05.500,00.000	4.4	5.5	-200	0	4.5	3.45226	3.45226	0	0	0	0	0	0	0	0	0	0	0	0	0	0	0	0	0	0	0
05.500,00.000	4.5	5.5	-200	0	4.5	3.71124	3.71124	0	0	0	0	0	0	0	0	0	0	0	0	0	0	0	0	0	0	0
05.500,00.000	4.6	5.5	-200	0	4.5	3.96871	3.96871	0	0	0	0	0	0	0	0	0	0	0	0	0	0	0	0	0	0	0
05.500,00.000	4.7	5.5	-200	0	4.5	4.22536	4.22536	0	0	0	0	0	0	0	0	0	0	0	0	0	0	0	0	0	0	0
05.500,00.000	4.8	5.5	-200	0	4.5	4.48168	4.48168	0	0	0	0	0	0	0	0	0	0	0	0	0	0	0	0	0	0	0
05.500,00.000	4.9	5.5	-200	0	4.5	4.73772	4.73772	0	0	0	0	0	0	0	0	0	0	0	0	0	0	0	0	0	0	0
05.500,00.000	5	5.5	-200	0	4.5	4.99342	4.99342	0	0	0	0	0	0	0	0	0	0	0	0	0	0	0	0	0	0	0
05.500,00.000	5.1	5.5	-200	0	4.5	5.24949	5.24949	0	0	0	0	0	0	0	0	0	0	0	0	0	0	0	0	0	0	0
05.500,00.000	5.2	5.5	-200	0	4.5	5.50535	5.50535	0	0	0	0	0	0	0	0	0	0	0	0	0	0	0	0	0	0	0
05.500,00.000	5.3	5.5	-200	0	4.5	5.76052	5.76052	0	0	0	0	0	0	0	0	0	0	0	0	0	0	0	0	0	0	0
05.500,00.000	5.4	5.5	-200	0	4.5	6.01563	6.01563	0	0	0	0	0	0	0	0	0	0	0	0	0	0	0	0	0	0	0
05.500,00.000	5.5	5.5	-200	0	4.5	6.05039	6.05039	0	0	0	0	0	0	0	0	0	0	0	0	0	0	0	0	0	0	0
05.500,00.000	5.6	5.5	-200	0	4.5	6.05039	6.05039	0	0	0	0	0	0	0	0	0	0	0	0	0	0	0	0	0	0	0
05.500,00.000	5.7	5.5	-200	0	4.5	6.05039	6.05039	0	0	0	0	0	0	0	0	0	0	0	0	0	0	0	0	0	0	0
05.500,00.000	5.8	5.5	-200	0	4.5	6.05039	6.05039	0	0	0	0	0	0	0	0	0	0	0	0	0	0	0	0	0	0	0
05.500,00.000	5.9	5.5	-200	0	4.5	6.05039	6.05039	0	0	0	0	0	0	0	0	0	0	0	0	0	0	0	0	0	0	0
05.500,00.000	6	5.5	-200	0	4.5	6.05039	6.05039	0	0	0	0	0	0	0	0	0	0	0	0	0	0	0	0	0	0	0
05.500,00.000	6.1	5.5	-200	0	4.5	6.05039	6.05039	0	0	0	0	0	0	0	0	0	0	0	0	0	0	0	0	0	0	0
05.500,00.000	6.2	5.5	-200	0	4.5	6.05039	6.05039	0	0	0	0	0	0	0	0	0	0	0	0	0	0	0	0	0	0	0
05.500,00.000	6.3	5.5	-200	0	4.5	6.05039	6.05039	0	0	0	0	0	0	0	0	0	0	0	0	0	0	0	0	0	0	0
05.500,00.000	6.4	5.5	-200	0	4.5	6.05039	6.05039	0	0	0	0	0	0	0	0	0	0	0	0	0	0	0	0	0	0	0
05.500,00.000	6.5	5.5	-200	0	4.5	6.05039	6.05039	0	0	0	0	0	0	0	0	0	0	0	0	0	0	0	0	0	0	0
05.500,00.000	6.6	5.5	-200	0	4.5	6.05039	6.05039	0	0	0	0	0	0	0	0	0	0	0	0	0	0	0	0	0	0	0
05.500,00.000	6.7	5.5	-200	0	4.5	6.05039	6.05039	0	0	0	0	0	0	0	0	0	0	0	0	0	0	0	0	0	0	0
05.500,00.000	6.8	5.5	-200	0	4.5	6.05039	6.05039	0	0	0	0	0	0	0	0	0	0	0	0	0	0	0	0	0	0	0
05.500,00.000	6.9	5.5	-200	0	4.5	6.05039	6.05039	0	0	0	0	0	0	0	0	0	0	0	0	0	0	0	0	0	0	0
05.500,00.000	7	5.5	-200	0	4.5	6.05039	6.05039	0	0	0	0	0	0	0	0	0	0	0	0	0	0	0	0	0	0	0
05.500,00.000	7.1	5.5	-200	0	4.5	6.05039	6.05039	0	0	0	0	0	0	0	0	0	0	0	0	0	0	0	0	0	0	0
05.500,00.000	7.2	5.5	-200	0	4.5	6.05039	6.05039	0	0	0	0	0	0	0	0	0	0	0	0	0	0	0	0	0	0	0
05.500,00.000	7.3	5.5	-200	0	4.5	6.05039	6.05039	0	0	0	0	0	0	0	0	0	0	0	0	0	0	0	0	0	0	0
05.500,00.000	7.4	5.5	-200	0	4.5	6.05051	6.05051	0	0	0	0	0	0	0	0	0	0	0	0	0	0	0	0	0	0	0
05.500,00.000	7.5	5.5	-200	0	4.5	6.05141	6.05141	0	0	0	0	0	0	0	0	0	0	0	0	0	0	0	0	0	0	0
05.500,00.000	7.6	5.5	-200	0	4.5	6.0539	6.0539	0	0	0	0	0	0	0	0	0	0	0	0	0	0	0	0	0	0	0
05.500,00.000	7.7	5.5	-200	0	4.5	6.05867	6.05867	0	0	0	0	0	0	0	0	0	0	0	0	0	0	0	0	0	0	0
05.500,00.000	7.8	5.5	-200	0	4.5	6.09433	6.0656	0	0.0287332	0	0	0	0	0	0	0	0	0	0	0	0	0	0	0	0	0
05.500,00.000	7.9	5.5	-200	0	4.5	6.34248	6.07655	0	0.265928	0	0	0	0	0	0	0	0	0	0	0	0	0	0	0	0	0
05.500,00.000	8	5.5	-200	0	4.5	6.57805	6.0914	0	0.486655	0	0	0	0	0	0	0	0	0	0	0	0	0	0	0	0	0
05.500,00.000	8.1	5.5	-200	0	4.5	6.83467	6.11112	0	0.72355	0	0	0	0	0	0	0	0	0	0	0	0	0	0	0	0	0
05.500,00.000	8.2	5.5	-200	0	4.5	7.09596	6.13613	0	0.959835	0	0	0	0	0	0	0	0	0	0	0	0	0	0	0	0	0
05.500,00.000	8.3	5.5	-200	0	4.5	7.36229	6.16694	0	1.19535	0	0	0	0	0	0	0	0	0	0	0	0	0	0	0	0	0
05.500,00.000	8.4	5.5	-200	0	4.5	7.63532	6.20491	0	1.43042	0	0	0	0	0	0	0	0	0	0	0	0	0	0	0	0	0
05.500,00.000	8.5	5.5	-200	0	4.5	7.91764	6.25274	0	1.66491	0	0	0	0	0	0	0	0	0	0	0	0	0	0	0	0	0
05.500,00.000	8.6	5.5	-200	0	4.5	8.20026	6.30129	0	1.89898	0	0	0	0	0	0	0	0	0	0	0	0	0	0	0	0	0
05.500,00.000	8.7	5.5	-200	0	4.5	8.48675	6.35515	0	2.1316	0	0	0	0	0	0	0	0	0	0	0	0	0	0	0	0	0
05.500,00.000	8.8	5.5	-200	0	4.5	8.78286	6.41844	0	2.36442	0	0	0	0	0	0	0	0	0	0	0	0	0	0	0	0	0
05.500,00.000	8.9	5.5	-200	0	4.5	9.0843	6.48805	0	2.59625	0	0	0	0	0	0	0	0	0	0	0	0	0	0	0	0	0
05.500,00.000	9	5.5	-200	0	4.5	9.39554	6.5674	0	2.82814	0	0	0	0	0	0	0	0	0	0	0	0	0	0	0	0	0
05.500,00.000	9.1	5.5	-200	0	4.5	9.7138	6.65446	0	3.05934	0	0	0	0	0	0	0	0	0	0	0	0	0	0	0	0	0
05.500,00.000	9.2	5.5	-200	0	4.5	10.0413	6.7515	0	3.28978	0	0	0	0	0	0	0	0	0	0	0	0	0	0	0	0	0
05.500,00.000	9.3	5.5	-200	0	4.5	10.3879	6.86819	0	3.51967	0	0	0	0	0	0	0	0	0	0	0	0	0	0	0	0	0
05.500,00.000	9.4	5.5	-200	0	4.5	10.743	6.99365	0	3.74931	0	0	0	0	0	0	0	0	0	0	0	0	0	0	0	0	0
05.500,00.000	9.5	5.5	-200	0	4.5	11.1068	7.12843	0	3.97834	0	0	0	0	0	0	0	0	0	0	0	0	0	0	0	0	0
05.500,00.000	9.6	5.5	-200	0	4.5	11.4784	7.27188	0	4.20653	0	0	0	0	0	0	0	0	0	0	0	0	0	0	0	0	0
05.500,00.000	9.7	5.5	-200	0	4.5	11.8452	7.41148	0	4.43375	0	0	0	0	0	0	0	0	0	0	0	0	0	0	0	0	0
05.500,00.000	9.8	5.5	-200	0	4.5	12.2163	7.55553	0	4.66074	0	0	0	0	0	0	0	0	0	0	0	0	0	0	0	0	0
05.500,00.000	9.9	5.5	-200	0	4.5	12.5969	7.70943	0	4.71993	0.167517	0	0	0	0	0	0	0	0	0	0	0	0	0	0	0	0
05.500,00.000	10	5.5	-200	0	4.5	12.9875	7.87385	0	4.72089	0.392758	0	0	0	0	0	0	0	0	0	0	0	0	0	0	0	0
05.500,00.000	10.1	5.5	-200	0	4.5	13.4115	8.0496	0.0225945	4.72114	0.61813	0	0	0	0	0	0	0	0	0	0	0	0	0	0	0	0
05.500,00.000	10.2	5.5	-200	0	4.5	13.8687	8.23522	0.0692008	4.72114	0.843145	0	0	0	0	0	0	0	0	0	0	0	0	0	0	0	0
05.500,00.000	10.3	5.5	-200	0	4.5	14.3367	8.43062	0.117248	4.72114	1.0677	0	0	0	0	0	0	0	0	0	0	0	0	0	0	0	0
05.500,00.000	10.4	5.5	-200	0	4.5	14.8162	8.63662	0.166756	4.72114	1.29168	0	0	0	0	0	0	0	0	0	0	0	0	0	0	0	0
05.500,00.000	10.5	5.5	-200	0	4.5	15.3038	8.85001	0.217592	4.72114	1.51504	0	0	0	0	0	0	0	0	0	0	0	0	0	0	0	0
05.500,00.000	10.6	5.5	-200	0	4.5	15.7977	9.06913	0.269749	4.72114	1.7377	0	0	0	0	0	0	0	0	0	0	0	0	0	0	0	0
05.500,00.000	10.7	5.5	-200	0	4.5	16.2958	9.29189	0.322948	4.72114	1.9598	0	0	0	0	0	0	0	0	0	0	0	0	0	0	0	0
05.500,00.000	10.8	5.5	-200	0	4.5	16.8036	9.52315	0.377607	4.72114	2.18166	0	0	0	0	0	0	0	0	0	0	0	0	0	0	0	0
05.500,00.000	10.9	5.5	-200	0	4.5	17.3205	9.7627	0.433712	4.72114	2.40296	0	0	0	0	0	0	0	0	0	0	0	0	0	0	0	0
05.500,00.000	11	5.5	-200	0	4.5	17.8474	10.0112	0.491339	4.72114	2.62372	0	0	0	0	0	0	0	0	0	0	0	0	0	0	0	0
05.500,00.000	11.1	5.5	-200	0	4.5	18.3929	10.2776	0.550349	4.72114	2.84381	0	0	0	0	0	0	0	0	0	0	0	0	0	0	0	0
05.500,00.000	11.2	5.5	-200	0	4.5	19.0044	10.609	0.610829	4.72114	3.06343	0	0	0	0	0	0	0	0	0	0	0	0	0	0	0	0
05.500,00.000	11.3	5.5	-200	0	4.5	19.6313	10.9546	0.672938	4.72114	3.28262	0	0	0	0	0	0	0	0	0	0	0	0	0	0	0	0
05.500,00.000	11.4	5.5	-200	0	4.5	20.2685	11.3093	0.736795	4.72114	3.50122	0	0	0	0	0	0	0	0	0	0	0	0	0	0	0	0
05.500,00.000	11.5	5.5	-200	0	4.5	20.9138	11.6712	0.802293	4.72114	3.71917	0	0	0	0	0	0	0	0	0	0	0	0	0	0	0	0
05.500,00.000	11.6	5.5	-200	0	4.5	21.6029	12.076	0.86928	4.72114	3.93646	0	0	0	0	0	0	0	0	0	0	0	0	0	0	0	0
05.500,00.000	11.7	5.5	-200	0	4.5	22.3106	12.4984	0.937705	4.72114	4.15335	0	0	0	0	0	0	0	0	0	0	0	0	0	0	0	0
05.500,00.000	11.8	5.5	-200	0	4.5	23.0173	12.919	1.00748	4.72114	4.36974	0	0	0	0	0	0	0	0	0	0	0	0	0	0	0	0
05.500,00.000	11.9	5.5	-200	0	4.5	23.7399	13.3542	1.07888	4.72114	4.58567	0	0	0	0	0	0	0	0	0	0	0	0	0	0	0	0
05.500,00.000	12	5.5	-200	0	4.5	24.5166	13.8264	1.1561	4.72114	4.81296	0	0	0	0	0	0	0	0	0	0	0	0	0	0	0	0
05.500,00.000	12.1	5.5	-200	0	4.5	25.3201	14.3178	1.23525	4.72114	5.04596	0	0	0	0	0	0	0	0	0	0	0	0	0	0	0	0
05.500,00.000	12.2	5.5	-200	0	4.5	26.0897	14.7956	1.31222	4.72114	5.2608	0	0	0	0	0	0	0	0	0	0	0	0	0	0	0	0
05.500,00.000	12.3	5.5	-200	0	4.5	26.9807	15.3937	1.3909	4.72114	5.47495	0	0	0	0	0	0	0	0	0	0	0	0	0	0	0	0
05.500,00.000	12.4	5.5	-200	0	4.5	28.0864	16.2055	1.47131	4.72114	5.68846	0	0	0	0	0	0	0	0	0	0	0	0	0	0	0	0
05.500,00.000	12.5	5.5	-200	0	4.5	29.7092	17.3147	1.6864	4.72114	5.98695	0	0	0	0	0	0	0	0	0	0	0	0	0	0	0	0
05.500,00.000	12.6	5.5	-200	0	4.5	30.6772	17.7169	2.06941	4.72114	6.1697	0	0	0	0	0	0	0	0	0	0	0	0	0	0	0	0
05.500,00.000	12.7	5.5	-200	0	4.5	31.8027	18.2211	2.47894	4.72114	6.38155	0	0	0	0	0	0	0	0	0	0	0	0	0	0	0	0
05.500,00.000	12.8	5.5	-200	0	4.5	32.6711	18.6113	2.794	4.72136	6.54443	0	0	0	0	0	0	0	0	0	0	0	0	0	0	0	0
05.500,00.000	12.9	5.5	-200	0	4.5	33.4144	18.9479	3.06143	4.7226	6.68241	0	0	0	0	0	0	0	0	0	0	0	0	0	0	0	0
05.500,00.000	13	5.5	-200	0	4.5	34.7803	19.5752	3.54754	4.7251	6.93247	0	0	0	0	0	0	0	0	0	0	0	0	0	0	0	0
05.500,00.000	13.1	5.5	-200	0	4.5	36.0265	20.1518	3.9881	4.72825	7.15838	0	0	0	0	0	0	0	0	0	0	0	0	0	0	0	0
05.500,00.000	13.2	5.5	-200	0	4.5	37.1954	20.6978	4.39747	4.73274	7.36732	0	0	0	0	0	0	0	0	0	0	0	0	0	0	0	0
05.500,00.000	13.3	5.5	-200	0	4.5	38.3789	21.2563	4.80845	4.73807	7.57606	0	0	0	0	0	0	0	0	0	0	0	0	0	0	0	0
05.500,00.000	13.4	5.5	-200	0	4.5	39.5784	21.8275	5.22162	4.74452	7.78467	0	0	0	0	0	0	0	0	0	0	0	0	0	0	0	0
05.500,00.000	13.5	5.5	-200	0	4.5	41.8271	22.9056	5.99884	4.75918	8.16349	0	0	0	0	0	0	0	0	0	0	0	0	0	0	0	0
05.500,00.000	13.6	5.5	-200	0	4.5	42.5467	23.2511	6.24863	4.76523	8.2817	0	0	0	0	0	0	0	0	0	0	0	0	0	0	0	0
05.500,00.000	13.7	5.5	-200	0	4.5	43.481	23.6989	6.5712	4.77531	8.43566	0	0	0	0	0	0	0	0	0	0	0	0	0	0	0	0
05.500,00.000	13.8	5.5	-200	0	4.5	43.7944	23.848	6.67953	4.77934	8.48754	0	0	0	0	0	0	0	0	0	0	0	0	0	0	0	0
05.500,00.000	13.9	5.5	-200	0	4.5	44.4578	24.1656	6.90152	4.79611	8.59456	0	0	0	0	0	0	0	0	0	0	0	0	0	0	0	0
05.500,00.000	14	5.5	-200	0	4.5	46.1637	24.9874	7.46357	4.84629	8.86643	0	0	0	0	0	0	0	0	0	0	0	0	0	0	0	0
05.500,00.000	14.1	5.5	-200	0	4.5	47.6074	25.6901	7.93444	4.88769	9.09516	0	0	0	0	0	0	0	0	0	0	0	0	0	0	0	0
05.500,00.000	14.2	5.5	-200	0	4.5	48.9103	26.3324	8.35318	4.92494	9.29987	0	0	0	0	0	0	0	0	0	0	0	0	0	0	0	0
05.500,00.000	14.3	5.5	-200	0	4.5	50.2391	27.0005	8.76884	4.96523	9.5045	0	0	0	0	0	0	0	0	0	0	0	0	0	0	0	0
05.500,00.000	14.4	5.5	-200	0	4.5	51.5815	27.6872	9.17863	5.008	9.70769	0	0	0	0	0	0	0	0	0	0	0	0	0	0	0	0
05.500,00.000	14.5	5.5	-200	0	4.5	55.1792	29.5283	10.2891	5.13366	10.2281	0	0	0	0	0	0	0	0	0	0	0	0	0	0	0	0
05.500,00.000	14.6	5.5	-200	0	4.5	55.8911	29.8829	10.5074	5.16315	10.3376	0	0	0	0	0	0	0	0	0	0	0	0	0	0	0	0
05.500,00.000	14.7	5.5	-200	0	4.5	56.7751	30.3243	10.7769	5.19894	10.475	0	0	0	0	0	0	0	0	0	0	0	0	0	0	0	0
05.500,00.000	14.8	5.5	-200	0	4.5	56.9057	30.389	10.8163	5.20517	10.4952	0	0	0	0	0	0	0	0	0	0	0	0	0	0	0	0
05.500,00.000	14.9	5.5	-200	0	4.5	60.1202	32.02	11.7703	5.35604	10.6264	0.347538	0	0	0	0	0	0	0	0	0	0	0	0	0	0	0
05.500,00.000	15	5.5	-200	0	4.5	62.1102	33.0295	12.3486	5.45499	10.6274	0.64964	0	0	0	0	0	0	0	0	0	0	0	0	0	0	0
05.500,00.000	15.1	5.5	-200	0	4.5	63.3871	33.6644	12.7223	5.52175	10.6316	0.846938	0	0	0	0	0	0	0	0	0	0	0	0	0	0	0
05.500,00.000	15.2	5.5	-200	0	4.5	64.6722	34.3021	13.0953	5.59305	10.6362	1.04556	0	0	0	0	0	0	0	0	0	0	0	0	0	0	0
05.500,00.000	15.3	5.5	-200	0	4.5	65.9319	34.9136	13.4644	5.66744	10.6426	1.24394	0	0	0	0	0	0	0	0	0	0	0	0	0	0	0
05.500,00.000	15.4	5.5	-200	0	4.5	67.1783	35.5092	13.83	5.74562	10.6513	1.44222	0	0	0	0	0	0	0	0	0	0	0	0	0	0	0
05.500,00.000	15.5	5.5	-200	0	4.5	72.7574	38.1829	14.9836	6.61362	10.6998	2.27744	0	0	0	0	0	0	0	0	0	0	0	0	0	0	0
05.500,00.000	15.6	5.5	-200	0	4.5	73.8336	38.6678	15.0435	6.95614	10.7104	2.45574	0	0	0	0	0	0	0	0	0	0	0	0	0	0	0
05.500,00.000	15.7	5.5	-200	0	4.5	74.0592	38.77	15.0567	7.0264	10.7134	2.49263	0	0	0	0	0	0	0	0	0	0	0	0	0	0	0
05.500,00.000	15.8	5.5	-200	0	4.5	74.0592	38.77	15.0567	7.0264	10.7134	2.49263	0	0	0	0	0	0	0	0	0	0	0	0	0	0	0
05.500,00.000	15.9	5.5	-200	0	4.5	79.1453	40.9464	15.4105	8.67844	10.8056	3.30434	0	0	0	0	0	0	0	0	0	0	0	0	0	0	0
05.500,00.000	16	5.5	-200	0	4.5	81.6578	42.0003	15.6148	9.48281	10.8562	3.70362	0	0	0	0	0	0	0	0	0	0	0	0	0	0	0
05.500,00.000	16.1	5.5	-200	0	4.5	82.8512	42.4848	15.7187	9.87081	10.886	3.89094	0	0	0	0	0	0	0	0	0	0	0	0	0	0	0
05.500,00.000	16.2	5.5	-200	0	4.5	84.0633	42.9623	15.8279	10.2708	10.9196	4.08268	0	0	0	0	0	0	0	0	0	0	0	0	0	0	0
05.500,00.000	16.3	5.5	-200	0	4.5	85.2644	43.4238	15.9408	10.6703	10.9569	4.27262	0	0	0	0	0	0	0	0	0	0	0	0	0	0	0
05.500,00.000	16.4	5.5	-200	0	4.5	86.4708	43.8739	16.0622	11.0739	10.9981	4.46278	0	0	0	0	0	0	0	0	0	0	0	0	0	0	0
05.500,00.000	16.5	5.5	-200	0	4.5	93.9715	46.4644	17.0558	13.6367	11.2795	5.5351	0	0	0	0	0	0	0	0	0	0	0	0	0	0	0
05.500,00.000	16.6	5.5	-200	0	4.5	95.5616	46.9287	17.3829	14.1467	11.3382	5.7651	0	0	0	0	0	0	0	0	0	0	0	0	0	0	0
05.500,00.000	16.7	5.5	-200	0	4.5	110.025	51.2764	19.788	19.1565	11.994	7.81018	0	0	0	0	0	0	0	0	0	0	0	0	0	0	0
05.500,00.000	16.8	5.5	-200	0	4.5	113.667	52.3618	20.4212	20.1701	12.3804	8.33353	0	0	0	0	0	0	0	0	0	0	0	0	0	0	0
05.500,00.000	16.9	5.5	-200	0	4.5	120.629	54.1989	21.7251	21.1433	14.2397	9.32173	0	0	0	0	0	0	0	0	0	0	0	0	0	0	0
05.500,00.000	17	5.5	-200	0	4.5	123.711	54.8894	22.465	21.5376	15.0581	9.43056	0.330756	0	0	0	0	0	0	0	0	0	0	0	0	0	0
05.500,00.000	17.1	5.5	-200	0	4.5	124.974	55.1696	22.7644	21.7082	15.3946	9.44763	0.489369	0	0	0	0	0	0	0	0	0	0	0	0	0	0
05.500,00.000	17.2	5.5	-200	0	4.5	126.297	55.4376	23.1233	21.8793	15.7418	9.45876	0.656042	0	0	0	0	0	0	0	0	0	0	0	0	0	0
05.500,00.000	17.3	5.5	-200	0	4.5	127.546	55.6911	23.4964	22.06	16.0947	9.46321	0.740236	0	0	0	0	0	0	0	0	0	0	0	0	0	0
05.500,00.000	17.4	5.5	-200	0	4.5	128.717	55.9319	23.8831	22.2438	16.4551	9.46321	0.740236	0	0	0	0	0	0	0	0	0	0	0	0	0	0
05.500,00.000	17.5	5.5	-200	0	4.5	136.92	57.5469	26.6506	23.5629	18.9558	9.46401	0.740236	0	0	0	0	0	0	0	0	0	0	0	0	0	0
05.500,00.000	17.6	5.5	-200	0	4.5	138.599	57.8561	27.2602	23.8248	19.4528	9.46484	0.740236	0	0	0	0	0	0	0	0	0	0	0	0	0	0
05.500,00.000	17.7	5.5	-200	0	4.5	156.042	61.6031	33.6339	26.8294	23.7301	9.50551	0.740236	0	0	0	0	0	0	0	0	0	0	0	0	0	0
05.500,00.000	17.8	5.5	-200	0	4.5	159.834	62.7754	35.1258	27.4872	24.1864	9.51904	0.740236	0	0	0	0	0	0	0	0	0	0	0	0	0	0
05.500,00.000	17.9	5.5	-200	0	4.5	167.632	65.1744	38.1799	28.8312	25.1155	9.59074	0.740236	0	0	0	0	0	0	0	0	0	0	0	0	0	0
05.500,00.000	18	5.5	-200	0	4.5	170.959	66.2204	39.5164	29.3453	25.5138	9.62273	0.740236	0	0	0	0	0	0	0	0	0	0	0	0	0	0
05.500,00.000	18.1	5.5	-200	0	4.5	172.257	66.6464	40.004	29.5562	25.6699	9.64018	0.740236	0	0	0	0	0	0	0	0	0	0	0	0	0	0
05.500,00.000	18.2	5.5	-200	0	4.5	173.623	66.9862	40.6538	29.7414	25.8396	9.66217	0.740236	0	0	0	0	0	0	0	0	0	0	0	0	0	0
05.500,00.000	18.3	5.5	-200	0	4.5	175.053	67.293	41.4123	29.9026	26.0164	9.68816	0.740236	0	0	0	0	0	0	0	0	0	0	0	0	0	0
05.500,00.000	18.4	5.5	-200	0	4.5	176.56	67.6362	42.0907	30.1732	26.2011	9.71827	0.740236	0	0	0	0	0	0	0	0	0	0	0	0	0	0
05.500,00.000	18.5	5.5	-200	0	4.5	191.013	70.9921	48.4769	32.7875	27.9794	10.0365	0.740236	0	0	0	0	0	0	0	0	0	0	0	0	0	0
05.500,00.000	18.6	5.5	-200	0	4.5	194.005	71.702	49.7991	33.3156	28.3432	10.1046	0.740236	0	0	0	0	0	0	0	0	0	0	0	0	0	0
05.500,00.000	18.7	5.5	-200	0	4.5	219.944	77.4004	61.2388	38.3255	31.4265	10.8104	0.741893	0	0	0	0	0	0	0	0	0	0	0	0	0	0
05.500,00.000	18.8	5.5	-200	0	4.5	226.213	78.7463	64.0121	39.5786	32.1378	10.9949	0.743512	0	0	0	0	0	0	0	0	0	0	0	0	0	0
05.500,00.000	18.9	5.5	-200	0	4.5	237.327	81.1116	68.6528	41.9952	33.4711	11.3455	0.750541	0	0	0	0	0	0	0	0	0	0	0	0	0	0
05.500,00.000	19	5.5	-200	0	4.5	242.1	82.1659	70.1205	43.501	34.048	11.5107	0.754352	0	0	0	0	0	0	0	0	0	0	0	0	0	0
05.500,00.000	19.1	5.5	-200	0	4.5	243.888	82.5651	70.5692	44.1631	34.2613	11.5729	0.756208	0	0	0	0	0	0	0	0	0	0	0	0	0	0
05.500,00.000	19.2	5.5	-200	0	4.5	245.753	82.9819	71.0141	44.8663	34.4917	11.6405	0.75852	0	0	0	0	0	0	0	0	0	0	0	0	0	0
05.500,00.000	19.3	5.5	-200	0	4.5	247.677	83.4054	71.4724	45.5939	34.7324	11.7116	0.761229	0	0	0	0	0	0	0	0	0	0	0	0	0	0
05.500,00.000	19.4	5.5	-200	0	4.5	249.649	83.8371	71.9257	46.35	34.9854	11.7864	0.764343	0	0	0	0	0	0	0	0	0	0	0	0	0	0
05.500,00.000	19.5	5.5	-200	0	4.5	251.872	84.3015	72.4034	47.1805	35.3491	11.8694	0.768057	0	0	0	0	0	0	0	0	0	0	0	0	0	0
05.500,00.000	19.6	5.5	-200	0	4.5	265.162	87.0447	75.3943	52.408	37.1315	12.3904	0.793036	0	0	0	0	0	0	0	0	0	0	0	0	0	0
05.500,00.000	19.7	5.5	-200	0	4.5	270.686	88.2391	76.6687	54.5221	37.847	12.6055	0.80375	0	0	0	0	0	0	0	0	0	0	0	0	0	0
05.500,00.000	19.8	5.5	-200	0	4.5	270.72	88.2459	76.6766	54.5349	37.8516	12.6068	0.803817	0	0	0	0	0	0	0	0	0	0	0	0	0	0
05.500,00.000	19.9	5.5	-200	0	4.5	275.708	89.3422	77.8677	56.3015	38.5687	12.8131	0.814584	0	0	0	0	0	0	0	0	0	0	0	0	0	0
05.500,00.000	20	5.5	-200	0	4.5	277.308	89.7596	78.2956	56.7162	38.8284	12.8892	0.818574	0	0	0	0	0	0	0	0	0	0	0	0	0	0
05.500,00.000	20.1	5.5	-200	0	4.5	284.914	91.5335	80.3336	58.9091	40.0643	13.236	0.837053	0	0	0	0	0	0	0	0	0	0	0	0	0	0
05.500,00.000	20.2	5.5	-200	0	4.5	288.855	92.4779	81.3983	59.9984	40.7115	13.4218	0.847005	0	0	0	0	0	0	0	0	0	0	0	0	0	0
05.500,00.000	20.3	5.5	-200	0	4.5	291.079	92.9949	82.0013	60.6206	41.0846	13.5252	0.852605	0	0	0	0	0	0	0	0	0	0	0	0	0	0
05.500,00.000	20.4	5.5	-200	0	4.5	298.474	94.6659	84.0344	62.686	42.346	13.87	0.871435	0	0	0	0	0	0	0	0	0	0	0	0	0	0
05.500,00.000	20.5	5.5	-200	0	4.5	300.12	95.0382	84.5224	63.1161	42.6216	13.9459	0.875596	0	0	0	0	0	0	0	0	0	0	0	0	0	0
05.500,00.000	20.6	5.5	-200	0	4.5	305.318	96.1298	86.0052	64.5538	43.5513	14.189	0.889024	0	0	0	0	0	0	0	0	0	0	0	0	0	0
05.500,00.000	20.7	5.5	-200	0	4.5	323.093	99.8391	91.0196	69.5501	46.7137	15.0348	0.935668	0	0	0	0	0	0	0	0	0	0	0	0	0	0
05.500,00.000	20.8	5.5	-200	0	4.5	330.469	101.49	93.1186	71.5293	47.9922	15.386	0.952379	0	0	0	0	0	0	0	0	0	0	0	0	0	0
05.500,00.000	20.9	5.5	-200	0	4.5	330.488	101.494	93.1239	71.5345	47.9956	15.3869	0.952395	0	0	0	0	0	0	0	0	0	0	0	0	0	0
05.500,00.000	21	5.5	-200	0	4.5	347.788	105.328	98.0522	76.1205	51.1046	16.225	0.958269	0	0	0	0	0	0	0	0	0	0	0	0	0	0
05.500,00.000	21.1	5.5	-200	0	4.5	355.219	107.123	100.17	78.027	52.3578	16.5934	0.948111	0	0	0	0	0	0	0	0	0	0	0	0	0	0
05.500,00.000	21.2	5.5	-200	0	4.5	357.97	107.752	100.953	78.7482	52.8399	16.728	0.947978	0	0	0	0	0	0	0	0	0	0	0	0	0	0
05.500,00.000	21.3	5.5	-200	0	4.5	360.831	108.403	101.772	79.5003	53.3373	16.87	0.947663	0	0	0	0	0	0	0	0	0	0	0	0	0	0
05.500,00.000	21.4	5.5	-200	0	4.5	372.385	111.017	105.094	82.5083	55.3662	17.4497	0.949983	0	0	0	0	0	0	0	0	0	0	0	0	0	0
05.500,00.000	21.5	5.5	-200	0	4.5	374.747	111.612	105.785	83.0888	55.7437	17.5732	0.944493	0	0	0	0	0	0	0	0	0	0	0	0	0	0
05.500,00.000	21.6	5.5	-200	0	4.5	397.686	117.271	112.122	88.8685	59.7571	18.7161	0.950829	0	0	0	0	0	0	0	0	0	0	0	0	0	0
05.500,00.000	21.7	5.5	-200	0	4.5	415.641	122.243	116.716	93.3221	62.7795	19.6319	0.948697	0	0	0	0	0	0	0	0	0	0	0	0	0	0
05.500,00.000	21.8	5.5	-200	0	4.5	416.968	122.636	117.029	93.6565	62.9979	19.7016	0.947068	0	0	0	0	0	0	0	0	0	0	0	0	0	0
05.500,00.000	21.9	5.5	-200	0	4.5	423.173	124.369	118.565	95.201	64.0674	20.0239	0.946813	0	0	0	0	0	0	0	0	0	0	0	0	0	0
05.500,00.000	22	5.5	-200	0	4.5	426.458	125.314	119.35	96.026	64.6269	20.1972	0.943484	0	0	0	0	0	0	0	0	0	0	0	0	0	0
05.500,00.000	22.1	5.5	-200	0	4.5	434.482	127.545	121.333	98.0141	65.971	20.6736	0.945099	0	0	0	0	0	0	0	0	0	0	0	0	0	0
05.500,00.000	22.2	5.5	-200	0	4.5	439.451	128.958	122.525	99.207	66.7897	21.0281	0.942634	0	0	0	0	0	0	0	0	0	0	0	0	0	0
05.500,00.000	22.3	5.5	-200	0	4.5	442.938	129.947	123.371	100.041	67.3756	21.2608	0.942637	0	0	0	0	0	0	0	0	0	0	0	0	0	0
05.500,00.000	22.4	5.5	-200	0	4.5	456.231	133.738	126.637	103.256	69.5114	22.1435	0.945668	0	0	0	0	0	0	0	0	0	0	0	0	0	0
05.500,00.000	22.5	5.5	-200	0	4.5	458.92	134.556	127.305	103.909	69.9087	22.2978	0.942322	0	0	0	0	0	0	0	0	0	0	0	0	0	0
05.500,00.000	22.6	5.5	-200	0	4.5	474.902	139.014	131.399	107.89	72.4317	23.2238	0.942562	0	0	0	0	0	0	0	0	0	0	0	0	0	0
05.500,00.000	22.7	5.5	-200	0	4.5	493.431	144.293	136.132	112.365	75.4029	24.298	0.940292	0	0	0	0	0	0	0	0	0	0	0	0	0	0
05.500,00.000	22.8	5.5	-200	0	4.5	495.847	145.005	136.767	112.904	75.7936	24.4403	0.937223	0	0	0	0	0	0	0	0	0	0	0	0	0	0
05.500,00.000	22.9	5.5	-200	0	4.5	495.999	145.049	136.808	112.938	75.818	24.4492	0.93723	0	0	0	0	0	0	0	0	0	0	0	0	0	0
05.500,00.000	23	5.5	-200	0	4.5	500.259	146.301	137.975	113.867	76.4925	24.6883	0.934614	0	0	0	0	0	0	0	0	0	0	0	0	0	0
05.500,00.000	23.1	5.5	-200	0	4.5	510.525	148.76	141.186	116.098	78.2538	25.2976	0.930665	0	0	0	0	0	0	0	0	0	0	0	0	0	0
05.500,00.000	23.2	5.5	-200	0	4.5	515.57	149.878	142.791	117.206	79.1596	25.6087	0.92719	0	0	0	0	0	0	0	0	0	0	0	0	0	0
05.500,00.000	23.3	5.5	-200	0	4.5	519.125	150.656	143.934	117.975	79.8039	25.8295	0.926534	0	0	0	0	0	0	0	0	0	0	0	0	0	0
05.500,00.000	23.4	5.5	-200	0	4.5	526.972	152.305	146.565	119.63	81.2191	26.3279	0.925376	0	0	0	0	0	0	0	0	0	0	0	0	0	0
05.500,00.000	23.5	5.5	-200	0	4.5	528.638	152.658	147.188	119.895	81.5366	26.4386	0.922813	0	0	0	0	0	0	0	0	0	0	0	0	0	0
05.500,00.000	23.6	5.5	-200	0	4.5	538.346	154.565	150.718	121.727	83.3408	27.0732	0.922423	0	0	0	0	0	0	0	0	0	0	0	0	0	0
05.500,00.000	23.7	5.5	-200	0	4.5	540.941	155.077	151.731	122.168	83.8161	27.2295	0.918572	0	0	0	0	0	0	0	0	0	0	0	0	0	0
05.500,00.000	23.8	5.5	-200	0	4.5	558.972	158.469	158.567	125.407	87.1621	28.4084	0.959016	0	0	0	0	0	0	0	0	0	0	0	0	0	0
05.500,00.000	23.9	5.5	-200	0	4.5	563.048	159.294	160.042	126.106	87.9251	28.6879	0.994268	0	0	0	0	0	0	0	0	0	0	0	0	0	0
05.500,00.000	24	5.5	-200	0	4.5	563.463	159.373	160.198	126.179	87.9996	28.7166	0.997722	0	0	0	0	0	0	0	0	0	0	0	0	0	0
05.500,00.000	24.1	5.5	-200	0	4.5	571.998	160.999	163.452	127.653	89.515	29.3087	1.06897	0	0	0	0	0	0	0	0	0	0	0	0	0	0
05.500,00.000	24.2	5.5	-200	0	4.5	577.586	162.138	165.579	128.564	90.4934	29.6966	1.11598	0	0	0	0	0	0	0	0	0	0	0	0	0	0
05.500,00.000	24.3	5.5	-200	0	4.5	581.562	162.939	167.123	129.2	91.1864	29.9637	1.14934	0	0	0	0	0	0	0	0	0	0	0	0	0	0
05.500,00.000	24.4	5.5	-200	0	4.5	588.541	164.329	169.855	130.322	92.4102	30.4164	1.2092	0	0	0	0	0	0	0	0	0	0	0	0	0	0
05.500,00.000	24.5	5.5	-200	0	4.5	590.179	164.678	170.5	130.563	92.6975	30.5158	1.22371	0	0	0	0	0	0	0	0	0	0	0	0	0	0
05.500,00.000	24.6	5.5	-200	0	4.5	595.384	165.683	172.571	131.385	93.612	30.8525	1.27984	0	0	0	0	0	0	0	0	0	0	0	0	0	0
05.500,00.000	24.7	5.5	-200	0	4.5	603.309	167.224	175.753	132.573	95.0138	31.3639	1.38135	0	0	0	0	0	0	0	0	0	0	0	0	0	0
05.500,00.000	24.8	5.5	-200	0	4.5	605.004	167.581	176.434	132.798	95.3188	31.4691	1.40389	0	0	0	0	0	0	0	0	0	0	0	0	0	0
05.500,00.000	24.9	5.5	-200	0	4.5	618.949	170.383	182.132	134.724	97.8298	32.2903	1.58941	0	0	0	0	0	0	0	0	0	0	0	0	0	0
05.500,00.000	25	5.5	-200	0	4.5	622.123	171.139	183.426	135.137	98.3874	32.3988	1.63506	0	0	0	0	0	0	0	0	0	0	0	0	0	0
05.500,00.000	25.1	5.5	-200	0	4.5	630.685	173.242	186.81	136.247	99.8136	32.8215	1.75032	0	0	0	0	0	0	0	0	0	0	0	0	0	0
05.500,00.000	25.2	5.5	-200	0	4.5	636.468	174.779	189.087	136.96	100.747	33.0666	1.82861	0	0	0	0	0	0	0	0	0	0	0	0	0	0
05.500,00.000	25.3	5.5	-200	0	4.5	640.699	175.903	190.764	137.475	101.417	33.2541	1.88515	0	0	0	0	0	0	0	0	0	0	0	0	0	0
05.500,00.000	25.4	5.5	-200	0	4.5	650.972	178.608	194.884	138.685	103.042	33.702	2.05016	0	0	0	0	0	0	0	0	0	0	0	0	0	0
05.500,00.000	25.5	5.5	-200	0	4.5	653.26	179.229	195.809	138.921	103.408	33.7981	2.09647	0	0	0	0	0	0	0	0	0	0	0	0	0	0
05.500,00.000	25.6	5.5	-200	0	4.5	673.93	184.613	204.212	141.326	106.618	34.6987	2.46271	0	0	0	0	0	0	0	0	0	0	0	0	0	0
05.500,00.000	25.7	5.5	-200	0	4.5	678.8	185.984	206.112	141.869	107.355	34.9137	2.56571	0	0	0	0	0	0	0	0	0	0	0	0	0	0
05.500,00.000	25.8	5.5	-200	0	4.5	689.908	188.562	210.727	143.32	109.092	35.4275	2.77845	0	0	0	0	0	0	0	0	0	0	0	0	0	0
05.500,00.000	25.9	5.5	-200	0	4.5	703.952	191.612	216.547	145.33	111.322	36.0806	3.05856	0	0	0	0	0	0	0	0	0	0	0	0	0	0
05.500,00.000	26	5.5	-200	0	4.5	706.483	192.176	217.439	145.843	111.714	36.1979	3.11229	0	0	0	0	0	0	0	0	0	0	0	0	0	0
05.500,00.000	26.1	5.5	-200	0	4.5	714.623	193.962	220.76	147.16	112.935	36.5461	3.26044	0	0	0	0	0	0	0	0	0	0	0	0	0	0
05.500,00.000	26.2	5.5	-200	0	4.5	720.139	195.191	222.98	148.089	113.74	36.7776	3.36129	0	0	0	0	0	0	0	0	0	0	0	0	0	0
05.500,00.000	26.3	5.5	-200	0	4.5	724.153	196.077	224.628	148.767	114.313	36.9388	3.42988	0	0	0	0	0	0	0	0	0	0	0	0	0	0
05.500,00.000	26.4	5.5	-200	0	4.5	735.328	198.561	229.234	150.688	115.864	37.369	3.61163	0	0	0	0	0	0	0	0	0	0	0	0	0	0
05.500,00.000	26.5	5.5	-200	0	4.5	737.897	199.126	230.27	151.15	116.212	37.4836	3.65554	0	0	0	0	0	0	0	0	0	0	0	0	0	0
05.500,00.000	26.6	5.5	-200	0	4.5	745.712	200.852	233.441	152.593	117.24	37.813	3.77323	0	0	0	0	0	0	0	0	0	0	0	0	0	0
05.500,00.000	26.7	5.5	-200	0	4.5	763.616	204.807	240.584	156.036	119.596	38.5468	4.04647	0	0	0	0	0	0	0	0	0	0	0	0	0	0
05.500,00.000	26.8	5.5	-200	0	4.5	767.119	205.738	241.774	156.747	120.053	38.7041	4.10342	0	0	0	0	0	0	0	0	0	0	0	0	0	0
05.500,00.000	26.9	5.5	-200	0	4.5	781.345	209.243	247.082	159.526	121.873	39.3133	4.30704	0	0	0	0	0	0	0	0	0	0	0	0	0	0
05.500,00.000	27	5.5	-200	0	4.5	785.6	210.327	248.623	160.363	122.425	39.4898	4.37221	0	0	0	0	0	0	0	0	0	0	0	0	0	0
05.500,00.000	27.1	5.5	-200	0	4.5	790.845	211.684	250.551	161.417	123.062	39.6891	4.44197	0	0	0	0	0	0	0	0	0	0	0	0	0	0
05.500,00.000	27.2	5.5	-200	0	4.5	795.344	212.856	252.205	162.328	123.589	39.8642	4.5014	0	0	0	0	0	0	0	0	0	0	0	0	0	0
05.500,00.000	27.3	5.5	-200	0	4.5	799.252	213.878	253.647	163.133	124.033	40.0106	4.55061	0	0	0	0	0	0	0	0	0	0	0	0	0	0
05.500,00.000	27.4	5.5	-200	0	4.5	809.863	216.671	257.568	165.344	125.204	40.3968	4.67878	0	0	0	0	0	0	0	0	0	0	0	0	0	0
05.500,00.000	27.5	5.5	-200	0	4.5	814.539	217.913	259.24	166.369	125.712	40.5695	4.73608	0	0	0	0	0	0	0	0	0	0	0	0	0	0
05.500,00.000	27.6	5.5	-200	0	4.5	818.532	218.958	260.689	167.27	126.126	40.7077	4.78097	0	0	0	0	0	0	0	0	0	0	0	0	0	0
05.500,00.000	27.7	5.5	-200	0	4.5	822.453	219.998	262.11	168.161	126.52	40.8408	4.82391	0	0	0	0	0	0	0	0	0	0	0	0	0	0
05.500,00.000	27.8	5.5	-200	0	4.5	826.195	220.997	263.471	169.015	126.886	40.9629	4.86317	0	0	0	0	0	0	0	0	0	0	0	0	0	0
05.500,00.000	27.9	5.5	-200	0	4.5	833.646	223	266.175	170.741	127.595	41.1961	4.93816	0	0	0	0	0	0	0	0	0	0	0	0	0	0
05.500,00.000	28	5.5	-200	0	4.5	835.503	223.512	266.837	171.18	127.763	41.254	4.9568	0	0	0	0	0	0	0	0	0	0	0	0	0	0
05.500,00.000	28.1	5.5	-200	0	4.5	840.671	224.947	268.689	172.408	128.218	41.4056	5.00407	0	0	0	0	0	0	0	0	0	0	0	0	0	0
05.500,00.000	28.2	5.5	-200	0	4.5	844.801	226.115	270.113	173.426	128.569	41.5361	5.04188	0	0	0	0	0	0	0	0	0	0	0	0	0	0
05.500,00.000	28.3	5.5	-200	0	4.5	848.222	227.098	271.293	174.271	128.852	41.6366	5.07147	0	0	0	0	0	0	0	0	0	0	0	0	0	0
05.500,00.000	28.4	5.5	-200	0	4.5	848.764	227.258	271.468	174.412	128.895	41.6549	5.07639	0	0	0	0	0	0	0	0	0	0	0	0	0	0
05.500,00.000	28.5	5.5	-200	0	4.5	869.696	233.342	278.744	179.673	130.478	42.2173	5.24155	0	0	0	0	0	0	0	0	0	0	0	0	0	0
05.500,00.000	28.6	5.5	-200	0	4.5	896.467	241.192	287.687	186.69	132.487	42.9539	5.45731	0	0	0	0	0	0	0	0	0	0	0	0	0	0
05.500,00.000	28.7	5.5	-200	0	4.5	902.65	243.194	289.639	188.277	132.91	43.1258	5.50478	0	0	0	0	0	0	0	0	0	0	0	0	0	0
05.500,00.000	28.8	5.5	-200	0	4.5	902.867	243.267	289.709	188.329	132.925	43.1309	5.50623	0	0	0	0	0	0	0	0	0	0	0	0	0	0
05.500,00.000	28.9	5.5	-200	0	4.5	905.898	244.34	290.677	189.04	133.117	43.1994	5.52428	0	0	0	0	0	0	0	0	0	0	0	0	0	0
05.500,00.000	29	5.5	-200	0	4.5	907.361	244.868	291.142	189.381	133.204	43.2348	5.53278	0	0	0	0	0	0	0	0	0	0	0	0	0	0
05.500,00.000	29.1	5.5	-200	0	4.5	915.148	247.786	293.626	191.122	133.652	43.3931	5.56908	0	0	0	0	0	0	0	0	0	0	0	0	0	0
05.500,00.000	29.2	5.5	-200	0	4.5	919.8	249.599	295.086	192.136	133.9	43.49	5.58891	0	0	0	0	0	0	0	0	0	0	0	0	0	0
05.500,00.000	29.3	5.5	-200	0	4.5	922.772	250.785	296.028	192.759	134.053	43.5464	5.59922	0	0	0	0	0	0	0	0	0	0	0	0	0	0
05.500,00.000	29.4	5.5	-200	0	4.5	939.572	257.677	301.37	196.16	134.87	43.8499	5.64555	0	0	0	0	0	0	0	0	0	0	0	0	0	0
05.500,00.000	29.5	5.5	-200	0	4.5	944.216	259.637	302.862	197.036	135.079	43.9437	5.65755	0	0	0	0	0	0	0	0	0	0	0	0	0	0
05.500,00.000	29.6	5.5	-200	0	4.5	949.226	261.722	304.529	197.984	135.296	44.0294	5.66494	0	0	0	0	0	0	0	0	0	0	0	0	0	0
05.500,00.000	29.7	5.5	-200	0	4.5	964.169	267.682	309.647	200.883	135.942	44.3369	5.6787	0	0	0	0	0	0	0	0	0	0	0	0	0	0
05.500,00.000	29.8	5.5	-200	0	4.5	971.356	270.685	311.966	202.171	136.373	44.4807	5.682	0	0	0	0	0	0	0	0	0	0	0	0	0	0
05.500,00.000	29.9	5.5	-200	0	4.5	971.5	270.746	312.012	202.196	136.381	44.4833	5.68202	0	0	0	0	0	0	0	0	0	0	0	0	0	0
05.500,00.000	30	5.5	-200	0	4.5	972.496	271.188	312.329	202.358	136.437	44.5025	5.68203	0	0	0	0	0	0	0	0	0	0	0	0	0	0
05.500,00.000	30.1	5.5	-200	0	4.5	980.85	274.957	314.992	203.671	136.907	44.6402	5.68203	6.17284e-14	0	0	0	0	0	0	0	0	0	0	0	0	0
05.500,00.000	30.2	5.5	-200	0	4.5	985.174	276.898	316.379	204.312	137.148	44.7151	5.68203	0.0395162	0	0	0	0	0	0	0	0	0	0	0	0	0
05.500,00.000	30.3	5.5	-200	0	4.5	987.469	277.796	317.201	204.685	137.289	44.7527	5.68203	0.061879	0	0	0	0	0	0	0	0	0	0	0	0	0
05.500,00.000	30.4	5.5	-200	0	4.5	992.068	279.635	318.843	205.414	137.568	44.8203	5.68203	0.105196	0	0	0	0	0	0	0	0	0	0	0	0	0
05.500,00.000	30.5	5.5	-200	0	4.5	993.151	280.076	319.233	205.574	137.633	44.8378	5.68203	0.115528	0	0	0	0	0	0	0	0	0	0	0	0	0
05.500,00.000	30.6	5.5	-200	0	4.5	996.309	281.373	320.351	206.056	137.826	44.8767	5.68203	0.14443	0	0	0	0	0	0	0	0	0	0	0	0	0
05.500,00.000	30.7	5.5	-200	0	4.5	1008.38	285.978	324.775	208.008	138.635	45.033	5.68203	0.266144	0	0	0	0	0	0	0	0	0	0	0	0	0
05.500,00.000	30.8	5.5	-200	0	4.5	1022.99	292.155	329.786	210.119	139.529	45.2063	5.68203	0.514715	0	0	0	0	0	0	0	0	0	0	0	0	0
05.500,00.000	30.9	5.5	-200	0	4.5	1024.55	292.827	330.316	210.321	139.621	45.2277	5.68203	0.555819	0	0	0	0	0	0	0	0	0	0	0	0	0
05.500,00.000	31	5.5	-200	0	4.5	1042.08	300.563	336.142	212.651	140.616	45.4238	5.68203	0.99684	0	0	0	0	0	0	0	0	0	0	0	0	0
05.500,00.000	31.1	5.5	-200	0	4.5	1049.26	303.894	338.464	213.533	141.007	45.5092	5.68203	1.17275	0	0	0	0	0	0	0	0	0	0	0	0	0
05.500,00.000	31.2	5.5	-200	0	4.5	1051.24	304.859	339.073	213.778	141.106	45.5285	5.68203	1.21745	0	0	0	0	0	0	0	0	0	0	0	0	0
05.500,00.000	31.3	5.5	-200	0	4.5	1053.28	305.86	339.694	214.022	141.205	45.5475	5.68203	1.26182	0.00534102	0	0	0	0	0	0	0	0	0	0	0	0
05.500,00.000	31.4	5.5	-200	0	4.5	1057.81	308.161	341.032	214.54	141.41	45.5865	5.68203	1.35502	0.0445197	0	0	0	0	0	0	0	0	0	0	0	0
05.500,00.000	31.5	5.5	-200	0	4.5	1058.86	308.682	341.348	214.654	141.458	45.5965	5.68203	1.37682	0.0633172	0	0	0	0	0	0	0	0	0	0	0	0
05.500,00.000	31.6	5.5	-200	0	4.5	1062.03	310.327	342.269	214.995	141.592	45.6225	5.68203	1.43905	0.0995724	0	0	0	0	0	0	0	0	0	0	0	0
05.500,00.000	31.7	5.5	-200	0	4.5	1064.4	311.585	342.944	215.235	141.694	45.6418	5.68203	1.48354	0.134227	0	0	0	0	0	0	0	0	0	0	0	0
05.500,00.000	31.8	5.5	-200	0	4.5	1066.4	312.673	343.502	215.433	141.776	45.657	5.68203	1.51922	0.160688	0	0	0	0	0	0	0	0	0	0	0	0
05.500,00.000	31.9	5.5	-200	0	4.5	1076.52	318.264	346.262	216.422	142.167	45.7294	5.68203	1.69327	0.296459	0	0	0	0	0	0	0	0	0	0	0	0
05.500,00.000	32	5.5	-200	0	4.5	1078.59	319.346	346.864	216.632	142.253	45.7459	5.68203	1.72852	0.340721	0	0	0	0	0	0	0	0	0	0	0	0
05.500,00.000	32.1	5.5	-200	0	4.5	1085.1	323.028	348.622	217.233	142.479	45.7881	5.68203	1.82708	0.439774	0	0	0	0	0	0	0	0	0	0	0	0
05.500,00.000	32.2	5.5	-200	0	4.5	1088.63	325.041	349.566	217.55	142.601	45.8112	5.68203	1.87826	0.503626	0	0	0	0	0	0	0	0	0	0	0	0
05.500,00.000	32.3	5.5	-200	0	4.5	1090.53	326.171	350.049	217.709	142.66	45.8222	5.68203	1.90369	0.5338	0	0	0	0	0	0	0	0	0	0	0	0
05.500,00.000	32.4	5.5	-200	0	4.5	1103.81	334.189	353.415	218.761	143.035	45.896	5.68203	2.07395	0.757274	0	0	0	0	0	0	0	0	0	0	0	0
05.500,00.000	32.5	5.5	-200	0	4.5	1107.98	336.732	354.476	219.066	143.136	45.9269	5.68203	2.12665	0.832496	0	0	0	0	0	0	0	0	0	0	0	0
05.500,00.000	32.6	5.5	-200	0	4.5	1115.31	341.353	356.207	219.587	143.327	45.9712	5.68203	2.20849	0.970092	0	0	0	0	0	0	0	0	0	0	0	0
05.500,00.000	32.7	5.5	-200	0	4.5	1142.1	357.91	362.7	221.51	144.09	46.1347	5.68203	2.52985	1.54708	0	0	0	0	0	0	0	0	0	0	0	0
05.500,00.000	32.8	5.5	-200	0	4.5	1147.69	361.519	363.982	221.879	144.243	46.1414	5.68203	2.58844	1.65508	0	0	0	0	0	0	0	0	0	0	0	0
05.500,00.000	32.9	5.5	-200	0	4.5	1163.39	372.153	367.242	222.824	144.659	46.1851	5.68203	2.72532	1.91846	0	0	0	0	0	0	0	0	0	0	0	0
05.500,00.000	33	5.5	-200	0	4.5	1168.29	375.416	368.347	223.113	144.775	46.19	5.68203	2.7676	2.00059	0	0	0	0	0	0	0	0	0	0	0	0
05.500,00.000	33.1	5.5	-200	0	4.5	1174.73	379.982	369.583	223.448	144.929	46.2034	5.68203	2.81344	2.09393	0	0	0	0	0	0	0	0	0	0	0	0
05.500,00.000	33.2	5.5	-200	0	4.5	1178.43	382.629	370.267	223.634	145.022	46.2082	5.68203	2.83881	2.14668	0	0	0	0	0	0	0	0	0	0	0	0
05.500,00.000	33.3	5.5	-200	0	4.5	1180.61	384.224	370.642	223.738	145.085	46.2115	5.68203	2.85207	2.17545	0	0	0	0	0	0	0	0	0	0	0	0
05.500,00.000	33.4	5.5	-200	0	4.5	1185.94	388.205	371.493	223.973	145.242	46.2187	5.68203	2.88094	2.2407	0	0	0	0	0	0	0	0	0	0	0	0
05.500,00.000	33.5	5.5	-200	0	4.5	1187.22	389.171	371.692	224.025	145.282	46.2201	5.68203	2.88739	2.25564	0	0	0	0	0	0	0	0	0	0	0	0
05.500,00.000	33.6	5.5	-200	0	4.5	1200.47	399.259	373.59	224.567	145.766	46.2321	5.68203	2.9538	2.42064	0	0	0	0	0	0	0	0	0	0	0	0
05.500,00.000	33.7	5.5	-200	0	4.5	1204.82	402.636	374.178	224.732	145.919	46.2359	5.68203	2.97288	2.46939	0	0	0	0	0	0	0	0	0	0	0	0
05.500,00.000	33.8	5.5	-200	0	4.5	1205.01	402.785	374.202	224.739	145.925	46.236	5.68203	2.97359	2.47136	0	0	0	0	0	0	0	0	0	0	0	0
05.500,00.000	33.9	5.5	-200	0	4.5	1213.81	409.781	375.28	225.036	146.23	46.2412	5.68203	3.00232	2.5575	0	0	0	0	0	0	0	0	0	0	0	0
05.500,00.000	34	5.5	-200	0	4.5	1215.64	411.238	375.498	225.097	146.295	46.2422	5.68203	3.00804	2.57522	0	0	0	0	0	0	0	0	0	0	0	0
05.500,00.000	34.1	5.5	-200	0	4.5	1230.02	422.89	377.107	225.55	146.791	46.2481	5.68203	3.04394	2.70483	1.21236e-13	0	0	0	0	0	0	0	0	0	0	0
05.500,00.000	34.2	5.5	-200	0	4.5	1236.58	428.153	377.807	225.747	147.015	46.2505	5.68203	3.05879	2.76167	0.108116	0	0	0	0	0	0	0	0	0	0	0
05.500,00.000	34.3	5.5	-200	0	4.5	1238.97	430.076	378.057	225.816	147.094	46.251	5.68203	3.06305	2.78121	0.149211	0	0	0	0	0	0	0	0	0	0	0
05.500,00.000	34.4	5.5	-200	0	4.5	1241.4	432.046	378.301	225.882	147.175	46.2514	5.68203	3.0665	2.80017	0.191765	0	0	0	0	0	0	0	0	0	0	0
05.500,00.000	34.5	5.5	-200	0	4.5	1243.82	434.032	378.538	225.946	147.253	46.2515	5.68203	3.06909	2.81831	0.235261	0	0	0	0	0	0	0	0	0	0	0
05.500,00.000	34.6	5.5	-200	0	4.5	1246.26	436.031	378.761	226.008	147.338	46.2516	5.68203	3.071	2.83757	0.284377	0	0	0	0	0	0	0	0	0	0	0
05.500,00.000	34.7	5.5	-200	0	4.5	1269	454.685	380.774	226.554	148.11	46.2516	5.68203	3.07925	3.00938	0.857765	0	0	0	0	0	0	0	0	0	0	0
05.500,00.000	34.8	5.5	-200	0	4.5	1273.51	458.398	381.141	226.664	148.261	46.2516	5.68203	3.08014	3.04226	0.992367	0	0	0	0	0	0	0	0	0	0	0
05.500,00.000	34.9	5.5	-200	0	4.5	1277.77	461.951	381.47	226.758	148.392	46.2516	5.68203	3.08014	3.06989	1.11893	0	0	0	0	0	0	0	0	0	0	0
05.500,00.000	35	5.5	-200	0	4.5	1279.13	463.089	381.566	226.787	148.433	46.2516	5.68203	3.08014	3.07834	1.15911	0	0	0	0	0	0	0	0	0	0	0
05.500,00.000	35.1	5.5	-200	0	4.5	1290.29	472.507	382.366	227.01	148.756	46.2516	5.68203	3.08014	3.1416	1.49789	0	0	0	0	0	0	0	0	0	0	0
05.500,00.000	35.2	5.5	-200	0	4.5	1295.65	477.001	382.763	227.134	148.909	46.2516	5.68203	3.08014	3.17053	1.66057	0	0	0	0	0	0	0	0	0	0	0
05.500,00.000	35.3	5.5	-200	0	4.5	1297.94	478.923	382.938	227.184	148.971	46.2516	5.68203	3.08014	3.18179	1.73108	0	0	0	0	0	0	0	0	0	0	0
05.500,00.000	35.4	5.5	-200	0	4.5	1300.28	480.896	383.114	227.229	149.033	46.2516	5.68203	3.08014	3.19241	1.80395	0	0	0	0	0	0	0	0	0	0	0
05.500,00.000	35.5	5.5	-200	0	4.5	1302.62	482.878	383.284	227.27	149.093	46.2516	5.68203	3.08014	3.20217	1.87724	0	0	0	0	0	0	0	0	0	0	0
05.500,00.000	35.6	5.5	-200	0	4.5	1304.96	484.878	383.445	227.309	149.154	46.2516	5.68203	3.08014	3.21151	1.95353	0	0	0	0	0	0	0	0	0	0	0
05.500,00.000	35.7	5.5	-200	0	4.5	1314.95	493.366	384.065	227.467	149.425	46.2516	5.68203	3.08014	3.28677	2.3301	0	0	0	0	0	0	0	0	0	0	0
05.500,00.000	35.8	5.5	-200	0	4.5	1331.05	507.006	385.028	227.715	149.854	46.2516	5.68203	3.08014	3.45494	2.97559	0	0	0	0	0	0	0	0	0	0	0
05.500,00.000	35.9	5.5	-200	0	4.5	1333.15	508.802	385.144	227.744	149.911	46.2516	5.68203	3.08014	3.47704	3.06205	0	0	0	0	0	0	0	0	0	0	0
05.500,00.000	36	5.5	-200	0	4.5	1334	509.528	385.188	227.754	149.933	46.2516	5.68203	3.08014	3.48467	3.09452	0	0	0	0	0	0	0	0	0	0	0
05.500,00.000	36.1	5.5	-200	0	4.5	1342.56	516.908	385.658	227.859	150.138	46.2516	5.68203	3.08014	3.55698	3.42311	0	0	0	0	0	0	0	0	0	0	0
05.500,00.000	36.2	5.5	-200	0	4.5	1346.67	520.421	385.877	227.905	150.235	46.2516	5.68203	3.08014	3.58994	3.62469	0	0	0	0	0	0	0	0	0	0	0
05.500,00.000	36.3	5.5	-200	0	4.5	1348.79	522.259	385.985	227.927	150.282	46.2516	5.68203	3.08014	3.60513	3.7161	0	0	0	0	0	0	0	0	0	0	0
05.500,00.000	36.4	5.5	-200	0	4.5	1353.8	526.635	386.226	227.974	150.391	46.2516	5.68203	3.08014	3.63768	3.92656	0	0	0	0	0	0	0	0	0	0	0
05.500,00.000	36.5	5.5	-200	0	4.5	1354.9	527.576	386.277	227.983	150.414	46.2516	5.68203	3.08014	3.64442	3.9892	0	0	0	0	0	0	0	0	0	0	0
05.500,00.000	36.6	5.5	-200	0	4.5	1358.3	530.544	386.422	228.008	150.482	46.2516	5.68203	3.08014	3.66197	4.16454	0	0	0	0	0	0	0	0	0	0	0
05.500,00.000	36.7	5.5	-200	0	4.5	1371.8	542.203	387.033	228.098	150.768	46.2826	5.68203	3.08014	3.73143	4.9245	0	0	0	0	0	0	0	0	0	0	0
05.500,00.000	36.8	5.5	-200	0	4.5	1377.64	547.218	387.326	228.134	150.885	46.3064	5.68203	3.08014	3.75931	5.24701	0	0	0	0	0	0	0	0	0	0	0
05.500,00.000	36.9	5.5	-200	0	4.5	1377.63	547.204	387.327	228.134	150.885	46.3064	5.68203	3.08014	3.75931	5.25079	0	0	0	0	0	0	0	0	0	0	0
05.500,00.000	37	5.5	-200	0	4.5	1377.74	547.299	387.332	228.135	150.887	46.3066	5.68203	3.08014	3.75976	5.25652	0	0	0	0	0	0	0	0	0	0	0
05.500,00.000	37.1	5.5	-200	0	4.5	1385.29	553.895	387.692	228.169	151.015	46.3221	5.68203	3.08014	3.78821	5.64774	0	0	0	0	0	0	0	0	0	0	0
05.500,00.000	37.2	5.5	-200	0	4.5	1389.37	557.457	387.886	228.187	151.082	46.3289	5.68203	3.08014	3.80287	5.8643	0	0	0	0	0	0	0	0	0	0	0
05.500,00.000	37.3	5.5	-200	0	4.5	1391.27	559.128	387.975	228.194	151.111	46.3307	5.68203	3.08014	3.80894	5.95739	0	0	0	0	0	0	0	0	0	0	0
05.500,00.000	37.4	5.5	-200	0	4.5	1393.06	560.714	388.058	228.2	151.137	46.3312	5.68203	3.08014	3.8141	6.0421	0	0	0	0	0	0	0	0	0	0	0
05.500,00.000	37.5	5.5	-200	0	4.5	1394.84	562.296	388.14	228.206	151.161	46.3312	5.68203	3.08014	3.81865	6.12392	0	0	0	0	0	0	0	0	0	0	0
05.500,00.000	37.6	5.5	-200	0	4.5	1398.42	565.484	388.303	228.215	151.207	46.3312	5.68203	3.08014	3.82661	6.28933	0	0	0	0	0	0	0	0	0	0	0
05.500,00.000	37.7	5.5	-200	0	4.5	1403.27	569.798	388.518	228.226	151.269	46.3312	5.68203	3.08014	3.83639	6.52726	0	0	0	0	0	0	0	0	0	0	0
05.500,00.000	37.8	5.5	-200	0	4.5	1411.51	577.175	388.883	228.242	151.362	46.3312	5.68203	3.08014	3.84959	6.90864	0	0	0	0	0	0	0	0	0	0	0
05.500,00.000	37.9	5.5	-200	0	4.5	1412.69	578.22	388.946	228.244	151.375	46.3312	5.68203	3.08014	3.85128	6.96261	0	0	0	0	0	0	0	0	0	0	0
05.500,00.000	38	5.5	-200	0	4.5	1418.69	583.541	389.292	228.251	151.431	46.3312	5.68203	3.08014	3.85671	7.22357	0	0	0	0	0	0	0	0	0	0	0
05.500,00.000	38.1	5.5	-200	0	4.5	1422.49	586.579	389.846	228.255	151.465	46.3312	5.68203	3.08014	3.85967	7.38918	0	0	0	0	0	0	0	0	0	0	0
05.500,00.000	38.2	5.5	-200	0	4.5	1423.87	587.686	390.054	228.256	151.476	46.3312	5.68203	3.08014	3.86044	7.4474	0	0	0	0	0	0	0	0	0	0	0
05.500,00.000	38.3	5.5	-200	0	4.5	1425.44	588.939	390.295	228.257	151.487	46.3312	5.68203	3.08014	3.86093	7.51062	0	0	0	0	0	0	0	0	0	0	0
05.500,00.000	38.4	5.5	-200	0	4.5	1430.91	593.173	391.285	228.257	151.519	46.3312	5.68203	3.08014	3.86144	7.72226	0	0	0	0	0	0	0	0	0	0	0
05.500,00.000	38.5	5.5	-200	0	4.5	1432.01	593.997	391.507	228.257	151.525	46.3312	5.68203	3.08014	3.86144	7.76389	0	0	0	0	0	0	0	0	0	0	0
05.500,00.000	38.6	5.5	-200	0	4.5	1436.51	597.401	392.427	228.257	151.544	46.3312	5.68203	3.08014	3.86144	7.92254	0	0	0	0	0	0	0	0	0	0	0
05.500,00.000	38.7	5.5	-200	0	4.5	1439.71	599.695	393.182	228.257	151.557	46.3312	5.68203	3.08014	3.86144	8.06626	0	0	0	0	0	0	0	0	0	0	0
05.500,00.000	38.8	5.5	-200	0	4.5	1445.45	603.819	394.542	228.257	151.575	46.3312	5.68203	3.08014	3.86144	8.30037	0	0	0	0	0	0	0	0	0	0	0
05.500,00.000	38.9	5.5	-200	0	4.5	1446.34	604.454	394.759	228.257	151.577	46.3312	5.68203	3.08014	3.86144	8.33639	0	0	0	0	0	0	0	0	0	0	0
05.500,00.000	39	5.5	-200	0	4.5	1446.4	604.5	394.775	228.257	151.577	46.3312	5.68203	3.08014	3.86144	8.33866	0	0	0	0	0	0	0	0	0	0	0
05.500,00.000	39.1	5.5	-200	0	4.5	1448.48	605.989	395.292	228.257	151.581	46.3312	5.68203	3.08014	3.86144	8.40659	0	0	0	0	0	0	0	0	0	0	0
05.500,00.000	39.2	5.5	-200	0	4.5	1450.3	607.293	395.751	228.257	151.583	46.3312	5.68203	3.08014	3.86144	8.46281	0	0	0	0	0	0	0	0	0	0	0
05.500,00.000	39.3	5.5	-200	0	4.5	1452.25	608.689	396.247	228.257	151.585	46.3312	5.68203	3.08014	3.86144	8.51584	0	0	0	0	0	0	0	0	0	0	0
05.500,00.000	39.4	5.5	-200	0	4.5	1455.43	610.965	397.072	228.257	151.587	46.3312	5.68203	3.08014	3.86144	8.59249	0	0	0	0	0	0	0	0	0	0	0
05.500,00.000	39.5	5.5	-200	0	4.5	1455.98	611.361	397.217	228.257	151.587	46.3312	5.68203	3.08014	3.86144	8.6051	0	0	0	0	0	0	0	0	0	0	0
05.500,00.000	39.6	5.5	-200	0	4.5	1459.72	614.031	398.217	228.257	151.588	46.3312	5.68203	3.08014	3.86144	8.67568	0	0	0	0	0	0	0	0	0	0	0
05.500,00.000	39.7	5.5	-200	0	4.5	1465.45	618.087	399.752	228.257	151.588	46.3312	5.68203	3.08014	3.86144	8.77499	0.0362671	0	0	0	0	0	0	0	0	0	0
05.500,00.000	39.8	5.5	-200	0	4.5	1466.28	618.665	399.977	228.257	151.588	46.3312	5.68203	3.08014	3.86144	8.78882	0.0469766	0	0	0	0	0	0	0	0	0	0
05.500,00.000	39.9	5.5	-200	0	4.5	1472.63	623.161	401.595	228.257	151.588	46.3312	5.68203	3.08014	3.86144	8.8817	0.125171	0.0662774	0	0	0	0	0	0	0	0	0
05.500,00.000	40	5.5	-200	0	4.5	1473.94	624.242	401.713	228.257	151.588	46.3312	5.68203	3.08014	3.86144	8.90883	0.144116	0.131574	0	0	0	0	0	0	0	0	0
05.500,00.000	40.1	5.5	-200	0	4.5	1477.16	626.91	402.038	228.257	151.588	46.3312	5.68203	3.08014	3.86144	8.96891	0.189111	0.257831	0	0	0	0	0	0	0	0	0
05.500,00.000	40.2	5.5	-200	0	4.5	1478.26	627.78	402.173	228.257	151.588	46.3312	5.68203	3.08014	3.86144	8.99396	0.204896	0.308057	0	0	0	0	0	0	0	0	0
05.500,00.000	40.3	5.5	-200	0	4.5	1478.83	628.257	402.228	228.257	151.588	46.3312	5.68203	3.08014	3.86144	9.00231	0.212445	0.330682	0	0	0	0	0	0	0	0	0
05.500,00.000	40.4	5.5	-200	0	4.5	1481.49	630.502	402.473	228.257	151.588	46.3312	5.68203	3.08014	3.86144	9.0352	0.245893	0.435013	0	0	0	0	0	0	0	0	0
05.500,00.000	40.5	5.5	-200	0	4.5	1482.05	630.94	402.533	228.276	151.588	46.3312	5.68203	3.08014	3.86144	9.04337	0.252505	0.458094	0	0	0	0	0	0	0	0	0
05.500,00.000	40.6	5.5	-200	0	4.5	1484.68	633.148	402.764	228.314	151.588	46.3312	5.68203	3.08014	3.86144	9.06439	0.283649	0.564406	0	0	0	0	0	0	0	0	0
05.500,00.000	40.7	5.5	-200	0	4.5	1487.77	635.737	403.029	228.371	151.588	46.3312	5.68203	3.08014	3.86144	9.08377	0.317861	0.687612	0	0	0	0	0	0	0	0	0
05.500,00.000	40.8	5.5	-200	0	4.5	1488.16	636.047	403.072	228.382	151.588	46.3312	5.68203	3.08014	3.86144	9.0865	0.322031	0.704119	0	0	0	0	0	0	0	0	0
05.500,00.000	40.9	5.5	-200	0	4.5	1488.93	636.706	403.134	228.396	151.588	46.3312	5.68203	3.08014	3.86144	9.08821	0.329244	0.73293	0	0	0	0	0	0	0	0	0
05.500,00.000	41	5.5	-200	0	4.5	1489.1	636.844	403.15	228.401	151.588	46.3312	5.68203	3.08014	3.86144	9.08871	0.330805	0.739789	0	0	0	0	0	0	0	0	0
05.500,00.000	41.1	5.5	-200	0	4.5	1490.8	638.279	403.277	228.441	151.588	46.3312	5.68203	3.08014	3.86144	9.08886	0.362597	0.803637	0	0	0	0	0	0	0	0	0
05.500,00.000	41.2	5.5	-200	0	4.5	1491.82	639.113	403.358	228.469	151.588	46.3312	5.68203	3.08014	3.86144	9.08886	0.40517	0.841548	0	0	0	0	0	0	0	0	0
05.500,00.000	41.3	5.5	-200	0	4.5	1492.21	639.437	403.387	228.479	151.588	46.3312	5.68203	3.08014	3.86144	9.08886	0.417551	0.855687	0	0	0	0	0	0	0	0	0
05.500,00.000	41.4	5.5	-200	0	4.5	1493.67	640.662	403.498	228.516	151.588	46.3312	5.68203	3.08014	3.86144	9.08886	0.454515	0.907889	0	0	0	0	0	0	0	0	0
05.500,00.000	41.5	5.5	-200	0	4.5	1494.02	640.936	403.541	228.526	151.588	46.3312	5.68203	3.08014	3.86144	9.08886	0.467997	0.919695	0	0	0	0	0	0	0	0	0
05.500,00.000	41.6	5.5	-200	0	4.5	1495.77	642.304	403.776	228.566	151.588	46.3312	5.68203	3.08014	3.86144	9.08886	0.5116	0.982049	0	0	0	0	0	0	0	0	0
05.500,00.000	41.7	5.5	-200	0	4.5	1498.42	644.329	404.163	228.646	151.588	46.3312	5.68203	3.08014	3.86144	9.08886	0.577608	1.07144	0	0	0	0	0	0	0	0	0
05.500,00.000	41.8	5.5	-200	0	4.5	1498.79	644.601	404.221	228.66	151.588	46.3312	5.68203	3.08014	3.86144	9.08886	0.590745	1.08368	0	0	0	0	0	0	0	0	0
05.500,00.000	41.9	5.5	-200	0	4.5	1498.79	644.604	404.222	228.66	151.588	46.3312	5.68203	3.08014	3.86144	9.08886	0.590831	1.08382	0	0	0	0	0	0	0	0	0
05.500,00.000	42	5.5	-200	0	4.5	1498.85	644.645	404.233	228.662	151.588	46.3312	5.68203	3.08014	3.86144	9.08886	0.592386	1.08563	0	0	0	0	0	0	0	0	0