
label	time(d)	x	depth	z	radius	total	0-10	10-20	20-30	30-40	40-50	50-60	60-70	70-80	80-90	90-100	100-110	110-120	120-130	130-140	140-150	150-160	160-170	170-180	180-190	190-200
00.000,00.000	0	0	-200	0	4.5	0	0	0	0	0	0	0	0	0	0	0	0	0	0	0	0	0	0	0	0	0
00.000,00.000	0.1	0	-200	0	4.5	0.37949	0.37949	0	0	0	0	0	0	0	0	0	0	0	0	0	0	0	0	0	0	0
00.000,00.000	0.2	0	-200	0	4.5	0.761528	0.761528	0	0	0	0	0	0	0	0	0	0	0	0	0	0	0	0	0	0	0
00.000,00.000	0.3	0	-200	0	4.5	1.1463	1.1463	0	0	0	0	0	0	0	0	0	0	0	0	0	0	0	0	0	0	0
00.000,00.000	0.4	0	-200	0	4.5	1.53368	1.53368	0	0	0	0	0	0	0	0	0	0	0	0	0	0	0	0	0	0	0
00.000,00.000	0.5	0	-200	0	4.5	1.92318	1.92318	0	0	0	0	0	0	0	0	0	0	0	0	0	0	0	0	0	0	0
00.000,00.000	0.6	0	-200	0	4.5	2.31465	2.31465	0	0	0	0	0	0	0	0	0	0	0	0	0	0	0	0	0	0	0
00.000,00.000	0.7	0	-200	0	4.5	2.70826	2.70826	0	0	0	0	0	0	0	0	0	0	0	0	0	0	0	0	0	0	0
00.000,00.000	0.8	0	-200	0	4.5	3.10405	3.10405	0	0	0	0	0	0	0	0	0	0	0	0	0	0	0	0	0	0	0
00.000,00.000	0.9	0	-200	0	4.5	3.50205	3.50205	0	0	0	0	0	0	0	0	0	0	0	0	0	0	0	0	0	0	0
00.000,00.000	1	0	-200	0	4.5	3.90307	3.90307	0	0	0	0	0	0	0	0	0	0	0	0	0	0	0	0	0	0	0
00.000,00.000	1.1	0	-200	0	4.5	4.31085	4.31085	0	0	0	0	0	0	0	0	0	0	0	0	0	0	0	0	0	0	0
00.000,00.000	1.2	0	-200	0	4.5	4.72495	4.72495	0	0	0	0	0	0	0	0	0	0	0	0	0	0	0	0	0	0	0
00.000,00.000	1.3	0	-200	0	4.5	5.14501	5.14501	0	0	0	0	0	0	0	0	0	0	0	0	0	0	0	0	0	0	0
00.000,00.000	1.4	0	-200	0	4.5	5.57074	5.57074	0	0	0	0	0	0	0	0	0	0	0	0	0	0	0	0	0	0	0
00.000,00.000	1.5	0	-200	0	4.5	6.00121	6.00121	0	0	0	0	0	0	0	0	0	0	0	0	0	0	0	0	0	0	0
00.000,00.000	1.6	0	-200	0	4.5	6.4347	6.4347	0	0	0	0	0	0	0	0	0	0	0	0	0	0	0	0	0	0	0
00.000,00.000	1.7	0	-200	0	4.5	6.87469	6.87469	0	0	0	0	0	0	0	0	0	0	0	0	0	0	0	0	0	0	0
00.000,00.000	1.8	0	-200	0	4.5	7.31801	7.22151	0.0964929	0	0	0	0	0	0	0	0	0	0	0	0	0	0	0	0	0	0
00.000,00.000	1.9	0	-200	0	4.5	7.77482	7.40579	0.369033	0	0	0	0	0	0	0	0	0	0	0	0	0	0	0	0	0	0
00.000,00.000	2	0	-200	0	4.5	8.24092	7.60003	0.640884	0	0	0	0	0	0	0	0	0	0	0	0	0	0	0	0	0	0
00.000,00.000	2.1	0	-200	0	4.5	8.74963	7.83716	0.912468	0	0	0	0	0	0	0	0	0	0	0	0	0	0	0	0	0	0
00.000,00.000	2.2	0	-200	0	4.5	9.33335	8.14948	1.18387	0	0	0	0	0	0	0	0	0	0	0	0	0	0	0	0	0	0
00.000,00.000	2.3	0	-200	0	4.5	9.99095	8.53654	1.45442	0	0	0	0	0	0	0	0	0	0	0	0	0	0	0	0	0	0
00.000,00.000	2.4	0	-200	0	4.5	10.7226	8.99851	1.72407	0	0	0	0	0	0	0	0	0	0	0	0	0	0	0	0	0	0
00.000,00.000	2.5	0	-200	0	4.5	11.5283	9.53474	1.99361	0	0	0	0	0	0	0	0	0	0	0	0	0	0	0	0	0	0
00.000,00.000	2.6	0	-200	0	4.5	12.4067	10.1437	2.26299	0	0	0	0	0	0	0	0	0	0	0	0	0	0	0	0	0	0
00.000,00.000	2.7	0	-200	0	4.5	13.36	10.8285	2.53156	0	0	0	0	0	0	0	0	0	0	0	0	0	0	0	0	0	0
00.000,00.000	2.8	0	-200	0	4.5	14.3808	11.5818	2.79897	0	0	0	0	0	0	0	0	0	0	0	0	0	0	0	0	0	0
00.000,00.000	2.9	0	-200	0	4.5	15.4803	12.4138	3.06651	0	0	0	0	0	0	0	0	0	0	0	0	0	0	0	0	0	0
00.000,00.000	3	0	-200	0	4.5	16.6589	13.3251	3.33385	0	0	0	0	0	0	0	0	0	0	0	0	0	0	0	0	0	0
00.000,00.000	3.1	0	-200	0	4.5	17.8722	14.272	3.60016	0	0	0	0	0	0	0	0	0	0	0	0	0	0	0	0	0	0
00.000,00.000	3.2	0	-200	0	4.5	19.0843	15.2185	3.86573	0	0	0	0	0	0	0	0	0	0	0	0	0	0	0	0	0	0
00.000,00.000	3.3	0	-200	0	4.5	20.2958	16.1646	4.1312	0	0	0	0	0	0	0	0	0	0	0	0	0	0	0	0	0	0
00.000,00.000	3.4	0	-200	0	4.5	21.5051	17.1089	4.39613	0	0	0	0	0	0	0	0	0	0	0	0	0	0	0	0	0	0
00.000,00.000	3.5	0	-200	0	4.5	22.7075	18.0473	4.66018	0	0	0	0	0	0	0	0	0	0	0	0	0	0	0	0	0	0
00.000,00.000	3.6	0	-200	0	4.5	23.899	18.9757	4.92333	0	0	0	0	0	0	0	0	0	0	0	0	0	0	0	0	0	0
00.000,00.000	3.7	0	-200	0	4.5	25.0814	19.8952	5.18624	0	0	0	0	0	0	0	0	0	0	0	0	0	0	0	0	0	0
00.000,00.000	3.8	0	-200	0	4.5	26.2571	20.8086	5.44849	0	0	0	0	0	0	0	0	0	0	0	0	0	0	0	0	0	0
00.000,00.000	3.9	0	-200	0	4.5	27.4288	21.7186	5.71023	0	0	0	0	0	0	0	0	0	0	0	0	0	0	0	0	0	0
00.000,00.000	4	0	-200	0	4.5	28.4892	22.5177	5.97154	0	0	0	0	0	0	0	0	0	0	0	0	0	0	0	0	0	0
00.000,00.000	4.1	0	-200	0	4.5	29.2006	22.968	6.23255	0	0	0	0	0	0	0	0	0	0	0	0	0	0	0	0	0	0
00.000,00.000	4.2	0	-200	0	4.5	29.7715	23.2785	6.49307	0	0	0	0	0	0	0	0	0	0	0	0	0	0	0	0	0	0
00.000,00.000	4.3	0	-200	0	4.5	30.3334	23.5807	6.75274	0	0	0	0	0	0	0	0	0	0	0	0	0	0	0	0	0	0
00.000,00.000	4.4	0	-200	0	4.5	30.8883	23.8763	7.01192	0	0	0	0	0	0	0	0	0	0	0	0	0	0	0	0	0	0
00.000,00.000	4.5	0	-200	0	4.5	31.2391	23.9687	7.27039	0	0	0	0	0	0	0	0	0	0	0	0	0	0	0	0	0	0
00.000,00.000	4.6	0	-200	0	4.5	31.5269	23.9988	7.52808	0	0	0	0	0	0	0	0	0	0	0	0	0	0	0	0	0	0
00.000,00.000	4.7	0	-200	0	4.5	31.8097	24.0246	7.78505	0	0	0	0	0	0	0	0	0	0	0	0	0	0	0	0	0	0
00.000,00.000	4.8	0	-200	0	4.5	32.0881	24.0464	8.04164	0	0	0	0	0	0	0	0	0	0	0	0	0	0	0	0	0	0
00.000,00.000	4.9	0	-200	0	4.5	32.3624	24.0645	8.29791	0	0	0	0	0	0	0	0	0	0	0	0	0	0	0	0	0	0
00.000,00.000	5	0	-200	0	4.5	32.6335	24.0799	8.55363	0	0	0	0	0	0	0	0	0	0	0	0	0	0	0	0	0	0
00.000,00.000	5.1	0	-200	0	4.5	32.903	24.0944	8.8086	0	0	0	0	0	0	0	0	0	0	0	0	0	0	0	0	0	0
00.000,00.000	5.2	0	-200	0	4.5	33.1759	24.1129	9.06304	0	0	0	0	0	0	0	0	0	0	0	0	0	0	0	0	0	0
00.000,00.000	5.3	0	-200	0	4.5	33.4513	24.1342	9.31709	0	0	0	0	0	0	0	0	0	0	0	0	0	0	0	0	0	0
00.000,00.000	5.4	0	-200	0	4.5	33.729	24.1587	9.5703	0	0	0	0	0	0	0	0	0	0	0	0	0	0	0	0	0	0
00.000,00.000	5.5	0	-200	0	4.5	34.007	24.185	9.82201	0	0	0	0	0	0	0	0	0	0	0	0	0	0	0	0	0	0
00.000,00.000	5.6	0	-200	0	4.5	34.2893	24.2156	10.0737	0	0	0	0	0	0	0	0	0	0	0	0	0	0	0	0	0	0
00.000,00.000	5.7	0	-200	0	4.5	34.5735	24.2487	10.1639	0.160956	0	0	0	0	0	0	0	0	0	0	0	0	0	0	0	0	0
00.000,00.000	5.8	0	-200	0	4.5	34.8607	24.2853	10.1637	0.411642	0	0	0	0	0	0	0	0	0	0	0	0	0	0	0	0	0
00.000,00.000	5.9	0	-200	0	4.5	35.1511	24.3257	10.1637	0.661598	0	0	0	0	0	0	0	0	0	0	0	0	0	0	0	0	0
00.000,00.000	6	0	-200	0	4.5	35.4439	24.3691	10.1637	0.911092	0	0	0	0	0	0	0	0	0	0	0	0	0	0	0	0	0
00.000,00.000	6.1	0	-200	0	4.5	35.7396	24.4156	10.1639	1.16015	0	0	0	0	0	0	0	0	0	0	0	0	0	0	0	0	0
00.000,00.000	6.2	0	-200	0	4.5	36.0384	24.4655	10.1645	1.40835	0	0	0	0	0	0	0	0	0	0	0	0	0	0	0	0	0
00.000,00.000	6.3	0	-200	0	4.5	36.3445	24.5229	10.1658	1.6558	0	0	0	0	0	0	0	0	0	0	0	0	0	0	0	0	0
00.000,00.000	6.4	0	-200	0	4.5	36.6577	24.5865	10.1683	1.90286	0	0	0	0	0	0	0	0	0	0	0	0	0	0	0	0	0
00.000,00.000	6.5	0	-200	0	4.5	36.9786	24.6577	10.1719	2.14899	0	0	0	0	0	0	0	0	0	0	0	0	0	0	0	0	0
00.000,00.000	6.6	0	-200	0	4.5	37.3127	24.7406	10.1774	2.39468	0	0	0	0	0	0	0	0	0	0	0	0	0	0	0	0	0
00.000,00.000	6.7	0	-200	0	4.5	37.6583	24.8342	10.1847	2.63936	0	0	0	0	0	0	0	0	0	0	0	0	0	0	0	0	0
00.000,00.000	6.8	0	-200	0	4.5	38.0185	24.9408	10.1939	2.88379	0	0	0	0	0	0	0	0	0	0	0	0	0	0	0	0	0
00.000,00.000	6.9	0	-200	0	4.5	38.3979	25.0642	10.2057	3.12796	0	0	0	0	0	0	0	0	0	0	0	0	0	0	0	0	0
00.000,00.000	7	0	-200	0	4.5	38.7966	25.2054	10.2198	3.37132	0	0	0	0	0	0	0	0	0	0	0	0	0	0	0	0	0
00.000,00.000	7.1	0	-200	0	4.5	39.2169	25.3667	10.2362	3.6139	0	0	0	0	0	0	0	0	0	0	0	0	0	0	0	0	0
00.000,00.000	7.2	0	-200	0	4.5	39.6625	25.5513	10.2552	3.85595	0	0	0	0	0	0	0	0	0	0	0	0	0	0	0	0	0
00.000,00.000	7.3	0	-200	0	4.5	40.1346	25.7597	10.2772	4.09773	0	0	0	0	0	0	0	0	0	0	0	0	0	0	0	0	0
00.000,00.000	7.4	0	-200	0	4.5	40.6354	25.9946	10.302	4.33883	0	0	0	0	0	0	0	0	0	0	0	0	0	0	0	0	0
00.000,00.000	7.5	0	-200	0	4.5	41.1557	26.2479	10.3292	4.57863	0	0	0	0	0	0	0	0	0	0	0	0	0	0	0	0	0
00.000,00.000	7.6	0	-200	0	4.5	41.7056	26.5279	10.3594	4.81826	0	0	0	0	0	0	0	0	0	0	0	0	0	0	0	0	0
00.000,00.000	7.7	0	-200	0	4.5	42.2814	26.8308	10.3933	5.05731	0	0	0	0	0	0	0	0	0	0	0	0	0	0	0	0	0
00.000,00.000	7.8	0	-200	0	4.5	42.888	27.1621	10.43	5.2959	0	0	0	0	0	0	0	0	0	0	0	0	0	0	0	0	0
00.000,00.000	7.9	0	-200	0	4.5	43.5297	27.5256	10.47	5.53409	0	0	0	0	0	0	0	0	0	0	0	0	0	0	0	0	0
00.000,00.000	8	0	-200	0	4.5	44.203	27.9185	10.5129	5.77164	0	0	0	0	0	0	0	0	0	0	0	0	0	0	0	0	0
00.000,00.000	8.1	0	-200	0	4.5	44.9115	28.3433	10.5595	6.00868	0	0	0	0	0	0	0	0	0	0	0	0	0	0	0	0	0
00.000,00.000	8.2	0	-200	0	4.5	45.6524	28.7975	10.6096	6.24532	0	0	0	0	0	0	0	0	0	0	0	0	0	0	0	0	0
00.000,00.000	8.3	0	-200	0	4.5	46.4251	29.2797	10.6641	6.48127	0	0	0	0	0	0	0	0	0	0	0	0	0	0	0	0	0
00.000,00.000	8.4	0	-200	0	4.5	47.2285	29.7892	10.7227	6.71658	0	0	0	0	0	0	0	0	0	0	0	0	0	0	0	0	0
00.000,00.000	8.5	0	-200	0	4.5	48.0564	30.3183	10.7868	6.95133	0	0	0	0	0	0	0	0	0	0	0	0	0	0	0	0	0
00.000,00.000	8.6	0	-200	0	4.5	48.9134	30.8721	10.8555	7.18588	0	0	0	0	0	0	0	0	0	0	0	0	0	0	0	0	0
00.000,00.000	8.7	0	-200	0	4.5	49.7747	31.4281	10.9273	7.41927	0	0	0	0	0	0	0	0	0	0	0	0	0	0	0	0	0
00.000,00.000	8.8	0	-200	0	4.5	50.6836	32.0249	11.0064	7.6523	0	0	0	0	0	0	0	0	0	0	0	0	0	0	0	0	0
00.000,00.000	8.9	0	-200	0	4.5	51.6034	32.6299	11.089	7.8845	0	0	0	0	0	0	0	0	0	0	0	0	0	0	0	0	0
00.000,00.000	9	0	-200	0	4.5	52.5664	33.272	11.1776	8.11682	0	0	0	0	0	0	0	0	0	0	0	0	0	0	0	0	0
00.000,00.000	9.1	0	-200	0	4.5	53.5645	33.9449	11.2711	8.34852	0	0	0	0	0	0	0	0	0	0	0	0	0	0	0	0	0
00.000,00.000	9.2	0	-200	0	4.5	54.6068	34.6571	11.3703	8.57942	0	0	0	0	0	0	0	0	0	0	0	0	0	0	0	0	0
00.000,00.000	9.3	0	-200	0	4.5	55.6944	35.4102	11.4744	8.80974	0	0	0	0	0	0	0	0	0	0	0	0	0	0	0	0	0
00.000,00.000	9.4	0	-200	0	4.5	56.8278	36.2036	11.5844	9.03972	0	0	0	0	0	0	0	0	0	0	0	0	0	0	0	0	0
00.000,00.000	9.5	0	-200	0	4.5	57.9977	37.0294	11.6991	9.26914	0	0	0	0	0	0	0	0	0	0	0	0	0	0	0	0	0
00.000,00.000	9.6	0	-200	0	4.5	59.2011	37.8847	11.8187	9.49772	0	0	0	0	0	0	0	0	0	0	0	0	0	0	0	0	0
00.000,00.000	9.7	0	-200	0	4.5	60.4301	38.7618	11.9428	9.7255	0	0	0	0	0	0	0	0	0	0	0	0	0	0	0	0	0
00.000,00.000	9.8	0	-200	0	4.5	61.7043	39.6775	12.0738	9.95295	0	0	0	0	0	0	0	0	0	0	0	0	0	0	0	0	0
00.000,00.000	9.9	0	-200	0	4.5	63.024	40.6335	12.2104	10.1801	0	0	0	0	0	0	0	0	0	0	0	0	0	0	0	0	0
00.000,00.000	10	0	-200	0	4.5	64.3961	41.6359	12.3535	10.2054	0.201381	0	0	0	0	0	0	0	0	0	0	0	0	0	0	0	0
00.000,00.000	10.1	0	-200	0	4.5	65.8229	42.6866	12.5034	10.2054	0.427441	0	0	0	0	0	0	0	0	0	0	0	0	0	0	0	0
00.000,00.000	10.2	0	-200	0	4.5	67.3162	43.7985	12.6595	10.2054	0.652832	0	0	0	0	0	0	0	0	0	0	0	0	0	0	0	0
00.000,00.000	10.3	0	-200	0	4.5	68.8949	44.9896	12.8222	10.2054	0.877733	0	0	0	0	0	0	0	0	0	0	0	0	0	0	0	0
00.000,00.000	10.4	0	-200	0	4.5	70.5352	46.2362	12.9914	10.2054	1.10222	0	0	0	0	0	0	0	0	0	0	0	0	0	0	0	0
00.000,00.000	10.5	0	-200	0	4.5	72.2223	47.5227	13.1667	10.2067	1.32616	0	0	0	0	0	0	0	0	0	0	0	0	0	0	0	0
00.000,00.000	10.6	0	-200	0	4.5	73.9466	48.8413	13.3477	10.2083	1.54931	0	0	0	0	0	0	0	0	0	0	0	0	0	0	0	0
00.000,00.000	10.7	0	-200	0	4.5	75.7152	50.1979	13.5349	10.2106	1.77181	0	0	0	0	0	0	0	0	0	0	0	0	0	0	0	0
00.000,00.000	10.8	0	-200	0	4.5	77.5262	51.5896	13.7277	10.2151	1.99386	0	0	0	0	0	0	0	0	0	0	0	0	0	0	0	0
00.000,00.000	10.9	0	-200	0	4.5	79.4157	53.0514	13.9282	10.2206	2.21558	0	0	0	0	0	0	0	0	0	0	0	0	0	0	0	0
00.000,00.000	11	0	-200	0	4.5	81.3731	54.5736	14.1352	10.2276	2.43667	0	0	0	0	0	0	0	0	0	0	0	0	0	0	0	0
00.000,00.000	11.1	0	-200	0	4.5	83.4009	56.1584	14.3484	10.2369	2.65719	0	0	0	0	0	0	0	0	0	0	0	0	0	0	0	0
00.000,00.000	11.2	0	-200	0	4.5	85.5215	57.8285	14.5679	10.2479	2.87723	0	0	0	0	0	0	0	0	0	0	0	0	0	0	0	0
00.000,00.000	11.3	0	-200	0	4.5	87.567	59.5903	14.794	10.261	2.9218	0	0	0	0	0	0	0	0	0	0	0	0	0	0	0	0
00.000,00.000	11.4	0	-200	0	4.5	89.65	61.4324	15.0272	10.2761	2.91433	0	0	0	0	0	0	0	0	0	0	0	0	0	0	0	0
00.000,00.000	11.5	0	-200	0	4.5	91.7924	63.32	15.267	10.294	2.91131	0	0	0	0	0	0	0	0	0	0	0	0	0	0	0	0
00.000,00.000	11.6	0	-200	0	4.5	93.9741	65.2348	15.5128	10.3138	2.91272	0	0	0	0	0	0	0	0	0	0	0	0	0	0	0	0
00.000,00.000	11.7	0	-200	0	4.5	96.2026	67.1884	15.7658	10.3357	2.91272	0	0	0	0	0	0	0	0	0	0	0	0	0	0	0	0
00.000,00.000	11.8	0	-200	0	4.5	98.4835	69.1857	16.0254	10.3597	2.91272	0	0	0	0	0	0	0	0	0	0	0	0	0	0	0	0
00.000,00.000	11.9	0	-200	0	4.5	100.86	71.2676	16.2933	10.3862	2.91272	0	0	0	0	0	0	0	0	0	0	0	0	0	0	0	0
00.000,00.000	12	0	-200	0	4.5	103.429	73.5203	16.5804	10.4159	2.91272	0	0	0	0	0	0	0	0	0	0	0	0	0	0	0	0
00.000,00.000	12.1	0	-200	0	4.5	106.071	75.8354	16.8753	10.4478	2.91272	0	0	0	0	0	0	0	0	0	0	0	0	0	0	0	0
00.000,00.000	12.2	0	-200	0	4.5	108.653	78.0921	17.167	10.4812	2.91272	0	0	0	0	0	0	0	0	0	0	0	0	0	0	0	0
00.000,00.000	12.3	0	-200	0	4.5	111.276	80.3795	17.4669	10.5166	2.91272	0	0	0	0	0	0	0	0	0	0	0	0	0	0	0	0
00.000,00.000	12.4	0	-200	0	4.5	113.936	82.6943	17.775	10.5542	2.91272	0	0	0	0	0	0	0	0	0	0	0	0	0	0	0	0
00.000,00.000	12.5	0	-200	0	4.5	117.531	85.8108	18.1989	10.6086	2.91272	0	0	0	0	0	0	0	0	0	0	0	0	0	0	0	0
00.000,00.000	12.6	0	-200	0	4.5	120.358	88.2537	18.5384	10.6534	2.91272	0	0	0	0	0	0	0	0	0	0	0	0	0	0	0	0
00.000,00.000	12.7	0	-200	0	4.5	123.179	90.6814	18.8834	10.7012	2.91272	0	0	0	0	0	0	0	0	0	0	0	0	0	0	0	0
00.000,00.000	12.8	0	-200	0	4.5	125.772	92.6739	19.4362	10.7495	2.91272	0	0	0	0	0	0	0	0	0	0	0	0	0	0	0	0
00.000,00.000	12.9	0	-200	0	4.5	127.711	94.1277	19.8838	10.7869	2.91272	0	0	0	0	0	0	0	0	0	0	0	0	0	0	0	0
00.000,00.000	13	0	-200	0	4.5	130.936	96.5643	20.6067	10.8526	2.91272	0	0	0	0	0	0	0	0	0	0	0	0	0	0	0	0
00.000,00.000	13.1	0	-200	0	4.5	133.968	98.8474	21.2895	10.9182	2.91272	0	0	0	0	0	0	0	0	0	0	0	0	0	0	0	0
00.000,00.000	13.2	0	-200	0	4.5	136.854	100.956	22.0025	10.9831	2.91272	0	0	0	0	0	0	0	0	0	0	0	0	0	0	0	0
00.000,00.000	13.3	0	-200	0	4.5	139.787	102.922	22.9005	11.0521	2.91272	0	0	0	0	0	0	0	0	0	0	0	0	0	0	0	0
00.000,00.000	13.4	0	-200	0	4.5	142.739	104.889	23.8105	11.1262	2.91272	0	0	0	0	0	0	0	0	0	0	0	0	0	0	0	0
00.000,00.000	13.5	0	-200	0	4.5	147.691	108.181	25.3397	11.2571	2.91272	0	0	0	0	0	0	0	0	0	0	0	0	0	0	0	0
00.000,00.000	13.6	0	-200	0	4.5	149.956	109.676	26.0469	11.3202	2.91272	0	0	0	0	0	0	0	0	0	0	0	0	0	0	0	0
00.000,00.000	13.7	0	-200	0	4.5	152.786	111.528	26.9402	11.4049	2.91272	0	0	0	0	0	0	0	0	0	0	0	0	0	0	0	0
00.000,00.000	13.8	0	-200	0	4.5	154.659	112.747	27.5356	11.4644	2.91272	0	0	0	0	0	0	0	0	0	0	0	0	0	0	0	0
00.000,00.000	13.9	0	-200	0	4.5	155.966	113.597	27.9484	11.5078	2.91272	0	0	0	0	0	0	0	0	0	0	0	0	0	0	0	0
00.000,00.000	14	0	-200	0	4.5	159.74	116.059	29.1296	11.6382	2.91272	0	0	0	0	0	0	0	0	0	0	0	0	0	0	0	0
00.000,00.000	14.1	0	-200	0	4.5	163.026	118.197	30.1598	11.7565	2.91272	0	0	0	0	0	0	0	0	0	0	0	0	0	0	0	0
00.000,00.000	14.2	0	-200	0	4.5	165.969	120.104	31.0832	11.8686	2.91272	0	0	0	0	0	0	0	0	0	0	0	0	0	0	0	0
00.000,00.000	14.3	0	-200	0	4.5	168.902	121.994	32.0091	11.9858	2.91272	0	0	0	0	0	0	0	0	0	0	0	0	0	0	0	0
00.000,00.000	14.4	0	-200	0	4.5	171.81	123.855	32.9341	12.1083	2.91272	0	0	0	0	0	0	0	0	0	0	0	0	0	0	0	0
00.000,00.000	14.5	0	-200	0	4.5	178.97	128.385	35.2408	12.4313	2.91272	0	0	0	0	0	0	0	0	0	0	0	0	0	0	0	0
00.000,00.000	14.6	0	-200	0	4.5	180.352	129.245	35.6977	12.4968	2.91272	0	0	0	0	0	0	0	0	0	0	0	0	0	0	0	0
00.000,00.000	14.7	0	-200	0	4.5	181.989	130.247	36.2477	12.5816	2.91272	0	0	0	0	0	0	0	0	0	0	0	0	0	0	0	0
00.000,00.000	14.8	0	-200	0	4.5	182.262	130.411	36.3415	12.5965	2.91272	0	0	0	0	0	0	0	0	0	0	0	0	0	0	0	0
00.000,00.000	14.9	0	-200	0	4.5	186.339	132.839	37.7509	12.8364	2.91272	0	0	0	0	0	0	0	0	0	0	0	0	0	0	0	0
00.000,00.000	15	0	-200	0	4.5	190.195	135.114	39.0931	13.0747	2.91272	0	0	0	0	0	0	0	0	0	0	0	0	0	0	0	0
00.000,00.000	15.1	0	-200	0	4.5	192.933	136.714	40.0526	13.2542	2.91272	0	0	0	0	0	0	0	0	0	0	0	0	0	0	0	0
00.000,00.000	15.2	0	-200	0	4.5	195.258	138.169	40.7471	13.4285	2.91272	0	0	0	0	0	0	0	0	0	0	0	0	0	0	0	0
00.000,00.000	15.3	0	-200	0	4.5	197.517	139.592	41.402	13.6105	2.91289	0	0	0	0	0	0	0	0	0	0	0	0	0	0	0	0
00.000,00.000	15.4	0	-200	0	4.5	199.745	140.978	42.0609	13.7911	2.9151	0	0	0	0	0	0	0	0	0	0	0	0	0	0	0	0
00.000,00.000	15.5	0	-200	0	4.5	209.053	146.663	44.9852	14.4782	2.92714	0	0	0	0	0	0	0	0	0	0	0	0	0	0	0	0
00.000,00.000	15.6	0	-200	0	4.5	210.863	147.756	45.5932	14.5837	2.9302	0	0	0	0	0	0	0	0	0	0	0	0	0	0	0	0
00.000,00.000	15.7	0	-200	0	4.5	211.236	147.974	45.7125	14.6184	2.9314	0	0	0	0	0	0	0	0	0	0	0	0	0	0	0	0
00.000,00.000	15.8	0	-200	0	4.5	211.236	147.974	45.7126	14.6185	2.9314	0	0	0	0	0	0	0	0	0	0	0	0	0	0	0	0
00.000,00.000	15.9	0	-200	0	4.5	218.963	152.313	48.2734	15.4036	2.97297	0	0	0	0	0	0	0	0	0	0	0	0	0	0	0	0
00.000,00.000	16	0	-200	0	4.5	222.814	154.484	49.0291	16.3044	2.99719	0	0	0	0	0	0	0	0	0	0	0	0	0	0	0	0
00.000,00.000	16.1	0	-200	0	4.5	224.672	155.526	49.3716	16.7628	3.01193	0	0	0	0	0	0	0	0	0	0	0	0	0	0	0	0
00.000,00.000	16.2	0	-200	0	4.5	226.554	156.573	49.6983	17.2534	3.02948	0	0	0	0	0	0	0	0	0	0	0	0	0	0	0	0
00.000,00.000	16.3	0	-200	0	4.5	228.41	157.6	50.013	17.747	3.04928	0	0	0	0	0	0	0	0	0	0	0	0	0	0	0	0
00.000,00.000	16.4	0	-200	0	4.5	230.258	158.618	50.3172	18.2513	3.07129	0	0	0	0	0	0	0	0	0	0	0	0	0	0	0	0
00.000,00.000	16.5	0	-200	0	4.5	241.194	164.575	52.1179	21.2863	3.21555	0	0	0	0	0	0	0	0	0	0	0	0	0	0	0	0
00.000,00.000	16.6	0	-200	0	4.5	243.339	165.732	52.4383	21.9244	3.24513	0	0	0	0	0	0	0	0	0	0	0	0	0	0	0	0
00.000,00.000	16.7	0	-200	0	4.5	263.118	175.68	55.8836	27.9887	3.56517	0	0	0	0	0	0	0	0	0	0	0	0	0	0	0	0
00.000,00.000	16.8	0	-200	0	4.5	267.937	178.123	56.7146	29.455	3.64495	0	0	0	0	0	0	0	0	0	0	0	0	0	0	0	0
00.000,00.000	16.9	0	-200	0	4.5	277.355	182.647	58.4852	32.4052	3.8173	0	0	0	0	0	0	0	0	0	0	0	0	0	0	0	0
00.000,00.000	17	0	-200	0	4.5	281.092	184.827	59.1785	33.1908	3.8957	0	0	0	0	0	0	0	0	0	0	0	0	0	0	0	0
00.000,00.000	17.1	0	-200	0	4.5	282.634	185.716	59.4887	33.5007	3.92912	0	0	0	0	0	0	0	0	0	0	0	0	0	0	0	0
00.000,00.000	17.2	0	-200	0	4.5	284.174	186.601	59.8053	33.8038	3.96359	0	0	0	0	0	0	0	0	0	0	0	0	0	0	0	0
00.000,00.000	17.3	0	-200	0	4.5	285.737	187.492	60.1347	34.1111	3.99925	0	0	0	0	0	0	0	0	0	0	0	0	0	0	0	0
00.000,00.000	17.4	0	-200	0	4.5	287.336	188.396	60.4783	34.4249	4.03633	0	0	0	0	0	0	0	0	0	0	0	0	0	0	0	0
00.000,00.000	17.5	0	-200	0	4.5	298.144	194.419	62.875	36.5574	4.29298	0	0	0	0	0	0	0	0	0	0	0	0	0	0	0	0
00.000,00.000	17.6	0	-200	0	4.5	300.304	195.617	63.3571	36.9851	4.34478	0	0	0	0	0	0	0	0	0	0	0	0	0	0	0	0
00.000,00.000	17.7	0	-200	0	4.5	321.615	206.308	68.6595	41.7223	4.92538	0	0	0	0	0	0	0	0	0	0	0	0	0	0	0	0
00.000,00.000	17.8	0	-200	0	4.5	327.333	209.386	70.1459	42.7339	5.06711	0	0	0	0	0	0	0	0	0	0	0	0	0	0	0	0
00.000,00.000	17.9	0	-200	0	4.5	338.159	214.768	73.1444	44.888	5.3584	0	0	0	0	0	0	0	0	0	0	0	0	0	0	0	0
00.000,00.000	18	0	-200	0	4.5	342.903	217.087	74.6159	45.7206	5.47994	0	0	0	0	0	0	0	0	0	0	0	0	0	0	0	0
00.000,00.000	18.1	0	-200	0	4.5	344.798	218.117	75.1447	46.0122	5.52433	0	0	0	0	0	0	0	0	0	0	0	0	0	0	0	0
00.000,00.000	18.2	0	-200	0	4.5	346.745	219.141	75.7184	46.3133	5.57234	0	0	0	0	0	0	0	0	0	0	0	0	0	0	0	0
00.000,00.000	18.3	0	-200	0	4.5	348.71	220.171	76.2988	46.6193	5.62086	0	0	0	0	0	0	0	0	0	0	0	0	0	0	0	0
00.000,00.000	18.4	0	-200	0	4.5	350.729	221.232	76.8953	46.9302	5.6708	0	0	0	0	0	0	0	0	0	0	0	0	0	0	0	0
00.000,00.000	18.5	0	-200	0	4.5	369.31	228.938	84.5024	49.7552	6.1149	0	0	0	0	0	0	0	0	0	0	0	0	0	0	0	0
00.000,00.000	18.6	0	-200	0	4.5	372.757	230.254	86.0542	50.2758	6.1733	0	0	0	0	0	0	0	0	0	0	0	0	0	0	0	0
00.000,00.000	18.7	0	-200	0	4.5	399.96	238.761	99.1451	55.1139	6.93986	0	0	0	0	0	0	0	0	0	0	0	0	0	0	0	0
00.000,00.000	18.8	0	-200	0	4.5	406.406	241.21	101.771	56.243	7.18231	0	0	0	0	0	0	0	0	0	0	0	0	0	0	0	0
00.000,00.000	18.9	0	-200	0	4.5	415.934	244.471	105.552	58.3296	7.58115	0	0	0	0	0	0	0	0	0	0	0	0	0	0	0	0
00.000,00.000	19	0	-200	0	4.5	420.728	246.164	107.418	59.369	7.77629	0	0	0	0	0	0	0	0	0	0	0	0	0	0	0	0
00.000,00.000	19.1	0	-200	0	4.5	422.717	247.013	108.088	59.7675	7.8481	0	0	0	0	0	0	0	0	0	0	0	0	0	0	0	0
00.000,00.000	19.2	0	-200	0	4.5	424.731	247.888	108.745	60.178	7.91997	0	0	0	0	0	0	0	0	0	0	0	0	0	0	0	0
00.000,00.000	19.3	0	-200	0	4.5	426.743	248.724	109.412	60.6127	7.99349	0	0	0	0	0	0	0	0	0	0	0	0	0	0	0	0
00.000,00.000	19.4	0	-200	0	4.5	428.828	249.597	110.09	61.072	8.06905	0	0	0	0	0	0	0	0	0	0	0	0	0	0	0	0
00.000,00.000	19.5	0	-200	0	4.5	431.224	250.536	110.816	61.5827	8.15104	0	0	0.138308	0	0	0	0	0	0	0	0	0	0	0	0	0
00.000,00.000	19.6	0	-200	0	4.5	439.816	253.633	113.414	63.5038	8.45806	0	0	0.80747	0	0	0	0	0	0	0	0	0	0	0	0	0
00.000,00.000	19.7	0	-200	0	4.5	441.795	254.389	113.993	63.9252	8.52676	0	0	0.961163	0	0	0	0	0	0	0	0	0	0	0	0	0
00.000,00.000	19.8	0	-200	0	4.5	442.114	254.511	114.086	63.9943	8.53738	0	0	0.98494	0	0	0	0	0	0	0	0	0	0	0	0	0
00.000,00.000	19.9	0	-200	0	4.5	456.729	260.171	118.304	67.1299	9.06937	0	0	2.05449	0	0	0	0	0	0	0	0	0	0	0	0	0
00.000,00.000	20	0	-200	0	4.5	460.398	261.62	119.359	67.8923	9.21405	0	0	2.31191	0	0	0	0	0	0	0	0	0	0	0	0	0
00.000,00.000	20.1	0	-200	0	4.5	468.969	265.162	121.765	69.63	9.53568	0	0	2.87579	0	0	0	0	0	0	0	0	0	0	0	0	0
00.000,00.000	20.2	0	-200	0	4.5	473.765	267.206	123.046	70.6019	9.7213	0	0	3.1902	0	0	0	0	0	0	0	0	0	0	0	0	0
00.000,00.000	20.3	0	-200	0	4.5	476.72	268.489	123.848	71.1789	9.83152	0	0	3.37324	0	0	0	0	0	0	0	0	0	0	0	0	0
00.000,00.000	20.4	0	-200	0	4.5	487.349	273.166	126.74	73.2123	10.2238	0	0	4.00688	0	0	0	0	0	0	0	0	0	0	0	0	0
00.000,00.000	20.5	0	-200	0	4.5	489.678	274.195	127.367	73.6593	10.311	0	0	4.14535	0	0	0	0	0	0	0	0	0	0	0	0	0
00.000,00.000	20.6	0	-200	0	4.5	497.04	277.446	129.396	75.046	10.586	0	0	4.56567	0	0	0	0	0	0	0	0	0	0	0	0	0
00.000,00.000	20.7	0	-200	0	4.5	522.36	288.314	136.588	79.8652	11.5624	0	0	6.02979	0	0	0	0	0	0	0	0	0	0	0	0	0
00.000,00.000	20.8	0	-200	0	4.5	533.044	292.908	139.634	81.8876	11.9765	0	0	6.63719	0	0	0	0	0	0	0	0	0	0	0	0	0
00.000,00.000	20.9	0	-200	0	4.5	533.063	292.917	139.64	81.8913	11.9773	0	0	6.63828	0	0	0	0	0	0	0	0	0	0	0	0	0
00.000,00.000	21	0	-200	0	4.5	558.183	303.986	146.976	86.3728	12.9124	0	0	7.29649	0.638861	0	0	0	0	0	0	0	0	0	0	0	0
00.000,00.000	21.1	0	-200	0	4.5	568.757	308.541	150.225	88.1957	13.3153	0	0	7.29649	1.18407	0	0	0	0	0	0	0	0	0	0	0	0
00.000,00.000	21.2	0	-200	0	4.5	572.373	310.136	151.299	88.8262	13.4541	0	0	7.29649	1.36071	0	0	0	0	0	0	0	0	0	0	0	0
00.000,00.000	21.3	0	-200	0	4.5	576.177	311.809	152.447	89.4809	13.6015	0	0	7.29649	1.54194	0	0	0	0	0	0	0	0	0	0	0	0
00.000,00.000	21.4	0	-200	0	4.5	592.803	319.15	157.498	92.3049	14.2494	0	0	7.29649	2.3053	0	0	0	0	0	0	0	0	0	0	0	0
00.000,00.000	21.5	0	-200	0	4.5	596.274	320.684	158.56	92.878	14.3894	0	0	7.29649	2.46654	0	0	0	0	0	0	0	0	0	0	0	0
00.000,00.000	21.6	0	-200	0	4.5	628.025	334.114	168.648	98.27	15.7546	0	0	7.29649	3.94173	0	0	0	0	0	0	0	0	0	0	0	0
00.000,00.000	21.7	0	-200	0	4.5	653.671	345.169	176.751	102.461	16.9007	0	0	7.30221	5.08698	0	0	0	0	0	0	0	0	0	0	0	0
00.000,00.000	21.8	0	-200	0	4.5	655.636	345.99	177.395	102.774	16.9994	0	0	7.30383	5.17412	0	0	0	0	0	0	0	0	0	0	0	0
00.000,00.000	21.9	0	-200	0	4.5	665.25	350.153	180.487	104.297	17.4303	0	0	7.31911	5.56362	0	0	0	0	0	0	0	0	0	0	0	0
00.000,00.000	22	0	-200	0	4.5	669.943	352.178	182.012	105.071	17.5895	0	0	7.32927	5.76343	0	0	0	0	0	0	0	0	0	0	0	0
00.000,00.000	22.1	0	-200	0	4.5	681.318	357.406	185.389	106.903	18.05	0	0	7.36492	6.20466	0	0	0	0	0	0	0	0	0	0	0	0
00.000,00.000	22.2	0	-200	0	4.5	688.266	360.726	187.366	107.982	18.3297	0	0	7.39038	6.47124	0	0	0	0	0	0	0	0	0	0	0	0
00.000,00.000	22.3	0	-200	0	4.5	693.118	363.087	188.71	108.73	18.5314	0	0	7.41204	6.64766	0	0	0	0	0	0	0	0	0	0	0	0
00.000,00.000	22.4	0	-200	0	4.5	713.151	372.933	194.134	111.842	19.3752	0	0	7.51651	7.35054	0	0	0	0	0	0	0	0	0	0	0	0
00.000,00.000	22.5	0	-200	0	4.5	717.368	374.999	195.249	112.5	19.5794	0	0	7.54171	7.4999	0	0	0	0	0	0	0	0	0	0	0	0
00.000,00.000	22.6	0	-200	0	4.5	740.614	384.753	202.614	116.342	20.8118	0	0	7.73267	8.36087	0	0	0	0	0	0	0	0	0	0	0	0
00.000,00.000	22.7	0	-200	0	4.5	770.363	397.515	211.573	121.23	22.5799	0	0	8.0255	9.31339	0.126015	0	0	0	0	0	0	0	0	0	0	0
00.000,00.000	22.8	0	-200	0	4.5	774.368	399.102	212.769	121.954	22.883	0	0	8.07352	9.31339	0.272771	0	0	0	0	0	0	0	0	0	0	0
00.000,00.000	22.9	0	-200	0	4.5	798.905	409.494	220.04	126.056	24.4863	0	0	8.40104	9.31339	1.11292	0	0	0	0	0	0	0	0	0	0	0
00.000,00.000	23	0	-200	0	4.5	806.748	412.892	222.195	127.422	25.0418	0	0	8.50308	9.3134	1.38119	0	0	0	0	0	0	0	0	0	0	0
00.000,00.000	23.1	0	-200	0	4.5	817.966	418.035	225.364	129.117	25.7432	0	0	8.66766	9.31475	1.72441	0	0	0	0	0	0	0	0	0	0	0
00.000,00.000	23.2	0	-200	0	4.5	825.913	421.731	227.587	130.275	26.2549	0	0	8.78863	9.3158	1.96024	0	0	0	0	0	0	0	0	0	0	0
00.000,00.000	23.3	0	-200	0	4.5	832.128	424.719	229.29	131.142	26.638	0	0	8.88829	9.31695	2.13317	0	0	0	0	0	0	0	0	0	0	0
00.000,00.000	23.4	0	-200	0	4.5	846.967	432.006	233.316	133.136	27.5252	0	0	9.13728	9.32124	2.52647	0	0	0	0	0	0	0	0	0	0	0
00.000,00.000	23.5	0	-200	0	4.5	850.41	433.697	234.242	133.592	27.742	0	0	9.19679	9.32253	2.61777	0	0	0	0	0	0	0	0	0	0	0
00.000,00.000	23.6	0	-200	0	4.5	868.833	442.75	239.259	135.981	28.8788	0	0	9.53771	9.3329	3.09362	0	0	0	0	0	0	0	0	0	0	0
00.000,00.000	23.7	0	-200	0	4.5	874.104	445.391	240.663	136.634	29.22	0	0	9.63525	9.33638	3.22545	0	0	0	0	0	0	0	0	0	0	0
00.000,00.000	23.8	0	-200	0	4.5	885.015	450.933	243.57	137.928	29.8898	0	0.0191484	9.8448	9.34705	3.4834	0	0	0	0	0	0	0	0	0	0	0
00.000,00.000	23.9	0	-200	0	4.5	904.712	461.083	248.652	140.198	31.1504	0	0.084215	10.2317	9.36962	3.94289	0	0	0	0	0	0	0	0	0	0	0
00.000,00.000	24	0	-200	0	4.5	908.941	463.331	249.686	140.656	31.4386	0	0.0982949	10.3157	9.37542	4.04032	0	0	0	0	0	0	0	0	0	0	0
00.000,00.000	24.1	0	-200	0	4.5	922.111	470.36	252.975	142.05	32.2734	0	0.142162	10.5822	9.39854	4.32902	0	0	0	0	0	0	0	0	0	0	0
00.000,00.000	24.2	0	-200	0	4.5	932.024	475.718	255.37	143.084	32.9223	0	0.176199	10.7883	9.41854	4.54664	0	0	0	0	0	0	0	0	0	0	0
00.000,00.000	24.3	0	-200	0	4.5	940.018	480.067	257.279	143.898	33.4571	0	0.204057	10.9573	9.43797	4.71789	0	0	0	0	0	0	0	0	0	0	0
00.000,00.000	24.4	0	-200	0	4.5	954.318	487.931	260.676	145.306	34.3849	0	0.255141	11.2673	9.47759	5.02073	0	0	0	0	0	0	0	0	0	0	0
00.000,00.000	24.5	0	-200	0	4.5	957.748	489.847	261.45	145.633	34.6224	0	0.267867	11.3439	9.48825	5.09466	0	0	0	0	0	0	0	0	0	0	0
00.000,00.000	24.6	0	-200	0	4.5	968.423	495.69	263.988	146.652	35.3274	0	0.33222	11.5873	9.52753	5.31834	0	0	0	0	0	0	0	0	0	0	0
00.000,00.000	24.7	0	-200	0	4.5	983.081	503.77	267.385	148.03	36.301	0	0.452691	11.9306	9.58661	5.62439	0	0	0	0	0	0	0	0	0	0	0
00.000,00.000	24.8	0	-200	0	4.5	986.337	505.591	268.107	148.32	36.5319	0	0.480619	12.0099	9.6013	5.69409	0	0	0	0	0	0	0	0	0	0	0
00.000,00.000	24.9	0	-200	0	4.5	1015.34	521.691	274.891	150.849	38.4075	0	0.730501	12.7282	9.74865	6.29675	0	0	0	0	0	0	0	0	0	0	0
00.000,00.000	25	0	-200	0	4.5	1022.22	525.546	276.483	151.381	38.8844	0	0.79125	12.9032	9.78643	6.44107	0	0	0	0	0	0	0	0	0	0	0
00.000,00.000	25.1	0	-200	0	4.5	1040.62	535.809	280.856	152.83	40.0879	0	0.952918	13.3781	9.90056	6.80988	0	0	0	0	0	0	0	0	0	0	0
00.000,00.000	25.2	0	-200	0	4.5	1052.6	542.504	283.727	153.741	40.8321	0	1.06129	13.6973	9.98059	7.05255	0	0	0	0	0	0	0	0	0	0	0
00.000,00.000	25.3	0	-200	0	4.5	1061.04	547.221	285.764	154.375	41.3466	0	1.1389	13.9281	10.0419	7.22156	0	0	0	0	0	0	0	0	0	0	0
00.000,00.000	25.4	0	-200	0	4.5	1093.55	565.38	293.576	156.777	43.348	0	1.44536	14.8467	10.2999	7.87144	0	0	0	0	0	0	0	0	0	0	0
00.000,00.000	25.5	0	-200	0	4.5	1103.69	571.03	296.03	157.495	43.9871	0	1.54353	15.1404	10.3848	8.07728	0	0	0	0	0	0	0	0	0	0	0
00.000,00.000	25.6	0	-200	0	4.5	1142.71	592.137	305.919	160.374	46.3309	0	2.00246	16.3201	10.7554	8.86899	0	0	0	0	0	0	0	0	0	0	0
00.000,00.000	25.7	0	-200	0	4.5	1168.05	605.371	312.56	162.271	47.9002	0.0312026	2.3617	17.1293	11.0205	9.17977	0.225198	0	0	0	0	0	0	0	0	0	0
00.000,00.000	25.8	0	-200	0	4.5	1170.34	606.571	313.152	162.44	48.0401	0.0416665	2.39471	17.2049	11.0462	9.17725	0.276106	0	0	0	0	0	0	0	0	0	0
00.000,00.000	25.9	0	-200	0	4.5	1170.87	606.848	313.291	162.478	48.0707	0.0430973	2.40238	17.2228	11.0527	9.17729	0.286993	0	0	0	0	0	0	0	0	0	0
00.000,00.000	26	0	-200	0	4.5	1172.75	607.833	313.782	162.609	48.1765	0.0500704	2.43024	17.2889	11.0774	9.17635	0.32669	0	0	0	0	0	0	0	0	0	0
00.000,00.000	26.1	0	-200	0	4.5	1196.74	620.164	320.236	164.301	49.5149	0.143033	2.79622	18.1662	11.4131	9.17686	0.826323	0	0	0	0	0	0	0	0	0	0
00.000,00.000	26.2	0	-200	0	4.5	1208.95	625.901	323.809	165.183	50.245	0.260624	3.00173	18.6613	11.6076	9.17686	1.10304	0	0	0	0	0	0	0	0	0	0
00.000,00.000	26.3	0	-200	0	4.5	1216.42	629.463	325.988	165.705	50.6679	0.320165	3.12778	18.9692	11.7332	9.17686	1.26888	0	0	0	0	0	0	0	0	0	0
00.000,00.000	26.4	0	-200	0	4.5	1260.27	650.244	338.851	168.727	53.078	0.670659	3.94558	20.809	12.5228	9.17711	2.24508	0	0	0	0	0	0	0	0	0	0
00.000,00.000	26.5	0	-200	0	4.5	1275.12	657.216	343.22	169.735	53.9099	0.807176	4.24575	21.4211	12.803	9.17828	2.58341	0	0	0	0	0	0	0	0	0	0
00.000,00.000	26.6	0	-200	0	4.5	1310.52	673.701	353.782	172.204	55.7402	1.0725	5.0151	22.9158	13.5123	9.19861	3.37381	0	0	0	0	0	0	0	0	0	0
00.000,00.000	26.7	0	-200	0	4.5	1349.05	691.123	365.235	174.952	57.7629	1.48458	5.94085	24.7008	14.3441	9.22824	4.28153	0	0	0	0	0	0	0	0	0	0
00.000,00.000	26.8	0	-200	0	4.5	1355.64	694.217	367.123	175.401	58.0914	1.55444	6.10199	24.9935	14.4883	9.23545	4.43134	0	0	0	0	0	0	0	0	0	0
00.000,00.000	26.9	0	-200	0	4.5	1381.57	706.324	374.718	177.191	59.2889	1.79928	6.71267	26.1447	15.0875	9.28471	5.01658	0	0	0	0	0	0	0	0	0	0
00.000,00.000	27	0	-200	0	4.5	1389.61	710.124	377.095	177.712	59.6581	1.87852	6.91115	26.4531	15.2797	9.3021	5.19957	0	0	0	0	0	0	0	0	0	0
00.000,00.000	27.1	0	-200	0	4.5	1399.29	714.717	379.943	178.354	60.0537	1.96074	7.13088	26.8756	15.5144	9.33001	5.40975	0	0	0	0	0	0	0	0	0	0
00.000,00.000	27.2	0	-200	0	4.5	1407.84	718.761	382.482	178.916	60.3923	2.03222	7.32811	27.2471	15.7288	9.35854	5.59586	0	0	0	0	0	0	0	0	0	0
00.000,00.000	27.3	0	-200	0	4.5	1415.41	722.372	384.711	179.41	60.6745	2.09194	7.49943	27.5827	15.9236	9.38783	5.75877	0	0	0	0	0	0	0	0	0	0
00.000,00.000	27.4	0	-200	0	4.5	1488.26	757.073	406.457	184.097	63.2014	2.6321	9.11845	30.8316	17.838	9.71439	7.29486	0	0	0	0	0	0	0	0	0	0
00.000,00.000	27.5	0	-200	0	4.5	1515.72	769.687	414.936	185.927	64.1563	2.84035	9.75421	32.0964	18.5871	9.85495	7.88442	0	0	0	0	0	0	0	0	0	0
00.000,00.000	27.6	0	-200	0	4.5	1523.6	773.377	417.282	186.487	64.4035	2.89416	9.93106	32.4658	18.8046	9.90414	8.04826	0	0	0	0	0	0	0	0	0	0
00.000,00.000	27.7	0	-200	0	4.5	1525	774.018	417.709	186.592	64.4474	2.90387	9.96381	32.5323	18.8448	9.91362	8.07805	0	0	0	0	0	0	0	0	0	0
00.000,00.000	27.8	0	-200	0	4.5	1584.11	802.436	434.699	190.806	66.1044	3.26594	11.3025	35.2424	20.5797	10.3802	8.61697	0.68142	0	0	0	0	0	0	0	0	0
00.000,00.000	27.9	0	-200	0	4.5	1603.08	811.433	440.347	192.157	66.596	3.38342	11.7518	36.0169	21.1564	10.5405	8.61697	1.08259	0	0	0	0	0	0	0	0	0
00.000,00.000	28	0	-200	0	4.5	1604.1	811.94	440.63	192.228	66.6194	3.389	11.7766	36.0631	21.1877	10.5506	8.61697	1.10327	0	0	0	0	0	0	0	0	0
00.000,00.000	28.1	0	-200	0	4.5	1605.22	812.5	440.932	192.304	66.6433	3.39474	11.8039	36.1138	21.2227	10.5626	8.61697	1.12574	0	0	0	0	0	0	0	0	0
00.000,00.000	28.2	0	-200	0	4.5	1606.2	813.002	441.19	192.37	66.6638	3.39948	11.8283	36.1588	21.2543	10.5741	8.61697	1.14545	0	0	0	0	0	0	0	0	0
00.000,00.000	28.3	0	-200	0	4.5	1607.07	813.452	441.411	192.426	66.6806	3.40334	11.85	36.1987	21.2826	10.5851	8.61697	1.16266	0	0	0	0	0	0	0	0	0
00.000,00.000	28.4	0	-200	0	4.5	1607.2	813.522	441.446	192.435	66.6829	3.40393	11.8534	36.2045	21.2871	10.5868	8.61697	1.16535	0	0	0	0	0	0	0	0	0
00.000,00.000	28.5	0	-200	0	4.5	1656.59	839.863	453.348	195.564	67.4917	3.59233	13.1789	38.4526	23.0123	11.3178	8.61697	2.15166	0	0	0	0	0	0	0	0	0
00.000,00.000	28.6	0	-200	0	4.5	1722.59	873.629	469.297	200.333	68.6056	3.84699	15.2274	41.5225	25.5215	12.411	8.62115	3.57476	0	0	0	0	0	0	0	0	0
00.000,00.000	28.7	0	-200	0	4.5	1774.81	901.598	481.121	203.829	69.4171	4.02497	16.8514	43.8528	27.5142	13.3003	8.6425	4.66132	0	0	0	0	0	0	0	0	0
00.000,00.000	28.8	0	-200	0	4.5	1779.93	904.338	482.288	204.168	69.4837	4.04196	17.0216	44.0648	27.7186	13.3927	8.6456	4.77075	0	0	0	0	0	0	0	0	0
00.000,00.000	28.9	0	-200	0	4.5	1780.3	904.537	482.366	204.191	69.4886	4.04294	17.0333	44.081	27.7333	13.3996	8.64602	4.77825	0	0	0	0	0	0	0	0	0
00.000,00.000	29	0	-200	0	4.5	1830.78	932.547	492.99	207.216	70.1353	4.16137	18.6786	46.2887	29.8321	14.3939	8.72378	5.81824	0	0	0	0	0	0	0	0	0
00.000,00.000	29.1	0	-200	0	4.5	1851.83	943.965	497.507	208.498	70.3927	4.20928	19.4076	47.2248	30.7564	14.8345	8.76443	6.2684	0	0	0	0	0	0	0	0	0
00.000,00.000	29.2	0	-200	0	4.5	1859	947.848	499.042	208.92	70.4792	4.22237	19.6609	47.546	31.0829	14.9924	8.78499	6.41981	0	0	0	0	0	0	0	0	0
00.000,00.000	29.3	0	-200	0	4.5	1866.21	951.765	500.57	209.334	70.56	4.23318	19.9214	47.8693	31.4221	15.1581	8.81027	6.5717	0	0	0	0	0	0	0	0	0
00.000,00.000	29.4	0	-200	0	4.5	1868.04	952.752	500.957	209.436	70.5782	4.2355	19.9894	47.9508	31.5105	15.2016	8.81762	6.61031	0	0	0	0	0	0	0	0	0
00.000,00.000	29.5	0	-200	0	4.5	1868.7	953.115	501.092	209.472	70.5844	4.23604	20.0145	47.9798	31.5431	15.2178	8.82078	6.62394	0	0	0	0	0	0	0	0	0
00.000,00.000	29.6	0	-200	0	4.5	1878.02	958.219	502.983	209.954	70.662	4.24005	20.3873	48.3927	32.0268	15.4613	8.87405	6.81873	0	0	0	0	0	0	0	0	0
00.000,00.000	29.7	0	-200	0	4.5	1922.96	980.928	512.737	212.411	71.0938	4.2503	22.3824	50.608	34.6845	16.8073	9.18612	7.87009	0	0	0	0	0	0	0	0	0
00.000,00.000	29.8	0	-200	0	4.5	1965.87	1004.17	521.632	214.405	71.4705	4.25256	24.1102	52.4999	37.052	18.022	9.48606	8.63098	0.138782	0	0	0	0	0	0	0	0
00.000,00.000	29.9	0	-200	0	4.5	1969.94	1006.29	522.546	214.584	71.5102	4.25256	24.2794	52.6762	37.2817	18.1407	9.51684	8.56997	0.285055	0	0	0	0	0	0	0	0
00.000,00.000	30	0	-200	0	4.5	2020.39	1033.86	533.159	216.679	71.9728	4.25256	26.2428	54.7245	40.0141	19.6551	9.95989	8.6267	1.23817	0	0	0	0	0	0	0	0
00.000,00.000	30.1	0	-200	0	4.5	2041.59	1045.29	537.98	217.502	72.1631	4.25256	27.0959	55.395	41.1457	20.3118	10.1604	8.6267	1.66582	0	0	0	0	0	0	0	0
00.000,00.000	30.2	0	-200	0	4.5	2048.47	1049.09	539.458	217.761	72.2314	4.25256	27.3722	55.5978	41.5159	20.5299	10.2335	8.6267	1.79986	0	0	0	0	0	0	0	0
00.000,00.000	30.3	0	-200	0	4.5	2055.46	1052.99	540.938	218.009	72.2964	4.25256	27.6462	55.8017	41.8972	20.757	10.3136	8.6267	1.93381	0	0	0	0	0	0	0	0
00.000,00.000	30.4	0	-200	0	4.5	2067.02	1059.5	543.348	218.401	72.3957	4.25256	28.085	56.1291	42.5317	21.1399	10.4559	8.6267	2.15005	0	0	0	0	0	0	0	0
00.000,00.000	30.5	0	-200	0	4.5	2073.22	1062.99	544.656	218.614	72.4464	4.25256	28.3228	56.2898	42.8655	21.3507	10.5371	8.6267	2.2653	0	0	0	0	0	0	0	0
00.000,00.000	30.6	0	-200	0	4.5	2080.52	1067.18	546.127	218.848	72.5013	4.25256	28.5913	56.4789	43.267	21.6088	10.6421	8.6267	2.3999	0	0	0	0	0	0	0	0
00.000,00.000	30.7	0	-200	0	4.5	2115	1086.02	553.193	220.004	72.7683	4.25256	29.963	57.4692	45.3817	22.9928	11.2273	8.62739	3.09972	0	0	0	0	0	0	0	0
00.000,00.000	30.8	0	-200	0	4.5	2154.47	1109.11	560.598	221.179	73.0347	4.25256	31.3738	58.4542	47.6198	24.5031	11.883	8.63502	3.82761	0	0	0	0	0	0	0	0
00.000,00.000	30.9	0	-200	0	4.5	2158.44	1111.36	561.413	221.299	73.0664	4.25256	31.5011	58.5413	47.8528	24.6613	11.9526	8.63643	3.90183	0	0	0	0	0	0	0	0
00.000,00.000	31	0	-200	0	4.5	2179.61	1124.04	565.262	221.895	73.2089	4.25256	32.1572	59.0317	49.0297	25.4933	12.3311	8.65362	4.26434	0	0	0	0	0	0	0	0
00.000,00.000	31.1	0	-200	0	4.5	2205.48	1139.64	569.816	222.618	73.3754	4.25256	32.9543	59.6199	50.4808	26.5338	12.8089	8.68066	4.70358	0	0	0	0	0	0	0	0
00.000,00.000	31.2	0	-200	0	4.5	2216.23	1146.14	571.7	222.905	73.4404	4.25256	33.2767	59.8625	51.0881	26.9771	13.0144	8.69608	4.88376	0	0	0	0	0	0	0	0
00.000,00.000	31.3	0	-200	0	4.5	2223.38	1150.52	572.915	223.077	73.4798	4.25256	33.4805	60.0226	51.4891	27.2788	13.1559	8.70989	5.00061	0	0	0	0	0	0	0	0
00.000,00.000	31.4	0	-200	0	4.5	2230.57	1154.97	574.1	223.241	73.5165	4.25256	33.6785	60.181	51.8922	27.5896	13.3029	8.72673	5.11627	0	0	0	0	0	0	0	0
00.000,00.000	31.5	0	-200	0	4.5	2237.76	1159.48	575.246	223.398	73.5505	4.25256	33.8696	60.3364	52.2952	27.908	13.4547	8.74682	5.23025	0	0	0	0	0	0	0	0
00.000,00.000	31.6	0	-200	0	4.5	2244.82	1163.88	576.344	223.546	73.5823	4.25256	34.0552	60.4923	52.6988	28.2361	13.6122	8.77069	5.3437	0	0	0	0	0	0	0	0
00.000,00.000	31.7	0	-200	0	4.5	2252.05	1168.42	577.526	223.685	73.6136	4.25256	34.2308	60.6417	53.0953	28.5665	13.7723	8.79742	5.45329	0	0	0	0	0	0	0	0
00.000,00.000	31.8	0	-200	0	4.5	2259.49	1173.01	578.83	223.819	73.6456	4.25256	34.403	60.7888	53.4989	28.9106	13.9405	8.82782	5.56327	0	0	0	0	0	0	0	0
00.000,00.000	31.9	0	-200	0	4.5	2281.89	1186.92	582.66	224.192	73.7357	4.25256	34.9051	61.2182	54.7255	29.9829	14.4697	8.93115	5.89273	0	0	0	0	0	0	0	0
00.000,00.000	32	0	-200	0	4.5	2286.88	1190	583.532	224.281	73.755	4.25256	35.0158	61.3123	54.9941	30.2238	14.5892	8.95535	5.96513	0	0	0	0	0	0	0	0
00.000,00.000	32.1	0	-200	0	4.5	2302.06	1199.56	586.056	224.503	73.8071	4.25256	35.3279	61.5717	55.8133	30.9807	14.9702	9.04029	6.17977	0	0	0	0	0	0	0	0
00.000,00.000	32.2	0	-200	0	4.5	2312.21	1205.87	587.806	224.652	73.8403	4.25256	35.5336	61.7401	56.3624	31.5007	15.2339	9.1012	6.32323	0	0	0	0	0	0	0	0
00.000,00.000	32.3	0	-200	0	4.5	2319.65	1210.59	589.029	224.75	73.8617	4.25256	35.673	61.8546	56.7548	31.8828	15.4299	9.14865	6.42429	0	0	0	0	0	0	0	0
00.000,00.000	32.4	0	-200	0	4.5	2329.59	1216.91	590.662	224.873	73.8875	4.25256	35.8507	61.9997	57.2753	32.4048	15.7003	9.21667	6.55724	0	0	0	0	0	0	0	0
00.000,00.000	32.5	0	-200	0	4.5	2337.81	1222.15	592.005	224.97	73.9071	4.25256	35.9924	62.1147	57.6971	32.8478	15.9317	9.27667	6.66642	0	0	0	0	0	0	0	0
00.000,00.000	32.6	0	-200	0	4.5	2345.17	1226.9	593.161	225.051	73.9228	4.25256	36.1132	62.2119	58.0586	33.2559	16.1466	9.33447	6.76362	0	0	0	0	0	0	0	0
00.000,00.000	32.7	0	-200	0	4.5	2352.47	1231.66	594.277	225.125	73.9366	4.25256	36.2263	62.3023	58.4095	33.6671	16.3652	9.39482	6.8579	0	0	0	0	0	0	0	0
00.000,00.000	32.8	0	-200	0	4.5	2425.82	1279.8	604.86	225.835	74.0616	4.25256	37.3301	63.1018	61.992	38.0103	18.6902	10.0575	7.82314	0	0	0	0	0	0	0	0
00.000,00.000	32.9	0	-200	0	4.5	2440.69	1289.62	606.735	226.383	74.0854	4.25256	37.5475	63.2001	62.6074	38.8847	19.1615	10.1943	8.01312	0	0	0	0	0	0	0	0
00.000,00.000	33	0	-200	0	4.5	2458.35	1301.51	608.719	227.07	74.1069	4.25256	37.7709	63.3341	63.346	39.9174	19.7275	10.3688	8.22365	0	0	0	0	0	0	0	0
00.000,00.000	33.1	0	-200	0	4.5	2482.84	1318.03	611.414	228.053	74.1331	4.25256	38.0674	63.5066	64.3499	41.3693	20.5292	10.6203	8.51167	0	0	0	0	0	0	0	0
00.000,00.000	33.2	0	-200	0	4.5	2493.97	1325.57	612.626	228.493	74.143	4.25256	38.1938	63.5785	64.7947	42.0353	20.9004	10.7395	8.63959	0	0	0	0	0	0	0	0
00.000,00.000	33.3	0	-200	0	4.5	2501.65	1330.83	613.433	228.788	74.1481	4.25256	38.273	63.6269	65.0951	42.4982	21.1614	10.8258	8.72493	0	0	0	0	0	0	0	0
00.000,00.000	33.4	0	-200	0	4.5	2516.52	1341.08	614.924	229.375	74.1548	4.25256	38.4128	63.7125	65.6549	43.4002	21.6754	10.9998	8.88497	0	0	0	0	0	0	0	0
00.000,00.000	33.5	0	-200	0	4.5	2526.58	1348	615.94	229.768	74.1582	4.25256	38.5024	63.7646	66.0243	44.0223	22.0334	11.1229	8.99248	0	0	0	0	0	0	0	0
00.000,00.000	33.6	0	-200	0	4.5	2551.13	1365.06	618.32	230.634	74.1637	4.25256	38.7035	63.8852	66.9194	45.5474	22.9538	11.4404	9.16284	0.0894518	0	0	0	0	0	0	0
00.000,00.000	33.7	0	-200	0	4.5	2556.98	1369.27	618.933	230.599	74.1648	4.25256	38.7523	63.9111	67.135	45.9036	23.225	11.5236	9.12338	0.19397	0	0	0	0	0	0	0
00.000,00.000	33.8	0	-200	0	4.5	2585.38	1389.75	621.704	230.847	74.1665	4.25256	38.9476	64.0347	68.1109	47.6123	24.4179	11.929	9.16015	0.445077	0	0	0	0	0	0	0
00.000,00.000	33.9	0	-200	0	4.5	2590.91	1393.67	622.317	230.884	74.1666	4.25256	38.985	64.0539	68.2946	47.9353	24.6763	12.0115	9.16015	0.501864	0	0	0	0	0	0	0
00.000,00.000	34	0	-200	0	4.5	2623.79	1417.4	625.772	231.081	74.1666	4.25256	39.1719	64.1748	69.3198	49.8486	26.1126	12.5122	9.16015	0.813349	0	0	0	0	0	0	0
00.000,00.000	34.1	0	-200	0	4.5	2640	1428.99	627.595	231.183	74.1666	4.25256	39.2613	64.2273	69.8159	50.7533	26.857	12.7698	9.16015	0.967526	0	0	0	0	0	0	0
00.000,00.000	34.2	0	-200	0	4.5	2648.35	1435.18	628.478	231.228	74.1666	4.25256	39.2977	64.2526	70.0352	51.1639	27.1994	12.8942	9.16015	1.03599	0	0	0	0	0	0	0
00.000,00.000	34.3	0	-200	0	4.5	2657.64	1442.06	629.488	231.305	74.1666	4.25256	39.3333	64.2785	70.2629	51.6084	27.5773	13.0344	9.16015	1.10841	0	0	0	0	0	0	0
00.000,00.000	34.4	0	-200	0	4.5	2667.01	1448.99	630.537	231.41	74.1666	4.25256	39.3646	64.3023	70.4769	52.0405	27.9544	13.177	9.16015	1.17765	0	0	0	0	0	0	0
00.000,00.000	34.5	0	-200	0	4.5	2676.55	1456.1	631.59	231.514	74.1666	4.25256	39.3919	64.3249	70.6807	52.4657	28.3368	13.3244	9.16015	1.24489	0	0	0	0	0	0	0
00.000,00.000	34.6	0	-200	0	4.5	2691.1	1467.04	633.146	231.665	74.1666	4.25256	39.428	64.3563	70.973	53.0965	28.9212	13.5539	9.16015	1.34408	0	0	0	0	0	0	0
00.000,00.000	34.7	0	-200	0	4.5	2716.47	1486.2	635.851	231.919	74.1666	4.25256	39.4825	64.4076	71.4501	54.1575	29.9419	13.9638	9.16015	1.50979	0	0	0	0	0	0	0
00.000,00.000	34.8	0	-200	0	4.5	2721.1	1489.67	636.375	231.966	74.1666	4.25256	39.4919	64.4152	71.5353	54.3397	30.138	14.0417	9.16015	1.54021	0	0	0	0	0	0	0
00.000,00.000	34.9	0	-200	0	4.5	2721.93	1490.31	636.465	231.973	74.1666	4.25256	39.4933	64.4166	71.549	54.3719	30.1718	14.0558	9.16015	1.54522	0	0	0	0	0	0	0
00.000,00.000	35	0	-200	0	4.5	2742.25	1505.82	638.684	232.147	74.1666	4.25256	39.5215	64.4488	71.8619	55.1254	30.9973	14.4076	9.16015	1.66243	0	0	0	0	0	0	0
00.000,00.000	35.1	0	-200	0	4.5	2756.2	1516.4	640.276	232.263	74.1666	4.25256	39.5393	64.4681	72.069	55.6293	31.5759	14.657	9.16015	1.7419	0	0	0	0	0	0	0
00.000,00.000	35.2	0	-200	0	4.5	2766.31	1524.04	641.402	232.342	74.1666	4.25256	39.552	64.4825	72.2197	56.0065	32.0321	14.8583	9.16015	1.80171	0	0	0	0	0	0	0
00.000,00.000	35.3	0	-200	0	4.5	2775.62	1531.06	642.444	232.41	74.1666	4.25256	39.5629	64.4949	72.3518	56.3566	32.4529	15.0519	9.16015	1.85592	0	0	0	0	0	0	0
00.000,00.000	35.4	0	-200	0	4.5	2785.02	1538.17	643.5	232.474	74.1666	4.25256	39.5732	64.5061	72.477	56.7028	32.8791	15.2535	9.16015	1.90909	0	0	0	0	0	0	0
00.000,00.000	35.5	0	-200	0	4.5	2794.51	1545.35	644.56	232.54	74.1666	4.25256	39.5825	64.5163	72.5959	57.0424	33.3153	15.4636	9.1602	1.96134	0	0	0	0	0	0	0
00.000,00.000	35.6	0	-200	0	4.5	2813.57	1559.82	646.64	232.666	74.1666	4.25256	39.5987	64.5345	72.8223	57.7114	34.2241	15.9076	9.16162	2.06575	0	0	0	0	0	0	0
00.000,00.000	35.7	0	-200	0	4.5	2826.73	1569.78	648.092	232.754	74.1666	4.25256	39.6082	64.5457	72.9717	58.1695	34.8622	16.2274	9.16304	2.13708	0	0	0	0	0	0	0
00.000,00.000	35.8	0	-200	0	4.5	2828.43	1571.07	648.283	232.765	74.1666	4.25256	39.6093	64.5468	72.9901	58.2304	34.9428	16.27	9.16329	2.14615	0	0	0	0	0	0	0
00.000,00.000	35.9	0	-200	0	4.5	2829.17	1571.63	648.363	232.77	74.1666	4.25256	39.6096	64.5473	72.9972	58.2543	34.9788	16.2891	9.16344	2.14991	0	0	0	0	0	0	0
00.000,00.000	36	0	-200	0	4.5	2843.63	1582.66	649.927	232.866	74.1666	4.25256	39.6143	64.5553	73.1249	58.6994	35.6926	16.6765	9.16728	2.22119	0	0	0	0	0	0	0
00.000,00.000	36.1	0	-200	0	4.5	2854.88	1591.25	651.147	232.944	74.1666	4.25256	39.6174	64.5601	73.2181	59.0422	36.2437	16.9856	9.17071	2.27547	0	0	0	0	0	0	0
00.000,00.000	36.2	0	-200	0	4.5	2863.83	1598.1	652.112	233.011	74.1666	4.25256	39.6195	64.5635	73.2853	59.2998	36.6846	17.2393	9.17392	2.31716	0	0	0	0	0	0	0
00.000,00.000	36.3	0	-200	0	4.5	2872.81	1605	653.072	233.083	74.1666	4.25256	39.6214	64.5662	73.3461	59.5464	37.1248	17.5003	9.17783	2.35751	0	0	0	0	0	0	0
00.000,00.000	36.4	0	-200	0	4.5	2881.79	1611.91	654.011	233.159	74.1666	4.25256	39.623	64.5684	73.4008	59.7836	37.5615	17.768	9.1831	2.39643	0	0	0	0	0	0	0
00.000,00.000	36.5	0	-200	0	4.5	2890.57	1618.65	654.946	233.242	74.1666	4.25256	39.6244	64.5699	73.4501	60.0101	37.9949	18.0422	9.18945	2.43387	0	0	0	0	0	0	0
00.000,00.000	36.6	0	-200	0	4.5	2910.59	1634.03	657.043	233.447	74.1666	4.25256	39.6269	64.5721	73.5522	60.5003	38.992	18.6884	9.20637	2.51706	0	0	0	0	0	0	0
00.000,00.000	36.7	0	-200	0	4.5	2929.1	1648.23	658.987	233.652	74.1666	4.25256	39.6288	64.573	73.6402	60.9397	39.916	19.3065	9.22399	2.59189	0	0	0	0	0	0	0
00.000,00.000	36.8	0	-200	0	4.5	2931.39	1649.98	659.222	233.679	74.1666	4.25256	39.629	64.573	73.6509	60.9955	40.0313	19.3864	9.22638	2.60116	0	0	0	0	0	0	0
00.000,00.000	36.9	0	-200	0	4.5	2933.01	1651.23	659.382	233.7	74.1666	4.25256	39.6291	64.5729	73.6573	61.0305	40.1102	19.4446	9.22837	2.60714	0	0	0	0	0	0	0
00.000,00.000	37	0	-200	0	4.5	2948.81	1663.46	660.982	233.91	74.1666	4.25256	39.6293	64.5732	73.7142	61.3442	40.8609	20.0111	9.24889	2.66234	0	0	0	0	0	0	0
00.000,00.000	37.1	0	-200	0	4.5	2959.78	1671.95	662.091	234.063	74.1666	4.25256	39.6293	64.5732	73.7509	61.5542	41.373	20.4138	9.26473	2.69939	0	0	0	0	0	0	0
00.000,00.000	37.2	0	-200	0	4.5	2968.35	1678.62	662.955	234.187	74.1666	4.25256	39.6293	64.5733	73.7763	61.7005	41.7524	20.7283	9.27829	2.72604	0	0	0	0	0	0	0
00.000,00.000	37.3	0	-200	0	4.5	2977.1	1685.44	663.848	234.321	74.1666	4.25256	39.6293	64.5733	73.8005	61.8366	42.1311	21.0576	9.29344	2.75186	0	0	0	0	0	0	0
00.000,00.000	37.4	0	-200	0	4.5	2985.87	1692.29	664.735	234.462	74.1666	4.25256	39.6293	64.5734	73.8228	61.9766	42.4807	21.3926	9.30962	2.77613	0	0	0	0	0	0	0
00.000,00.000	37.5	0	-200	0	4.5	2994.59	1699.12	665.617	234.61	74.1666	4.25256	39.6293	64.5734	73.8436	62.1106	42.8111	21.7333	9.32678	2.79884	0	0	0	0	0	0	0
00.000,00.000	37.6	0	-200	0	4.5	3009.99	1711.15	667.19	234.886	74.1666	4.25256	39.6293	64.5734	73.8785	62.3211	43.3912	22.3571	9.35946	2.83707	0	0	0	0	0	0	0
00.000,00.000	37.7	0	-200	0	4.5	3020.48	1719.3	668.283	235.088	74.1666	4.25256	39.6293	64.5734	73.9014	62.457	43.7824	22.8007	9.38347	2.86215	0	0	0	0	0	0	0
00.000,00.000	37.8	0	-200	0	4.5	3022.36	1720.76	668.478	235.126	74.1666	4.25256	39.6293	64.5734	73.9053	62.4796	43.8513	22.8823	9.38803	2.86642	0	0	0	0	0	0	0
00.000,00.000	37.9	0	-200	0	4.5	3024.17	1722.17	668.666	235.164	74.1666	4.25256	39.6293	64.5734	73.9086	62.4978	43.9138	22.9613	9.39269	2.87003	0	0	0	0	0	0	0
00.000,00.000	38	0	-200	0	4.5	3036.07	1731.49	669.893	235.427	74.1666	4.25256	39.6293	64.5734	73.9286	62.6018	44.3102	23.4817	9.42448	2.89168	0	0	0	0	0	0	0
00.000,00.000	38.1	0	-200	0	4.5	3045.62	1738.93	670.894	235.651	74.1666	4.25256	39.6293	64.5734	73.944	62.6804	44.6254	23.9146	9.45165	2.90815	0	0	0	0	0	0	0
00.000,00.000	38.2	0	-200	0	4.5	3053.47	1745	671.733	235.851	74.1666	4.25256	39.6293	64.5734	73.9562	62.7385	44.8879	24.2934	9.47626	2.92089	0	0	0	0	0	0	0
00.000,00.000	38.3	0	-200	0	4.5	3060.76	1750.59	672.528	236.049	74.1666	4.25256	39.6293	64.5734	73.967	62.7866	45.1306	24.662	9.50154	2.9318	0	0	0	0	0	0	0
00.000,00.000	38.4	0	-200	0	4.5	3067.96	1756.12	673.3	236.252	74.1666	4.25256	39.6293	64.5734	73.9766	62.8268	45.3621	25.0323	9.52826	2.94128	0	0	0	0	0	0	0
00.000,00.000	38.5	0	-200	0	4.5	3074.66	1761.17	674.062	236.46	74.1666	4.25256	39.6293	64.5734	73.9852	62.8612	45.5835	25.4057	9.55651	2.94938	0	0	0	0	0	0	0
00.000,00.000	38.6	0	-200	0	4.5	3087.29	1770.69	675.492	236.872	74.1666	4.25256	39.6293	64.5734	73.9999	62.9201	45.9874	26.1287	9.61409	2.9621	0	0	0	0	0	0	0
00.000,00.000	38.7	0	-200	0	4.5	3099	1779.49	676.818	237.273	74.1666	4.25256	39.6293	64.5734	74.0124	62.9697	46.3529	26.8196	9.67165	2.97177	0	0	0	0	0	0	0
00.000,00.000	38.8	0	-200	0	4.5	3100.57	1780.67	676.99	237.33	74.1666	4.25256	39.6293	64.5734	74.0139	62.977	46.4003	26.9151	9.67984	2.97287	0	0	0	0	0	0	0
00.000,00.000	38.9	0	-200	0	4.5	3103.29	1782.7	677.3	237.434	74.1666	4.25256	39.6293	64.5734	74.0161	62.9861	46.4769	27.0826	9.69535	2.97374	0	0	0	0	0	0	0
00.000,00.000	39	0	-200	0	4.5	3112.9	1789.77	678.484	237.824	74.1666	4.25256	39.6293	64.5734	74.0228	63.0159	46.7423	27.6929	9.75419	2.9748	0	0	0	0	0	0	0
00.000,00.000	39.1	0	-200	0	4.5	3119.66	1794.67	679.355	238.117	74.1666	4.25256	39.6293	64.5734	74.027	63.0363	46.9254	28.1382	9.79887	2.9748	0	0	0	0	0	0	0
00.000,00.000	39.2	0	-200	0	4.5	3125.16	1798.63	680.078	238.366	74.1666	4.25256	39.6293	64.5734	74.0298	63.051	47.0647	28.5024	9.83726	2.9748	0	0	0	0	0	0	0
00.000,00.000	39.3	0	-200	0	4.5	3130.56	1802.5	680.809	238.622	74.1666	4.25256	39.6293	64.5734	74.0322	63.0635	47.1936	28.8639	9.87705	2.9748	0	0	0	0	0	0	0
00.000,00.000	39.4	0	-200	0	4.5	3135.86	1806.27	681.551	238.885	74.1666	4.25256	39.6293	64.5734	74.034	63.0741	47.3117	29.2227	9.91821	2.9748	0	0	0	0	0	0	0
00.000,00.000	39.5	0	-200	0	4.5	3141.09	1809.98	682.285	239.155	74.1666	4.25256	39.6293	64.5734	74.0354	63.0826	47.4191	29.5787	9.96078	2.9748	0	0	0	0	0	0	0
00.000,00.000	39.6	0	-200	0	4.5	3151.38	1817.25	683.733	239.712	74.1666	4.25256	39.6293	64.5734	74.0377	63.0969	47.6137	30.2901	10.0494	2.9748	0	0	0	0	0	0	0
00.000,00.000	39.7	0	-200	0	4.5	3156.73	1821	684.524	240.008	74.1666	4.25256	39.6293	64.5734	74.0386	63.104	47.7068	30.6591	10.0969	2.9748	0	0	0	0	0	0	0
00.000,00.000	39.8	0	-200	0	4.5	3158.26	1822.07	684.745	240.096	74.1666	4.25256	39.6293	64.5734	74.0389	63.1059	47.7307	30.7651	10.1112	2.9748	0	0	0	0	0	0	0
00.000,00.000	39.9	0	-200	0	4.5	3158.6	1822.31	684.795	240.116	74.1666	4.25256	39.6293	64.5734	74.0389	63.1064	47.7354	30.7885	10.1145	2.9748	0	0	0	0	0	0	0
00.000,00.000	40	0	-200	0	4.5	3166.26	1827.56	686.015	240.602	74.1666	4.25256	39.6293	64.5734	74.0391	63.1155	47.829	31.3171	10.1931	2.9748	0	0	0	0	0	0	0
00.000,00.000	40.1	0	-200	0	4.5	3172.2	1831.55	687.017	240.996	74.1666	4.25256	39.6293	64.5734	74.0392	63.1225	47.896	31.7305	10.2569	2.9748	0	0	0	0	0	0	0
00.000,00.000	40.2	0	-200	0	4.5	3176.87	1834.72	687.76	241.319	74.1666	4.25256	39.6293	64.5734	74.0392	63.1279	47.9427	32.0546	10.3097	2.9748	0	0	0	0	0	0	0
00.000,00.000	40.3	0	-200	0	4.5	3181.38	1837.8	688.438	241.651	74.1666	4.25256	39.6293	64.5734	74.0392	63.1329	47.9833	32.3715	10.3639	2.9748	0	0	0	0	0	0	0
00.000,00.000	40.4	0	-200	0	4.5	3185.8	1840.81	689.112	241.99	74.1666	4.25256	39.6293	64.5734	74.0392	63.1376	48.0179	32.6819	10.4197	2.9748	0	0	0	0	0	0	0
00.000,00.000	40.5	0	-200	0	4.5	3190.16	1843.72	689.786	242.363	74.1666	4.25256	39.6293	64.5734	74.0392	63.1421	48.0463	32.9859	10.477	2.9748	0	0	0	0	0	0	0
00.000,00.000	40.6	0	-200	0	4.5	3198.57	1849.33	691.118	243.071	74.1666	4.25256	39.6293	64.5734	74.0392	63.1505	48.0907	33.5831	10.5955	2.9748	0	0	0	0	0	0	0
00.000,00.000	40.7	0	-200	0	4.5	3203.05	1852.27	691.853	243.462	74.1666	4.25256	39.6293	64.5734	74.0392	63.1548	48.1096	33.9025	10.6615	2.9748	0	0	0	0	0	0	0
00.000,00.000	40.8	0	-200	0	4.5	3203.9	1852.83	691.993	243.541	74.1666	4.25256	39.6293	64.5734	74.0392	63.1556	48.1121	33.9633	10.6748	2.9748	0	0	0	0	0	0	0
00.000,00.000	40.9	0	-200	0	4.5	3204.22	1853.03	692.045	243.571	74.1666	4.25256	39.6293	64.5734	74.0392	63.1558	48.1128	33.9856	10.68	2.9748	0	0	0	0	0	0	0
00.000,00.000	41	0	-200	0	4.5	3210.23	1856.9	693.039	244.184	74.1666	4.25256	39.6293	64.5734	74.0392	63.1606	48.1194	34.4066	10.784	2.9748	0	0	0	0	0	0	0
00.000,00.000	41.1	0	-200	0	4.5	3214.87	1859.85	693.795	244.701	74.1666	4.25256	39.6293	64.5734	74.0392	63.1641	48.1229	34.729	10.8672	2.9748	0	0	0	0	0	0	0
00.000,00.000	41.2	0	-200	0	4.5	3218.48	1862.12	694.388	245.124	74.1666	4.25256	39.6293	64.5734	74.0392	63.1666	48.1248	34.9768	10.9356	2.9748	0	0	0	0	0	0	0
00.000,00.000	41.3	0	-200	0	4.5	3221.99	1864.31	694.973	245.55	74.1666	4.25256	39.6293	64.5734	74.0392	63.1688	48.126	35.2149	11.0057	2.9748	0	0	0	0	0	0	0
00.000,00.000	41.4	0	-200	0	4.5	3225.4	1866.41	695.537	245.993	74.1666	4.25256	39.6293	64.5734	74.0392	63.1708	48.1265	35.4434	11.0776	2.9748	0	0	0	0	0	0	0
00.000,00.000	41.5	0	-200	0	4.5	3228.7	1868.42	696.088	246.442	74.1666	4.25256	39.6293	64.5734	74.0392	63.1724	48.1265	35.6621	11.1513	2.9748	0	0	0	0	0	0	0
00.000,00.000	41.6	0	-200	0	4.5	3234.85	1872.09	697.127	247.324	74.1666	4.25256	39.6293	64.5734	74.0392	63.175	48.1265	36.0702	11.299	2.9748	0	0	0	0	0	0	0
00.000,00.000	41.7	0	-200	0	4.5	3239.7	1874.95	697.928	248.077	74.1666	4.25256	39.6293	64.5734	74.0392	63.1768	48.1265	36.3867	11.4215	2.9748	0	0	0	0	0	0	0
00.000,00.000	41.8	0	-200	0	4.5	3240.41	1875.35	698.038	248.202	74.1666	4.25256	39.6293	64.5734	74.0392	63.177	48.1265	36.4322	11.4401	2.9748	0	0	0	0	0	0	0
00.000,00.000	41.9	0	-200	0	4.5	3243.42	1877.07	698.522	248.735	74.1666	4.25256	39.6293	64.5734	74.0392	63.1775	48.1265	36.6193	11.5254	2.9748	0	0	0	0	0	0	0
00.000,00.000	42	0	-200	0	4.5	3248.05	1879.48	699.201	249.538	74.1666	4.60872	39.6293	64.5734	74.0392	63.1778	48.1265	36.8817	11.6525	2.9748	0	0	0	0	0	0	0