
label	time(d)	x	depth	z	radius	total	0-10	10-20	20-30	30-40	40-50	50-60	60-70	70-80	80-90	90-100	100-110	110-120	120-130	130-140	140-150	150-160	160-170	170-180	180-190	190-200
00.000,00.000	0	0	-200	0	4.5	0	0	0	0	0	0	0	0	0	0	0	0	0	0	0	0	0	0	0	0	0
00.000,00.000	0.1	0	-200	0	4.5	0.37949	0.37949	0	0	0	0	0	0	0	0	0	0	0	0	0	0	0	0	0	0	0
00.000,00.000	0.2	0	-200	0	4.5	0.761529	0.761529	0	0	0	0	0	0	0	0	0	0	0	0	0	0	0	0	0	0	0
00.000,00.000	0.3	0	-200	0	4.5	1.14632	1.14632	0	0	0	0	0	0	0	0	0	0	0	0	0	0	0	0	0	0	0
00.000,00.000	0.4	0	-200	0	4.5	1.53371	1.53371	0	0	0	0	0	0	0	0	0	0	0	0	0	0	0	0	0	0	0
00.000,00.000	0.5	0	-200	0	4.5	1.92307	1.92307	0	0	0	0	0	0	0	0	0	0	0	0	0	0	0	0	0	0	0
00.000,00.000	0.6	0	-200	0	4.5	2.31445	2.31445	0	0	0	0	0	0	0	0	0	0	0	0	0	0	0	0	0	0	0
00.000,00.000	0.7	0	-200	0	4.5	2.70815	2.70815	0	0	0	0	0	0	0	0	0	0	0	0	0	0	0	0	0	0	0
00.000,00.000	0.8	0	-200	0	4.5	3.10381	3.10381	0	0	0	0	0	0	0	0	0	0	0	0	0	0	0	0	0	0	0
00.000,00.000	0.9	0	-200	0	4.5	3.50171	3.50171	0	0	0	0	0	0	0	0	0	0	0	0	0	0	0	0	0	0	0
00.000,00.000	1	0	-200	0	4.5	3.90283	3.90283	0	0	0	0	0	0	0	0	0	0	0	0	0	0	0	0	0	0	0
00.000,00.000	1.1	0	-200	0	4.5	4.31434	4.31434	0	0	0	0	0	0	0	0	0	0	0	0	0	0	0	0	0	0	0
00.000,00.000	1.2	0	-200	0	4.5	4.73708	4.73708	0	0	0	0	0	0	0	0	0	0	0	0	0	0	0	0	0	0	0
00.000,00.000	1.3	0	-200	0	4.5	5.17098	5.17098	0	0	0	0	0	0	0	0	0	0	0	0	0	0	0	0	0	0	0
00.000,00.000	1.4	0	-200	0	4.5	5.61583	5.61583	0	0	0	0	0	0	0	0	0	0	0	0	0	0	0	0	0	0	0
00.000,00.000	1.5	0	-200	0	4.5	6.06993	6.06993	0	0	0	0	0	0	0	0	0	0	0	0	0	0	0	0	0	0	0
00.000,00.000	1.6	0	-200	0	4.5	6.53157	6.53157	0	0	0	0	0	0	0	0	0	0	0	0	0	0	0	0	0	0	0
00.000,00.000	1.7	0	-200	0	4.5	7.00424	7.00424	0	0	0	0	0	0	0	0	0	0	0	0	0	0	0	0	0	0	0
00.000,00.000	1.8	0	-200	0	4.5	7.49113	7.37119	0.119937	0	0	0	0	0	0	0	0	0	0	0	0	0	0	0	0	0	0
00.000,00.000	1.9	0	-200	0	4.5	7.99117	7.59823	0.392943	0	0	0	0	0	0	0	0	0	0	0	0	0	0	0	0	0	0
00.000,00.000	2	0	-200	0	4.5	8.50447	7.84005	0.664421	0	0	0	0	0	0	0	0	0	0	0	0	0	0	0	0	0	0
00.000,00.000	2.1	0	-200	0	4.5	9.0833	8.14737	0.935934	0	0	0	0	0	0	0	0	0	0	0	0	0	0	0	0	0	0
00.000,00.000	2.2	0	-200	0	4.5	9.77803	8.57025	1.20778	0	0	0	0	0	0	0	0	0	0	0	0	0	0	0	0	0	0
00.000,00.000	2.3	0	-200	0	4.5	10.587	9.10869	1.47835	0	0	0	0	0	0	0	0	0	0	0	0	0	0	0	0	0	0
00.000,00.000	2.4	0	-200	0	4.5	11.5104	9.7627	1.74773	0	0	0	0	0	0	0	0	0	0	0	0	0	0	0	0	0	0
00.000,00.000	2.5	0	-200	0	4.5	12.5487	10.5313	2.0174	0	0	0	0	0	0	0	0	0	0	0	0	0	0	0	0	0	0
00.000,00.000	2.6	0	-200	0	4.5	13.6987	11.412	2.28673	0	0	0	0	0	0	0	0	0	0	0	0	0	0	0	0	0	0
00.000,00.000	2.7	0	-200	0	4.5	14.9676	12.4124	2.55512	0	0	0	0	0	0	0	0	0	0	0	0	0	0	0	0	0	0
00.000,00.000	2.8	0	-200	0	4.5	16.3405	13.5177	2.82278	0	0	0	0	0	0	0	0	0	0	0	0	0	0	0	0	0	0
00.000,00.000	2.9	0	-200	0	4.5	17.839	14.7488	3.09022	0	0	0	0	0	0	0	0	0	0	0	0	0	0	0	0	0	0
00.000,00.000	3	0	-200	0	4.5	19.4583	16.1011	3.35724	0	0	0	0	0	0	0	0	0	0	0	0	0	0	0	0	0	0
00.000,00.000	3.1	0	-200	0	4.5	21.1338	17.5103	3.62349	0	0	0	0	0	0	0	0	0	0	0	0	0	0	0	0	0	0
00.000,00.000	3.2	0	-200	0	4.5	22.8085	18.9194	3.88914	0	0	0	0	0	0	0	0	0	0	0	0	0	0	0	0	0	0
00.000,00.000	3.3	0	-200	0	4.5	24.4801	20.3254	4.15475	0	0	0	0	0	0	0	0	0	0	0	0	0	0	0	0	0	0
00.000,00.000	3.4	0	-200	0	4.5	26.1525	21.7326	4.41984	0	0	0	0	0	0	0	0	0	0	0	0	0	0	0	0	0	0
00.000,00.000	3.5	0	-200	0	4.5	27.8168	23.133	4.68386	0	0	0	0	0	0	0	0	0	0	0	0	0	0	0	0	0	0
00.000,00.000	3.6	0	-200	0	4.5	29.4638	24.5169	4.94686	0	0	0	0	0	0	0	0	0	0	0	0	0	0	0	0	0	0
00.000,00.000	3.7	0	-200	0	4.5	31.1046	25.8947	5.20994	0	0	0	0	0	0	0	0	0	0	0	0	0	0	0	0	0	0
00.000,00.000	3.8	0	-200	0	4.5	32.7372	27.2648	5.47246	0	0	0	0	0	0	0	0	0	0	0	0	0	0	0	0	0	0
00.000,00.000	3.9	0	-200	0	4.5	34.3672	28.6331	5.73414	0	0	0	0	0	0	0	0	0	0	0	0	0	0	0	0	0	0
00.000,00.000	4	0	-200	0	4.5	35.9984	30.0029	5.99558	0	0	0	0	0	0	0	0	0	0	0	0	0	0	0	0	0	0
00.000,00.000	4.1	0	-200	0	4.5	37.6254	31.3688	6.25659	0	0	0	0	0	0	0	0	0	0	0	0	0	0	0	0	0	0
00.000,00.000	4.2	0	-200	0	4.5	39.2469	32.73	6.51698	0	0	0	0	0	0	0	0	0	0	0	0	0	0	0	0	0	0
00.000,00.000	4.3	0	-200	0	4.5	40.8647	34.0879	6.77677	0	0	0	0	0	0	0	0	0	0	0	0	0	0	0	0	0	0
00.000,00.000	4.4	0	-200	0	4.5	42.478	35.4419	7.03609	0	0	0	0	0	0	0	0	0	0	0	0	0	0	0	0	0	0
00.000,00.000	4.5	0	-200	0	4.5	44.0137	36.719	7.29473	0	0	0	0	0	0	0	0	0	0	0	0	0	0	0	0	0	0
00.000,00.000	4.6	0	-200	0	4.5	45.3163	37.7636	7.5527	0	0	0	0	0	0	0	0	0	0	0	0	0	0	0	0	0	0
00.000,00.000	4.7	0	-200	0	4.5	46.5982	38.7882	7.81008	0	0	0	0	0	0	0	0	0	0	0	0	0	0	0	0	0	0
00.000,00.000	4.8	0	-200	0	4.5	47.6255	39.5586	8.06695	0	0	0	0	0	0	0	0	0	0	0	0	0	0	0	0	0	0
00.000,00.000	4.9	0	-200	0	4.5	48.6474	40.1983	8.44913	0	0	0	0	0	0	0	0	0	0	0	0	0	0	0	0	0	0
00.000,00.000	5	0	-200	0	4.5	49.6657	40.6859	8.97984	0	0	0	0	0	0	0	0	0	0	0	0	0	0	0	0	0	0
00.000,00.000	5.1	0	-200	0	4.5	50.6839	40.7637	9.92015	0	0	0	0	0	0	0	0	0	0	0	0	0	0	0	0	0	0
00.000,00.000	5.2	0	-200	0	4.5	51.705	40.7913	10.9137	0	0	0	0	0	0	0	0	0	0	0	0	0	0	0	0	0	0
00.000,00.000	5.3	0	-200	0	4.5	52.7123	40.8257	11.8865	0	0	0	0	0	0	0	0	0	0	0	0	0	0	0	0	0	0
00.000,00.000	5.4	0	-200	0	4.5	53.4925	40.867	12.6255	0	0	0	0	0	0	0	0	0	0	0	0	0	0	0	0	0	0
00.000,00.000	5.5	0	-200	0	4.5	54.273	40.9106	13.3625	0	0	0	0	0	0	0	0	0	0	0	0	0	0	0	0	0	0
00.000,00.000	5.6	0	-200	0	4.5	55.0631	40.9623	14.1008	0	0	0	0	0	0	0	0	0	0	0	0	0	0	0	0	0	0
00.000,00.000	5.7	0	-200	0	4.5	55.8565	41.0194	14.8263	0.0108859	0	0	0	0	0	0	0	0	0	0	0	0	0	0	0	0	0
00.000,00.000	5.8	0	-200	0	4.5	56.4963	41.0853	15.1481	0.262947	0	0	0	0	0	0	0	0	0	0	0	0	0	0	0	0	0
00.000,00.000	5.9	0	-200	0	4.5	56.8544	41.1591	15.182	0.513241	0	0	0	0	0	0	0	0	0	0	0	0	0	0	0	0	0
00.000,00.000	6	0	-200	0	4.5	57.198	41.2407	15.1944	0.762809	0	0	0	0	0	0	0	0	0	0	0	0	0	0	0	0	0
00.000,00.000	6.1	0	-200	0	4.5	57.5369	41.3302	15.1946	1.01208	0	0	0	0	0	0	0	0	0	0	0	0	0	0	0	0	0
00.000,00.000	6.2	0	-200	0	4.5	57.884	41.4275	15.1957	1.26078	0	0	0	0	0	0	0	0	0	0	0	0	0	0	0	0	0
00.000,00.000	6.3	0	-200	0	4.5	58.2425	41.5347	15.1991	1.50874	0	0	0	0	0	0	0	0	0	0	0	0	0	0	0	0	0
00.000,00.000	6.4	0	-200	0	4.5	58.615	41.653	15.206	1.75605	0	0	0	0	0	0	0	0	0	0	0	0	0	0	0	0	0
00.000,00.000	6.5	0	-200	0	4.5	58.9941	41.7768	15.2148	2.00253	0	0	0	0	0	0	0	0	0	0	0	0	0	0	0	0	0
00.000,00.000	6.6	0	-200	0	4.5	59.3909	41.9153	15.227	2.24856	0	0	0	0	0	0	0	0	0	0	0	0	0	0	0	0	0
00.000,00.000	6.7	0	-200	0	4.5	59.8053	42.0681	15.2434	2.4938	0	0	0	0	0	0	0	0	0	0	0	0	0	0	0	0	0
00.000,00.000	6.8	0	-200	0	4.5	60.2439	42.2405	15.2649	2.73846	0	0	0	0	0	0	0	0	0	0	0	0	0	0	0	0	0
00.000,00.000	6.9	0	-200	0	4.5	60.7135	42.4395	15.2913	2.98276	0	0	0	0	0	0	0	0	0	0	0	0	0	0	0	0	0
00.000,00.000	7	0	-200	0	4.5	61.2181	42.6678	15.3238	3.22653	0	0	0	0	0	0	0	0	0	0	0	0	0	0	0	0	0
00.000,00.000	7.1	0	-200	0	4.5	61.7658	42.933	15.363	3.46973	0	0	0	0	0	0	0	0	0	0	0	0	0	0	0	0	0
00.000,00.000	7.2	0	-200	0	4.5	62.3633	43.2411	15.4098	3.71236	0	0	0	0	0	0	0	0	0	0	0	0	0	0	0	0	0
00.000,00.000	7.3	0	-200	0	4.5	63.0193	43.6021	15.4628	3.95443	0	0	0	0	0	0	0	0	0	0	0	0	0	0	0	0	0
00.000,00.000	7.4	0	-200	0	4.5	63.7351	44.0162	15.523	4.19591	0	0	0	0	0	0	0	0	0	0	0	0	0	0	0	0	0
00.000,00.000	7.5	0	-200	0	4.5	64.4979	44.4723	15.5891	4.43649	0	0	0	0	0	0	0	0	0	0	0	0	0	0	0	0	0
00.000,00.000	7.6	0	-200	0	4.5	65.332	44.9917	15.6639	4.6764	0	0	0	0	0	0	0	0	0	0	0	0	0	0	0	0	0
00.000,00.000	7.7	0	-200	0	4.5	66.2376	45.5761	15.7457	4.91577	0	0	0	0	0	0	0	0	0	0	0	0	0	0	0	0	0
00.000,00.000	7.8	0	-200	0	4.5	67.2197	46.2294	15.8356	5.15477	0	0	0	0	0	0	0	0	0	0	0	0	0	0	0	0	0
00.000,00.000	7.9	0	-200	0	4.5	68.2965	46.9694	15.9338	5.39331	0	0	0	0	0	0	0	0	0	0	0	0	0	0	0	0	0
00.000,00.000	8	0	-200	0	4.5	69.465	47.7938	16.0401	5.63113	0	0	0	0	0	0	0	0	0	0	0	0	0	0	0	0	0
00.000,00.000	8.1	0	-200	0	4.5	70.7355	48.7118	16.1552	5.86854	0	0	0	0	0	0	0	0	0	0	0	0	0	0	0	0	0
00.000,00.000	8.2	0	-200	0	4.5	72.1014	49.7172	16.2786	6.10559	0	0	0	0	0	0	0	0	0	0	0	0	0	0	0	0	0
00.000,00.000	8.3	0	-200	0	4.5	73.5692	50.816	16.4111	6.34203	0	0	0	0	0	0	0	0	0	0	0	0	0	0	0	0	0
00.000,00.000	8.4	0	-200	0	4.5	75.139	52.0079	16.5533	6.57778	0	0	0	0	0	0	0	0	0	0	0	0	0	0	0	0	0
00.000,00.000	8.5	0	-200	0	4.5	76.7615	53.2469	16.7019	6.81275	0	0	0	0	0	0	0	0	0	0	0	0	0	0	0	0	0
00.000,00.000	8.6	0	-200	0	4.5	78.4881	54.5795	16.8613	7.04726	0	0	0	0	0	0	0	0	0	0	0	0	0	0	0	0	0
00.000,00.000	8.7	0	-200	0	4.5	80.3066	55.9949	17.0305	7.28117	0	0	0	0	0	0	0	0	0	0	0	0	0	0	0	0	0
00.000,00.000	8.8	0	-200	0	4.5	82.2208	57.4969	17.2093	7.51461	0	0	0	0	0	0	0	0	0	0	0	0	0	0	0	0	0
00.000,00.000	8.9	0	-200	0	4.5	84.2617	59.1147	17.3992	7.74776	0	0	0	0	0	0	0	0	0	0	0	0	0	0	0	0	0
00.000,00.000	9	0	-200	0	4.5	86.4067	60.8267	17.5998	7.98023	0	0	0	0	0	0	0	0	0	0	0	0	0	0	0	0	0
00.000,00.000	9.1	0	-200	0	4.5	88.674	62.6512	17.8107	8.21211	0	0	0	0	0	0	0	0	0	0	0	0	0	0	0	0	0
00.000,00.000	9.2	0	-200	0	4.5	91.0741	64.5974	18.0332	8.44346	0	0	0	0	0	0	0	0	0	0	0	0	0	0	0	0	0
00.000,00.000	9.3	0	-200	0	4.5	93.6138	66.672	18.2674	8.6744	0	0	0	0	0	0	0	0	0	0	0	0	0	0	0	0	0
00.000,00.000	9.4	0	-200	0	4.5	96.2947	68.8771	18.514	8.90366	0	0	0	0	0	0	0	0	0	0	0	0	0	0	0	0	0
00.000,00.000	9.5	0	-200	0	4.5	98.8008	71.1263	18.7713	8.90328	0	0	0	0	0	0	0	0	0	0	0	0	0	0	0	0	0
00.000,00.000	9.6	0	-200	0	4.5	101.448	73.4991	19.0453	8.90372	0	0	0	0	0	0	0	0	0	0	0	0	0	0	0	0	0
00.000,00.000	9.7	0	-200	0	4.5	104.213	75.972	19.3367	8.90379	0	0	0	0	0	0	0	0	0	0	0	0	0	0	0	0	0
00.000,00.000	9.8	0	-200	0	4.5	107.119	78.565	19.6506	8.90379	0	0	0	0	0	0	0	0	0	0	0	0	0	0	0	0	0
00.000,00.000	9.9	0	-200	0	4.5	110.21	81.3137	19.9924	8.90379	0	0	0	0	0	0	0	0	0	0	0	0	0	0	0	0	0
00.000,00.000	10	0	-200	0	4.5	113.449	84.1856	20.3601	8.90379	0	0	0	0	0	0	0	0	0	0	0	0	0	0	0	0	0
00.000,00.000	10.1	0	-200	0	4.5	116.859	87.1964	20.7591	8.90379	0	0	0	0	0	0	0	0	0	0	0	0	0	0	0	0	0
00.000,00.000	10.2	0	-200	0	4.5	120.451	90.3702	21.1767	8.90379	0	0	0	0	0	0	0	0	0	0	0	0	0	0	0	0	0
00.000,00.000	10.3	0	-200	0	4.5	124.23	93.7285	21.5972	8.90379	0	0	0	0	0	0	0	0	0	0	0	0	0	0	0	0	0
00.000,00.000	10.4	0	-200	0	4.5	128.194	97.2391	22.0506	8.90387	0	0	0	0	0	0	0	0	0	0	0	0	0	0	0	0	0
00.000,00.000	10.5	0	-200	0	4.5	132.209	100.772	22.5318	8.9053	0	0	0	0	0	0	0	0	0	0	0	0	0	0	0	0	0
00.000,00.000	10.6	0	-200	0	4.5	136.398	104.444	23.0475	8.90722	0	0	0	0	0	0	0	0	0	0	0	0	0	0	0	0	0
00.000,00.000	10.7	0	-200	0	4.5	140.734	108.228	23.5948	8.91061	0	0	0	0	0	0	0	0	0	0	0	0	0	0	0	0	0
00.000,00.000	10.8	0	-200	0	4.5	145.227	112.137	24.1746	8.91553	0	0	0	0	0	0	0	0	0	0	0	0	0	0	0	0	0
00.000,00.000	10.9	0	-200	0	4.5	149.94	116.229	24.7884	8.92279	0	0	0	0	0	0	0	0	0	0	0	0	0	0	0	0	0
00.000,00.000	11	0	-200	0	4.5	154.837	120.473	25.4313	8.93308	0	0	0	0	0	0	0	0	0	0	0	0	0	0	0	0	0
00.000,00.000	11.1	0	-200	0	4.5	159.932	124.883	26.1035	8.94581	0	0	0	0	0	0	0	0	0	0	0	0	0	0	0	0	0
00.000,00.000	11.2	0	-200	0	4.5	165.271	129.504	26.8041	8.96246	0	0	0	0	0	0	0	0	0	0	0	0	0	0	0	0	0
00.000,00.000	11.3	0	-200	0	4.5	170.881	134.364	27.5338	8.98287	0	0	0	0	0	0	0	0	0	0	0	0	0	0	0	0	0
00.000,00.000	11.4	0	-200	0	4.5	176.739	139.439	28.2931	9.00754	0	0	0	0	0	0	0	0	0	0	0	0	0	0	0	0	0
00.000,00.000	11.5	0	-200	0	4.5	182.66	144.551	29.0716	9.03731	0	0	0	0	0	0	0	0	0	0	0	0	0	0	0	0	0
00.000,00.000	11.6	0	-200	0	4.5	188.762	149.818	29.8726	9.07128	0	0	0	0	0	0	0	0	0	0	0	0	0	0	0	0	0
00.000,00.000	11.7	0	-200	0	4.5	195.01	155.2	30.7	9.11015	0	0	0	0	0	0	0	0	0	0	0	0	0	0	0	0	0
00.000,00.000	11.8	0	-200	0	4.5	201.444	160.733	31.5573	9.15353	0	0	0	0	0	0	0	0	0	0	0	0	0	0	0	0	0
00.000,00.000	11.9	0	-200	0	4.5	208.206	166.514	32.4906	9.20217	0	0	0	0	0	0	0	0	0	0	0	0	0	0	0	0	0
00.000,00.000	12	0	-200	0	4.5	215.229	172.512	33.4622	9.25537	0	0	0	0	0	0	0	0	0	0	0	0	0	0	0	0	0
00.000,00.000	12.1	0	-200	0	4.5	222.493	178.702	34.4777	9.31355	0	0	0	0	0	0	0	0	0	0	0	0	0	0	0	0	0
00.000,00.000	12.2	0	-200	0	4.5	229.937	185.034	35.5258	9.37731	0	0	0	0	0	0	0	0	0	0	0	0	0	0	0	0	0
00.000,00.000	12.3	0	-200	0	4.5	237.574	191.521	36.6073	9.44575	0	0	0	0	0	0	0	0	0	0	0	0	0	0	0	0	0
00.000,00.000	12.4	0	-200	0	4.5	245.375	198.13	37.7241	9.52056	0	0	0	0	0	0	0	0	0	0	0	0	0	0	0	0	0
00.000,00.000	12.5	0	-200	0	4.5	253.261	204.789	38.8719	9.60062	0	0	0	0	0	0	0	0	0	0	0	0	0	0	0	0	0
00.000,00.000	12.6	0	-200	0	4.5	261.628	211.826	40.1099	9.69213	0	0	0	0	0	0	0	0	0	0	0	0	0	0	0	0	0
00.000,00.000	12.7	0	-200	0	4.5	269.829	218.561	41.4802	9.78788	0	0	0	0	0	0	0	0	0	0	0	0	0	0	0	0	0
00.000,00.000	12.8	0	-200	0	4.5	277.502	224.417	43.2014	9.88353	0	0	0	0	0	0	0	0	0	0	0	0	0	0	0	0	0
00.000,00.000	12.9	0	-200	0	4.5	285.916	230.546	45.375	9.99545	0	0	0	0	0	0	0	0	0	0	0	0	0	0	0	0	0
00.000,00.000	13	0	-200	0	4.5	294.455	236.744	47.5965	10.1145	0	0	0	0	0	0	0	0	0	0	0	0	0	0	0	0	0
00.000,00.000	13.1	0	-200	0	4.5	303.091	243.03	49.8175	10.2428	0	0	0	0	0	0	0	0	0	0	0	0	0	0	0	0	0
00.000,00.000	13.2	0	-200	0	4.5	311.873	249.429	52.0634	10.3797	0	0	0	0	0	0	0	0	0	0	0	0	0	0	0	0	0
00.000,00.000	13.3	0	-200	0	4.5	320.838	255.969	54.3428	10.5257	0	0	0	0	0	0	0	0	0	0	0	0	0	0	0	0	0
00.000,00.000	13.4	0	-200	0	4.5	329.987	262.647	56.6587	10.6815	0	0	0	0	0	0	0	0	0	0	0	0	0	0	0	0	0
00.000,00.000	13.5	0	-200	0	4.5	339.226	269.373	59.0063	10.8468	0	0	0	0	0	0	0	0	0	0	0	0	0	0	0	0	0
00.000,00.000	13.6	0	-200	0	4.5	349.618	276.97	61.6038	11.0443	0	0	0	0	0	0	0	0	0	0	0	0	0	0	0	0	0
00.000,00.000	13.7	0	-200	0	4.5	358.996	283.847	63.9166	11.2317	0	0	0	0	0	0	0	0	0	0	0	0	0	0	0	0	0
00.000,00.000	13.8	0	-200	0	4.5	367.069	289.765	65.9033	11.4002	0	0	0	0	0	0	0	0	0	0	0	0	0	0	0	0	0
00.000,00.000	13.9	0	-200	0	4.5	377.052	297.093	68.3432	11.6157	0	0	0	0	0	0	0	0	0	0	0	0	0	0	0	0	0
00.000,00.000	14	0	-200	0	4.5	386.912	304.324	70.7515	11.8363	0	0	0	0	0	0	0	0	0	0	0	0	0	0	0	0	0
00.000,00.000	14.1	0	-200	0	4.5	396.678	311.488	73.1284	12.0618	0	0	0	0	0	0	0	0	0	0	0	0	0	0	0	0	0
00.000,00.000	14.2	0	-200	0	4.5	406.491	318.703	75.49	12.298	0	0	0	0	0	0	0	0	0	0	0	0	0	0	0	0	0
00.000,00.000	14.3	0	-200	0	4.5	416.337	325.943	77.8481	12.5453	0	0	0	0	0	0	0	0	0	0	0	0	0	0	0	0	0
00.000,00.000	14.4	0	-200	0	4.5	426.213	333.186	80.2227	12.8044	0	0	0	0	0	0	0	0	0	0	0	0	0	0	0	0	0
00.000,00.000	14.5	0	-200	0	4.5	436.769	340.885	82.7857	13.0984	0	0	0	0	0	0	0	0	0	0	0	0	0	0	0	0	0
00.000,00.000	14.6	0	-200	0	4.5	448.684	349.49	85.7464	13.4468	0	0	0	0	0	0	0	0	0	0	0	0	0	0	0	0	0
00.000,00.000	14.7	0	-200	0	4.5	457.964	356.116	88.1131	13.7351	0	0	0	0	0	0	0	0	0	0	0	0	0	0	0	0	0
00.000,00.000	14.8	0	-200	0	4.5	465.583	361.513	90.0867	13.9835	0	0	0	0	0	0	0	0	0	0	0	0	0	0	0	0	0
00.000,00.000	14.9	0	-200	0	4.5	473.945	367.393	92.2832	14.2687	0	0	0	0	0	0	0	0	0	0	0	0	0	0	0	0	0
00.000,00.000	15	0	-200	0	4.5	484.051	374.456	94.9676	14.627	0	0	0	0	0	0	0	0	0	0	0	0	0	0	0	0	0
00.000,00.000	15.1	0	-200	0	4.5	493.477	381.013	97.4905	14.9739	0	0	0	0	0	0	0	0	0	0	0	0	0	0	0	0	0
00.000,00.000	15.2	0	-200	0	4.5	502.556	387.23	100.005	15.3205	0	0	0	0	0	0	0	0	0	0	0	0	0	0	0	0	0
00.000,00.000	15.3	0	-200	0	4.5	511.631	393.384	102.568	15.6782	0	0	0	0	0	0	0	0	0	0	0	0	0	0	0	0	0
00.000,00.000	15.4	0	-200	0	4.5	520.692	399.499	105.147	16.0466	0	0	0	0	0	0	0	0	0	0	0	0	0	0	0	0	0
00.000,00.000	15.5	0	-200	0	4.5	533.83	408.291	108.934	16.6047	0	0	0	0	0	0	0	0	0	0	0	0	0	0	0	0	0
00.000,00.000	15.6	0	-200	0	4.5	542.006	413.685	111.354	16.9662	0	0	0	0	0	0	0	0	0	0	0	0	0	0	0	0	0
00.000,00.000	15.7	0	-200	0	4.5	551.415	419.812	114.196	17.4072	0	0	0	0	0	0	0	0	0	0	0	0	0	0	0	0	0
00.000,00.000	15.8	0	-200	0	4.5	561.767	426.432	117.412	17.9232	0	0	0	0	0	0	0	0	0	0	0	0	0	0	0	0	0
00.000,00.000	15.9	0	-200	0	4.5	565.07	428.541	118.433	18.0958	0	0	0	0	0	0	0	0	0	0	0	0	0	0	0	0	0
00.000,00.000	16	0	-200	0	4.5	574.832	434.717	121.493	18.6215	0	0	0	0	0	0	0	0	0	0	0	0	0	0	0	0	0
00.000,00.000	16.1	0	-200	0	4.5	583.783	440.328	124.334	19.1204	0	0	0	0	0	0	0	0	0	0	0	0	0	0	0	0	0
00.000,00.000	16.2	0	-200	0	4.5	591.71	445.296	126.665	19.7487	0	0	0	0	0	0	0	0	0	0	0	0	0	0	0	0	0
00.000,00.000	16.3	0	-200	0	4.5	599.559	450.174	128.749	20.6351	0	0	0	0	0	0	0	0	0	0	0	0	0	0	0	0	0
00.000,00.000	16.4	0	-200	0	4.5	607.376	454.958	130.774	21.6435	0	0	0	0	0	0	0	0	0	0	0	0	0	0	0	0	0
00.000,00.000	16.5	0	-200	0	4.5	621.879	463.722	134.484	23.6727	0	0	0	0	0	0	0	0	0	0	0	0	0	0	0	0	0
00.000,00.000	16.6	0	-200	0	4.5	625.699	466.008	135.361	24.3305	0	0	0	0	0	0	0	0	0	0	0	0	0	0	0	0	0
00.000,00.000	16.7	0	-200	0	4.5	635.193	471.55	137.676	25.9668	0	0	0	0	0	0	0	0	0	0	0	0	0	0	0	0	0
00.000,00.000	16.8	0	-200	0	4.5	637.622	472.958	138.264	26.4004	0	0	0	0	0	0	0	0	0	0	0	0	0	0	0	0	0
00.000,00.000	16.9	0	-200	0	4.5	641.593	475.215	139.267	27.1112	0	0	0	0	0	0	0	0	0	0	0	0	0	0	0	0	0
00.000,00.000	17	0	-200	0	4.5	650.922	480.517	141.602	28.8022	0	0	0	0	0	0	0	0	0	0	0	0	0	0	0	0	0
00.000,00.000	17.1	0	-200	0	4.5	658.624	484.842	143.577	30.2059	0	0	0	0	0	0	0	0	0	0	0	0	0	0	0	0	0
00.000,00.000	17.2	0	-200	0	4.5	665.427	488.625	145.344	31.4576	0	0	0	0	0	0	0	0	0	0	0	0	0	0	0	0	0
00.000,00.000	17.3	0	-200	0	4.5	672.247	492.333	147.196	32.7179	0	0	0	0	0	0	0	0	0	0	0	0	0	0	0	0	0
00.000,00.000	17.4	0	-200	0	4.5	679.05	495.989	149.073	33.9879	0	0	0	0	0	0	0	0	0	0	0	0	0	0	0	0	0
00.000,00.000	17.5	0	-200	0	4.5	694.134	504.116	153.125	36.8923	0	0	0	0	0	0	0	0	0	0	0	0	0	0	0	0	0
00.000,00.000	17.6	0	-200	0	4.5	700.201	507.328	154.775	38.0975	0	0	0	0	0	0	0	0	0	0	0	0	0	0	0	0	0
00.000,00.000	17.7	0	-200	0	4.5	701.901	508.217	155.238	38.4457	0	0	0	0	0	0	0	0	0	0	0	0	0	0	0	0	0
00.000,00.000	17.8	0	-200	0	4.5	709.453	511.982	157.36	40.1113	0	0	0	0	0	0	0	0	0	0	0	0	0	0	0	0	0
00.000,00.000	17.9	0	-200	0	4.5	711.406	513	157.887	40.5188	0	0	0	0	0	0	0	0	0	0	0	0	0	0	0	0	0
00.000,00.000	18	0	-200	0	4.5	723.908	519.539	161.251	43.1172	0	0	0	0	0	0	0	0	0	0	0	0	0	0	0	0	0
00.000,00.000	18.1	0	-200	0	4.5	732.186	523.81	163.526	44.8493	0	0	0	0	0	0	0	0	0	0	0	0	0	0	0	0	0
00.000,00.000	18.2	0	-200	0	4.5	738.367	526.97	165.268	46.1298	0	0	0	0	0	0	0	0	0	0	0	0	0	0	0	0	0
00.000,00.000	18.3	0	-200	0	4.5	744.63	530.154	167.047	47.4296	0	0	0	0	0	0	0	0	0	0	0	0	0	0	0	0	0
00.000,00.000	18.4	0	-200	0	4.5	750.905	533.346	168.827	48.7323	0	0	0	0	0	0	0	0	0	0	0	0	0	0	0	0	0
00.000,00.000	18.5	0	-200	0	4.5	772.237	543.989	174.927	53.3218	0	0	0	0	0	0	0	0	0	0	0	0	0	0	0	0	0
00.000,00.000	18.6	0	-200	0	4.5	776.54	546.17	176.166	54.2043	0	0	0	0	0	0	0	0	0	0	0	0	0	0	0	0	0
00.000,00.000	18.7	0	-200	0	4.5	816.988	563.217	189.287	64.4836	0	0	0	0	0	0	0	0	0	0	0	0	0	0	0	0	0
00.000,00.000	18.8	0	-200	0	4.5	827.318	567.938	192.607	66.7218	0.0513955	0	0	0	0	0	0	0	0	0	0	0	0	0	0	0	0
00.000,00.000	18.9	0	-200	0	4.5	843.522	574.597	198.153	69.9436	0.829242	0	0	0	0	0	0	0	0	0	0	0	0	0	0	0	0
00.000,00.000	19	0	-200	0	4.5	849.694	577.098	200.394	70.7472	1.45496	0	0	0	0	0	0	0	0	0	0	0	0	0	0	0	0
00.000,00.000	19.1	0	-200	0	4.5	857.513	580.333	203.231	71.721	2.22811	0	0	0	0	0	0	0	0	0	0	0	0	0	0	0	0
00.000,00.000	19.2	0	-200	0	4.5	864.305	583.282	205.766	72.2377	3.01931	0	0	0	0	0	0	0	0	0	0	0	0	0	0	0	0
00.000,00.000	19.3	0	-200	0	4.5	872.342	587.041	208.61	72.821	3.86951	0	0	0	0	0	0	0	0	0	0	0	0	0	0	0	0
00.000,00.000	19.4	0	-200	0	4.5	878.991	589.958	211.154	73.2867	4.59165	0	0	0	0	0	0	0	0	0	0	0	0	0	0	0	0
00.000,00.000	19.5	0	-200	0	4.5	885.625	592.431	214.159	73.7163	5.31967	0	0	0	0	0	0	0	0	0	0	0	0	0	0	0	0
00.000,00.000	19.6	0	-200	0	4.5	917.035	601.74	229.643	76.1608	9.49126	0	0	0	0	0	0	0	0	0	0	0	0	0	0	0	0
00.000,00.000	19.7	0	-200	0	4.5	930.097	606.1	236.103	76.977	10.9168	0	0	0	0	0	0	0	0	0	0	0	0	0	0	0	0
00.000,00.000	19.8	0	-200	0	4.5	930.102	606.097	236.117	76.9717	10.9168	0	0	0	0	0	0	0	0	0	0	0	0	0	0	0	0
00.000,00.000	19.9	0	-200	0	4.5	952.502	614.29	246.631	78.4165	13.1647	0	0	0	0	0	0	0	0	0	0	0	0	0	0	0	0
00.000,00.000	20	0	-200	0	4.5	958.884	616.342	249.879	78.8498	13.8135	0	0	0	0	0	0	0	0	0	0	0	0	0	0	0	0
00.000,00.000	20.1	0	-200	0	4.5	982.282	623.528	261.976	80.6203	16.1578	0	0	0	0	0	0	0	0	0	0	0	0	0	0	0	0
00.000,00.000	20.2	0	-200	0	4.5	995.872	628.435	268.459	81.588	17.3902	0	0	0	0	0	0	0	0	0	0	0	0	0	0	0	0
00.000,00.000	20.3	0	-200	0	4.5	1003.66	631.309	272.098	82.1788	18.0771	0	0	0	0	0	0	0	0	0	0	0	0	0	0	0	0
00.000,00.000	20.4	0	-200	0	4.5	1011.58	634.184	275.835	82.8048	18.7564	0	0	0	0	0	0	0	0	0	0	0	0	0	0	0	0
00.000,00.000	20.5	0	-200	0	4.5	1019.76	637.205	279.642	83.4749	19.435	0	0	0	0	0	0	0	0	0	0	0	0	0	0	0	0
00.000,00.000	20.6	0	-200	0	4.5	1057.95	650.393	297.322	87.1854	23.0499	0	0	0	0	0	0	0	0	0	0	0	0	0	0	0	0
00.000,00.000	20.7	0	-200	0	4.5	1072	655.432	303.769	88.5921	24.2015	0	0	0	0	0	0	0	0	0	0	0	0	0	0	0	0
00.000,00.000	20.8	0	-200	0	4.5	1072.08	655.462	303.807	88.6012	24.2083	0	0	0	0	0	0	0	0	0	0	0	0	0	0	0	0
00.000,00.000	20.9	0	-200	0	4.5	1083.7	659.989	308.829	89.8145	25.0641	0	0	0	0	0	0	0	0	0	0	0	0	0	0	0	0
00.000,00.000	21	0	-200	0	4.5	1088.38	661.763	310.884	90.3192	25.4103	0	0	0	0	0	0	0	0	0	0	0	0	0	0	0	0
00.000,00.000	21.1	0	-200	0	4.5	1109.14	669.831	319.727	92.7113	26.8678	0	0	0	0	0	0	0	0	0	0	0	0	0	0	0	0
00.000,00.000	21.2	0	-200	0	4.5	1123.2	675.332	325.681	94.3739	27.6091	0.202921	0	0	0	0	0	0	0	0	0	0	0	0	0	0	0
00.000,00.000	21.3	0	-200	0	4.5	1133.34	679.373	329.712	95.7856	28.0836	0.388654	0	0	0	0	0	0	0	0	0	0	0	0	0	0	0
00.000,00.000	21.4	0	-200	0	4.5	1143.77	683.577	333.788	97.2735	28.4194	0.716548	0	0	0	0	0	0	0	0	0	0	0	0	0	0	0
00.000,00.000	21.5	0	-200	0	4.5	1154.21	687.915	337.666	98.8328	28.6679	1.13095	0	0	0	0	0	0	0	0	0	0	0	0	0	0	0
00.000,00.000	21.6	0	-200	0	4.5	1164.36	692.096	341.343	100.446	28.9227	1.55531	0	0	0	0	0	0	0	0	0	0	0	0	0	0	0
00.000,00.000	21.7	0	-200	0	4.5	1206.65	708.282	356.952	107.846	30.0861	3.48707	0	0	0	0	0	0	0	0	0	0	0	0	0	0	0
00.000,00.000	21.8	0	-200	0	4.5	1219.05	713.454	361.302	109.919	30.1907	4.1863	0	0	0	0	0	0	0	0	0	0	0	0	0	0	0
00.000,00.000	21.9	0	-200	0	4.5	1219.37	713.578	361.417	109.978	30.1931	4.20435	0	0	0	0	0	0	0	0	0	0	0	0	0	0	0
00.000,00.000	22	0	-200	0	4.5	1246.02	725.135	369.957	114.981	30.3506	5.59906	0	0	0	0	0	0	0	0	0	0	0	0	0	0	0
00.000,00.000	22.1	0	-200	0	4.5	1268.68	734.896	376.923	119.575	30.4797	6.80504	0	0	0	0	0	0	0	0	0	0	0	0	0	0	0
00.000,00.000	22.2	0	-200	0	4.5	1281.67	739.984	381.245	122.363	30.5638	7.51013	0	0	0	0	0	0	0	0	0	0	0	0	0	0	0
00.000,00.000	22.3	0	-200	0	4.5	1292.36	744.689	384.532	124.478	30.6319	8.03312	0	0	0	0	0	0	0	0	0	0	0	0	0	0	0
00.000,00.000	22.4	0	-200	0	4.5	1306.18	750.732	388.791	127.223	30.739	8.69687	0	0	0	0	0	0	0	0	0	0	0	0	0	0	0
00.000,00.000	22.5	0	-200	0	4.5	1317.61	755.661	392.349	129.518	30.8446	9.24148	0	0	0	0	0	0	0	0	0	0	0	0	0	0	0
00.000,00.000	22.6	0	-200	0	4.5	1341.48	764.828	400.059	134.927	31.1197	10.5422	0	0	0	0	0	0	0	0	0	0	0	0	0	0	0
00.000,00.000	22.7	0	-200	0	4.5	1400.99	790.259	417.306	147.858	31.8763	13.6883	0	0	0	0	0	0	0	0	0	0	0	0	0	0	0
00.000,00.000	22.8	0	-200	0	4.5	1411.02	793.987	420.633	150.169	32.015	14.2183	0	0	0	0	0	0	0	0	0	0	0	0	0	0	0
00.000,00.000	22.9	0	-200	0	4.5	1411.65	794.271	420.812	150.294	32.0243	14.246	0	0	0	0	0	0	0	0	0	0	0	0	0	0	0
00.000,00.000	23	0	-200	0	4.5	1416.39	796.193	422.338	151.297	32.1062	14.4604	0	0	0	0	0	0	0	0	0	0	0	0	0	0	0
00.000,00.000	23.1	0	-200	0	4.5	1443.84	806.827	431.474	157.21	32.622	15.7074	0	0	0	0	0	0	0	0	0	0	0	0	0	0	0
00.000,00.000	23.2	0	-200	0	4.5	1461.73	814.599	436.941	160.787	32.9574	16.4501	0	0	0	0	0	0	0	0	0	0	0	0	0	0	0
00.000,00.000	23.3	0	-200	0	4.5	1476.13	820.677	441.528	163.635	33.2534	17.0349	0	0	0	0	0	0	0	0	0	0	0	0	0	0	0
00.000,00.000	23.4	0	-200	0	4.5	1490.62	826.29	446.657	166.496	33.5694	17.6045	0	0	0	0	0	0	0	0	0	0	0	0	0	0	0
00.000,00.000	23.5	0	-200	0	4.5	1505.64	832.164	451.993	169.397	33.9123	18.1697	0	0	0	0	0	0	0	0	0	0	0	0	0	0	0
00.000,00.000	23.6	0	-200	0	4.5	1535.96	842.911	463.001	175.806	34.7598	19.4852	0	0	0	0	0	0	0	0	0	0	0	0	0	0	0
00.000,00.000	23.7	0	-200	0	4.5	1596.1	864.012	486.525	187.257	36.5264	21.7764	0	0	0	0	0	0	0	0	0	0	0	0	0	0	0
00.000,00.000	23.8	0	-200	0	4.5	1605.24	866.84	490.312	189.008	36.9428	22.1349	0	0	0	0	0	0	0	0	0	0	0	0	0	0	0
00.000,00.000	23.9	0	-200	0	4.5	1647.29	880.886	507.291	196.598	38.8618	23.6493	0	0	0	0	0	0	0	0	0	0	0	0	0	0	0
00.000,00.000	24	0	-200	0	4.5	1660.54	885.331	512.667	198.963	39.4615	24.1131	0	0	0	0	0	0	0	0	0	0	0	0	0	0	0
00.000,00.000	24.1	0	-200	0	4.5	1690.86	895.427	525.37	204.25	40.8693	24.9406	0	0	0	0	0	0	0	0	0	0	0	0	0	0	0
00.000,00.000	24.2	0	-200	0	4.5	1712.99	902.851	534.69	208.111	41.916	25.3826	0.0356809	0	0	0	0	0	0	0	0	0	0	0	0	0	0
00.000,00.000	24.3	0	-200	0	4.5	1730.42	908.7	542.06	211.118	42.758	25.5886	0.197175	0	0	0	0	0	0	0	0	0	0	0	0	0	0
00.000,00.000	24.4	0	-200	0	4.5	1748.12	914.701	549.421	214.204	43.6406	25.7822	0.372238	0	0	0	0	0	0	0	0	0	0	0	0	0	0
00.000,00.000	24.5	0	-200	0	4.5	1765.75	920.774	556.522	217.362	44.5643	25.971	0.551948	0	0	0	0	0	0	0	0	0	0	0	0	0	0
00.000,00.000	24.6	0	-200	0	4.5	1797.86	931.667	569.432	223.174	46.3643	26.0541	1.16903	0	0	0	0	0	0	0	0	0	0	0	0	0	0
00.000,00.000	24.7	0	-200	0	4.5	1822.47	940.029	579.309	227.376	48.0152	26.0541	1.68616	0	0	0	0	0	0	0	0	0	0	0	0	0	0
00.000,00.000	24.8	0	-200	0	4.5	1841.34	946.46	586.944	230.654	49.1415	26.0541	2.08775	0	0	0	0	0	0	0	0	0	0	0	0	0	0
00.000,00.000	24.9	0	-200	0	4.5	1844.6	947.573	588.269	231.166	49.384	26.0541	2.15448	0	0	0	0	0	0	0	0	0	0	0	0	0	0
00.000,00.000	25	0	-200	0	4.5	1855.23	951.321	592.48	232.873	50.1383	26.0544	2.35985	0	0	0	0	0	0	0	0	0	0	0	0	0	0
00.000,00.000	25.1	0	-200	0	4.5	1885.58	962.08	604.397	237.804	52.306	26.056	2.93727	0	0	0	0	0	0	0	0	0	0	0	0	0	0
00.000,00.000	25.2	0	-200	0	4.5	1908.36	970.253	613.122	241.573	53.9797	26.06	3.36872	0	0	0	0	0	0	0	0	0	0	0	0	0	0
00.000,00.000	25.3	0	-200	0	4.5	1928.07	977.384	620.575	244.876	55.4392	26.0668	3.73412	0	0	0	0	0	0	0	0	0	0	0	0	0	0
00.000,00.000	25.4	0	-200	0	4.5	1948.13	984.647	628.086	248.267	56.9472	26.0781	4.09992	0	0	0	0	0	0	0	0	0	0	0	0	0	0
00.000,00.000	25.5	0	-200	0	4.5	1968.4	991.944	635.635	251.75	58.5055	26.0968	4.46758	0	0	0	0	0	0	0	0	0	0	0	0	0	0
00.000,00.000	25.6	0	-200	0	4.5	1988.24	998.72	643.164	255.257	60.1277	26.1228	4.84528	0	0	0	0	0	0	0	0	0	0	0	0	0	0
00.000,00.000	25.7	0	-200	0	4.5	2072.55	1024.59	675.223	271.702	67.9385	26.4568	6.64471	0	0	0	0	0	0	0	0	0	0	0	0	0	0
00.000,00.000	25.8	0	-200	0	4.5	2091.18	1031.33	681.805	275.08	69.5471	26.5649	6.84767	0	0	0	0	0	0	0	0	0	0	0	0	0	0
00.000,00.000	25.9	0	-200	0	4.5	2092.12	1031.65	682.143	275.261	69.6315	26.5718	6.85736	0	0	0	0	0	0	0	0	0	0	0	0	0	0
00.000,00.000	26	0	-200	0	4.5	2140.94	1050.64	698.221	284.107	73.7548	26.9257	7.29539	0	0	0	0	0	0	0	0	0	0	0	0	0	0
00.000,00.000	26.1	0	-200	0	4.5	2173.27	1063.17	708.791	290.131	76.4155	27.1845	7.57961	0	0	0	0	0	0	0	0	0	0	0	0	0	0
00.000,00.000	26.2	0	-200	0	4.5	2193.61	1070.49	715.698	294.19	78.0948	27.3727	7.76405	0	0	0	0	0	0	0	0	0	0	0	0	0	0
00.000,00.000	26.3	0	-200	0	4.5	2214.42	1078.79	722.241	298.15	79.7321	27.5661	7.93895	0	0	0	0	0	0	0	0	0	0	0	0	0	0
00.000,00.000	26.4	0	-200	0	4.5	2236.25	1087.44	729.048	302.381	81.4789	27.7859	8.12083	0	0	0	0	0	0	0	0	0	0	0	0	0	0
00.000,00.000	26.5	0	-200	0	4.5	2258.18	1096.09	735.722	306.782	83.2616	28.023	8.30151	0	0	0	0	0	0	0	0	0	0	0	0	0	0
00.000,00.000	26.6	0	-200	0	4.5	2296.98	1109.35	748.096	315.574	86.7801	28.5207	8.65888	0	0	0	0	0	0	0	0	0	0	0	0	0	0
00.000,00.000	26.7	0	-200	0	4.5	2364.48	1132.31	770.375	330.357	92.7652	29.4161	9.25227	0	0	0	0	0	0	0	0	0	0	0	0	0	0
00.000,00.000	26.8	0	-200	0	4.5	2374.86	1135.4	773.912	332.865	93.754	29.5701	9.34962	0	0	0	0	0	0	0	0	0	0	0	0	0	0
00.000,00.000	26.9	0	-200	0	4.5	2405	1146.81	782.899	339.314	96.3492	30.0307	9.5957	0	0	0	0	0	0	0	0	0	0	0	0	0	0
00.000,00.000	27	0	-200	0	4.5	2414.85	1150.11	786.074	341.554	97.2264	30.2039	9.67937	0	0	0	0	0	0	0	0	0	0	0	0	0	0
00.000,00.000	27.1	0	-200	0	4.5	2453.07	1162.84	798.333	350.19	100.817	30.8916	9.99607	0	0	0	0	0	0	0	0	0	0	0	0	0	0
00.000,00.000	27.2	0	-200	0	4.5	2481.66	1172.76	807.281	356.477	103.482	31.4318	10.2268	0	0	0	0	0	0	0	0	0	0	0	0	0	0
00.000,00.000	27.3	0	-200	0	4.5	2504.14	1180.6	814.269	361.372	105.616	31.877	10.4056	0	0	0	0	0	0	0	0	0	0	0	0	0	0
00.000,00.000	27.4	0	-200	0	4.5	2526.75	1188.53	821.161	366.312	107.808	32.3492	10.5844	0	0	0	0	0	0	0	0	0	0	0	0	0	0
00.000,00.000	27.5	0	-200	0	4.5	2549.67	1196.6	828.13	371.276	110.049	32.8503	10.7629	0	0	0	0	0	0	0	0	0	0	0	0	0	0
00.000,00.000	27.6	0	-200	0	4.5	2588.86	1209.18	840.15	380.334	114.265	33.824	11.0995	0	0	0	0	0	0	0	0	0	0	0	0	0	0
00.000,00.000	27.7	0	-200	0	4.5	2670	1237.85	864.044	397.873	122.644	35.8322	11.7529	0	0	0	0	0	0	0	0	0	0	0	0	0	0
00.000,00.000	27.8	0	-200	0	4.5	2683.29	1242.13	868.149	400.862	124.084	36.1988	11.8639	0	0	0	0	0	0	0	0	0	0	0	0	0	0
00.000,00.000	27.9	0	-200	0	4.5	2722.01	1256.43	879.372	408.772	128.053	37.2292	12.156	0	0	0	0	0	0	0	0	0	0	0	0	0	0
00.000,00.000	28	0	-200	0	4.5	2734.76	1260.87	883.218	411.437	129.398	37.5904	12.2537	0	0	0	0	0	0	0	0	0	0	0	0	0	0
00.000,00.000	28.1	0	-200	0	4.5	2774.82	1274.45	895.52	419.763	133.749	38.7854	12.5553	0	0	0	0	0	0	0	0	0	0	0	0	0	0
00.000,00.000	28.2	0	-200	0	4.5	2806.13	1285.68	904.934	425.972	137.042	39.7169	12.7798	0	0	0	0	0	0	0	0	0	0	0	0	0	0
00.000,00.000	28.3	0	-200	0	4.5	2831.3	1294.74	912.51	430.887	139.715	40.4929	12.9577	0	0	0	0	0	0	0	0	0	0	0	0	0	0
00.000,00.000	28.4	0	-200	0	4.5	2856.53	1303.59	920.211	435.828	142.457	41.3088	13.1353	0	0	0	0	0	0	0	0	0	0	0	0	0	0
00.000,00.000	28.5	0	-200	0	4.5	2882.31	1312.92	927.982	440.709	145.11	42.2832	13.3124	0	0	0	0	0	0	0	0	0	0	0	0	0	0
00.000,00.000	28.6	0	-200	0	4.5	2941.93	1329.69	946.146	454.297	152.586	45.369	13.3847	0.454682	0	0	0	0	0	0	0	0	0	0	0	0	0
00.000,00.000	28.7	0	-200	0	4.5	3016.2	1358.66	966.523	467.833	160.203	48.6086	13.3767	0.988688	0	0	0	0	0	0	0	0	0	0	0	0	0
00.000,00.000	28.8	0	-200	0	4.5	3024.09	1361.16	968.912	469.444	161.132	49.0054	13.3772	1.05097	0	0	0	0	0	0	0	0	0	0	0	0	0
00.000,00.000	28.9	0	-200	0	4.5	3025.17	1361.57	969.215	469.641	161.251	49.0576	13.3774	1.05878	0	0	0	0	0	0	0	0	0	0	0	0	0
00.000,00.000	29	0	-200	0	4.5	3040.24	1366.9	973.586	472.448	162.99	49.829	13.3808	1.10157	0	0	0	0	0	0	0	0	0	0	0	0	0
00.000,00.000	29.1	0	-200	0	4.5	3090.52	1382.61	989.576	482.202	169.045	52.5878	13.396	1.10313	0	0	0	0	0	0	0	0	0	0	0	0	0
00.000,00.000	29.2	0	-200	0	4.5	3122.45	1394.58	998.834	487.711	172.587	54.2215	13.4091	1.10313	0	0	0	0	0	0	0	0	0	0	0	0	0
00.000,00.000	29.3	0	-200	0	4.5	3148.2	1403.2	1006.8	492.364	175.661	55.6507	13.425	1.10313	0	0	0	0	0	0	0	0	0	0	0	0	0
00.000,00.000	29.4	0	-200	0	4.5	3174.23	1413.03	1014.44	496.642	178.558	57.0144	13.4447	1.10313	0	0	0	0	0	0	0	0	0	0	0	0	0
00.000,00.000	29.5	0	-200	0	4.5	3201.22	1423.25	1022.41	500.974	181.568	58.4455	13.4707	1.10313	0	0	0	0	0	0	0	0	0	0	0	0	0
00.000,00.000	29.6	0	-200	0	4.5	3227.04	1431.59	1030.24	505.623	184.914	60.0663	13.5056	1.10313	0	0	0	0	0	0	0	0	0	0	0	0	0
00.000,00.000	29.7	0	-200	0	4.5	3290.22	1452.01	1047.45	517.354	194.11	64.5778	13.6228	1.10313	0	0	0	0	0	0	0	0	0	0	0	0	0
00.000,00.000	29.8	0	-200	0	4.5	3424.13	1502.73	1082.58	538.447	212.259	73.1253	13.8927	1.10313	0	0	0	0	0	0	0	0	0	0	0	0	0
00.000,00.000	29.9	0	-200	0	4.5	3440.62	1508.53	1086.98	541.163	214.652	74.2602	13.933	1.10313	0	0	0	0	0	0	0	0	0	0	0	0	0
00.000,00.000	30	0	-200	0	4.5	3560.67	1551.17	1118.34	561.06	231.882	82.7813	14.3299	1.10313	0	0	0	0	0	0	0	0	0	0	0	0	0
00.000,00.000	30.1	0	-200	0	4.5	3615.92	1570.98	1133.1	570.061	239.415	86.7223	14.5297	1.10313	0	0	0	0	0	0	0	0	0	0	0	0	0
00.000,00.000	30.2	0	-200	0	4.5	3639.41	1580.47	1139.08	573.417	242.421	88.2977	14.6243	1.10313	0	0	0	0	0	0	0	0	0	0	0	0	0
00.000,00.000	30.3	0	-200	0	4.5	3663.69	1588.96	1145.77	577.185	245.825	90.104	14.7445	1.10313	0	0	0	0	0	0	0	0	0	0	0	0	0
00.000,00.000	30.4	0	-200	0	4.5	3723.34	1611.58	1161.81	585.883	253.657	94.2508	15.0539	1.10313	0	0	0	0	0	0	0	0	0	0	0	0	0
00.000,00.000	30.5	0	-200	0	4.5	3735.54	1616.33	1164.95	587.644	255.304	95.0799	15.122	1.10313	0	0	0	0	0	0	0	0	0	0	0	0	0
00.000,00.000	30.6	0	-200	0	4.5	3776.78	1631.67	1176.1	593.595	260.832	98.0914	15.3903	1.10313	0	0	0	0	0	0	0	0	0	0	0	0	0
00.000,00.000	30.7	0	-200	0	4.5	3825.29	1648.71	1189.63	600.802	267.518	101.79	15.7401	1.10313	0	0	0	0	0	0	0	0	0	0	0	0	0
00.000,00.000	30.8	0	-200	0	4.5	3950.34	1693.68	1222.65	618.34	285.578	112.19	16.8019	1.10313	0	0	0	0	0	0	0	0	0	0	0	0	0
00.000,00.000	30.9	0	-200	0	4.5	3976.6	1703.34	1229.72	622.053	289.052	114.29	17.0386	1.10313	0	0	0	0	0	0	0	0	0	0	0	0	0
00.000,00.000	31	0	-200	0	4.5	3976.41	1703.35	1229.61	622	289.033	114.269	17.0395	1.10313	0	0	0	0	0	0	0	0	0	0	0	0	0
00.000,00.000	31.1	0	-200	0	4.5	4099.22	1750.18	1261.38	638.924	304.65	124.563	18.4215	1.10313	0	0	0	0	0	0	0	0	0	0	0	0	0
00.000,00.000	31.2	0	-200	0	4.5	4177.5	1778.33	1281.73	650.478	314.605	131.466	19.7881	1.10313	0	0	0	0	0	0	0	0	0	0	0	0	0
00.000,00.000	31.3	0	-200	0	4.5	4187.11	1781.88	1284.16	651.892	315.786	132.297	19.995	1.10313	0	0	0	0	0	0	0	0	0	0	0	0	0
00.000,00.000	31.4	0	-200	0	4.5	4222.09	1794.97	1292.96	656.977	319.999	135.346	20.74	1.10313	0	0	0	0	0	0	0	0	0	0	0	0	0
00.000,00.000	31.5	0	-200	0	4.5	4268.05	1813.23	1304.05	663.417	325.238	139.286	21.7246	1.10313	0	0	0	0	0	0	0	0	0	0	0	0	0
00.000,00.000	31.6	0	-200	0	4.5	4277.83	1817.27	1306.3	664.735	326.332	140.141	21.9411	1.10313	0	0	0	0	0	0	0	0	0	0	0	0	0
00.000,00.000	31.7	0	-200	0	4.5	4349.05	1844.53	1323.76	674.893	334.414	146.743	23.6091	1.10364	0	0	0	0	0	0	0	0	0	0	0	0	0
00.000,00.000	31.8	0	-200	0	4.5	4452.86	1885.75	1348.22	689.072	346.253	156.799	25.6579	1.11259	0	0	0	0	0	0	0	0	0	0	0	0	0
00.000,00.000	31.9	0	-200	0	4.5	4467.62	1891.79	1351.48	691.134	347.967	158.199	25.9332	1.11566	0	0	0	0	0	0	0	0	0	0	0	0	0
00.000,00.000	32	0	-200	0	4.5	4476.33	1895.52	1353.26	692.35	348.929	159.046	26.1028	1.1201	0	0	0	0	0	0	0	0	0	0	0	0	0
00.000,00.000	32.1	0	-200	0	4.5	4554.04	1928.36	1370.24	702.896	357.055	166.699	27.6292	1.16628	0	0	0	0	0	0	0	0	0	0	0	0	0
00.000,00.000	32.2	0	-200	0	4.5	4592.43	1945	1378.23	708.179	360.958	170.47	28.3957	1.19322	0	0	0	0	0	0	0	0	0	0	0	0	0
00.000,00.000	32.3	0	-200	0	4.5	4600.48	1948.54	1379.89	709.291	361.757	171.24	28.5633	1.19988	0	0	0	0	0	0	0	0	0	0	0	0	0
00.000,00.000	32.4	0	-200	0	4.5	4691.83	1989.24	1398.88	721.472	370.269	180.135	30.5439	1.29143	0	0	0	0	0	0	0	0	0	0	0	0	0
00.000,00.000	32.5	0	-200	0	4.5	4710.11	1997.33	1402.73	723.929	371.862	181.976	30.9681	1.31174	0	0	0	0	0	0	0	0	0	0	0	0	0
00.000,00.000	32.6	0	-200	0	4.5	4784.41	2031.15	1418.08	733.768	378.213	189.163	32.6303	1.40655	0	0	0	0	0	0	0	0	0	0	0	0	0
00.000,00.000	32.7	0	-200	0	4.5	4825.79	2049.34	1426.88	739.307	381.771	193.332	33.6915	1.46732	0	0	0	0	0	0	0	0	0	0	0	0	0
00.000,00.000	32.8	0	-200	0	4.5	4854.84	2062.35	1432.97	743.132	384.227	196.21	34.4425	1.51321	0	0	0	0	0	0	0	0	0	0	0	0	0
00.000,00.000	32.9	0	-200	0	4.5	4857.57	2063.56	1433.55	743.486	384.451	196.48	34.5159	1.51787	0	0	0	0	0	0	0	0	0	0	0	0	0
00.000,00.000	33	0	-200	0	4.5	4860.13	2064.69	1434.09	743.822	384.663	196.741	34.5887	1.52262	0	0	0	0	0	0	0	0	0	0	0	0	0
00.000,00.000	33.1	0	-200	0	4.5	4882.78	2074.68	1438.89	746.85	386.51	199.046	35.2367	1.56517	0	0	0	0	0	0	0	0	0	0	0	0	0
00.000,00.000	33.2	0	-200	0	4.5	4915.27	2089.3	1445.67	751.056	389.111	202.296	36.2166	1.61952	0	0	0	0	0	0	0	0	0	0	0	0	0
00.000,00.000	33.3	0	-200	0	4.5	4944.89	2102.76	1451.74	754.919	391.463	205.229	37.115	1.6691	0	0	0	0	0	0	0	0	0	0	0	0	0
00.000,00.000	33.4	0	-200	0	4.5	4980.97	2119.57	1459.03	759.535	394.15	208.736	38.2166	1.73226	0	0	0	0	0	0	0	0	0	0	0	0	0
00.000,00.000	33.5	0	-200	0	4.5	4987.52	2122.69	1460.31	760.35	394.642	209.364	38.4173	1.74262	0	0	0	0	0	0	0	0	0	0	0	0	0
00.000,00.000	33.6	0	-200	0	4.5	5040.16	2148.68	1470.61	766.634	398.086	214.248	40.0646	1.84334	0	0	0	0	0	0	0	0	0	0	0	0	0
00.000,00.000	33.7	0	-200	0	4.5	5104.51	2180.74	1482.98	774.269	402.299	220.1	42.1526	1.9695	0	0	0	0	0	0	0	0	0	0	0	0	0
00.000,00.000	33.8	0	-200	0	4.5	5112.55	2184.87	1484.4	775.209	402.863	220.812	42.4145	1.98587	0	0	0	0	0	0	0	0	0	0	0	0	0
00.000,00.000	33.9	0	-200	0	4.5	5158	2208.19	1492.84	780.504	405.805	224.711	43.8612	2.09329	0	0	0	0	0	0	0	0	0	0	0	0	0
00.000,00.000	34	0	-200	0	4.5	5189.56	2224.45	1498.51	784.088	408.037	227.383	44.9209	2.17297	0	0	0	0	0	0	0	0	0	0	0	0	0
00.000,00.000	34.1	0	-200	0	4.5	5193.27	2226.38	1499.15	784.498	408.308	227.696	45.0468	2.18276	0	0	0	0	0	0	0	0	0	0	0	0	0
00.000,00.000	34.2	0	-200	0	4.5	5232.69	2246.9	1506.18	788.888	410.949	231.089	46.4098	2.28474	0	0	0	0	0	0	0	0	0	0	0	0	0
00.000,00.000	34.3	0	-200	0	4.5	5271.22	2267	1512.94	793.203	413.575	234.359	47.753	2.3879	0	0	0	0	0	0	0	0	0	0	0	0	0
00.000,00.000	34.4	0	-200	0	4.5	5284.21	2273.66	1515.22	794.69	414.489	235.507	48.2198	2.42122	0	0	0	0	0	0	0	0	0	0	0	0	0
00.000,00.000	34.5	0	-200	0	4.5	5291.25	2277.29	1516.47	795.484	414.979	236.114	48.4813	2.43881	0	0	0	0	0	0	0	0	0	0	0	0	0
00.000,00.000	34.6	0	-200	0	4.5	5318.64	2291.57	1521.26	798.565	416.821	238.395	49.524	2.50747	0	0	0	0	0	0	0	0	0	0	0	0	0
00.000,00.000	34.7	0	-200	0	4.5	5374.06	2320.68	1531.01	804.593	420.458	243.06	51.6117	2.64699	0	0	0	0	0	0	0	0	0	0	0	0	0
00.000,00.000	34.8	0	-200	0	4.5	5383.48	2325.6	1532.66	805.624	421.113	243.846	51.9655	2.6695	0	0	0	0	0	0	0	0	0	0	0	0	0
00.000,00.000	34.9	0	-200	0	4.5	5418.43	2344.38	1538.71	809.238	423.473	246.546	53.3118	2.76702	0	0	0	0	0	0	0	0	0	0	0	0	0
00.000,00.000	35	0	-200	0	4.5	5438.34	2355.02	1542.11	811.276	424.909	248.103	54.1005	2.82344	0	0	0	0	0	0	0	0	0	0	0	0	0
00.000,00.000	35.1	0	-200	0	4.5	5446.25	2359.28	1543.43	812.079	425.478	248.719	54.4174	2.84637	0	0	0	0	0	0	0	0	0	0	0	0	0
00.000,00.000	35.2	0	-200	0	4.5	5467.39	2370.82	1546.92	814.206	426.971	250.317	55.2519	2.91128	0	0	0	0	0	0	0	0	0	0	0	0	0
00.000,00.000	35.3	0	-200	0	4.5	5494.57	2385.72	1551.35	816.928	428.891	252.31	56.3646	2.9983	0	0	0	0	0	0	0	0	0	0	0	0	0
00.000,00.000	35.4	0	-200	0	4.5	5516.87	2397.84	1555	819.183	430.522	253.937	57.3139	3.07066	0	0	0	0	0	0	0	0	0	0	0	0	0
00.000,00.000	35.5	0	-200	0	4.5	5533.41	2406.85	1557.69	820.847	431.751	255.105	58.0489	3.12677	0	0	0	0	0	0	0	0	0	0	0	0	0
00.000,00.000	35.6	0	-200	0	4.5	5560.52	2421.76	1562.2	823.539	433.674	256.924	59.1988	3.22272	0	0	0	0	0	0	0	0	0	0	0	0	0
00.000,00.000	35.7	0	-200	0	4.5	5574.01	2429.11	1564.43	824.837	434.719	257.829	59.8163	3.27174	0	0	0	0	0	0	0	0	0	0	0	0	0
00.000,00.000	35.8	0	-200	0	4.5	5589.77	2437.66	1567.02	826.374	435.976	258.854	60.5594	3.33094	0	0	0	0	0	0	0	0	0	0	0	0	0
00.000,00.000	35.9	0	-200	0	4.5	5607.01	2446.98	1569.84	828.041	437.38	259.966	61.4051	3.39963	0	0	0	0	0	0	0	0	0	0	0	0	0
00.000,00.000	36	0	-200	0	4.5	5619.86	2453.92	1571.94	829.282	438.445	260.801	62.1004	3.37364	0	0	0	0	0	0	0	0	0	0	0	0	0
00.000,00.000	36.1	0	-200	0	4.5	5639.84	2464.73	1575.16	831.205	440.13	262.092	63.1623	3.36536	0	0	0	0	0	0	0	0	0	0	0	0	0
00.000,00.000	36.2	0	-200	0	4.5	5655.08	2472.97	1577.59	832.673	441.45	263.023	64.0072	3.36289	0	0	0	0	0	0	0	0	0	0	0	0	0
00.000,00.000	36.3	0	-200	0	4.5	5675.25	2483.94	1580.76	834.582	443.185	264.231	65.1685	3.38199	0	0	0	0	0	0	0	0	0	0	0	0	0
00.000,00.000	36.4	0	-200	0	4.5	5687.9	2490.85	1582.74	835.782	444.288	264.981	65.8694	3.39066	0	0	0	0	0	0	0	0	0	0	0	0	0
00.000,00.000	36.5	0	-200	0	4.5	5707.01	2501.37	1585.65	837.559	445.945	266.088	66.9586	3.44476	0	0	0	0	0	0	0	0	0	0	0	0	0
00.000,00.000	36.6	0	-200	0	4.5	5723.72	2510.65	1588.23	839.084	447.328	266.993	67.9278	3.50401	0	0	0	0	0	0	0	0	0	0	0	0	0
00.000,00.000	36.7	0	-200	0	4.5	5738.34	2518.86	1590.43	840.444	448.53	267.763	68.7462	3.55653	0	0	0	0	0	0	0	0	0	0	0	0	0
00.000,00.000	36.8	0	-200	0	4.5	5753.55	2527.46	1592.65	841.847	449.799	268.538	69.6342	3.61615	0	0	0	0	0	0	0	0	0	0	0	0	0
00.000,00.000	36.9	0	-200	0	4.5	5768.9	2536.17	1594.85	843.254	451.085	269.294	70.5805	3.6799	0	0	0	0	0	0	0	0	0	0	0	0	0
00.000,00.000	37	0	-200	0	4.5	5784.11	2544.87	1596.97	844.626	452.374	270.054	71.4771	3.73814	0	0	0	0	0	0	0	0	0	0	0	0	0
00.000,00.000	37.1	0	-200	0	4.5	5799.16	2553.62	1599.02	845.975	453.623	270.77	72.3488	3.7988	0	0	0	0	0	0	0	0	0	0	0	0	0
00.000,00.000	37.2	0	-200	0	4.5	5813.91	2562.27	1600.96	847.266	454.839	271.455	73.2542	3.86576	0	0	0	0	0	0	0	0	0	0	0	0	0
00.000,00.000	37.3	0	-200	0	4.5	5828.48	2570.84	1602.82	848.517	456.061	272.162	74.1495	3.93052	0	0	0	0	0	0	0	0	0	0	0	0	0
00.000,00.000	37.4	0	-200	0	4.5	5842.86	2579.46	1604.61	849.747	457.26	272.839	74.9582	3.98907	0	0	0	0	0	0	0	0	0	0	0	0	0
00.000,00.000	37.5	0	-200	0	4.5	5856.85	2587.89	1606.32	850.947	458.392	273.485	75.7635	4.05315	0	0	0	0	0	0	0	0	0	0	0	0	0
00.000,00.000	37.6	0	-200	0	4.5	5870.59	2596.21	1607.97	852.085	459.479	274.133	76.5902	4.11947	0	0	0	0	0	0	0	0	0	0	0	0	0
00.000,00.000	37.7	0	-200	0	4.5	5884.03	2604.41	1609.52	853.192	460.559	274.768	77.3937	4.18321	0	0	0	0	0	0	0	0	0	0	0	0	0
00.000,00.000	37.8	0	-200	0	4.5	5897.41	2612.69	1611.02	854.297	461.637	275.382	78.1199	4.25917	0	0	0	0	0	0	0	0	0	0	0	0	0
00.000,00.000	37.9	0	-200	0	4.5	5910.72	2620.97	1612.46	855.376	462.686	275.997	78.8914	4.3446	0	0	0	0	0	0	0	0	0	0	0	0	0
00.000,00.000	38	0	-200	0	4.5	5924.01	2629.29	1613.82	856.44	463.721	276.63	79.6747	4.43044	0	0	0	0	0	0	0	0	0	0	0	0	0
00.000,00.000	38.1	0	-200	0	4.5	5937.27	2637.74	1615.13	857.465	464.751	277.26	80.4033	4.51639	0	0	0	0	0	0	0	0	0	0	0	0	0
00.000,00.000	38.2	0	-200	0	4.5	5950.02	2645.88	1616.37	858.461	465.742	277.858	81.0931	4.60772	0	0	0	0	0	0	0	0	0	0	0	0	0
00.000,00.000	38.3	0	-200	0	4.5	5962.54	2653.87	1617.57	859.423	466.706	278.466	81.7856	4.7149	0	0	0	0	0	0	0	0	0	0	0	0	0
00.000,00.000	38.4	0	-200	0	4.5	5974.87	2661.79	1618.69	860.351	467.658	279.082	82.4752	4.82274	0	0	0	0	0	0	0	0	0	0	0	0	0
00.000,00.000	38.5	0	-200	0	4.5	5986.95	2669.66	1619.76	861.255	468.588	279.656	83.1021	4.92357	0	0	0	0	0	0	0	0	0	0	0	0	0
00.000,00.000	38.6	0	-200	0	4.5	5998.53	2677.38	1620.79	862.114	469.451	280.197	83.69	4.9146	0	0	0	0	0	0	0	0	0	0	0	0	0
00.000,00.000	38.7	0	-200	0	4.5	6009.87	2684.94	1621.75	862.93	470.294	280.744	84.2763	4.92734	0	0	0	0	0	0	0	0	0	0	0	0	0
00.000,00.000	38.8	0	-200	0	4.5	6021.14	2692.46	1622.69	863.719	471.125	281.307	84.849	4.99623	0	0	0	0	0	0	0	0	0	0	0	0	0
00.000,00.000	38.9	0	-200	0	4.5	6032.23	2699.89	1623.58	864.49	471.953	281.865	85.3643	5.08738	0	0	0	0	0	0	0	0	0	0	0	0	0
00.000,00.000	39	0	-200	0	4.5	6043.12	2707.21	1624.43	865.231	472.761	282.419	85.8931	5.17362	0	0	0	0	0	0	0	0	0	0	0	0	0
00.000,00.000	39.1	0	-200	0	4.5	6053.81	2714.42	1625.25	865.95	473.543	282.976	86.4084	5.26663	0	0	0	0	0	0	0	0	0	0	0	0	0
00.000,00.000	39.2	0	-200	0	4.5	6064.21	2721.46	1626.03	866.64	474.293	283.529	86.9036	5.36218	0	0	0	0	0	0	0	0	0	0	0	0	0
00.000,00.000	39.3	0	-200	0	4.5	6074.37	2728.38	1626.77	867.303	475.014	284.059	87.3665	5.46959	0	0	0	0	0	0	0	0	0	0	0	0	0
00.000,00.000	39.4	0	-200	0	4.5	6084.31	2735.15	1627.51	867.926	475.728	284.59	87.8201	5.58302	0	0	0	0	0	0	0	0	0	0	0	0	0
00.000,00.000	39.5	0	-200	0	4.5	6093.94	2741.81	1628.22	868.5	476.355	285.101	88.2579	5.69454	0	0	0	0	0	0	0	0	0	0	0	0	0
00.000,00.000	39.6	0	-200	0	4.5	6103.2	2748.31	1628.89	869.032	476.939	285.583	88.6434	5.80149	0	0	0	0	0	0	0	0	0	0	0	0	0
00.000,00.000	39.7	0	-200	0	4.5	6112.21	2754.67	1629.54	869.529	477.511	286.057	88.9968	5.91336	0	0	0	0	0	0	0	0	0	0	0	0	0
00.000,00.000	39.8	0	-200	0	4.5	6121.03	2760.88	1630.16	869.998	478.065	286.54	89.3457	6.03735	0	0	0	0	0	0	0	0	0	0	0	0	0
00.000,00.000	39.9	0	-200	0	4.5	6129.69	2766.97	1630.77	870.44	478.602	287.025	89.6775	6.20324	0	0	0	0	0	0	0	0	0	0	0	0	0
00.000,00.000	40	0	-200	0	4.5	6138.18	2772.94	1631.34	870.854	479.117	287.514	89.9958	6.41139	0	0	0	0	0	0	0	0	0	0	0	0	0
00.000,00.000	40.1	0	-200	0	4.5	6146.56	2778.84	1631.91	871.251	479.614	288.004	90.2935	6.64555	0	0	0	0	0	0	0	0	0	0	0	0	0
00.000,00.000	40.2	0	-200	0	4.5	6154.47	2784.54	1632.44	871.618	480.086	288.485	90.5633	6.73746	0	0	0	0	0	0	0	0	0	0	0	0	0
00.000,00.000	40.3	0	-200	0	4.5	6162.09	2790.07	1632.95	871.963	480.535	288.94	90.8129	6.8204	0	0	0	0	0	0	0	0	0	0	0	0	0
00.000,00.000	40.4	0	-200	0	4.5	6169.46	2795.46	1633.43	872.285	480.953	289.392	91.0447	6.89735	0	0	0	0	0	0	0	0	0	0	0	0	0
00.000,00.000	40.5	0	-200	0	4.5	6176.63	2800.72	1633.9	872.586	481.352	289.841	91.2487	6.97367	0	0	0	0	0	0	0	0	0	0	0	0	0
00.000,00.000	40.6	0	-200	0	4.5	6183.47	2805.79	1634.36	872.855	481.721	290.264	91.4276	7.04776	0	0	0	0	0	0	0	0	0	0	0	0	0
00.000,00.000	40.7	0	-200	0	4.5	6189.97	2810.63	1634.8	873.1	482.068	290.669	91.5914	7.11234	0	0	0	0	0	0	0	0	0	0	0	0	0
00.000,00.000	40.8	0	-200	0	4.5	6196.3	2815.34	1635.24	873.323	482.4	291.075	91.7455	7.17261	0	0	0	0	0	0	0	0	0	0	0	0	0
00.000,00.000	40.9	0	-200	0	4.5	6202.54	2819.96	1635.73	873.529	482.723	291.477	91.8901	7.23354	0	0	0	0	0	0	0	0	0	0	0	0	0
00.000,00.000	41	0	-200	0	4.5	6208.5	2824.37	1636.2	873.713	483.022	291.872	92.0194	7.29177	0	0	0	0	0	0	0	0	0	0	0	0	0
00.000,00.000	41.1	0	-200	0	4.5	6214.24	2828.65	1636.66	873.88	483.309	292.259	92.1351	7.34727	0	0	0	0	0	0	0	0	0	0	0	0	0
00.000,00.000	41.2	0	-200	0	4.5	6219.83	2832.77	1637.17	874.033	483.585	292.634	92.2457	7.39795	0	0	0	0	0	0	0	0	0	0	0	0	0
00.000,00.000	41.3	0	-200	0	4.5	6225.22	2836.7	1637.71	874.169	483.837	293.013	92.3488	7.44607	0	0	0	0	0	0	0	0	0	0	0	0	0
00.000,00.000	41.4	0	-200	0	4.5	6230.38	2840.36	1638.33	874.297	484.073	293.382	92.4463	7.49228	0	0	0	0	0	0	0	0	0	0	0	0	0
00.000,00.000	41.5	0	-200	0	4.5	6235.29	2843.86	1638.93	874.41	484.294	293.732	92.5369	7.53566	0	0	0	0	0	0	0	0	0	0	0	0	0
00.000,00.000	41.6	0	-200	0	4.5	6240	2847.23	1639.51	874.508	484.501	294.061	92.6201	7.57271	0	0	0	0	0	0	0	0	0	0	0	0	0
00.000,00.000	41.7	0	-200	0	4.5	6244.46	2850.41	1640.09	874.592	484.694	294.381	92.6963	7.606	0	0	0	0	0	0	0	0	0	0	0	0	0
00.000,00.000	41.8	0	-200	0	4.5	6248.7	2853.39	1640.68	874.664	484.876	294.695	92.7694	7.63748	0	0	0	0	0	0	0	0	0	0	0	0	0
00.000,00.000	41.9	0	-200	0	4.5	6252.77	2856.14	1641.34	874.725	485.05	295.005	92.8451	7.66702	0	0	0	0	0	0	0	0	0	0	0	0	0
00.000,00.000	42	0	-200	0	4.5	6256.69	2858.64	1642.13	874.778	485.214	295.315	92.9209	7.69445	0	0	0	0	0	0	0	0	0	0	0	0	0