
label	time(d)	x	depth	z	radius	total	0-10	10-20	20-30	30-40	40-50	50-60	60-70	70-80	80-90	90-100	100-110	110-120	120-130	130-140	140-150	150-160	160-170	170-180	180-190	190-200
05.500,00.000	0	5.5	-200	0	4.5	0	0	0	0	0	0	0	0	0	0	0	0	0	0	0	0	0	0	0	0	0
05.500,00.000	0.1	5.5	-200	0	4.5	0	0	0	0	0	0	0	0	0	0	0	0	0	0	0	0	0	0	0	0	0
05.500,00.000	0.2	5.5	-200	0	4.5	0	0	0	0	0	0	0	0	0	0	0	0	0	0	0	0	0	0	0	0	0
05.500,00.000	0.3	5.5	-200	0	4.5	0	0	0	0	0	0	0	0	0	0	0	0	0	0	0	0	0	0	0	0	0
05.500,00.000	0.4	5.5	-200	0	4.5	0	0	0	0	0	0	0	0	0	0	0	0	0	0	0	0	0	0	0	0	0
05.500,00.000	0.5	5.5	-200	0	4.5	0	0	0	0	0	0	0	0	0	0	0	0	0	0	0	0	0	0	0	0	0
05.500,00.000	0.6	5.5	-200	0	4.5	0	0	0	0	0	0	0	0	0	0	0	0	0	0	0	0	0	0	0	0	0
05.500,00.000	0.7	5.5	-200	0	4.5	0	0	0	0	0	0	0	0	0	0	0	0	0	0	0	0	0	0	0	0	0
05.500,00.000	0.8	5.5	-200	0	4.5	0	0	0	0	0	0	0	0	0	0	0	0	0	0	0	0	0	0	0	0	0
05.500,00.000	0.9	5.5	-200	0	4.5	0	0	0	0	0	0	0	0	0	0	0	0	0	0	0	0	0	0	0	0	0
05.500,00.000	1	5.5	-200	0	4.5	0	0	0	0	0	0	0	0	0	0	0	0	0	0	0	0	0	0	0	0	0
05.500,00.000	1.1	5.5	-200	0	4.5	0	0	0	0	0	0	0	0	0	0	0	0	0	0	0	0	0	0	0	0	0
05.500,00.000	1.2	5.5	-200	0	4.5	0	0	0	0	0	0	0	0	0	0	0	0	0	0	0	0	0	0	0	0	0
05.500,00.000	1.3	5.5	-200	0	4.5	0	0	0	0	0	0	0	0	0	0	0	0	0	0	0	0	0	0	0	0	0
05.500,00.000	1.4	5.5	-200	0	4.5	0	0	0	0	0	0	0	0	0	0	0	0	0	0	0	0	0	0	0	0	0
05.500,00.000	1.5	5.5	-200	0	4.5	0	0	0	0	0	0	0	0	0	0	0	0	0	0	0	0	0	0	0	0	0
05.500,00.000	1.6	5.5	-200	0	4.5	0	0	0	0	0	0	0	0	0	0	0	0	0	0	0	0	0	0	0	0	0
05.500,00.000	1.7	5.5	-200	0	4.5	0	0	0	0	0	0	0	0	0	0	0	0	0	0	0	0	0	0	0	0	0
05.500,00.000	1.8	5.5	-200	0	4.5	0	0	0	0	0	0	0	0	0	0	0	0	0	0	0	0	0	0	0	0	0
05.500,00.000	1.9	5.5	-200	0	4.5	0	0	0	0	0	0	0	0	0	0	0	0	0	0	0	0	0	0	0	0	0
05.500,00.000	2	5.5	-200	0	4.5	0	0	0	0	0	0	0	0	0	0	0	0	0	0	0	0	0	0	0	0	0
05.500,00.000	2.1	5.5	-200	0	4.5	0	0	0	0	0	0	0	0	0	0	0	0	0	0	0	0	0	0	0	0	0
05.500,00.000	2.2	5.5	-200	0	4.5	0	0	0	0	0	0	0	0	0	0	0	0	0	0	0	0	0	0	0	0	0
05.500,00.000	2.3	5.5	-200	0	4.5	0	0	0	0	0	0	0	0	0	0	0	0	0	0	0	0	0	0	0	0	0
05.500,00.000	2.4	5.5	-200	0	4.5	0	0	0	0	0	0	0	0	0	0	0	0	0	0	0	0	0	0	0	0	0
05.500,00.000	2.5	5.5	-200	0	4.5	0	0	0	0	0	0	0	0	0	0	0	0	0	0	0	0	0	0	0	0	0
05.500,00.000	2.6	5.5	-200	0	4.5	0	0	0	0	0	0	0	0	0	0	0	0	0	0	0	0	0	0	0	0	0
05.500,00.000	2.7	5.5	-200	0	4.5	0	0	0	0	0	0	0	0	0	0	0	0	0	0	0	0	0	0	0	0	0
05.500,00.000	2.8	5.5	-200	0	4.5	0.0492907	0.0492907	0	0	0	0	0	0	0	0	0	0	0	0	0	0	0	0	0	0	0
05.500,00.000	2.9	5.5	-200	0	4.5	0.26644	0.26644	0	0	0	0	0	0	0	0	0	0	0	0	0	0	0	0	0	0	0
05.500,00.000	3	5.5	-200	0	4.5	0.507713	0.507713	0	0	0	0	0	0	0	0	0	0	0	0	0	0	0	0	0	0	0
05.500,00.000	3.1	5.5	-200	0	4.5	0.760753	0.760753	0	0	0	0	0	0	0	0	0	0	0	0	0	0	0	0	0	0	0
05.500,00.000	3.2	5.5	-200	0	4.5	1.01519	1.01519	0	0	0	0	0	0	0	0	0	0	0	0	0	0	0	0	0	0	0
05.500,00.000	3.3	5.5	-200	0	4.5	1.27089	1.27089	0	0	0	0	0	0	0	0	0	0	0	0	0	0	0	0	0	0	0
05.500,00.000	3.4	5.5	-200	0	4.5	1.68751	1.68751	0	0	0	0	0	0	0	0	0	0	0	0	0	0	0	0	0	0	0
05.500,00.000	3.5	5.5	-200	0	4.5	2.14554	2.14554	0	0	0	0	0	0	0	0	0	0	0	0	0	0	0	0	0	0	0
05.500,00.000	3.6	5.5	-200	0	4.5	2.59589	2.59589	0	0	0	0	0	0	0	0	0	0	0	0	0	0	0	0	0	0	0
05.500,00.000	3.7	5.5	-200	0	4.5	3.05234	3.05234	0	0	0	0	0	0	0	0	0	0	0	0	0	0	0	0	0	0	0
05.500,00.000	3.8	5.5	-200	0	4.5	3.51391	3.51391	0	0	0	0	0	0	0	0	0	0	0	0	0	0	0	0	0	0	0
05.500,00.000	3.9	5.5	-200	0	4.5	3.97639	3.97639	0	0	0	0	0	0	0	0	0	0	0	0	0	0	0	0	0	0	0
05.500,00.000	4	5.5	-200	0	4.5	4.44074	4.44074	0	0	0	0	0	0	0	0	0	0	0	0	0	0	0	0	0	0	0
05.500,00.000	4.1	5.5	-200	0	4.5	4.90704	4.90704	0	0	0	0	0	0	0	0	0	0	0	0	0	0	0	0	0	0	0
05.500,00.000	4.2	5.5	-200	0	4.5	5.37526	5.37526	0	0	0	0	0	0	0	0	0	0	0	0	0	0	0	0	0	0	0
05.500,00.000	4.3	5.5	-200	0	4.5	5.84441	5.84441	0	0	0	0	0	0	0	0	0	0	0	0	0	0	0	0	0	0	0
05.500,00.000	4.4	5.5	-200	0	4.5	6.31443	6.31443	0	0	0	0	0	0	0	0	0	0	0	0	0	0	0	0	0	0	0
05.500,00.000	4.5	5.5	-200	0	4.5	6.78318	6.78318	0	0	0	0	0	0	0	0	0	0	0	0	0	0	0	0	0	0	0
05.500,00.000	4.6	5.5	-200	0	4.5	7.24998	7.24998	0	0	0	0	0	0	0	0	0	0	0	0	0	0	0	0	0	0	0
05.500,00.000	4.7	5.5	-200	0	4.5	7.7149	7.7149	0	0	0	0	0	0	0	0	0	0	0	0	0	0	0	0	0	0	0
05.500,00.000	4.8	5.5	-200	0	4.5	8.1782	8.1782	0	0	0	0	0	0	0	0	0	0	0	0	0	0	0	0	0	0	0
05.500,00.000	4.9	5.5	-200	0	4.5	8.64119	8.64119	0	0	0	0	0	0	0	0	0	0	0	0	0	0	0	0	0	0	0
05.500,00.000	5	5.5	-200	0	4.5	9.10412	9.10412	0	0	0	0	0	0	0	0	0	0	0	0	0	0	0	0	0	0	0
05.500,00.000	5.1	5.5	-200	0	4.5	9.5669	9.5669	0	0	0	0	0	0	0	0	0	0	0	0	0	0	0	0	0	0	0
05.500,00.000	5.2	5.5	-200	0	4.5	10.0293	10.0293	0	0	0	0	0	0	0	0	0	0	0	0	0	0	0	0	0	0	0
05.500,00.000	5.3	5.5	-200	0	4.5	10.492	10.492	0	0	0	0	0	0	0	0	0	0	0	0	0	0	0	0	0	0	0
05.500,00.000	5.4	5.5	-200	0	4.5	10.9544	10.9544	0	0	0	0	0	0	0	0	0	0	0	0	0	0	0	0	0	0	0
05.500,00.000	5.5	5.5	-200	0	4.5	11.4147	11.4147	0	0	0	0	0	0	0	0	0	0	0	0	0	0	0	0	0	0	0
05.500,00.000	5.6	5.5	-200	0	4.5	11.6827	11.6827	0	0	0	0	0	0	0	0	0	0	0	0	0	0	0	0	0	0	0
05.500,00.000	5.7	5.5	-200	0	4.5	11.9337	11.9337	0	0	0	0	0	0	0	0	0	0	0	0	0	0	0	0	0	0	0
05.500,00.000	5.8	5.5	-200	0	4.5	12.1879	12.1879	0	0	0	0	0	0	0	0	0	0	0	0	0	0	0	0	0	0	0
05.500,00.000	5.9	5.5	-200	0	4.5	12.4426	12.4426	0	0	0	0	0	0	0	0	0	0	0	0	0	0	0	0	0	0	0
05.500,00.000	6	5.5	-200	0	4.5	12.6965	12.6965	0	0	0	0	0	0	0	0	0	0	0	0	0	0	0	0	0	0	0
05.500,00.000	6.1	5.5	-200	0	4.5	12.95	12.95	0	0	0	0	0	0	0	0	0	0	0	0	0	0	0	0	0	0	0
05.500,00.000	6.2	5.5	-200	0	4.5	13.2035	13.2035	0	0	0	0	0	0	0	0	0	0	0	0	0	0	0	0	0	0	0
05.500,00.000	6.3	5.5	-200	0	4.5	13.457	13.457	0	0	0	0	0	0	0	0	0	0	0	0	0	0	0	0	0	0	0
05.500,00.000	6.4	5.5	-200	0	4.5	13.7112	13.7112	0	0	0	0	0	0	0	0	0	0	0	0	0	0	0	0	0	0	0
05.500,00.000	6.5	5.5	-200	0	4.5	13.9654	13.9654	0	0	0	0	0	0	0	0	0	0	0	0	0	0	0	0	0	0	0
05.500,00.000	6.6	5.5	-200	0	4.5	14.2198	14.0615	0.158276	0	0	0	0	0	0	0	0	0	0	0	0	0	0	0	0	0	0
05.500,00.000	6.7	5.5	-200	0	4.5	14.4743	14.06	0.414237	0	0	0	0	0	0	0	0	0	0	0	0	0	0	0	0	0	0
05.500,00.000	6.8	5.5	-200	0	4.5	14.7292	14.0564	0.672816	0	0	0	0	0	0	0	0	0	0	0	0	0	0	0	0	0	0
05.500,00.000	6.9	5.5	-200	0	4.5	14.984	14.0564	0.927656	0	0	0	0	0	0	0	0	0	0	0	0	0	0	0	0	0	0
05.500,00.000	7	5.5	-200	0	4.5	15.2392	14.0564	1.18281	0	0	0	0	0	0	0	0	0	0	0	0	0	0	0	0	0	0
05.500,00.000	7.1	5.5	-200	0	4.5	15.2481	14.0564	1.19175	0	0	0	0	0	0	0	0	0	0	0	0	0	0	0	0	0	0
05.500,00.000	7.2	5.5	-200	0	4.5	15.252	14.0585	1.19352	0	0	0	0	0	0	0	0	0	0	0	0	0	0	0	0	0	0
05.500,00.000	7.3	5.5	-200	0	4.5	15.2567	14.0632	1.19352	0	0	0	0	0	0	0	0	0	0	0	0	0	0	0	0	0	0
05.500,00.000	7.4	5.5	-200	0	4.5	15.2647	14.0712	1.19352	0	0	0	0	0	0	0	0	0	0	0	0	0	0	0	0	0	0
05.500,00.000	7.5	5.5	-200	0	4.5	15.277	14.0835	1.19352	0	0	0	0	0	0	0	0	0	0	0	0	0	0	0	0	0	0
05.500,00.000	7.6	5.5	-200	0	4.5	15.2949	14.1014	1.19352	0	0	0	0	0	0	0	0	0	0	0	0	0	0	0	0	0	0
05.500,00.000	7.7	5.5	-200	0	4.5	15.3207	14.1271	1.19352	0	0	0	0	0	0	0	0	0	0	0	0	0	0	0	0	0	0
05.500,00.000	7.8	5.5	-200	0	4.5	15.3545	14.161	1.19352	0	0	0	0	0	0	0	0	0	0	0	0	0	0	0	0	0	0
05.500,00.000	7.9	5.5	-200	0	4.5	15.3978	14.2043	1.19352	0	0	0	0	0	0	0	0	0	0	0	0	0	0	0	0	0	0
05.500,00.000	8	5.5	-200	0	4.5	15.4519	14.2584	1.19352	0	0	0	0	0	0	0	0	0	0	0	0	0	0	0	0	0	0
05.500,00.000	8.1	5.5	-200	0	4.5	15.5183	14.3248	1.19352	0	0	0	0	0	0	0	0	0	0	0	0	0	0	0	0	0	0
05.500,00.000	8.2	5.5	-200	0	4.5	15.5972	14.4037	1.19352	0	0	0	0	0	0	0	0	0	0	0	0	0	0	0	0	0	0
05.500,00.000	8.3	5.5	-200	0	4.5	15.689	14.4955	1.19352	0	0	0	0	0	0	0	0	0	0	0	0	0	0	0	0	0	0
05.500,00.000	8.4	5.5	-200	0	4.5	15.7933	14.5998	1.19352	0	0	0	0	0	0	0	0	0	0	0	0	0	0	0	0	0	0
05.500,00.000	8.5	5.5	-200	0	4.5	15.9097	14.7162	1.19352	0	0	0	0	0	0	0	0	0	0	0	0	0	0	0	0	0	0
05.500,00.000	8.6	5.5	-200	0	4.5	16.0405	14.847	1.19352	0	0	0	0	0	0	0	0	0	0	0	0	0	0	0	0	0	0
05.500,00.000	8.7	5.5	-200	0	4.5	16.185	14.9915	1.19352	0	0	0	0	0	0	0	0	0	0	0	0	0	0	0	0	0	0
05.500,00.000	8.8	5.5	-200	0	4.5	16.3453	15.1518	1.19352	0	0	0	0	0	0	0	0	0	0	0	0	0	0	0	0	0	0
05.500,00.000	8.9	5.5	-200	0	4.5	16.5233	15.3298	1.19352	0	0	0	0	0	0	0	0	0	0	0	0	0	0	0	0	0	0
05.500,00.000	9	5.5	-200	0	4.5	16.7194	15.5259	1.19352	0	0	0	0	0	0	0	0	0	0	0	0	0	0	0	0	0	0
05.500,00.000	9.1	5.5	-200	0	4.5	16.9155	15.722	1.19352	0	0	0	0	0	0	0	0	0	0	0	0	0	0	0	0	0	0
05.500,00.000	9.2	5.5	-200	0	4.5	17.1329	15.9394	1.19352	0	0	0	0	0	0	0	0	0	0	0	0	0	0	0	0	0	0
05.500,00.000	9.3	5.5	-200	0	4.5	17.3758	16.1823	1.19352	0	0	0	0	0	0	0	0	0	0	0	0	0	0	0	0	0	0
05.500,00.000	9.4	5.5	-200	0	4.5	17.6441	16.4506	1.19352	0	0	0	0	0	0	0	0	0	0	0	0	0	0	0	0	0	0
05.500,00.000	9.5	5.5	-200	0	4.5	17.9737	16.7801	1.19352	0	0	0	0	0	0	0	0	0	0	0	0	0	0	0	0	0	0
05.500,00.000	9.6	5.5	-200	0	4.5	18.3598	17.1663	1.19352	0	0	0	0	0	0	0	0	0	0	0	0	0	0	0	0	0	0
05.500,00.000	9.7	5.5	-200	0	4.5	18.7717	17.5782	1.19352	0	0	0	0	0	0	0	0	0	0	0	0	0	0	0	0	0	0
05.500,00.000	9.8	5.5	-200	0	4.5	19.2134	18.0199	1.19352	0	0	0	0	0	0	0	0	0	0	0	0	0	0	0	0	0	0
05.500,00.000	9.9	5.5	-200	0	4.5	19.6899	18.4963	1.19352	0	0	0	0	0	0	0	0	0	0	0	0	0	0	0	0	0	0
05.500,00.000	10	5.5	-200	0	4.5	20.2019	19.0083	1.19352	0	0	0	0	0	0	0	0	0	0	0	0	0	0	0	0	0	0
05.500,00.000	10.1	5.5	-200	0	4.5	20.7844	19.5909	1.19352	0	0	0	0	0	0	0	0	0	0	0	0	0	0	0	0	0	0
05.500,00.000	10.2	5.5	-200	0	4.5	21.4369	20.2433	1.19352	0	0	0	0	0	0	0	0	0	0	0	0	0	0	0	0	0	0
05.500,00.000	10.3	5.5	-200	0	4.5	22.1303	20.9368	1.19352	0	0	0	0	0	0	0	0	0	0	0	0	0	0	0	0	0	0
05.500,00.000	10.4	5.5	-200	0	4.5	22.8672	21.6737	1.19352	0	0	0	0	0	0	0	0	0	0	0	0	0	0	0	0	0	0
05.500,00.000	10.5	5.5	-200	0	4.5	23.6399	22.4463	1.19352	0	0	0	0	0	0	0	0	0	0	0	0	0	0	0	0	0	0
05.500,00.000	10.6	5.5	-200	0	4.5	24.4399	23.2464	1.19352	0	0	0	0	0	0	0	0	0	0	0	0	0	0	0	0	0	0
05.500,00.000	10.7	5.5	-200	0	4.5	25.2787	24.0852	1.19352	0	0	0	0	0	0	0	0	0	0	0	0	0	0	0	0	0	0
05.500,00.000	10.8	5.5	-200	0	4.5	26.1555	24.962	1.19352	0	0	0	0	0	0	0	0	0	0	0	0	0	0	0	0	0	0
05.500,00.000	10.9	5.5	-200	0	4.5	27.0832	25.8897	1.19352	0	0	0	0	0	0	0	0	0	0	0	0	0	0	0	0	0	0
05.500,00.000	11	5.5	-200	0	4.5	28.0613	26.8675	1.19376	0	0	0	0	0	0	0	0	0	0	0	0	0	0	0	0	0	0
05.500,00.000	11.1	5.5	-200	0	4.5	29.2864	28.0883	1.19814	0	0	0	0	0	0	0	0	0	0	0	0	0	0	0	0	0	0
05.500,00.000	11.2	5.5	-200	0	4.5	30.4763	29.2686	1.20772	0	0	0	0	0	0	0	0	0	0	0	0	0	0	0	0	0	0
05.500,00.000	11.3	5.5	-200	0	4.5	31.6993	30.4761	1.22317	0	0	0	0	0	0	0	0	0	0	0	0	0	0	0	0	0	0
05.500,00.000	11.4	5.5	-200	0	4.5	32.9814	31.734	1.2474	0	0	0	0	0	0	0	0	0	0	0	0	0	0	0	0	0	0
05.500,00.000	11.5	5.5	-200	0	4.5	34.3104	33.0307	1.27974	0	0	0	0	0	0	0	0	0	0	0	0	0	0	0	0	0	0
05.500,00.000	11.6	5.5	-200	0	4.5	35.6664	34.3465	1.31995	0	0	0	0	0	0	0	0	0	0	0	0	0	0	0	0	0	0
05.500,00.000	11.7	5.5	-200	0	4.5	37.0616	35.6928	1.36875	0	0	0	0	0	0	0	0	0	0	0	0	0	0	0	0	0	0
05.500,00.000	11.8	5.5	-200	0	4.5	38.5009	37.0748	1.42611	0	0	0	0	0	0	0	0	0	0	0	0	0	0	0	0	0	0
05.500,00.000	11.9	5.5	-200	0	4.5	39.991	38.4943	1.49665	0	0	0	0	0	0	0	0	0	0	0	0	0	0	0	0	0	0
05.500,00.000	12	5.5	-200	0	4.5	41.5314	39.9404	1.591	0	0	0	0	0	0	0	0	0	0	0	0	0	0	0	0	0	0
05.500,00.000	12.1	5.5	-200	0	4.5	43.1396	41.4414	1.69815	0	0	0	0	0	0	0	0	0	0	0	0	0	0	0	0	0	0
05.500,00.000	12.2	5.5	-200	0	4.5	44.8247	43.0137	1.811	0	0	0	0	0	0	0	0	0	0	0	0	0	0	0	0	0	0
05.500,00.000	12.3	5.5	-200	0	4.5	46.6185	44.6888	1.92977	0	0	0	0	0	0	0	0	0	0	0	0	0	0	0	0	0	0
05.500,00.000	12.4	5.5	-200	0	4.5	48.4862	46.4305	2.05563	0	0	0	0	0	0	0	0	0	0	0	0	0	0	0	0	0	0
05.500,00.000	12.5	5.5	-200	0	4.5	50.3826	48.1966	2.18599	0	0	0	0	0	0	0	0	0	0	0	0	0	0	0	0	0	0
05.500,00.000	12.6	5.5	-200	0	4.5	52.6072	50.2735	2.33375	0	0	0	0	0	0	0	0	0	0	0	0	0	0	0	0	0	0
05.500,00.000	12.7	5.5	-200	0	4.5	55.1669	52.3731	2.79376	0	0	0	0	0	0	0	0	0	0	0	0	0	0	0	0	0	0
05.500,00.000	12.8	5.5	-200	0	4.5	57.3023	54.0853	3.21698	0	0	0	0	0	0	0	0	0	0	0	0	0	0	0	0	0	0
05.500,00.000	12.9	5.5	-200	0	4.5	59.5788	55.9349	3.6439	0	0	0	0	0	0	0	0	0	0	0	0	0	0	0	0	0	0
05.500,00.000	13	5.5	-200	0	4.5	61.9394	57.8519	4.08751	0	0	0	0	0	0	0	0	0	0	0	0	0	0	0	0	0	0
05.500,00.000	13.1	5.5	-200	0	4.5	64.3286	59.7942	4.53441	0	0	0	0	0	0	0	0	0	0	0	0	0	0	0	0	0	0
05.500,00.000	13.2	5.5	-200	0	4.5	66.7745	61.8109	4.96356	0	0	0	0	0	0	0	0	0	0	0	0	0	0	0	0	0	0
05.500,00.000	13.3	5.5	-200	0	4.5	69.2938	63.9014	5.39238	0	0	0	0	0	0	0	0	0	0	0	0	0	0	0	0	0	0
05.500,00.000	13.4	5.5	-200	0	4.5	71.9187	66.097	5.82166	0	0	0	0	0	0	0	0	0	0	0	0	0	0	0	0	0	0
05.500,00.000	13.5	5.5	-200	0	4.5	74.5884	68.3334	6.25502	0	0	0	0	0	0	0	0	0	0	0	0	0	0	0	0	0	0
05.500,00.000	13.6	5.5	-200	0	4.5	77.5895	70.8437	6.7458	0	0	0	0	0	0	0	0	0	0	0	0	0	0	0	0	0	0
05.500,00.000	13.7	5.5	-200	0	4.5	80.3404	73.126	7.21443	0	0	0	0	0	0	0	0	0	0	0	0	0	0	0	0	0	0
05.500,00.000	13.8	5.5	-200	0	4.5	82.7842	75.1223	7.66191	0	0	0	0	0	0	0	0	0	0	0	0	0	0	0	0	0	0
05.500,00.000	13.9	5.5	-200	0	4.5	85.7299	77.5366	8.19329	0	0	0	0	0	0	0	0	0	0	0	0	0	0	0	0	0	0
05.500,00.000	14	5.5	-200	0	4.5	88.6696	79.9515	8.7181	0	0	0	0	0	0	0	0	0	0	0	0	0	0	0	0	0	0
05.500,00.000	14.1	5.5	-200	0	4.5	91.5956	82.3589	9.23673	0	0	0	0	0	0	0	0	0	0	0	0	0	0	0	0	0	0
05.500,00.000	14.2	5.5	-200	0	4.5	94.5784	84.8168	9.76167	0	0	0	0	0	0	0	0	0	0	0	0	0	0	0	0	0	0
05.500,00.000	14.3	5.5	-200	0	4.5	97.6371	87.3446	10.2925	0	0	0	0	0	0	0	0	0	0	0	0	0	0	0	0	0	0
05.500,00.000	14.4	5.5	-200	0	4.5	100.73	89.9013	10.8285	0	0	0	0	0	0	0	0	0	0	0	0	0	0	0	0	0	0
05.500,00.000	14.5	5.5	-200	0	4.5	104.044	92.6404	11.4035	0	0	0	0	0	0	0	0	0	0	0	0	0	0	0	0	0	0
05.500,00.000	14.6	5.5	-200	0	4.5	107.911	95.8323	12.0786	0	0	0	0	0	0	0	0	0	0	0	0	0	0	0	0	0	0
05.500,00.000	14.7	5.5	-200	0	4.5	110.997	98.3767	12.6204	0	0	0	0	0	0	0	0	0	0	0	0	0	0	0	0	0	0
05.500,00.000	14.8	5.5	-200	0	4.5	113.512	100.449	13.0629	0	0	0	0	0	0	0	0	0	0	0	0	0	0	0	0	0	0
05.500,00.000	14.9	5.5	-200	0	4.5	116.502	102.922	13.5797	0	0	0	0	0	0	0	0	0	0	0	0	0	0	0	0	0	0
05.500,00.000	15	5.5	-200	0	4.5	120.001	105.821	14.1796	0	0	0	0	0	0	0	0	0	0	0	0	0	0	0	0	0	0
05.500,00.000	15.1	5.5	-200	0	4.5	123.338	108.589	14.7488	0	0	0	0	0	0	0	0	0	0	0	0	0	0	0	0	0	0
05.500,00.000	15.2	5.5	-200	0	4.5	126.599	111.281	15.318	0	0	0	0	0	0	0	0	0	0	0	0	0	0	0	0	0	0
05.500,00.000	15.3	5.5	-200	0	4.5	129.887	113.986	15.901	0	0	0	0	0	0	0	0	0	0	0	0	0	0	0	0	0	0
05.500,00.000	15.4	5.5	-200	0	4.5	133.236	116.748	16.4881	0	0	0	0	0	0	0	0	0	0	0	0	0	0	0	0	0	0
05.500,00.000	15.5	5.5	-200	0	4.5	138.033	120.724	17.3085	0	0	0	0	0	0	0	0	0	0	0	0	0	0	0	0	0	0
05.500,00.000	15.6	5.5	-200	0	4.5	141.131	123.296	17.8353	0	0	0	0	0	0	0	0	0	0	0	0	0	0	0	0	0	0
05.500,00.000	15.7	5.5	-200	0	4.5	144.716	126.28	18.4359	0	0	0	0	0	0	0	0	0	0	0	0	0	0	0	0	0	0
05.500,00.000	15.8	5.5	-200	0	4.5	148.841	129.763	19.0787	0	0	0	0	0	0	0	0	0	0	0	0	0	0	0	0	0	0
05.500,00.000	15.9	5.5	-200	0	4.5	150.218	130.932	19.2863	0	0	0	0	0	0	0	0	0	0	0	0	0	0	0	0	0	0
05.500,00.000	16	5.5	-200	0	4.5	153.902	134.042	19.6608	0.199924	0	0	0	0	0	0	0	0	0	0	0	0	0	0	0	0	0
05.500,00.000	16.1	5.5	-200	0	4.5	157.331	136.941	19.8802	0.509333	0	0	0	0	0	0	0	0	0	0	0	0	0	0	0	0	0
05.500,00.000	16.2	5.5	-200	0	4.5	160.432	139.563	20.0816	0.788207	0	0	0	0	0	0	0	0	0	0	0	0	0	0	0	0	0
05.500,00.000	16.3	5.5	-200	0	4.5	163.466	142.091	20.309	1.06656	0	0	0	0	0	0	0	0	0	0	0	0	0	0	0	0	0
05.500,00.000	16.4	5.5	-200	0	4.5	166.386	144.437	20.6046	1.34415	0	0	0	0	0	0	0	0	0	0	0	0	0	0	0	0	0
05.500,00.000	16.5	5.5	-200	0	4.5	171.787	148.772	21.1605	1.85503	0	0	0	0	0	0	0	0	0	0	0	0	0	0	0	0	0
05.500,00.000	16.6	5.5	-200	0	4.5	173.466	150.119	21.3321	2.01526	0	0	0	0	0	0	0	0	0	0	0	0	0	0	0	0	0
05.500,00.000	16.7	5.5	-200	0	4.5	176.885	152.814	21.7224	2.34819	0	0	0	0	0	0	0	0	0	0	0	0	0	0	0	0	0
05.500,00.000	16.8	5.5	-200	0	4.5	178.509	154.102	21.9003	2.50648	0	0	0	0	0	0	0	0	0	0	0	0	0	0	0	0	0
05.500,00.000	16.9	5.5	-200	0	4.5	179.254	154.687	21.9866	2.57975	0	0	0	0	0	0	0	0	0	0	0	0	0	0	0	0	0
05.500,00.000	17	5.5	-200	0	4.5	182.969	157.572	22.4464	2.95031	0	0	0	0	0	0	0	0	0	0	0	0	0	0	0	0	0
05.500,00.000	17.1	5.5	-200	0	4.5	186.061	159.956	22.8434	3.26223	0	0	0	0	0	0	0	0	0	0	0	0	0	0	0	0	0
05.500,00.000	17.2	5.5	-200	0	4.5	188.71	161.976	23.2012	3.53247	0	0	0	0	0	0	0	0	0	0	0	0	0	0	0	0	0
05.500,00.000	17.3	5.5	-200	0	4.5	191.322	163.952	23.5682	3.80198	0	0	0	0	0	0	0	0	0	0	0	0	0	0	0	0	0
05.500,00.000	17.4	5.5	-200	0	4.5	193.892	165.878	23.9432	4.07087	0	0	0	0	0	0	0	0	0	0	0	0	0	0	0	0	0
05.500,00.000	17.5	5.5	-200	0	4.5	199.39	169.954	24.7804	4.65585	0	0	0	0	0	0	0	0	0	0	0	0	0	0	0	0	0
05.500,00.000	17.6	5.5	-200	0	4.5	201.869	171.767	25.1764	4.92528	0	0	0	0	0	0	0	0	0	0	0	0	0	0	0	0	0
05.500,00.000	17.7	5.5	-200	0	4.5	202.517	172.234	25.285	4.99806	0	0	0	0	0	0	0	0	0	0	0	0	0	0	0	0	0
05.500,00.000	17.8	5.5	-200	0	4.5	205.049	174.007	25.7423	5.29918	0	0	0	0	0	0	0	0	0	0	0	0	0	0	0	0	0
05.500,00.000	17.9	5.5	-200	0	4.5	205.669	174.431	25.8627	5.37567	0	0	0	0	0	0	0	0	0	0	0	0	0	0	0	0	0
05.500,00.000	18	5.5	-200	0	4.5	209.622	177.12	26.6453	5.85745	0	0	0	0	0	0	0	0	0	0	0	0	0	0	0	0	0
05.500,00.000	18.1	5.5	-200	0	4.5	212.347	178.938	27.2123	6.19726	0	0	0	0	0	0	0	0	0	0	0	0	0	0	0	0	0
05.500,00.000	18.2	5.5	-200	0	4.5	214.403	180.291	27.6552	6.45628	0	0	0	0	0	0	0	0	0	0	0	0	0	0	0	0	0
05.500,00.000	18.3	5.5	-200	0	4.5	216.441	181.612	28.1122	6.71667	0	0	0	0	0	0	0	0	0	0	0	0	0	0	0	0	0
05.500,00.000	18.4	5.5	-200	0	4.5	218.504	182.944	28.5829	6.97666	0	0	0	0	0	0	0	0	0	0	0	0	0	0	0	0	0
05.500,00.000	18.5	5.5	-200	0	4.5	225.613	187.587	30.1759	7.84983	0	0	0	0	0	0	0	0	0	0	0	0	0	0	0	0	0
05.500,00.000	18.6	5.5	-200	0	4.5	227.002	188.49	30.4889	8.02312	0	0	0	0	0	0	0	0	0	0	0	0	0	0	0	0	0
05.500,00.000	18.7	5.5	-200	0	4.5	240.692	197.091	33.7699	9.83076	0	0	0	0	0	0	0	0	0	0	0	0	0	0	0	0	0
05.500,00.000	18.8	5.5	-200	0	4.5	244.038	199.126	34.6723	10.0885	0.15158	0	0	0	0	0	0	0	0	0	0	0	0	0	0	0	0
05.500,00.000	18.9	5.5	-200	0	4.5	250.621	202.861	36.6973	10.2558	0.806984	0	0	0	0	0	0	0	0	0	0	0	0	0	0	0	0
05.500,00.000	19	5.5	-200	0	4.5	254.949	205.292	38.071	10.2603	1.32542	0	0	0	0	0	0	0	0	0	0	0	0	0	0	0	0
05.500,00.000	19.1	5.5	-200	0	4.5	257.266	206.574	38.8252	10.2688	1.59844	0	0	0	0	0	0	0	0	0	0	0	0	0	0	0	0
05.500,00.000	19.2	5.5	-200	0	4.5	259.345	207.711	39.5144	10.2776	1.84167	0	0	0	0	0	0	0	0	0	0	0	0	0	0	0	0
05.500,00.000	19.3	5.5	-200	0	4.5	261.51	208.877	40.2505	10.2913	2.09092	0	0	0	0	0	0	0	0	0	0	0	0	0	0	0	0
05.500,00.000	19.4	5.5	-200	0	4.5	263.673	210.038	40.9888	10.309	2.33716	0	0	0	0	0	0	0	0	0	0	0	0	0	0	0	0
05.500,00.000	19.5	5.5	-200	0	4.5	265.811	211.021	41.8781	10.332	2.57966	0	0	0	0	0	0	0	0	0	0	0	0	0	0	0	0
05.500,00.000	19.6	5.5	-200	0	4.5	268.132	211.948	42.9744	10.3636	2.84579	0	0	0	0	0	0	0	0	0	0	0	0	0	0	0	0
05.500,00.000	19.7	5.5	-200	0	4.5	279.109	216.157	48.2507	10.5604	4.14088	0	0	0	0	0	0	0	0	0	0	0	0	0	0	0	0
05.500,00.000	19.8	5.5	-200	0	4.5	282.34	217.386	49.7782	10.6381	4.53776	0	0	0	0	0	0	0	0	0	0	0	0	0	0	0	0
05.500,00.000	19.9	5.5	-200	0	4.5	282.349	217.389	49.7825	10.6384	4.53872	0	0	0	0	0	0	0	0	0	0	0	0	0	0	0	0
05.500,00.000	20	5.5	-200	0	4.5	284.988	218.296	51.1008	10.743	4.84865	0	0	0	0	0	0	0	0	0	0	0	0	0	0	0	0
05.500,00.000	20.1	5.5	-200	0	4.5	290.537	220.202	53.8672	10.9867	5.48114	0	0	0	0	0	0	0	0	0	0	0	0	0	0	0	0
05.500,00.000	20.2	5.5	-200	0	4.5	293.478	221.172	55.3648	11.1365	5.80452	0	0	0	0	0	0	0	0	0	0	0	0	0	0	0	0
05.500,00.000	20.3	5.5	-200	0	4.5	295.633	221.871	56.4653	11.2631	6.03375	0	0	0	0	0	0	0	0	0	0	0	0	0	0	0	0
05.500,00.000	20.4	5.5	-200	0	4.5	297.979	222.612	57.672	11.4162	6.27909	0	0	0	0	0	0	0	0	0	0	0	0	0	0	0	0
05.500,00.000	20.5	5.5	-200	0	4.5	300.089	223.278	58.7493	11.5679	6.49377	0	0	0	0	0	0	0	0	0	0	0	0	0	0	0	0
05.500,00.000	20.6	5.5	-200	0	4.5	304.327	224.558	60.9351	11.909	6.925	0	0	0	0	0	0	0	0	0	0	0	0	0	0	0	0
05.500,00.000	20.7	5.5	-200	0	4.5	312.971	227.155	65.355	12.6681	7.79285	0	0	0	0	0	0	0	0	0	0	0	0	0	0	0	0
05.500,00.000	20.8	5.5	-200	0	4.5	314.485	227.647	66.088	12.8077	7.94278	0	0	0	0	0	0	0	0	0	0	0	0	0	0	0	0
05.500,00.000	20.9	5.5	-200	0	4.5	314.604	227.684	66.1469	12.8195	7.95385	0	0	0	0	0	0	0	0	0	0	0	0	0	0	0	0
05.500,00.000	21	5.5	-200	0	4.5	315.183	227.869	66.4254	12.8817	8.00676	0	0	0	0	0	0	0	0	0	0	0	0	0	0	0	0
05.500,00.000	21.1	5.5	-200	0	4.5	320.45	229.504	69.0111	13.4615	8.47342	0	0	0	0	0	0	0	0	0	0	0	0	0	0	0	0
05.500,00.000	21.2	5.5	-200	0	4.5	323.879	230.571	70.6743	13.8581	8.77519	0	0	0	0	0	0	0	0	0	0	0	0	0	0	0	0
05.500,00.000	21.3	5.5	-200	0	4.5	326.472	231.36	71.9384	14.1747	8.99839	0	0	0	0	0	0	0	0	0	0	0	0	0	0	0	0
05.500,00.000	21.4	5.5	-200	0	4.5	329.138	232.187	73.2195	14.5102	9.19551	0.0262196	0	0	0	0	0	0	0	0	0	0	0	0	0	0	0
05.500,00.000	21.5	5.5	-200	0	4.5	331.841	233.025	74.5056	14.866	9.20644	0.238012	0	0	0	0	0	0	0	0	0	0	0	0	0	0	0
05.500,00.000	21.6	5.5	-200	0	4.5	334.545	233.838	75.7932	15.2434	9.20644	0.463155	0	0	0	0	0	0	0	0	0	0	0	0	0	0	0
05.500,00.000	21.7	5.5	-200	0	4.5	337.218	234.674	77.033	15.6271	9.20644	0.67825	0	0	0	0	0	0	0	0	0	0	0	0	0	0	0
05.500,00.000	21.8	5.5	-200	0	4.5	340.016	235.552	78.3088	16.0466	9.20644	0.90181	0	0	0	0	0	0	0	0	0	0	0	0	0	0	0
05.500,00.000	21.9	5.5	-200	0	4.5	348.386	238.251	82.0453	17.3299	9.20644	1.55303	0	0	0	0	0	0	0	0	0	0	0	0	0	0	0
05.500,00.000	22	5.5	-200	0	4.5	350.211	238.974	82.7337	17.6082	9.20658	1.68875	0	0	0	0	0	0	0	0	0	0	0	0	0	0	0
05.500,00.000	22.1	5.5	-200	0	4.5	356.093	241.23	85.1898	18.5577	9.21465	1.90125	0	0	0	0	0	0	0	0	0	0	0	0	0	0	0
05.500,00.000	22.2	5.5	-200	0	4.5	360.14	242.851	86.9243	19.2423	9.22144	1.90125	0	0	0	0	0	0	0	0	0	0	0	0	0	0	0
05.500,00.000	22.3	5.5	-200	0	4.5	363.086	244	88.1928	19.7594	9.23273	1.90125	0	0	0	0	0	0	0	0	0	0	0	0	0	0	0
05.500,00.000	22.4	5.5	-200	0	4.5	366.525	245.338	89.407	20.6304	9.24854	1.90125	0	0	0	0	0	0	0	0	0	0	0	0	0	0	0
05.500,00.000	22.5	5.5	-200	0	4.5	369.16	246.357	90.3072	21.3304	9.26457	1.90125	0	0	0	0	0	0	0	0	0	0	0	0	0	0	0
05.500,00.000	22.6	5.5	-200	0	4.5	372.441	247.557	91.4473	22.2441	9.29129	1.90125	0	0	0	0	0	0	0	0	0	0	0	0	0	0	0
05.500,00.000	22.7	5.5	-200	0	4.5	378.142	249.812	93.3755	23.7111	9.34266	1.90125	0	0	0	0	0	0	0	0	0	0	0	0	0	0	0
05.500,00.000	22.8	5.5	-200	0	4.5	379.5	250.379	93.8026	24.0598	9.35665	1.90125	0	0	0	0	0	0	0	0	0	0	0	0	0	0	0
05.500,00.000	22.9	5.5	-200	0	4.5	391.658	255.117	97.9528	27.1643	9.5231	1.90125	0	0	0	0	0	0	0	0	0	0	0	0	0	0	0
05.500,00.000	23	5.5	-200	0	4.5	394.241	256.226	98.6962	27.8554	9.56261	1.90125	0	0	0	0	0	0	0	0	0	0	0	0	0	0	0
05.500,00.000	23.1	5.5	-200	0	4.5	403.323	259.787	101.717	30.1812	9.73646	1.90125	0	0	0	0	0	0	0	0	0	0	0	0	0	0	0
05.500,00.000	23.2	5.5	-200	0	4.5	408.763	262.032	103.424	31.5569	9.84946	1.90125	0	0	0	0	0	0	0	0	0	0	0	0	0	0	0
05.500,00.000	23.3	5.5	-200	0	4.5	412.441	263.516	104.602	32.4838	9.93695	1.90125	0	0	0	0	0	0	0	0	0	0	0	0	0	0	0
05.500,00.000	23.4	5.5	-200	0	4.5	416.196	265.005	105.818	33.4366	10.0342	1.90125	0	0	0	0	0	0	0	0	0	0	0	0	0	0	0
05.500,00.000	23.5	5.5	-200	0	4.5	419.989	266.494	107.045	34.4068	10.1424	1.90125	0	0	0	0	0	0	0	0	0	0	0	0	0	0	0
05.500,00.000	23.6	5.5	-200	0	4.5	429.737	270.131	110.279	36.9427	10.483	1.90125	0	0	0	0	0	0	0	0	0	0	0	0	0	0	0
05.500,00.000	23.7	5.5	-200	0	4.5	436.674	272.652	112.58	38.7919	10.7486	1.90125	0	0	0	0	0	0	0	0	0	0	0	0	0	0	0
05.500,00.000	23.8	5.5	-200	0	4.5	437.345	272.896	112.802	38.9663	10.7786	1.90125	0	0	0	0	0	0	0	0	0	0	0	0	0	0	0
05.500,00.000	23.9	5.5	-200	0	4.5	437.604	272.983	112.893	39.0358	10.7905	1.90125	0	0	0	0	0	0	0	0	0	0	0	0	0	0	0
05.500,00.000	24	5.5	-200	0	4.5	438.66	273.347	113.257	39.311	10.8444	1.90125	0	0	0	0	0	0	0	0	0	0	0	0	0	0	0
05.500,00.000	24.1	5.5	-200	0	4.5	445.106	275.062	115.922	41.0469	11.1741	1.90125	0	0	0	0	0	0	0	0	0	0	0	0	0	0	0
05.500,00.000	24.2	5.5	-200	0	4.5	449.684	276.174	117.947	42.2355	11.4259	1.90125	0	0	0	0	0	0	0	0	0	0	0	0	0	0	0
05.500,00.000	24.3	5.5	-200	0	4.5	453.43	277.049	119.623	43.2161	11.6406	1.90125	0	0	0	0	0	0	0	0	0	0	0	0	0	0	0
05.500,00.000	24.4	5.5	-200	0	4.5	457.196	277.909	121.323	44.1995	11.8632	1.90125	0	0	0	0	0	0	0	0	0	0	0	0	0	0	0
05.500,00.000	24.5	5.5	-200	0	4.5	460.782	278.74	123.049	44.9933	12.099	1.90125	0	0	0	0	0	0	0	0	0	0	0	0	0	0	0
05.500,00.000	24.6	5.5	-200	0	4.5	466.876	280.071	125.994	46.3776	12.5319	1.90125	0	0	0	0	0	0	0	0	0	0	0	0	0	0	0
05.500,00.000	24.7	5.5	-200	0	4.5	468.208	280.373	126.637	46.6594	12.6377	1.90125	0	0	0	0	0	0	0	0	0	0	0	0	0	0	0
05.500,00.000	24.8	5.5	-200	0	4.5	477.365	282.282	131.086	48.7269	13.3687	1.90125	0	0	0	0	0	0	0	0	0	0	0	0	0	0	0
05.500,00.000	24.9	5.5	-200	0	4.5	479.639	282.882	132.129	49.1626	13.5638	1.90125	0	0	0	0	0	0	0	0	0	0	0	0	0	0	0
05.500,00.000	25	5.5	-200	0	4.5	479.948	282.961	132.268	49.2283	13.5894	1.90125	0	0	0	0	0	0	0	0	0	0	0	0	0	0	0
05.500,00.000	25.1	5.5	-200	0	4.5	486.145	284.523	135.045	50.5583	14.1179	1.90125	0	0	0	0	0	0	0	0	0	0	0	0	0	0	0
05.500,00.000	25.2	5.5	-200	0	4.5	491.322	286.039	137.225	51.6003	14.5567	1.90125	0	0	0	0	0	0	0	0	0	0	0	0	0	0	0
05.500,00.000	25.3	5.5	-200	0	4.5	495.583	287.282	138.993	52.4795	14.9267	1.90125	0	0	0	0	0	0	0	0	0	0	0	0	0	0	0
05.500,00.000	25.4	5.5	-200	0	4.5	499.979	288.54	140.84	53.3853	15.3118	1.90125	0	0	0	0	0	0	0	0	0	0	0	0	0	0	0
05.500,00.000	25.5	5.5	-200	0	4.5	504.439	289.807	142.698	54.3161	15.717	1.90125	0	0	0	0	0	0	0	0	0	0	0	0	0	0	0
05.500,00.000	25.6	5.5	-200	0	4.5	508.921	291.056	144.551	55.2687	16.1448	1.90125	0	0	0	0	0	0	0	0	0	0	0	0	0	0	0
05.500,00.000	25.7	5.5	-200	0	4.5	513.34	292.303	146.349	56.2069	16.5799	1.90125	0	0	0	0	0	0	0	0	0	0	0	0	0	0	0
05.500,00.000	25.8	5.5	-200	0	4.5	517.886	293.585	148.179	57.1774	17.0428	1.90144	0	0	0	0	0	0	0	0	0	0	0	0	0	0	0
05.500,00.000	25.9	5.5	-200	0	4.5	528.375	296.552	152.284	59.4782	18.1554	1.9046	0	0	0	0	0	0	0	0	0	0	0	0	0	0	0
05.500,00.000	26	5.5	-200	0	4.5	530.564	297.212	153.081	59.9609	18.4049	1.90573	0	0	0	0	0	0	0	0	0	0	0	0	0	0	0
05.500,00.000	26.1	5.5	-200	0	4.5	537.774	299.488	155.529	61.5855	19.2515	1.92006	0	0	0	0	0	0	0	0	0	0	0	0	0	0	0
05.500,00.000	26.2	5.5	-200	0	4.5	543.174	301.271	157.241	62.8055	19.9239	1.93289	0	0	0	0	0	0	0	0	0	0	0	0	0	0	0
05.500,00.000	26.3	5.5	-200	0	4.5	547.576	302.745	158.629	63.7769	20.4771	1.9486	0	0	0	0	0	0	0	0	0	0	0	0	0	0	0
05.500,00.000	26.4	5.5	-200	0	4.5	569.868	309.817	165.809	68.7498	23.4393	2.05237	0	0	0	0	0	0	0	0	0	0	0	0	0	0	0
05.500,00.000	26.5	5.5	-200	0	4.5	580.304	313.011	169.214	71.0555	24.9112	2.11292	0	0	0	0	0	0	0	0	0	0	0	0	0	0	0
05.500,00.000	26.6	5.5	-200	0	4.5	589.019	315.6	172.037	73.0414	26.1642	2.17597	0	0	0	0	0	0	0	0	0	0	0	0	0	0	0
05.500,00.000	26.7	5.5	-200	0	4.5	594.339	317.214	173.745	74.2311	26.9297	2.21884	0	0	0	0	0	0	0	0	0	0	0	0	0	0	0
05.500,00.000	26.8	5.5	-200	0	4.5	601.373	319.361	175.972	75.8061	27.9568	2.27673	0	0	0	0	0	0	0	0	0	0	0	0	0	0	0
05.500,00.000	26.9	5.5	-200	0	4.5	602.785	319.804	176.415	76.1184	28.1634	2.2836	0	0	0	0	0	0	0	0	0	0	0	0	0	0	0
05.500,00.000	27	5.5	-200	0	4.5	607.629	321.4	177.886	77.1563	28.8666	2.32028	0	0	0	0	0	0	0	0	0	0	0	0	0	0	0
05.500,00.000	27.1	5.5	-200	0	4.5	615.865	323.778	180.759	78.8874	30.0562	2.38448	0	0	0	0	0	0	0	0	0	0	0	0	0	0	0
05.500,00.000	27.2	5.5	-200	0	4.5	621.639	325.421	182.826	80.0868	30.8727	2.4331	0	0	0	0	0	0	0	0	0	0	0	0	0	0	0
05.500,00.000	27.3	5.5	-200	0	4.5	626.744	326.939	184.614	81.1751	31.5408	2.47563	0	0	0	0	0	0	0	0	0	0	0	0	0	0	0
05.500,00.000	27.4	5.5	-200	0	4.5	631.966	328.554	186.416	82.2683	32.2091	2.51886	0	0	0	0	0	0	0	0	0	0	0	0	0	0	0
05.500,00.000	27.5	5.5	-200	0	4.5	637.29	330.237	188.233	83.3707	32.8852	2.56414	0	0	0	0	0	0	0	0	0	0	0	0	0	0	0
05.500,00.000	27.6	5.5	-200	0	4.5	646.628	333.235	191.306	85.3509	34.0859	2.65076	0	0	0	0	0	0	0	0	0	0	0	0	0	0	0
05.500,00.000	27.7	5.5	-200	0	4.5	649.271	334.201	192.042	85.9407	34.413	2.67438	0	0	0	0	0	0	0	0	0	0	0	0	0	0	0
05.500,00.000	27.8	5.5	-200	0	4.5	661.45	338.447	195.644	88.6232	35.9231	2.81259	0	0	0	0	0	0	0	0	0	0	0	0	0	0	0
05.500,00.000	27.9	5.5	-200	0	4.5	664.242	339.493	196.461	89.2623	36.1823	2.84446	0	0	0	0	0	0	0	0	0	0	0	0	0	0	0
05.500,00.000	28	5.5	-200	0	4.5	667.643	340.756	197.441	89.9804	36.5816	2.88491	0	0	0	0	0	0	0	0	0	0	0	0	0	0	0
05.500,00.000	28.1	5.5	-200	0	4.5	675.87	343.817	199.813	91.6977	37.5559	2.98676	0	0	0	0	0	0	0	0	0	0	0	0	0	0	0
05.500,00.000	28.2	5.5	-200	0	4.5	682.273	346.25	201.646	92.9829	38.3225	3.07064	0	0	0	0	0	0	0	0	0	0	0	0	0	0	0
05.500,00.000	28.3	5.5	-200	0	4.5	687.888	348.381	203.262	94.0869	39.0123	3.14514	0	0	0	0	0	0	0	0	0	0	0	0	0	0	0
05.500,00.000	28.4	5.5	-200	0	4.5	693.63	350.604	204.906	95.1905	39.7099	3.21956	0	0	0	0	0	0	0	0	0	0	0	0	0	0	0
05.500,00.000	28.5	5.5	-200	0	4.5	699.406	352.831	206.576	96.2948	40.4137	3.29102	0	0	0	0	0	0	0	0	0	0	0	0	0	0	0
05.500,00.000	28.6	5.5	-200	0	4.5	705.162	354.823	208.356	97.4843	41.1295	3.36913	0	0	0	0	0	0	0	0	0	0	0	0	0	0	0
05.500,00.000	28.7	5.5	-200	0	4.5	740.239	367.597	218.957	104.51	45.3712	3.80461	0	0	0	0	0	0	0	0	0	0	0	0	0	0	0
05.500,00.000	28.8	5.5	-200	0	4.5	746.808	370.017	221.114	105.77	46.0403	3.86649	0	0	0	0	0	0	0	0	0	0	0	0	0	0	0
05.500,00.000	28.9	5.5	-200	0	4.5	747.032	370.11	221.18	105.809	46.0646	3.86912	0	0	0	0	0	0	0	0	0	0	0	0	0	0	0
05.500,00.000	29	5.5	-200	0	4.5	762.258	376.478	225.718	108.356	47.6696	4.03704	0	0	0	0	0	0	0	0	0	0	0	0	0	0	0
05.500,00.000	29.1	5.5	-200	0	4.5	775.173	381.891	229.666	110.466	48.974	4.17468	0	0	0	0	0	0	0	0	0	0	0	0	0	0	0
05.500,00.000	29.2	5.5	-200	0	4.5	782.241	384.956	231.788	111.563	49.6808	4.2541	0	0	0	0	0	0	0	0	0	0	0	0	0	0	0
05.500,00.000	29.3	5.5	-200	0	4.5	788.69	387.761	233.722	112.541	50.3362	4.32954	0	0	0	0	0	0	0	0	0	0	0	0	0	0	0
05.500,00.000	29.4	5.5	-200	0	4.5	795.206	390.564	235.713	113.518	51.0038	4.40828	0	0	0	0	0	0	0	0	0	0	0	0	0	0	0
05.500,00.000	29.5	5.5	-200	0	4.5	801.644	393.387	237.647	114.46	51.6623	4.48749	0	0	0	0	0	0	0	0	0	0	0	0	0	0	0
05.500,00.000	29.6	5.5	-200	0	4.5	808.21	396.155	239.689	115.434	52.3587	4.57369	0	0	0	0	0	0	0	0	0	0	0	0	0	0	0
05.500,00.000	29.7	5.5	-200	0	4.5	814.701	398.699	241.821	116.399	53.1144	4.66813	0	0	0	0	0	0	0	0	0	0	0	0	0	0	0
05.500,00.000	29.8	5.5	-200	0	4.5	855.786	416.89	254.458	121.665	57.5143	5.25822	0	0	0	0	0	0	0	0	0	0	0	0	0	0	0
05.500,00.000	29.9	5.5	-200	0	4.5	863.232	420.257	256.896	122.501	58.201	5.37693	0	0	0	0	0	0	0	0	0	0	0	0	0	0	0
05.500,00.000	30	5.5	-200	0	4.5	889.755	432.28	265.103	125.672	60.9004	5.79937	0	0	0	0	0	0	0	0	0	0	0	0	0	0	0
05.500,00.000	30.1	5.5	-200	0	4.5	903.024	438.682	269.001	127.171	62.1379	6.03197	0	0	0	0	0	0	0	0	0	0	0	0	0	0	0
05.500,00.000	30.2	5.5	-200	0	4.5	909.735	441.963	270.952	127.93	62.7367	6.15207	0	0	0	0	0	0	0	0	0	0	0	0	0	0	0
05.500,00.000	30.3	5.5	-200	0	4.5	916.585	445.307	272.965	128.697	63.3392	6.27731	0	0	0	0	0	0	0	0	0	0	0	0	0	0	0
05.500,00.000	30.4	5.5	-200	0	4.5	928.041	450.947	276.364	129.931	64.2999	6.49913	0	0	0	0	0	0	0	0	0	0	0	0	0	0	0
05.500,00.000	30.5	5.5	-200	0	4.5	936.481	455.093	278.938	130.818	64.9826	6.64916	0	0	0	0	0	0	0	0	0	0	0	0	0	0	0
05.500,00.000	30.6	5.5	-200	0	4.5	943.328	458.243	281.137	131.58	65.586	6.7818	0	0	0	0	0	0	0	0	0	0	0	0	0	0	0
05.500,00.000	30.7	5.5	-200	0	4.5	955.903	463.722	285.28	133.066	66.7925	7.04281	0	0	0	0	0	0	0	0	0	0	0	0	0	0	0
05.500,00.000	30.8	5.5	-200	0	4.5	999.711	484.072	299.129	137.913	70.7349	7.86176	0	0	0	0	0	0	0	0	0	0	0	0	0	0	0
05.500,00.000	30.9	5.5	-200	0	4.5	1006.79	487.24	301.491	138.717	71.3658	7.97707	0	0	0	0	0	0	0	0	0	0	0	0	0	0	0
05.500,00.000	31	5.5	-200	0	4.5	1039.02	502.128	311.563	142.327	74.4185	8.58376	0	0	0	0	0	0	0	0	0	0	0	0	0	0	0
05.500,00.000	31.1	5.5	-200	0	4.5	1053.06	508.313	316.2	143.87	75.8274	8.85087	0	0	0	0	0	0	0	0	0	0	0	0	0	0	0
05.500,00.000	31.2	5.5	-200	0	4.5	1059.18	511.031	318.205	144.54	76.4168	8.99195	0	0	0	0	0	0	0	0	0	0	0	0	0	0	0
05.500,00.000	31.3	5.5	-200	0	4.5	1065.35	513.693	320.253	145.238	77.0263	9.14107	0	0	0	0	0	0	0	0	0	0	0	0	0	0	0
05.500,00.000	31.4	5.5	-200	0	4.5	1101.59	529.747	332.221	149.171	80.4524	9.9985	0	0	0	0	0	0	0	0	0	0	0	0	0	0	0
05.500,00.000	31.5	5.5	-200	0	4.5	1118.47	537.287	337.991	150.725	82.0676	10.4013	0	0	0	0	0	0	0	0	0	0	0	0	0	0	0
05.500,00.000	31.6	5.5	-200	0	4.5	1163.19	555.54	353.792	155.497	86.7001	11.6623	0	0	0	0	0	0	0	0	0	0	0	0	0	0	0
05.500,00.000	31.7	5.5	-200	0	4.5	1172.06	559.278	356.909	156.331	87.607	11.9341	0	0	0	0	0	0	0	0	0	0	0	0	0	0	0
05.500,00.000	31.8	5.5	-200	0	4.5	1172.06	559.28	356.911	156.332	87.6075	11.9343	0	0	0	0	0	0	0	0	0	0	0	0	0	0	0
05.500,00.000	31.9	5.5	-200	0	4.5	1219.77	580.395	373.333	160.626	92.0023	13.4132	0	0	0	0	0	0	0	0	0	0	0	0	0	0	0
05.500,00.000	32	5.5	-200	0	4.5	1231.91	585.851	377.455	161.636	93.1508	13.8159	0	0	0	0	0	0	0	0	0	0	0	0	0	0	0
05.500,00.000	32.1	5.5	-200	0	4.5	1257.44	597.648	385.969	163.83	95.3406	14.6507	0	0	0	0	0	0	0	0	0	0	0	0	0	0	0
05.500,00.000	32.2	5.5	-200	0	4.5	1270.97	603.911	390.574	164.955	96.4271	15.1051	0	0	0	0	0	0	0	0	0	0	0	0	0	0	0
05.500,00.000	32.3	5.5	-200	0	4.5	1278.18	607.289	392.988	165.55	96.993	15.3572	0	0	0	0	0	0	0	0	0	0	0	0	0	0	0
05.500,00.000	32.4	5.5	-200	0	4.5	1301.28	618.231	400.75	167.418	98.7252	16.1561	0	0	0	0	0	0	0	0	0	0	0	0	0	0	0
05.500,00.000	32.5	5.5	-200	0	4.5	1314.04	624.415	404.929	168.424	99.632	16.6454	0	0	0	0	0	0	0	0	0	0	0	0	0	0	0
05.500,00.000	32.6	5.5	-200	0	4.5	1322.75	628.541	407.797	169.166	100.261	16.981	0	0	0	0	0	0	0	0	0	0	0	0	0	0	0
05.500,00.000	32.7	5.5	-200	0	4.5	1345.53	638.729	415.329	171.433	102.07	17.966	0	0	0	0	0	0	0	0	0	0	0	0	0	0	0
05.500,00.000	32.8	5.5	-200	0	4.5	1384.58	657.063	427.557	175.421	104.938	19.5372	0.0676738	0	0	0	0	0	0	0	0	0	0	0	0	0	0
05.500,00.000	32.9	5.5	-200	0	4.5	1390.21	659.736	429.165	175.963	105.32	19.7586	0.263798	0	0	0	0	0	0	0	0	0	0	0	0	0	0
05.500,00.000	33	5.5	-200	0	4.5	1427.49	677.226	440.235	180.238	107.726	21.1564	0.906968	0	0	0	0	0	0	0	0	0	0	0	0	0	0
05.500,00.000	33.1	5.5	-200	0	4.5	1444.78	685.3	445.243	182.468	108.727	21.7861	1.25688	0	0	0	0	0	0	0	0	0	0	0	0	0	0
05.500,00.000	33.2	5.5	-200	0	4.5	1448.57	687.092	446.344	182.942	108.938	21.9208	1.33008	0	0	0	0	0	0	0	0	0	0	0	0	0	0
05.500,00.000	33.3	5.5	-200	0	4.5	1460.38	692.708	449.781	184.406	109.598	22.336	1.55409	0	0	0	0	0	0	0	0	0	0	0	0	0	0
05.500,00.000	33.4	5.5	-200	0	4.5	1514.47	719.017	465.058	191.1	112.482	24.2292	2.5865	0	0	0	0	0	0	0	0	0	0	0	0	0	0
05.500,00.000	33.5	5.5	-200	0	4.5	1533.1	728.168	470.137	193.09	113.834	24.9149	2.95382	0	0	0	0	0	0	0	0	0	0	0	0	0	0
05.500,00.000	33.6	5.5	-200	0	4.5	1590.34	755.176	485.799	199.488	118.631	27.0939	4.15576	0	0	0	0	0	0	0	0	0	0	0	0	0	0
05.500,00.000	33.7	5.5	-200	0	4.5	1602.25	761.059	488.714	200.968	119.596	27.5107	4.40128	0	0	0	0	0	0	0	0	0	0	0	0	0	0
05.500,00.000	33.8	5.5	-200	0	4.5	1602.28	761.072	488.721	200.971	119.598	27.5117	4.40183	0	0	0	0	0	0	0	0	0	0	0	0	0	0
05.500,00.000	33.9	5.5	-200	0	4.5	1633.96	776.93	496.578	204.795	122.001	28.6266	5.02685	0	0	0	0	0	0	0	0	0	0	0	0	0	0
05.500,00.000	34	5.5	-200	0	4.5	1643.32	781.65	498.887	205.943	122.705	28.9226	5.21574	0	0	0	0	0	0	0	0	0	0	0	0	0	0
05.500,00.000	34.1	5.5	-200	0	4.5	1660.61	790.399	503.157	208.049	123.948	29.5073	5.55515	0	0	0	0	0	0	0	0	0	0	0	0	0	0
05.500,00.000	34.2	5.5	-200	0	4.5	1673.98	797.234	506.416	209.677	124.879	29.96	5.81949	0	0	0	0	0	0	0	0	0	0	0	0	0	0
05.500,00.000	34.3	5.5	-200	0	4.5	1677.41	798.994	507.251	210.089	125.112	30.0778	5.88747	0	0	0	0	0	0	0	0	0	0	0	0	0	0
05.500,00.000	34.4	5.5	-200	0	4.5	1697.1	809.222	512.019	212.451	126.395	30.7488	6.2676	0	0	0	0	0	0	0	0	0	0	0	0	0	0
05.500,00.000	34.5	5.5	-200	0	4.5	1705.22	813.48	513.965	213.42	126.91	31.0182	6.42991	0	0	0	0	0	0	0	0	0	0	0	0	0	0
05.500,00.000	34.6	5.5	-200	0	4.5	1715.9	819.136	516.462	214.702	127.566	31.3811	6.64937	0	0	0	0	0	0	0	0	0	0	0	0	0	0
05.500,00.000	34.7	5.5	-200	0	4.5	1744.81	834.405	523.089	218.239	129.36	32.4245	7.29261	0	0	0	0	0	0	0	0	0	0	0	0	0	0
05.500,00.000	34.8	5.5	-200	0	4.5	1766.66	846.216	528.044	220.777	130.676	33.1782	7.77046	0	0	0	0	0	0	0	0	0	0	0	0	0	0
05.500,00.000	34.9	5.5	-200	0	4.5	1768.21	847.064	528.388	220.954	130.767	33.235	7.80686	0	0	0	0	0	0	0	0	0	0	0	0	0	0
05.500,00.000	35	5.5	-200	0	4.5	1777.78	852.317	530.483	222.072	131.312	33.5772	8.02142	0	0	0	0	0	0	0	0	0	0	0	0	0	0
05.500,00.000	35.1	5.5	-200	0	4.5	1792.73	860.578	533.726	223.81	132.149	34.1106	8.36038	0	0	0	0	0	0	0	0	0	0	0	0	0	0
05.500,00.000	35.2	5.5	-200	0	4.5	1802.67	866.1	535.854	224.963	132.697	34.4644	8.58976	0	0	0	0	0	0	0	0	0	0	0	0	0	0
05.500,00.000	35.3	5.5	-200	0	4.5	1813.67	872.191	538.222	226.264	133.292	34.8543	8.84531	0	0	0	0	0	0	0	0	0	0	0	0	0	0
05.500,00.000	35.4	5.5	-200	0	4.5	1845.9	890.206	545.023	230.016	135.073	35.9819	9.3194	0.277315	0	0	0	0	0	0	0	0	0	0	0	0	0
05.500,00.000	35.5	5.5	-200	0	4.5	1855.27	895.558	546.957	231.026	135.587	36.3088	9.37135	0.460223	0	0	0	0	0	0	0	0	0	0	0	0	0
05.500,00.000	35.6	5.5	-200	0	4.5	1855.45	895.663	546.994	231.046	135.597	36.3143	9.37321	0.463481	0	0	0	0	0	0	0	0	0	0	0	0	0
05.500,00.000	35.7	5.5	-200	0	4.5	1883.02	911.706	552.331	234.133	137.028	37.1963	9.64611	0.980947	0	0	0	0	0	0	0	0	0	0	0	0	0
05.500,00.000	35.8	5.5	-200	0	4.5	1902.34	923.481	556.205	236.027	137.592	37.7814	9.89819	1.35742	0	0	0	0	0	0	0	0	0	0	0	0	0
05.500,00.000	35.9	5.5	-200	0	4.5	1903.94	924.45	556.517	236.186	137.635	37.8401	9.92682	1.38842	0	0	0	0	0	0	0	0	0	0	0	0	0
05.500,00.000	36	5.5	-200	0	4.5	1917.67	932.737	559.112	237.561	137.986	38.5351	10.0882	1.65027	0	0	0	0	0	0	0	0	0	0	0	0	0
05.500,00.000	36.1	5.5	-200	0	4.5	1928.33	939.202	561.096	238.624	138.253	39.0768	10.2248	1.85164	0	0	0	0	0	0	0	0	0	0	0	0	0
05.500,00.000	36.2	5.5	-200	0	4.5	1934.29	942.831	562.202	239.217	138.401	39.3714	10.3	1.96518	0	0	0	0	0	0	0	0	0	0	0	0	0
05.500,00.000	36.3	5.5	-200	0	4.5	1943.26	948.346	563.84	240.112	138.607	39.8075	10.4115	2.13699	0	0	0	0	0	0	0	0	0	0	0	0	0
05.500,00.000	36.4	5.5	-200	0	4.5	1973.43	967.015	569.184	243.132	139.321	41.2687	10.7864	2.72334	0	0	0	0	0	0	0	0	0	0	0	0	0
05.500,00.000	36.5	5.5	-200	0	4.5	1981.11	971.81	570.489	243.906	139.5	41.6403	10.8893	2.87366	0	0	0	0	0	0	0	0	0	0	0	0	0
05.500,00.000	36.6	5.5	-200	0	4.5	2006.51	987.819	574.803	246.316	140.076	42.7076	11.392	3.39403	0	0	0	0	0	0	0	0	0	0	0	0	0
05.500,00.000	36.7	5.5	-200	0	4.5	2012.12	991.349	575.743	246.854	140.203	42.84	11.626	3.5072	0	0	0	0	0	0	0	0	0	0	0	0	0
05.500,00.000	36.8	5.5	-200	0	4.5	2014.79	993.053	576.179	247.107	140.266	42.8984	11.7287	3.56171	0	0	0	0	0	0	0	0	0	0	0	0	0
05.500,00.000	36.9	5.5	-200	0	4.5	2025.87	1000.16	577.941	248.147	140.539	43.1306	12.1572	3.78864	0	0	0	0	0	0	0	0	0	0	0	0	0
05.500,00.000	37	5.5	-200	0	4.5	2028.27	1001.71	578.309	248.371	140.607	43.1808	12.2554	3.83744	0	0	0	0	0	0	0	0	0	0	0	0	0
05.500,00.000	37.1	5.5	-200	0	4.5	2037.24	1007.59	579.656	249.169	140.844	43.355	12.6056	4.02374	0	0	0	0	0	0	0	0	0	0	0	0	0
05.500,00.000	37.2	5.5	-200	0	4.5	2045.67	1013.13	580.882	249.931	141.077	43.5123	12.9368	4.19846	0	0	0	0	0	0	0	0	0	0	0	0	0
05.500,00.000	37.3	5.5	-200	0	4.5	2052.95	1017.98	581.919	250.567	141.275	43.6427	13.2244	4.35165	0	0	0	0	0	0	0	0	0	0	0	0	0
05.500,00.000	37.4	5.5	-200	0	4.5	2066.69	1027.15	583.822	251.764	141.664	43.878	13.7706	4.6424	0	0	0	0	0	0	0	0	0	0	0	0	0
05.500,00.000	37.5	5.5	-200	0	4.5	2073.89	1031.95	584.806	252.395	141.877	43.999	14.0706	4.79673	0	0	0	0	0	0	0	0	0	0	0	0	0
05.500,00.000	37.6	5.5	-200	0	4.5	2086.73	1040.63	586.497	253.461	142.23	44.2009	14.6269	5.08059	0	0	0	0	0	0	0	0	0	0	0	0	0
05.500,00.000	37.7	5.5	-200	0	4.5	2090.73	1043.33	587.009	253.79	142.348	44.2624	14.8231	5.16833	0	0	0	0	0	0	0	0	0	0	0	0	0
05.500,00.000	37.8	5.5	-200	0	4.5	2095.84	1046.82	587.644	254.205	142.495	44.3336	15.0605	5.2822	0	0	0	0	0	0	0	0	0	0	0	0	0
05.500,00.000	37.9	5.5	-200	0	4.5	2101.9	1050.95	588.382	254.703	142.682	44.4157	15.3484	5.4187	0	0	0	0	0	0	0	0	0	0	0	0	0
05.500,00.000	38	5.5	-200	0	4.5	2107.85	1055.04	589.087	255.168	142.873	44.4924	15.6365	5.55416	0	0	0	0	0	0	0	0	0	0	0	0	0
05.500,00.000	38.1	5.5	-200	0	4.5	2113.08	1058.65	589.705	255.567	143.031	44.5544	15.8948	5.67574	0	0	0	0	0	0	0	0	0	0	0	0	0
05.500,00.000	38.2	5.5	-200	0	4.5	2119.44	1063.02	590.436	256.076	143.236	44.6268	16.2153	5.82476	0	0	0	0	0	0	0	0	0	0	0	0	0
05.500,00.000	38.3	5.5	-200	0	4.5	2125.06	1066.9	591.066	256.508	143.432	44.6892	16.502	5.95732	0	0	0	0	0	0	0	0	0	0	0	0	0
05.500,00.000	38.4	5.5	-200	0	4.5	2131.05	1071.04	591.741	256.967	143.634	44.7489	16.8106	6.10079	0	0	0	0	0	0	0	0	0	0	0	0	0
05.500,00.000	38.5	5.5	-200	0	4.5	2136.28	1074.63	592.331	257.377	143.829	44.8006	17.0838	6.2274	0	0	0	0	0	0	0	0	0	0	0	0	0
05.500,00.000	38.6	5.5	-200	0	4.5	2142.01	1078.61	592.949	257.793	144.025	44.8504	17.4115	6.37108	0	0	0	0	0	0	0	0	0	0	0	0	0
05.500,00.000	38.7	5.5	-200	0	4.5	2147.1	1082.1	593.49	258.181	144.227	44.895	17.7046	6.49986	0	0	0	0	0	0	0	0	0	0	0	0	0
05.500,00.000	38.8	5.5	-200	0	4.5	2152.13	1085.55	594.028	258.561	144.412	44.9346	18.0133	6.63195	0	0	0	0	0	0	0	0	0	0	0	0	0
05.500,00.000	38.9	5.5	-200	0	4.5	2157.06	1088.9	594.55	258.938	144.608	44.9692	18.3326	6.76465	0	0	0	0	0	0	0	0	0	0	0	0	0
05.500,00.000	39	5.5	-200	0	4.5	2161.96	1092.2	595.053	259.318	144.831	45.0052	18.65	6.89774	0	0	0	0	0	0	0	0	0	0	0	0	0
05.500,00.000	39.1	5.5	-200	0	4.5	2166.72	1095.4	595.537	259.691	145.06	45.0388	18.9642	7.03022	0	0	0	0	0	0	0	0	0	0	0	0	0
05.500,00.000	39.2	5.5	-200	0	4.5	2171.35	1098.54	595.999	260.048	145.257	45.0654	19.2775	7.16217	0	0	0	0	0	0	0	0	0	0	0	0	0
05.500,00.000	39.3	5.5	-200	0	4.5	2175.89	1101.6	596.435	260.41	145.469	45.0899	19.5895	7.29366	0	0	0	0	0	0	0	0	0	0	0	0	0
05.500,00.000	39.4	5.5	-200	0	4.5	2180.33	1104.56	596.856	260.767	145.709	45.1132	19.8982	7.42504	0	0	0	0	0	0	0	0	0	0	0	0	0
05.500,00.000	39.5	5.5	-200	0	4.5	2184.65	1107.46	597.256	261.116	145.922	45.1338	20.2052	7.55609	0	0	0	0	0	0	0	0	0	0	0	0	0
05.500,00.000	39.6	5.5	-200	0	4.5	2188.88	1110.32	597.626	261.446	146.139	45.1482	20.5122	7.68833	0	0	0	0	0	0	0	0	0	0	0	0	0
05.500,00.000	39.7	5.5	-200	0	4.5	2193	1113.07	597.98	261.773	146.386	45.162	20.8176	7.81856	0	0	0	0	0	0	0	0	0	0	0	0	0
05.500,00.000	39.8	5.5	-200	0	4.5	2197.04	1115.74	598.319	262.098	146.641	45.1751	21.1244	7.94846	0	0	0	0	0	0	0	0	0	0	0	0	0
05.500,00.000	39.9	5.5	-200	0	4.5	2200.99	1118.3	598.651	262.437	146.884	45.2144	21.427	8.07791	0	0	0	0	0	0	0	0	0	0	0	0	0
05.500,00.000	40	5.5	-200	0	4.5	2204.87	1120.77	598.972	262.779	147.149	45.2516	21.7365	8.20721	0	0	0	0	0	0	0	0	0	0	0	0	0
05.500,00.000	40.1	5.5	-200	0	4.5	2208.7	1123.21	599.288	263.106	147.435	45.2871	22.0424	8.33751	0	0	0	0	0	0	0	0	0	0	0	0	0
05.500,00.000	40.2	5.5	-200	0	4.5	2212.4	1125.53	599.588	263.443	147.716	45.3211	22.3437	8.46592	0	0	0	0	0	0	0	0	0	0	0	0	0
05.500,00.000	40.3	5.5	-200	0	4.5	2216.01	1127.76	599.88	263.788	147.981	45.3534	22.651	8.59409	0	0	0	0	0	0	0	0	0	0	0	0	0
05.500,00.000	40.4	5.5	-200	0	4.5	2219.57	1129.93	600.162	264.123	148.286	45.3839	22.9537	8.72267	0	0	0	0	0	0	0	0	0	0	0	0	0
05.500,00.000	40.5	5.5	-200	0	4.5	2223.03	1132.03	600.435	264.449	148.593	45.4125	23.2578	8.8511	0	0	0	0	0	0	0	0	0	0	0	0	0
05.500,00.000	40.6	5.5	-200	0	4.5	2226.42	1134.07	600.696	264.791	148.889	45.4397	23.564	8.97907	0	0	0	0	0	0	0	0	0	0	0	0	0
05.500,00.000	40.7	5.5	-200	0	4.5	2229.73	1136	600.949	265.13	149.21	45.4649	23.8729	9.10407	0	0	0	0	0	0	0	0	0	0	0	0	0
05.500,00.000	40.8	5.5	-200	0	4.5	2232.87	1137.76	601.207	265.477	149.533	45.4884	24.1743	9.23079	0	0	0	0	0	0	0	0	0	0	0	0	0
05.500,00.000	40.9	5.5	-200	0	4.5	2235.9	1139.4	601.46	265.826	149.869	45.5102	24.4776	9.3553	0	0	0	0	0	0	0	0	0	0	0	0	0
05.500,00.000	41	5.5	-200	0	4.5	2238.91	1140.98	601.725	266.175	150.224	45.5304	24.797	9.48009	0	0	0	0	0	0	0	0	0	0	0	0	0
05.500,00.000	41.1	5.5	-200	0	4.5	2241.86	1142.37	602.115	266.509	150.59	45.5491	25.1204	9.60588	0	0	0	0	0	0	0	0	0	0	0	0	0
05.500,00.000	41.2	5.5	-200	0	4.5	2244.76	1143.67	602.542	266.853	150.958	45.5662	25.4317	9.73342	0	0	0	0	0	0	0	0	0	0	0	0	0
05.500,00.000	41.3	5.5	-200	0	4.5	2247.6	1144.9	602.966	267.211	151.34	45.5815	25.7467	9.85878	0	0	0	0	0	0	0	0	0	0	0	0	0
05.500,00.000	41.4	5.5	-200	0	4.5	2250.42	1146.01	603.448	267.577	151.733	45.5951	26.0735	9.9077	0.0760248	0	0	0	0	0	0	0	0	0	0	0	0
05.500,00.000	41.5	5.5	-200	0	4.5	2253.18	1146.96	604.024	267.941	152.129	45.607	26.407	9.90727	0.200907	0	0	0	0	0	0	0	0	0	0	0	0
05.500,00.000	41.6	5.5	-200	0	4.5	2255.88	1147.87	604.599	268.305	152.528	45.6175	26.7278	9.90715	0.325391	0	0	0	0	0	0	0	0	0	0	0	0
05.500,00.000	41.7	5.5	-200	0	4.5	2258.53	1148.69	605.168	268.677	152.95	45.6262	27.0573	9.90715	0.447071	0	0	0	0	0	0	0	0	0	0	0	0
05.500,00.000	41.8	5.5	-200	0	4.5	2261.15	1149.46	605.738	269.065	153.381	45.6335	27.391	9.90715	0.570101	0	0	0	0	0	0	0	0	0	0	0	0
05.500,00.000	41.9	5.5	-200	0	4.5	2263.74	1150.18	606.304	269.48	153.815	45.6395	27.7185	9.90715	0.694899	0	0	0	0	0	0	0	0	0	0	0	0
05.500,00.000	42	5.5	-200	0	4.5	2266.29	1150.83	606.869	269.901	154.264	45.6443	28.0511	9.90715	0.818966	0	0	0	0	0	0	0	0	0	0	0	0