
label	time(d)	x	depth	z	radius	total	0-10	10-20	20-30	30-40	40-50	50-60	60-70	70-80	80-90	90-100	100-110	110-120	120-130	130-140	140-150	150-160	160-170	170-180	180-190	190-200
05.500,00.000	0	5.5	-200	0	4.5	0	0	0	0	0	0	0	0	0	0	0	0	0	0	0	0	0	0	0	0	0
05.500,00.000	0.1	5.5	-200	0	4.5	0	0	0	0	0	0	0	0	0	0	0	0	0	0	0	0	0	0	0	0	0
05.500,00.000	0.2	5.5	-200	0	4.5	0	0	0	0	0	0	0	0	0	0	0	0	0	0	0	0	0	0	0	0	0
05.500,00.000	0.3	5.5	-200	0	4.5	0	0	0	0	0	0	0	0	0	0	0	0	0	0	0	0	0	0	0	0	0
05.500,00.000	0.4	5.5	-200	0	4.5	0	0	0	0	0	0	0	0	0	0	0	0	0	0	0	0	0	0	0	0	0
05.500,00.000	0.5	5.5	-200	0	4.5	0	0	0	0	0	0	0	0	0	0	0	0	0	0	0	0	0	0	0	0	0
05.500,00.000	0.6	5.5	-200	0	4.5	0	0	0	0	0	0	0	0	0	0	0	0	0	0	0	0	0	0	0	0	0
05.500,00.000	0.7	5.5	-200	0	4.5	0	0	0	0	0	0	0	0	0	0	0	0	0	0	0	0	0	0	0	0	0
05.500,00.000	0.8	5.5	-200	0	4.5	0	0	0	0	0	0	0	0	0	0	0	0	0	0	0	0	0	0	0	0	0
05.500,00.000	0.9	5.5	-200	0	4.5	0	0	0	0	0	0	0	0	0	0	0	0	0	0	0	0	0	0	0	0	0
05.500,00.000	1	5.5	-200	0	4.5	0	0	0	0	0	0	0	0	0	0	0	0	0	0	0	0	0	0	0	0	0
05.500,00.000	1.1	5.5	-200	0	4.5	0	0	0	0	0	0	0	0	0	0	0	0	0	0	0	0	0	0	0	0	0
05.500,00.000	1.2	5.5	-200	0	4.5	0	0	0	0	0	0	0	0	0	0	0	0	0	0	0	0	0	0	0	0	0
05.500,00.000	1.3	5.5	-200	0	4.5	0	0	0	0	0	0	0	0	0	0	0	0	0	0	0	0	0	0	0	0	0
05.500,00.000	1.4	5.5	-200	0	4.5	0	0	0	0	0	0	0	0	0	0	0	0	0	0	0	0	0	0	0	0	0
05.500,00.000	1.5	5.5	-200	0	4.5	0	0	0	0	0	0	0	0	0	0	0	0	0	0	0	0	0	0	0	0	0
05.500,00.000	1.6	5.5	-200	0	4.5	0	0	0	0	0	0	0	0	0	0	0	0	0	0	0	0	0	0	0	0	0
05.500,00.000	1.7	5.5	-200	0	4.5	0	0	0	0	0	0	0	0	0	0	0	0	0	0	0	0	0	0	0	0	0
05.500,00.000	1.8	5.5	-200	0	4.5	0	0	0	0	0	0	0	0	0	0	0	0	0	0	0	0	0	0	0	0	0
05.500,00.000	1.9	5.5	-200	0	4.5	0	0	0	0	0	0	0	0	0	0	0	0	0	0	0	0	0	0	0	0	0
05.500,00.000	2	5.5	-200	0	4.5	0	0	0	0	0	0	0	0	0	0	0	0	0	0	0	0	0	0	0	0	0
05.500,00.000	2.1	5.5	-200	0	4.5	0	0	0	0	0	0	0	0	0	0	0	0	0	0	0	0	0	0	0	0	0
05.500,00.000	2.2	5.5	-200	0	4.5	0	0	0	0	0	0	0	0	0	0	0	0	0	0	0	0	0	0	0	0	0
05.500,00.000	2.3	5.5	-200	0	4.5	0	0	0	0	0	0	0	0	0	0	0	0	0	0	0	0	0	0	0	0	0
05.500,00.000	2.4	5.5	-200	0	4.5	0	0	0	0	0	0	0	0	0	0	0	0	0	0	0	0	0	0	0	0	0
05.500,00.000	2.5	5.5	-200	0	4.5	0	0	0	0	0	0	0	0	0	0	0	0	0	0	0	0	0	0	0	0	0
05.500,00.000	2.6	5.5	-200	0	4.5	0	0	0	0	0	0	0	0	0	0	0	0	0	0	0	0	0	0	0	0	0
05.500,00.000	2.7	5.5	-200	0	4.5	0	0	0	0	0	0	0	0	0	0	0	0	0	0	0	0	0	0	0	0	0
05.500,00.000	2.8	5.5	-200	0	4.5	0	0	0	0	0	0	0	0	0	0	0	0	0	0	0	0	0	0	0	0	0
05.500,00.000	2.9	5.5	-200	0	4.5	0	0	0	0	0	0	0	0	0	0	0	0	0	0	0	0	0	0	0	0	0
05.500,00.000	3	5.5	-200	0	4.5	0	0	0	0	0	0	0	0	0	0	0	0	0	0	0	0	0	0	0	0	0
05.500,00.000	3.1	5.5	-200	0	4.5	0	0	0	0	0	0	0	0	0	0	0	0	0	0	0	0	0	0	0	0	0
05.500,00.000	3.2	5.5	-200	0	4.5	0	0	0	0	0	0	0	0	0	0	0	0	0	0	0	0	0	0	0	0	0
05.500,00.000	3.3	5.5	-200	0	4.5	0	0	0	0	0	0	0	0	0	0	0	0	0	0	0	0	0	0	0	0	0
05.500,00.000	3.4	5.5	-200	0	4.5	0	0	0	0	0	0	0	0	0	0	0	0	0	0	0	0	0	0	0	0	0
05.500,00.000	3.5	5.5	-200	0	4.5	0	0	0	0	0	0	0	0	0	0	0	0	0	0	0	0	0	0	0	0	0
05.500,00.000	3.6	5.5	-200	0	4.5	0	0	0	0	0	0	0	0	0	0	0	0	0	0	0	0	0	0	0	0	0
05.500,00.000	3.7	5.5	-200	0	4.5	0	0	0	0	0	0	0	0	0	0	0	0	0	0	0	0	0	0	0	0	0
05.500,00.000	3.8	5.5	-200	0	4.5	0.171327	0.171327	0	0	0	0	0	0	0	0	0	0	0	0	0	0	0	0	0	0	0
05.500,00.000	3.9	5.5	-200	0	4.5	0.421415	0.421415	0	0	0	0	0	0	0	0	0	0	0	0	0	0	0	0	0	0	0
05.500,00.000	4	5.5	-200	0	4.5	0.673249	0.673249	0	0	0	0	0	0	0	0	0	0	0	0	0	0	0	0	0	0	0
05.500,00.000	4.1	5.5	-200	0	4.5	0.925515	0.925515	0	0	0	0	0	0	0	0	0	0	0	0	0	0	0	0	0	0	0
05.500,00.000	4.2	5.5	-200	0	4.5	1.17779	1.17779	0	0	0	0	0	0	0	0	0	0	0	0	0	0	0	0	0	0	0
05.500,00.000	4.3	5.5	-200	0	4.5	1.43029	1.43029	0	0	0	0	0	0	0	0	0	0	0	0	0	0	0	0	0	0	0
05.500,00.000	4.4	5.5	-200	0	4.5	1.6832	1.6832	0	0	0	0	0	0	0	0	0	0	0	0	0	0	0	0	0	0	0
05.500,00.000	4.5	5.5	-200	0	4.5	1.93541	1.93541	0	0	0	0	0	0	0	0	0	0	0	0	0	0	0	0	0	0	0
05.500,00.000	4.6	5.5	-200	0	4.5	2.1869	2.1869	0	0	0	0	0	0	0	0	0	0	0	0	0	0	0	0	0	0	0
05.500,00.000	4.7	5.5	-200	0	4.5	2.43778	2.43778	0	0	0	0	0	0	0	0	0	0	0	0	0	0	0	0	0	0	0
05.500,00.000	4.8	5.5	-200	0	4.5	2.68812	2.68812	0	0	0	0	0	0	0	0	0	0	0	0	0	0	0	0	0	0	0
05.500,00.000	4.9	5.5	-200	0	4.5	2.93878	2.93878	0	0	0	0	0	0	0	0	0	0	0	0	0	0	0	0	0	0	0
05.500,00.000	5	5.5	-200	0	4.5	3.18998	3.08787	0.10211	0	0	0	0	0	0	0	0	0	0	0	0	0	0	0	0	0	0
05.500,00.000	5.1	5.5	-200	0	4.5	3.44035	3.08444	0.355907	0	0	0	0	0	0	0	0	0	0	0	0	0	0	0	0	0	0
05.500,00.000	5.2	5.5	-200	0	4.5	3.68989	3.08253	0.607359	0	0	0	0	0	0	0	0	0	0	0	0	0	0	0	0	0	0
05.500,00.000	5.3	5.5	-200	0	4.5	3.93952	3.08253	0.856985	0	0	0	0	0	0	0	0	0	0	0	0	0	0	0	0	0	0
05.500,00.000	5.4	5.5	-200	0	4.5	4.18973	3.08253	1.1072	0	0	0	0	0	0	0	0	0	0	0	0	0	0	0	0	0	0
05.500,00.000	5.5	5.5	-200	0	4.5	4.43782	3.08253	1.35528	0	0	0	0	0	0	0	0	0	0	0	0	0	0	0	0	0	0
05.500,00.000	5.6	5.5	-200	0	4.5	4.68653	3.08253	1.60399	0	0	0	0	0	0	0	0	0	0	0	0	0	0	0	0	0	0
05.500,00.000	5.7	5.5	-200	0	4.5	4.93425	3.08253	1.85172	0	0	0	0	0	0	0	0	0	0	0	0	0	0	0	0	0	0
05.500,00.000	5.8	5.5	-200	0	4.5	5.18239	3.08253	2.09986	0	0	0	0	0	0	0	0	0	0	0	0	0	0	0	0	0	0
05.500,00.000	5.9	5.5	-200	0	4.5	5.43047	3.08253	2.34794	0	0	0	0	0	0	0	0	0	0	0	0	0	0	0	0	0	0
05.500,00.000	6	5.5	-200	0	4.5	5.67872	3.08253	2.59618	0	0	0	0	0	0	0	0	0	0	0	0	0	0	0	0	0	0
05.500,00.000	6.1	5.5	-200	0	4.5	5.92646	3.08253	2.84392	0	0	0	0	0	0	0	0	0	0	0	0	0	0	0	0	0	0
05.500,00.000	6.2	5.5	-200	0	4.5	6.17382	3.08253	3.09129	0	0	0	0	0	0	0	0	0	0	0	0	0	0	0	0	0	0
05.500,00.000	6.3	5.5	-200	0	4.5	6.42134	3.08253	3.3388	0	0	0	0	0	0	0	0	0	0	0	0	0	0	0	0	0	0
05.500,00.000	6.4	5.5	-200	0	4.5	6.66834	3.08253	3.58581	0	0	0	0	0	0	0	0	0	0	0	0	0	0	0	0	0	0
05.500,00.000	6.5	5.5	-200	0	4.5	6.91395	3.08253	3.83142	0	0	0	0	0	0	0	0	0	0	0	0	0	0	0	0	0	0
05.500,00.000	6.6	5.5	-200	0	4.5	7.15994	3.08253	4.07741	0	0	0	0	0	0	0	0	0	0	0	0	0	0	0	0	0	0
05.500,00.000	6.7	5.5	-200	0	4.5	7.40563	3.08253	4.3231	0	0	0	0	0	0	0	0	0	0	0	0	0	0	0	0	0	0
05.500,00.000	6.8	5.5	-200	0	4.5	7.6512	3.08253	4.56866	0	0	0	0	0	0	0	0	0	0	0	0	0	0	0	0	0	0
05.500,00.000	6.9	5.5	-200	0	4.5	7.89627	3.08253	4.81374	0	0	0	0	0	0	0	0	0	0	0	0	0	0	0	0	0	0
05.500,00.000	7	5.5	-200	0	4.5	8.1411	3.08253	5.05856	0	0	0	0	0	0	0	0	0	0	0	0	0	0	0	0	0	0
05.500,00.000	7.1	5.5	-200	0	4.5	8.38579	3.08253	5.30326	0	0	0	0	0	0	0	0	0	0	0	0	0	0	0	0	0	0
05.500,00.000	7.2	5.5	-200	0	4.5	8.63009	3.08253	5.54756	0	0	0	0	0	0	0	0	0	0	0	0	0	0	0	0	0	0
05.500,00.000	7.3	5.5	-200	0	4.5	8.87409	3.08253	5.79156	0	0	0	0	0	0	0	0	0	0	0	0	0	0	0	0	0	0
05.500,00.000	7.4	5.5	-200	0	4.5	9.11777	3.08253	6.03524	0	0	0	0	0	0	0	0	0	0	0	0	0	0	0	0	0	0
05.500,00.000	7.5	5.5	-200	0	4.5	9.36062	3.08253	6.27809	0	0	0	0	0	0	0	0	0	0	0	0	0	0	0	0	0	0
05.500,00.000	7.6	5.5	-200	0	4.5	9.60366	3.08253	6.52113	0	0	0	0	0	0	0	0	0	0	0	0	0	0	0	0	0	0
05.500,00.000	7.7	5.5	-200	0	4.5	9.84593	3.08253	6.7634	0	0	0	0	0	0	0	0	0	0	0	0	0	0	0	0	0	0
05.500,00.000	7.8	5.5	-200	0	4.5	10.088	3.08253	7.00547	0	0	0	0	0	0	0	0	0	0	0	0	0	0	0	0	0	0
05.500,00.000	7.9	5.5	-200	0	4.5	10.33	3.08253	7.2475	0	0	0	0	0	0	0	0	0	0	0	0	0	0	0	0	0	0
05.500,00.000	8	5.5	-200	0	4.5	10.5717	3.08253	7.4892	0	0	0	0	0	0	0	0	0	0	0	0	0	0	0	0	0	0
05.500,00.000	8.1	5.5	-200	0	4.5	10.8129	3.08253	7.73042	0	0	0	0	0	0	0	0	0	0	0	0	0	0	0	0	0	0
05.500,00.000	8.2	5.5	-200	0	4.5	11.0537	3.08253	7.97116	0	0	0	0	0	0	0	0	0	0	0	0	0	0	0	0	0	0
05.500,00.000	8.3	5.5	-200	0	4.5	11.2942	3.08264	8.21158	0	0	0	0	0	0	0	0	0	0	0	0	0	0	0	0	0	0
05.500,00.000	8.4	5.5	-200	0	4.5	11.5371	3.08537	8.45173	0	0	0	0	0	0	0	0	0	0	0	0	0	0	0	0	0	0
05.500,00.000	8.5	5.5	-200	0	4.5	11.7818	3.09044	8.69133	0	0	0	0	0	0	0	0	0	0	0	0	0	0	0	0	0	0
05.500,00.000	8.6	5.5	-200	0	4.5	12.0303	3.09991	8.93038	0	0	0	0	0	0	0	0	0	0	0	0	0	0	0	0	0	0
05.500,00.000	8.7	5.5	-200	0	4.5	12.2801	3.11206	9.16802	0	0	0	0	0	0	0	0	0	0	0	0	0	0	0	0	0	0
05.500,00.000	8.8	5.5	-200	0	4.5	12.5339	3.1277	9.40619	0	0	0	0	0	0	0	0	0	0	0	0	0	0	0	0	0	0
05.500,00.000	8.9	5.5	-200	0	4.5	12.7917	3.1483	9.64339	0	0	0	0	0	0	0	0	0	0	0	0	0	0	0	0	0	0
05.500,00.000	9	5.5	-200	0	4.5	13.0542	3.17387	9.8803	0	0	0	0	0	0	0	0	0	0	0	0	0	0	0	0	0	0
05.500,00.000	9.1	5.5	-200	0	4.5	13.3208	3.20409	10.1167	0	0	0	0	0	0	0	0	0	0	0	0	0	0	0	0	0	0
05.500,00.000	9.2	5.5	-200	0	4.5	13.5929	3.2402	10.3527	0	0	0	0	0	0	0	0	0	0	0	0	0	0	0	0	0	0
05.500,00.000	9.3	5.5	-200	0	4.5	13.8706	3.28248	10.438	0.150158	0	0	0	0	0	0	0	0	0	0	0	0	0	0	0	0	0
05.500,00.000	9.4	5.5	-200	0	4.5	14.1544	3.33132	10.4369	0.386176	0	0	0	0	0	0	0	0	0	0	0	0	0	0	0	0	0
05.500,00.000	9.5	5.5	-200	0	4.5	14.443	3.38563	10.437	0.620411	0	0	0	0	0	0	0	0	0	0	0	0	0	0	0	0	0
05.500,00.000	9.6	5.5	-200	0	4.5	14.7381	3.44532	10.4389	0.853939	0	0	0	0	0	0	0	0	0	0	0	0	0	0	0	0	0
05.500,00.000	9.7	5.5	-200	0	4.5	15.0403	3.50967	10.4437	1.08695	0	0	0	0	0	0	0	0	0	0	0	0	0	0	0	0	0
05.500,00.000	9.8	5.5	-200	0	4.5	15.3488	3.57918	10.45	1.31955	0	0	0	0	0	0	0	0	0	0	0	0	0	0	0	0	0
05.500,00.000	9.9	5.5	-200	0	4.5	15.6638	3.65373	10.4586	1.5515	0	0	0	0	0	0	0	0	0	0	0	0	0	0	0	0	0
05.500,00.000	10	5.5	-200	0	4.5	15.9874	3.73333	10.4711	1.78304	0	0	0	0	0	0	0	0	0	0	0	0	0	0	0	0	0
05.500,00.000	10.1	5.5	-200	0	4.5	16.3187	3.81758	10.487	2.0142	0	0	0	0	0	0	0	0	0	0	0	0	0	0	0	0	0
05.500,00.000	10.2	5.5	-200	0	4.5	16.6589	3.90645	10.5075	2.24496	0	0	0	0	0	0	0	0	0	0	0	0	0	0	0	0	0
05.500,00.000	10.3	5.5	-200	0	4.5	17.0071	3.99976	10.5323	2.47508	0	0	0	0	0	0	0	0	0	0	0	0	0	0	0	0	0
05.500,00.000	10.4	5.5	-200	0	4.5	17.365	4.09718	10.5632	2.70457	0	0	0	0	0	0	0	0	0	0	0	0	0	0	0	0	0
05.500,00.000	10.5	5.5	-200	0	4.5	17.7326	4.19794	10.6011	2.93354	0	0	0	0	0	0	0	0	0	0	0	0	0	0	0	0	0
05.500,00.000	10.6	5.5	-200	0	4.5	18.1093	4.30154	10.6457	3.16206	0	0	0	0	0	0	0	0	0	0	0	0	0	0	0	0	0
05.500,00.000	10.7	5.5	-200	0	4.5	18.4951	4.40821	10.697	3.38985	0	0	0	0	0	0	0	0	0	0	0	0	0	0	0	0	0
05.500,00.000	10.8	5.5	-200	0	4.5	18.8892	4.51757	10.7549	3.61675	0	0	0	0	0	0	0	0	0	0	0	0	0	0	0	0	0
05.500,00.000	10.9	5.5	-200	0	4.5	19.2977	4.63168	10.8227	3.84335	0	0	0	0	0	0	0	0	0	0	0	0	0	0	0	0	0
05.500,00.000	11	5.5	-200	0	4.5	19.7177	4.74981	10.898	4.06986	0	0	0	0	0	0	0	0	0	0	0	0	0	0	0	0	0
05.500,00.000	11.1	5.5	-200	0	4.5	20.1488	4.87185	10.981	4.29595	0	0	0	0	0	0	0	0	0	0	0	0	0	0	0	0	0
05.500,00.000	11.2	5.5	-200	0	4.5	20.5928	4.99859	11.0728	4.52132	0	0	0	0	0	0	0	0	0	0	0	0	0	0	0	0	0
05.500,00.000	11.3	5.5	-200	0	4.5	21.0596	5.14009	11.1735	4.746	0	0	0	0	0	0	0	0	0	0	0	0	0	0	0	0	0
05.500,00.000	11.4	5.5	-200	0	4.5	21.558	5.30404	11.2836	4.97036	0	0	0	0	0	0	0	0	0	0	0	0	0	0	0	0	0
05.500,00.000	11.5	5.5	-200	0	4.5	22.0579	5.46187	11.4017	5.1943	0	0	0	0	0	0	0	0	0	0	0	0	0	0	0	0	0
05.500,00.000	11.6	5.5	-200	0	4.5	22.5421	5.59669	11.5279	5.4175	0	0	0	0	0	0	0	0	0	0	0	0	0	0	0	0	0
05.500,00.000	11.7	5.5	-200	0	4.5	23.0315	5.72878	11.6628	5.63991	0	0	0	0	0	0	0	0	0	0	0	0	0	0	0	0	0
05.500,00.000	11.8	5.5	-200	0	4.5	23.5305	5.86311	11.8057	5.86172	0	0	0	0	0	0	0	0	0	0	0	0	0	0	0	0	0
05.500,00.000	11.9	5.5	-200	0	4.5	24.0473	6.0046	11.9593	6.08342	0	0	0	0	0	0	0	0	0	0	0	0	0	0	0	0	0
05.500,00.000	12	5.5	-200	0	4.5	24.6283	6.18336	12.1303	6.31466	0	0	0	0	0	0	0	0	0	0	0	0	0	0	0	0	0
05.500,00.000	12.1	5.5	-200	0	4.5	25.2303	6.37226	12.3125	6.54547	0	0	0	0	0	0	0	0	0	0	0	0	0	0	0	0	0
05.500,00.000	12.2	5.5	-200	0	4.5	25.8161	6.55312	12.4971	6.7659	0	0	0	0	0	0	0	0	0	0	0	0	0	0	0	0	0
05.500,00.000	12.3	5.5	-200	0	4.5	26.488	6.83215	12.6701	6.98578	0	0	0	0	0	0	0	0	0	0	0	0	0	0	0	0	0
05.500,00.000	12.4	5.5	-200	0	4.5	27.1986	7.13749	12.8558	7.20526	0	0	0	0	0	0	0	0	0	0	0	0	0	0	0	0	0
05.500,00.000	12.5	5.5	-200	0	4.5	28.1887	7.54877	13.1325	7.50746	0	0	0	0	0	0	0	0	0	0	0	0	0	0	0	0	0
05.500,00.000	12.6	5.5	-200	0	4.5	28.9313	7.8543	13.3454	7.73162	0	0	0	0	0	0	0	0	0	0	0	0	0	0	0	0	0
05.500,00.000	12.7	5.5	-200	0	4.5	29.7076	8.16889	13.5785	7.96013	0	0	0	0	0	0	0	0	0	0	0	0	0	0	0	0	0
05.500,00.000	12.8	5.5	-200	0	4.5	30.4328	8.46165	13.8023	8.16887	0	0	0	0	0	0	0	0	0	0	0	0	0	0	0	0	0
05.500,00.000	12.9	5.5	-200	0	4.5	30.9838	8.69703	13.9706	8.31624	0	0	0	0	0	0	0	0	0	0	0	0	0	0	0	0	0
05.500,00.000	13	5.5	-200	0	4.5	31.9506	9.1053	14.2775	8.56784	0	0	0	0	0	0	0	0	0	0	0	0	0	0	0	0	0
05.500,00.000	13.1	5.5	-200	0	4.5	32.8637	9.49041	14.5739	8.79944	0	0	0	0	0	0	0	0	0	0	0	0	0	0	0	0	0
05.500,00.000	13.2	5.5	-200	0	4.5	33.7365	9.85376	14.868	9.01468	0	0	0	0	0	0	0	0	0	0	0	0	0	0	0	0	0
05.500,00.000	13.3	5.5	-200	0	4.5	34.6314	10.2251	15.177	9.22932	0	0	0	0	0	0	0	0	0	0	0	0	0	0	0	0	0
05.500,00.000	13.4	5.5	-200	0	4.5	35.5518	10.6065	15.5015	9.44382	0	0	0	0	0	0	0	0	0	0	0	0	0	0	0	0	0
05.500,00.000	13.5	5.5	-200	0	4.5	37.1494	11.2621	16.0744	9.81297	0	0	0	0	0	0	0	0	0	0	0	0	0	0	0	0	0
05.500,00.000	13.6	5.5	-200	0	4.5	37.7549	11.498	16.2953	9.96165	0	0	0	0	0	0	0	0	0	0	0	0	0	0	0	0	0
05.500,00.000	13.7	5.5	-200	0	4.5	38.6269	11.8323	16.6277	10.1669	0	0	0	0	0	0	0	0	0	0	0	0	0	0	0	0	0
05.500,00.000	13.8	5.5	-200	0	4.5	39.1529	12.0331	16.8241	10.1679	0.127864	0	0	0	0	0	0	0	0	0	0	0	0	0	0	0	0
05.500,00.000	13.9	5.5	-200	0	4.5	39.5284	12.1756	16.9685	10.1626	0.221669	0	0	0	0	0	0	0	0	0	0	0	0	0	0	0	0
05.500,00.000	14	5.5	-200	0	4.5	40.7539	12.6409	17.4538	10.1863	0.472892	0	0	0	0	0	0	0	0	0	0	0	0	0	0	0	0
05.500,00.000	14.1	5.5	-200	0	4.5	41.8146	13.0405	17.8775	10.1863	0.710309	0	0	0	0	0	0	0	0	0	0	0	0	0	0	0	0
05.500,00.000	14.2	5.5	-200	0	4.5	42.8068	13.4178	18.2814	10.1864	0.921152	0	0	0	0	0	0	0	0	0	0	0	0	0	0	0	0
05.500,00.000	14.3	5.5	-200	0	4.5	43.8297	13.8122	18.6976	10.188	1.13188	0	0	0	0	0	0	0	0	0	0	0	0	0	0	0	0
05.500,00.000	14.4	5.5	-200	0	4.5	44.8572	14.2076	19.1158	10.1928	1.34102	0	0	0	0	0	0	0	0	0	0	0	0	0	0	0	0
05.500,00.000	14.5	5.5	-200	0	4.5	47.7091	15.3624	20.2535	10.2133	1.87989	0	0	0	0	0	0	0	0	0	0	0	0	0	0	0	0
05.500,00.000	14.6	5.5	-200	0	4.5	48.2269	15.5752	20.4469	10.2185	1.98635	0	0	0	0	0	0	0	0	0	0	0	0	0	0	0	0
05.500,00.000	14.7	5.5	-200	0	4.5	49.032	15.8829	20.7826	10.2324	2.13405	0	0	0	0	0	0	0	0	0	0	0	0	0	0	0	0
05.500,00.000	14.8	5.5	-200	0	4.5	49.147	15.923	20.8309	10.2349	2.15829	0	0	0	0	0	0	0	0	0	0	0	0	0	0	0	0
05.500,00.000	14.9	5.5	-200	0	4.5	51.4764	16.7909	21.814	10.2952	2.57624	0	0	0	0	0	0	0	0	0	0	0	0	0	0	0	0
05.500,00.000	15	5.5	-200	0	4.5	53.3379	17.4344	22.6698	10.3493	2.8843	0	0	0	0	0	0	0	0	0	0	0	0	0	0	0	0
05.500,00.000	15.1	5.5	-200	0	4.5	54.6635	17.8623	23.3089	10.3969	3.09546	0	0	0	0	0	0	0	0	0	0	0	0	0	0	0	0
05.500,00.000	15.2	5.5	-200	0	4.5	55.9769	18.2742	23.9523	10.45	3.3004	0	0	0	0	0	0	0	0	0	0	0	0	0	0	0	0
05.500,00.000	15.3	5.5	-200	0	4.5	57.3067	18.6812	24.6095	10.511	3.50498	0	0	0	0	0	0	0	0	0	0	0	0	0	0	0	0
05.500,00.000	15.4	5.5	-200	0	4.5	58.6535	19.0833	25.2794	10.5813	3.70948	0	0	0	0	0	0	0	0	0	0	0	0	0	0	0	0
05.500,00.000	15.5	5.5	-200	0	4.5	64.5146	20.8519	28.1406	10.9223	4.59981	0	0	0	0	0	0	0	0	0	0	0	0	0	0	0	0
05.500,00.000	15.6	5.5	-200	0	4.5	65.5645	21.1908	28.6041	10.9942	4.77531	0	0	0	0	0	0	0	0	0	0	0	0	0	0	0	0
05.500,00.000	15.7	5.5	-200	0	4.5	65.7209	21.2351	28.6809	11.0056	4.79929	0	0	0	0	0	0	0	0	0	0	0	0	0	0	0	0
05.500,00.000	15.8	5.5	-200	0	4.5	65.7209	21.2351	28.6809	11.0056	4.79929	0	0	0	0	0	0	0	0	0	0	0	0	0	0	0	0
05.500,00.000	15.9	5.5	-200	0	4.5	71.0712	22.6393	31.3108	11.4861	5.6349	0	0	0	0	0	0	0	0	0	0	0	0	0	0	0	0
05.500,00.000	16	5.5	-200	0	4.5	73.6059	23.3094	32.5171	11.7399	6.03952	0	0	0	0	0	0	0	0	0	0	0	0	0	0	0	0
05.500,00.000	16.1	5.5	-200	0	4.5	74.8773	23.6223	33.1434	11.8792	6.23238	0	0	0	0	0	0	0	0	0	0	0	0	0	0	0	0
05.500,00.000	16.2	5.5	-200	0	4.5	76.1879	23.9317	33.7942	12.032	6.43005	0	0	0	0	0	0	0	0	0	0	0	0	0	0	0	0
05.500,00.000	16.3	5.5	-200	0	4.5	77.496	24.2265	34.448	12.1957	6.62588	0	0	0	0	0	0	0	0	0	0	0	0	0	0	0	0
05.500,00.000	16.4	5.5	-200	0	4.5	78.8174	24.5078	35.1157	12.372	6.82197	0	0	0	0	0	0	0	0	0	0	0	0	0	0	0	0
05.500,00.000	16.5	5.5	-200	0	4.5	86.8367	26.1322	39.1966	13.5132	7.99477	0	0	0	0	0	0	0	0	0	0	0	0	0	0	0	0
05.500,00.000	16.6	5.5	-200	0	4.5	88.2768	26.4542	39.8503	13.7467	8.22559	0	0	0	0	0	0	0	0	0	0	0	0	0	0	0	0
05.500,00.000	16.7	5.5	-200	0	4.5	103.495	29.4595	47.2455	16.2823	10.0687	0.439333	0	0	0	0	0	0	0	0	0	0	0	0	0	0	0
05.500,00.000	16.8	5.5	-200	0	4.5	107.059	30.2189	48.9543	16.8378	10.0693	0.978707	0	0	0	0	0	0	0	0	0	0	0	0	0	0	0
05.500,00.000	16.9	5.5	-200	0	4.5	114.487	31.647	52.5955	18.1122	10.0958	2.0361	0	0	0	0	0	0	0	0	0	0	0	0	0	0	0
05.500,00.000	17	5.5	-200	0	4.5	117.719	32.2734	54.1745	18.6741	10.1063	2.49095	0	0	0	0	0	0	0	0	0	0	0	0	0	0	0
05.500,00.000	17.1	5.5	-200	0	4.5	119.08	32.523	54.8344	18.9314	10.1175	2.67338	0	0	0	0	0	0	0	0	0	0	0	0	0	0	0
05.500,00.000	17.2	5.5	-200	0	4.5	120.446	32.7807	55.4785	19.2013	10.1307	2.8548	0	0	0	0	0	0	0	0	0	0	0	0	0	0	0
05.500,00.000	17.3	5.5	-200	0	4.5	121.83	33.0589	56.103	19.4855	10.1476	3.03473	0	0	0	0	0	0	0	0	0	0	0	0	0	0	0
05.500,00.000	17.4	5.5	-200	0	4.5	123.244	33.353	56.7202	19.7883	10.1682	3.21479	0	0	0	0	0	0	0	0	0	0	0	0	0	0	0
05.500,00.000	17.5	5.5	-200	0	4.5	132.903	35.291	61.0052	21.8493	10.3358	4.4216	0	0	0	0	0	0	0	0	0	0	0	0	0	0	0
05.500,00.000	17.6	5.5	-200	0	4.5	134.739	35.684	61.8138	22.2078	10.3735	4.65994	0	0	0	0	0	0	0	0	0	0	0	0	0	0	0
05.500,00.000	17.7	5.5	-200	0	4.5	155.871	39.5724	71.2984	26.7867	10.9679	7.24544	0	0	0	0	0	0	0	0	0	0	0	0	0	0	0
05.500,00.000	17.8	5.5	-200	0	4.5	161.038	40.8467	73.3268	27.8846	11.1271	7.85256	0	0	0	0	0	0	0	0	0	0	0	0	0	0	0
05.500,00.000	17.9	5.5	-200	0	4.5	171.966	43.0003	78.0278	30.2917	11.5949	8.83297	0.217897	0	0	0	0	0	0	0	0	0	0	0	0	0	0
05.500,00.000	18	5.5	-200	0	4.5	176.355	43.9202	79.7684	31.3512	11.7934	8.83297	0.688498	0	0	0	0	0	0	0	0	0	0	0	0	0	0
05.500,00.000	18.1	5.5	-200	0	4.5	177.919	44.2064	80.4541	31.7039	11.8774	8.83297	0.844245	0	0	0	0	0	0	0	0	0	0	0	0	0	0
05.500,00.000	18.2	5.5	-200	0	4.5	179.848	44.5464	81.3065	32.1422	11.9897	8.83297	1.03047	0	0	0	0	0	0	0	0	0	0	0	0	0	0
05.500,00.000	18.3	5.5	-200	0	4.5	181.643	44.8499	82.1094	32.5511	12.1026	8.83297	1.19748	0	0	0	0	0	0	0	0	0	0	0	0	0	0
05.500,00.000	18.4	5.5	-200	0	4.5	183.463	45.1435	82.9363	32.9637	12.2254	8.83297	1.36105	0	0	0	0	0	0	0	0	0	0	0	0	0	0
05.500,00.000	18.5	5.5	-200	0	4.5	201.162	47.8046	91.3452	36.7789	13.5007	8.83408	2.89808	0	0	0	0	0	0	0	0	0	0	0	0	0	0
05.500,00.000	18.6	5.5	-200	0	4.5	204.635	48.3142	93.0285	37.4863	13.7667	8.83641	3.20246	0	0	0	0	0	0	0	0	0	0	0	0	0	0
05.500,00.000	18.7	5.5	-200	0	4.5	237.978	52.5644	109.407	44.5347	16.4611	8.97805	6.03233	0	0	0	0	0	0	0	0	0	0	0	0	0	0
05.500,00.000	18.8	5.5	-200	0	4.5	246.387	53.7301	113.433	46.3045	17.1659	9.03143	6.72172	0	0	0	0	0	0	0	0	0	0	0	0	0	0
05.500,00.000	18.9	5.5	-200	0	4.5	257.098	55.0615	118.418	48.4052	18.0511	9.63901	7.52356	0	0	0	0	0	0	0	0	0	0	0	0	0	0
05.500,00.000	19	5.5	-200	0	4.5	264.023	55.9552	121.287	49.7505	18.6599	10.3274	8.04267	0	0	0	0	0	0	0	0	0	0	0	0	0	0
05.500,00.000	19.1	5.5	-200	0	4.5	266.967	56.3138	122.565	50.3068	18.9151	10.6174	8.24909	0	0	0	0	0	0	0	0	0	0	0	0	0	0
05.500,00.000	19.2	5.5	-200	0	4.5	269.427	56.6151	123.651	50.7615	19.1268	10.8595	8.41313	0	0	0	0	0	0	0	0	0	0	0	0	0	0
05.500,00.000	19.3	5.5	-200	0	4.5	271.97	56.9206	124.782	51.2278	19.3488	11.1131	8.57693	0	0	0	0	0	0	0	0	0	0	0	0	0	0
05.500,00.000	19.4	5.5	-200	0	4.5	274.588	57.2329	125.957	51.7031	19.5787	11.377	8.72526	0.0147192	0	0	0	0	0	0	0	0	0	0	0	0	0
05.500,00.000	19.5	5.5	-200	0	4.5	277.443	57.5627	127.252	52.2164	19.8302	11.6691	8.72475	0.187512	0	0	0	0	0	0	0	0	0	0	0	0	0
05.500,00.000	19.6	5.5	-200	0	4.5	296.087	59.548	135.752	55.5963	21.5006	13.6479	8.79139	1.25094	0	0	0	0	0	0	0	0	0	0	0	0	0
05.500,00.000	19.7	5.5	-200	0	4.5	309.137	61.0559	141.731	57.8068	22.686	14.604	9.2347	2.01871	0	0	0	0	0	0	0	0	0	0	0	0	0
05.500,00.000	19.8	5.5	-200	0	4.5	309.783	61.1366	142.029	57.9118	22.7437	14.6335	9.27331	2.05515	0	0	0	0	0	0	0	0	0	0	0	0	0
05.500,00.000	19.9	5.5	-200	0	4.5	323.935	62.9768	148.205	60.3721	24.0629	15.3568	10.1142	2.84655	0	0	0	0	0	0	0	0	0	0	0	0	0
05.500,00.000	20	5.5	-200	0	4.5	328.369	63.6788	150.041	61.1318	24.4727	15.5846	10.3725	3.08726	0	0	0	0	0	0	0	0	0	0	0	0	0
05.500,00.000	20.1	5.5	-200	0	4.5	342.705	65.6895	156.145	63.5701	25.8473	16.3861	11.2174	3.84983	0	0	0	0	0	0	0	0	0	0	0	0	0
05.500,00.000	20.2	5.5	-200	0	4.5	349.444	66.7295	158.999	64.6085	26.5054	16.7754	11.6181	4.20772	0	0	0	0	0	0	0	0	0	0	0	0	0
05.500,00.000	20.3	5.5	-200	0	4.5	352.564	67.1662	160.333	65.1233	26.8102	16.9613	11.8028	4.36714	0	0	0	0	0	0	0	0	0	0	0	0	0
05.500,00.000	20.4	5.5	-200	0	4.5	361.205	68.3174	164.017	66.6122	27.6596	17.4912	12.3117	4.79648	0	0	0	0	0	0	0	0	0	0	0	0	0
05.500,00.000	20.5	5.5	-200	0	4.5	363.196	68.6039	164.861	66.9426	27.8536	17.6134	12.428	4.89321	0	0	0	0	0	0	0	0	0	0	0	0	0
05.500,00.000	20.6	5.5	-200	0	4.5	369.36	69.3737	167.471	68.0541	28.4672	18.0091	12.797	5.18699	0	0	0	0	0	0	0	0	0	0	0	0	0
05.500,00.000	20.7	5.5	-200	0	4.5	396.075	72.5632	178.904	72.7263	31.1852	19.7726	14.4493	6.47374	0	0	0	0	0	0	0	0	0	0	0	0	0
05.500,00.000	20.8	5.5	-200	0	4.5	405.003	73.7059	182.691	74.2428	32.0992	20.3698	15.0041	6.89067	0	0	0	0	0	0	0	0	0	0	0	0	0
05.500,00.000	20.9	5.5	-200	0	4.5	405.03	73.7089	182.702	74.2477	32.102	20.3717	15.0058	6.89188	0	0	0	0	0	0	0	0	0	0	0	0	0
05.500,00.000	21	5.5	-200	0	4.5	429.106	76.4471	192.789	78.6468	34.6465	22.046	16.5746	7.95632	0	0	0	0	0	0	0	0	0	0	0	0	0
05.500,00.000	21.1	5.5	-200	0	4.5	439.679	77.7911	197.148	80.5425	35.753	22.7743	17.2597	8.4105	0	0	0	0	0	0	0	0	0	0	0	0	0
05.500,00.000	21.2	5.5	-200	0	4.5	443.47	78.2823	198.669	81.2681	36.1452	23.0337	17.5071	8.56468	0	0	0	0	0	0	0	0	0	0	0	0	0
05.500,00.000	21.3	5.5	-200	0	4.5	447.417	78.7788	200.234	82.0444	36.559	23.3076	17.7698	8.72265	0	0	0	0	0	0	0	0	0	0	0	0	0
05.500,00.000	21.4	5.5	-200	0	4.5	462.779	80.6858	206.227	85.1993	38.1721	24.3734	18.8024	9.31886	0	0	0	0	0	0	0	0	0	0	0	0	0
05.500,00.000	21.5	5.5	-200	0	4.5	466.118	81.1625	207.468	85.8934	38.52	24.6027	19.0263	9.35234	0.0933744	0	0	0	0	0	0	0	0	0	0	0	0
05.500,00.000	21.6	5.5	-200	0	4.5	498.78	84.8428	219.628	93.296	42.0351	26.922	21.1147	9.74267	1.19779	0	0	0	0	0	0	0	0	0	0	0	0
05.500,00.000	21.7	5.5	-200	0	4.5	509.86	86.1232	223.558	95.8756	43.264	27.743	21.4786	10.1953	1.62181	0	0	0	0	0	0	0	0	0	0	0	0
05.500,00.000	21.8	5.5	-200	0	4.5	510.011	86.1397	223.61	95.9141	43.2807	27.7543	21.4839	10.2013	1.62739	0	0	0	0	0	0	0	0	0	0	0	0
05.500,00.000	21.9	5.5	-200	0	4.5	514.057	86.5779	224.926	96.975	43.7358	28.0699	21.637	10.3615	1.77391	0	0	0	0	0	0	0	0	0	0	0	0
05.500,00.000	22	5.5	-200	0	4.5	516.172	86.8092	225.589	97.537	43.9794	28.2397	21.7203	10.4464	1.85135	0	0	0	0	0	0	0	0	0	0	0	0
05.500,00.000	22.1	5.5	-200	0	4.5	529.605	88.4506	229.74	101.175	45.453	29.2885	22.2509	10.9461	2.30108	0	0	0	0	0	0	0	0	0	0	0	0
05.500,00.000	22.2	5.5	-200	0	4.5	537.446	89.5282	232.076	103.279	46.307	29.9009	22.5639	11.2329	2.55716	0	0	0	0	0	0	0	0	0	0	0	0
05.500,00.000	22.3	5.5	-200	0	4.5	542.305	90.1813	233.48	104.637	46.8369	30.2862	22.7644	11.4086	2.71137	0	0	0	0	0	0	0	0	0	0	0	0
05.500,00.000	22.4	5.5	-200	0	4.5	558.41	92.3844	237.978	109.264	48.5356	31.5922	23.4533	11.9889	3.21439	0	0	0	0	0	0	0	0	0	0	0	0
05.500,00.000	22.5	5.5	-200	0	4.5	561.874	92.8413	238.918	110.297	48.8882	31.8823	23.6067	12.1166	3.32374	0	0	0	0	0	0	0	0	0	0	0	0
05.500,00.000	22.6	5.5	-200	0	4.5	583.288	95.333	244.752	116.728	51.2497	33.7213	24.5812	12.9294	3.99312	0	0	0	0	0	0	0	0	0	0	0	0
05.500,00.000	22.7	5.5	-200	0	4.5	621.645	98.5475	256.233	128.324	55.5254	37.0869	26.3771	14.3851	5.16697	0	0	0	0	0	0	0	0	0	0	0	0
05.500,00.000	22.8	5.5	-200	0	4.5	627.343	99.0494	257.941	129.975	56.1421	37.6206	26.659	14.6105	5.34497	0	0	0	0	0	0	0	0	0	0	0	0
05.500,00.000	22.9	5.5	-200	0	4.5	627.656	99.0754	258.032	130.07	56.1773	37.6489	26.6747	14.6228	5.35416	0	0	0	0	0	0	0	0	0	0	0	0
05.500,00.000	23	5.5	-200	0	4.5	633.367	99.5371	259.66	131.809	56.8214	38.1886	26.9756	14.8545	5.52123	0	0	0	0	0	0	0	0	0	0	0	0
05.500,00.000	23.1	5.5	-200	0	4.5	648.491	100.717	263.923	136.393	58.5743	39.638	27.7989	15.4827	5.96357	0	0	0	0	0	0	0	0	0	0	0	0
05.500,00.000	23.2	5.5	-200	0	4.5	656.173	101.377	266.016	138.695	59.475	40.3823	28.2306	15.8094	6.18739	0	0	0	0	0	0	0	0	0	0	0	0
05.500,00.000	23.3	5.5	-200	0	4.5	661.524	101.83	267.449	140.31	60.1108	40.9048	28.5396	16.0401	6.3401	0	0	0	0	0	0	0	0	0	0	0	0
05.500,00.000	23.4	5.5	-200	0	4.5	675.558	102.988	271.142	144.589	61.7733	42.2956	29.3771	16.6571	6.73569	0	0	0	0	0	0	0	0	0	0	0	0
05.500,00.000	23.5	5.5	-200	0	4.5	678.657	103.254	271.942	145.539	62.121	42.6087	29.5693	16.7984	6.82462	0	0	0	0	0	0	0	0	0	0	0	0
05.500,00.000	23.6	5.5	-200	0	4.5	709.71	105.822	279.77	155.077	65.8236	45.7437	31.5267	18.2444	7.70265	0	0	0	0	0	0	0	0	0	0	0	0
05.500,00.000	23.7	5.5	-200	0	4.5	725.713	107.286	283.777	159.884	67.8056	47.2484	32.5653	18.9978	8.14831	0	0	0	0	0	0	0	0	0	0	0	0
05.500,00.000	23.8	5.5	-200	0	4.5	726.055	107.318	283.861	159.987	67.8478	47.2811	32.5883	19.0143	8.15774	0	0	0	0	0	0	0	0	0	0	0	0
05.500,00.000	23.9	5.5	-200	0	4.5	726.406	107.351	283.944	160.091	67.8917	47.316	32.6127	19.0315	8.16725	0	0	0	0	0	0	0	0	0	0	0	0
05.500,00.000	24	5.5	-200	0	4.5	735.145	108.189	285.987	162.667	68.9874	48.1917	33.2466	19.4731	8.40289	0	0	0	0	0	0	0	0	0	0	0	0
05.500,00.000	24.1	5.5	-200	0	4.5	749.81	109.627	289.398	166.903	70.8239	49.6887	34.3412	20.2295	8.79801	0	0	0	0	0	0	0	0	0	0	0	0
05.500,00.000	24.2	5.5	-200	0	4.5	757.478	110.392	291.159	169.091	71.7843	50.4832	34.9308	20.6337	9.00369	0	0	0	0	0	0	0	0	0	0	0	0
05.500,00.000	24.3	5.5	-200	0	4.5	763.196	110.955	292.38	170.79	72.5094	51.0871	35.3808	20.9399	9.15445	0	0	0	0	0	0	0	0	0	0	0	0
05.500,00.000	24.4	5.5	-200	0	4.5	771.547	111.768	293.933	173.527	73.5706	51.9276	36.0541	21.395	9.22694	0.145154	0	0	0	0	0	0	0	0	0	0	0
05.500,00.000	24.5	5.5	-200	0	4.5	773.993	112.005	294.379	174.338	73.8878	52.1589	36.2567	21.5292	9.2098	0.228389	0	0	0	0	0	0	0	0	0	0	0
05.500,00.000	24.6	5.5	-200	0	4.5	780.463	112.622	295.521	176.472	74.7392	52.7894	36.812	21.7554	9.37903	0.372982	0	0	0	0	0	0	0	0	0	0	0
05.500,00.000	24.7	5.5	-200	0	4.5	786.727	113.238	296.601	178.506	75.5634	53.4164	37.3649	21.9466	9.55197	0.538761	0	0	0	0	0	0	0	0	0	0	0
05.500,00.000	24.8	5.5	-200	0	4.5	792.537	113.826	297.578	180.368	76.3267	54.0112	37.8915	22.1361	9.71075	0.689015	0	0	0	0	0	0	0	0	0	0	0
05.500,00.000	24.9	5.5	-200	0	4.5	810.213	115.572	300.49	186.014	78.6452	55.8741	39.5373	22.7417	10.1908	1.14744	0	0	0	0	0	0	0	0	0	0	0
05.500,00.000	25	5.5	-200	0	4.5	814.133	116.011	301.145	187.211	79.1558	56.2772	39.9087	22.8774	10.2985	1.24812	0	0	0	0	0	0	0	0	0	0	0
05.500,00.000	25.1	5.5	-200	0	4.5	826.092	117.309	303.085	190.894	80.6514	57.5668	41.0902	23.3193	10.6242	1.5525	0	0	0	0	0	0	0	0	0	0	0
05.500,00.000	25.2	5.5	-200	0	4.5	834.369	118.41	304.404	193.345	81.6087	58.4497	41.9142	23.6309	10.8462	1.76	0	0	0	0	0	0	0	0	0	0	0
05.500,00.000	25.3	5.5	-200	0	4.5	840.392	119.233	305.343	195.091	82.3093	59.1059	42.5292	23.8664	11.0061	1.90946	0	0	0	0	0	0	0	0	0	0	0
05.500,00.000	25.4	5.5	-200	0	4.5	854.296	121.151	307.472	199.047	83.9292	60.6485	43.9883	24.4321	11.3749	2.25318	0	0	0	0	0	0	0	0	0	0	0
05.500,00.000	25.5	5.5	-200	0	4.5	857.424	121.602	307.964	199.911	84.2854	60.9747	44.329	24.565	11.4598	2.33223	0	0	0	0	0	0	0	0	0	0	0
05.500,00.000	25.6	5.5	-200	0	4.5	891.137	126.184	313.046	209.371	88.1817	64.8464	47.8924	26.0405	12.3836	3.19068	0	0	0	0	0	0	0	0	0	0	0
05.500,00.000	25.7	5.5	-200	0	4.5	898.879	127.27	314.331	211.477	89.0088	65.7373	48.6596	26.4032	12.601	3.39069	0	0	0	0	0	0	0	0	0	0	0
05.500,00.000	25.8	5.5	-200	0	4.5	918.135	129.947	317.275	216.77	91.0416	67.9572	50.7776	27.3496	13.1427	3.87467	0	0	0	0	0	0	0	0	0	0	0
05.500,00.000	25.9	5.5	-200	0	4.5	939.634	132.953	320.549	222.557	93.5135	70.311	53.1077	28.4509	13.766	4.42544	0	0	0	0	0	0	0	0	0	0	0
05.500,00.000	26	5.5	-200	0	4.5	943.281	133.494	321.114	223.522	93.9286	70.675	53.4986	28.6508	13.8765	4.52146	0	0	0	0	0	0	0	0	0	0	0
05.500,00.000	26.1	5.5	-200	0	4.5	955.099	135.191	322.956	226.509	95.2886	71.9561	54.8356	29.3116	14.231	4.81928	0	0	0	0	0	0	0	0	0	0	0
05.500,00.000	26.2	5.5	-200	0	4.5	963.042	136.365	324.213	228.478	96.2065	72.8089	55.6866	29.7856	14.4768	5.02247	0	0	0	0	0	0	0	0	0	0	0
05.500,00.000	26.3	5.5	-200	0	4.5	968.875	137.22	325.137	229.877	96.8743	73.4524	56.3272	30.1562	14.6604	5.16947	0	0	0	0	0	0	0	0	0	0	0
05.500,00.000	26.4	5.5	-200	0	4.5	984	139.446	327.554	232.934	99.0323	75.1725	58.0255	31.1452	15.1436	5.54664	0	0	0	0	0	0	0	0	0	0	0
05.500,00.000	26.5	5.5	-200	0	4.5	987.491	139.97	328.175	233.55	99.588	75.5391	58.384	31.3924	15.2576	5.63419	0	0	0	0	0	0	0	0	0	0	0
05.500,00.000	26.6	5.5	-200	0	4.5	998.295	141.252	330.323	235.397	101.256	76.7721	59.6329	32.1411	15.6193	5.90208	0	0	0	0	0	0	0	0	0	0	0
05.500,00.000	26.7	5.5	-200	0	4.5	1026.76	144.554	335.396	240.278	105.843	80.0395	63.0897	34.2506	16.6522	6.65388	0	0	0	0	0	0	0	0	0	0	0
05.500,00.000	26.8	5.5	-200	0	4.5	1032.4	145.357	336.31	241.212	106.776	80.6348	63.7195	34.7157	16.8642	6.80532	0	0	0	0	0	0	0	0	0	0	0
05.500,00.000	26.9	5.5	-200	0	4.5	1035.88	145.809	336.889	241.768	107.34	81.0192	64.1488	35.0066	16.9993	6.89813	0	0	0	0	0	0	0	0	0	0	0
05.500,00.000	27	5.5	-200	0	4.5	1043.52	146.808	338.185	242.941	108.554	81.8585	65.1118	35.664	17.2995	7.1002	0	0	0	0	0	0	0	0	0	0	0
05.500,00.000	27.1	5.5	-200	0	4.5	1051.43	147.821	339.558	244.112	109.804	82.7315	66.1146	36.3574	17.6193	7.31113	0	0	0	0	0	0	0	0	0	0	0
05.500,00.000	27.2	5.5	-200	0	4.5	1057.42	148.523	340.663	244.982	110.737	83.3905	66.8812	36.9005	17.8667	7.47097	0	0	0	0	0	0	0	0	0	0	0
05.500,00.000	27.3	5.5	-200	0	4.5	1062.9	149.167	341.661	245.786	111.577	83.9867	67.5983	37.4125	18.0974	7.61685	0	0	0	0	0	0	0	0	0	0	0
05.500,00.000	27.4	5.5	-200	0	4.5	1069.09	149.912	342.743	246.698	112.508	84.6531	68.4193	38.008	18.3629	7.78132	0	0	0	0	0	0	0	0	0	0	0
05.500,00.000	27.5	5.5	-200	0	4.5	1073.61	150.455	343.524	247.372	113.186	85.134	69.0229	38.4569	18.5613	7.90205	0	0	0	0	0	0	0	0	0	0	0
05.500,00.000	27.6	5.5	-200	0	4.5	1079.22	151.144	344.485	248.172	114.015	85.7236	69.7842	39.028	18.8126	8.0518	0	0	0	0	0	0	0	0	0	0	0
05.500,00.000	27.7	5.5	-200	0	4.5	1084.73	151.82	345.435	248.945	114.824	86.2959	70.5315	39.6101	19.0667	8.19982	0	0	0	0	0	0	0	0	0	0	0
05.500,00.000	27.8	5.5	-200	0	4.5	1090.12	152.495	346.354	249.694	115.6	86.8453	71.2675	40.1954	19.3211	8.345	0	0	0	0	0	0	0	0	0	0	0
05.500,00.000	27.9	5.5	-200	0	4.5	1100.85	153.841	348.2	251.142	117.107	87.9259	72.7578	41.3983	19.8421	8.63704	0	0	0	0	0	0	0	0	0	0	0
05.500,00.000	28	5.5	-200	0	4.5	1103.55	154.187	348.664	251.518	117.489	88.1873	73.1053	41.71	19.9763	8.71083	0	0	0	0	0	0	0	0	0	0	0
05.500,00.000	28.1	5.5	-200	0	4.5	1111.04	155.133	349.948	252.48	118.51	88.9159	74.1612	42.6143	20.3643	8.91656	0	0	0	0	0	0	0	0	0	0	0
05.500,00.000	28.2	5.5	-200	0	4.5	1117.19	155.929	351.004	253.268	119.349	89.4599	75.0169	43.3849	20.6929	9.08912	0	0	0	0	0	0	0	0	0	0	0
05.500,00.000	28.3	5.5	-200	0	4.5	1122.31	156.605	351.873	253.9	120.037	89.886	75.745	44.0525	20.8389	9.37272	0	0	0	0	0	0	0	0	0	0	0
05.500,00.000	28.4	5.5	-200	0	4.5	1154.59	161.024	357.238	257.755	124.273	92.7913	80.1178	48.4107	21.8451	10.5949	0.544762	0	0	0	0	0	0	0	0	0	0
05.500,00.000	28.5	5.5	-200	0	4.5	1167.18	162.816	359.3	259.265	125.931	93.9439	81.681	50.1528	22.1995	10.9817	0.905756	0	0	0	0	0	0	0	0	0	0
05.500,00.000	28.6	5.5	-200	0	4.5	1196.99	166.671	364.044	262.708	129.268	97.0639	85.7888	54.5712	23.1277	11.9415	1.80501	0	0	0	0	0	0	0	0	0	0
05.500,00.000	28.7	5.5	-200	0	4.5	1208.14	168.271	365.732	263.978	130.107	98.5692	87.2358	56.3101	23.496	12.3001	2.13921	0	0	0	0	0	0	0	0	0	0
05.500,00.000	28.8	5.5	-200	0	4.5	1208.43	168.321	365.776	264.009	130.128	98.6066	87.2736	56.3554	23.5062	12.3093	2.14775	0	0	0	0	0	0	0	0	0	0
05.500,00.000	28.9	5.5	-200	0	4.5	1241.51	174.267	370.664	267.561	132.415	102.642	91.3566	61.472	24.701	13.34	3.09256	0	0	0	0	0	0	0	0	0	0
05.500,00.000	29	5.5	-200	0	4.5	1249.81	175.88	371.865	268.523	132.943	103.61	92.2779	62.7783	25.0046	13.5969	3.326	0	0	0	0	0	0	0	0	0	0
05.500,00.000	29.1	5.5	-200	0	4.5	1277.77	181.806	375.99	271.57	134.657	106.673	95.3599	67.0902	26.0896	14.4603	4.07945	0	0	0	0	0	0	0	0	0	0
05.500,00.000	29.2	5.5	-200	0	4.5	1290.73	184.754	377.86	273.042	135.374	108.037	96.6828	69.065	26.6373	14.857	4.42134	0	0	0	0	0	0	0	0	0	0
05.500,00.000	29.3	5.5	-200	0	4.5	1296.09	185.997	378.631	273.619	135.691	108.583	97.2358	69.8781	26.8749	15.0235	4.55847	0	0	0	0	0	0	0	0	0	0
05.500,00.000	29.4	5.5	-200	0	4.5	1301.56	187.283	379.396	274.187	136.046	109.123	97.7912	70.7174	27.1273	15.1958	4.69607	0	0	0	0	0	0	0	0	0	0
05.500,00.000	29.5	5.5	-200	0	4.5	1307.03	188.59	380.149	274.739	136.425	109.645	98.3344	71.5572	27.3881	15.3698	4.83085	0	0	0	0	0	0	0	0	0	0
05.500,00.000	29.6	5.5	-200	0	4.5	1312.5	189.902	380.902	275.278	136.803	110.156	98.8755	72.4121	27.6608	15.5492	4.96565	0	0	0	0	0	0	0	0	0	0
05.500,00.000	29.7	5.5	-200	0	4.5	1341.95	196.315	384.888	278.346	138.866	112.906	101.864	77.2061	29.24	16.5918	5.72926	0	0	0	0	0	0	0	0	0	0
05.500,00.000	29.8	5.5	-200	0	4.5	1361.09	200.098	388.05	280.294	140.213	114.63	103.713	80.2827	30.3201	17.277	6.2153	0	0	0	0	0	0	0	0	0	0
05.500,00.000	29.9	5.5	-200	0	4.5	1361.97	200.246	388.218	280.384	140.276	114.708	103.794	80.4246	30.3739	17.3094	6.23753	0	0	0	0	0	0	0	0	0	0
05.500,00.000	30	5.5	-200	0	4.5	1383.48	203.913	392.418	282.543	141.808	116.554	105.736	83.9192	31.7052	18.1211	6.76166	0	0	0	0	0	0	0	0	0	0
05.500,00.000	30.1	5.5	-200	0	4.5	1398.4	205.891	395.984	283.914	142.894	117.848	106.939	86.3993	32.6889	18.707	7.13029	0	0	0	0	0	0	0	0	0	0
05.500,00.000	30.2	5.5	-200	0	4.5	1404.53	206.661	397.566	284.435	143.346	118.362	107.429	87.3829	33.1118	18.957	7.28076	0	0	0	0	0	0	0	0	0	0
05.500,00.000	30.3	5.5	-200	0	4.5	1409.62	207.323	398.857	284.888	143.711	118.77	107.83	88.2004	33.4714	19.168	7.40233	0	0	0	0	0	0	0	0	0	0
05.500,00.000	30.4	5.5	-200	0	4.5	1414.6	208.001	399.96	285.391	144.075	119.167	108.225	89.0265	33.8442	19.3853	7.52282	0	0	0	0	0	0	0	0	0	0
05.500,00.000	30.5	5.5	-200	0	4.5	1419.55	208.697	400.979	285.922	144.438	119.555	108.613	89.8624	34.2339	19.6101	7.64257	0	0	0	0	0	0	0	0	0	0
05.500,00.000	30.6	5.5	-200	0	4.5	1424.46	209.379	401.978	286.439	144.799	119.745	109.178	90.6966	34.6389	19.841	7.76111	0	0	0	0	0	0	0	0	0	0
05.500,00.000	30.7	5.5	-200	0	4.5	1457.44	213.295	408.477	290.088	147.255	121.032	113.069	96.5093	37.5868	20.888	9.24415	0	0	0	0	0	0	0	0	0	0
05.500,00.000	30.8	5.5	-200	0	4.5	1483.28	217.004	413.371	292.988	149.192	121.921	116.066	100.673	39.9599	21.4014	10.7023	0	0	0	0	0	0	0	0	0	0
05.500,00.000	30.9	5.5	-200	0	4.5	1484.83	217.223	413.672	293.166	149.313	121.973	116.241	100.907	40.1094	21.4348	10.7789	0.0125307	0	0	0	0	0	0	0	0	0
05.500,00.000	31	5.5	-200	0	4.5	1524.52	223.173	420.895	297.576	152.361	123.219	120.618	107.252	44.0646	22.3802	12.106	0.878998	0	0	0	0	0	0	0	0	0
05.500,00.000	31.1	5.5	-200	0	4.5	1539.89	225.508	423.071	299.474	153.654	123.717	122.282	109.781	45.7257	22.7943	12.6218	1.26518	0	0	0	0	0	0	0	0	0
05.500,00.000	31.2	5.5	-200	0	4.5	1544.19	226.289	423.631	299.929	153.999	123.853	122.744	110.483	46.2057	22.9265	12.7646	1.37025	0	0	0	0	0	0	0	0	0
05.500,00.000	31.3	5.5	-200	0	4.5	1548.68	227.108	424.217	300.402	154.355	123.992	123.213	111.209	46.7201	23.0773	12.9126	1.47779	0	0	0	0	0	0	0	0	0
05.500,00.000	31.4	5.5	-200	0	4.5	1560.56	229.507	425.734	301.613	155.245	124.343	124.401	113.077	48.0891	23.5015	13.2942	1.75144	0	0	0	0	0	0	0	0	0
05.500,00.000	31.5	5.5	-200	0	4.5	1563.34	230.107	426.095	301.896	155.449	124.422	124.658	113.495	48.4122	23.6043	13.3828	1.81453	0	0	0	0	0	0	0	0	0
05.500,00.000	31.6	5.5	-200	0	4.5	1571.89	231.903	427.154	302.751	156.075	124.662	125.465	114.812	49.4472	23.9563	13.6569	2.00506	0	0	0	0	0	0	0	0	0
05.500,00.000	31.7	5.5	-200	0	4.5	1642.64	246.068	435.466	309.619	161.289	126.614	132.261	125.96	58.5337	27.1396	16.0475	3.64424	0	0	0	0	0	0	0	0	0
05.500,00.000	31.8	5.5	-200	0	4.5	1656.9	249.153	437.346	311.014	162.302	127.068	133.274	128.066	60.3791	27.8095	16.5222	3.9648	0	0	0	0	0	0	0	0	0
05.500,00.000	31.9	5.5	-200	0	4.5	1679.88	254.504	440.222	313.283	163.911	127.8	134.501	131.511	63.4077	28.9922	17.2945	4.45852	0	0	0	0	0	0	0	0	0
05.500,00.000	32	5.5	-200	0	4.5	1688.7	256.594	441.268	314.188	164.527	128.105	134.937	132.747	64.6144	29.473	17.599	4.65087	0	0	0	0	0	0	0	0	0
05.500,00.000	32.1	5.5	-200	0	4.5	1699.62	259.275	442.656	315.283	165.286	128.52	135.42	134.221	66.0557	30.0784	17.9628	4.86708	0	0	0	0	0	0	0	0	0
05.500,00.000	32.2	5.5	-200	0	4.5	1706.72	261.025	443.554	315.998	165.777	128.818	135.723	135.184	66.9566	30.4819	18.1996	5.00407	0	0	0	0	0	0	0	0	0
05.500,00.000	32.3	5.5	-200	0	4.5	1711.66	262.275	444.2	316.499	166.11	129.019	135.92	135.83	67.5775	30.7689	18.3629	5.09457	0	0	0	0	0	0	0	0	0
05.500,00.000	32.4	5.5	-200	0	4.5	1721.38	264.8	445.52	317.494	166.752	129.408	136.288	137.068	68.7482	31.3495	18.6859	5.26609	0	0	0	0	0	0	0	0	0
05.500,00.000	32.5	5.5	-200	0	4.5	1723.8	265.419	445.847	317.747	166.914	129.506	136.378	137.376	69.0323	31.4991	18.7678	5.30862	0	0	0	0	0	0	0	0	0
05.500,00.000	32.6	5.5	-200	0	4.5	1731.37	267.335	446.906	318.55	167.432	129.804	136.643	138.309	69.944	31.9822	18.9446	5.51653	0	0	0	0	0	0	0	0	0
05.500,00.000	32.7	5.5	-200	0	4.5	1780.23	278.554	453.285	323.831	171.062	131.76	138.38	144.604	76.2458	35.3625	19.3988	7.74428	0	0	0	0	0	0	0	0	0
05.500,00.000	32.8	5.5	-200	0	4.5	1800.5	283.242	456.096	325.789	173.158	132.526	139.049	146.997	78.7303	36.7253	19.5601	8.63024	0	0	0	0	0	0	0	0	0
05.500,00.000	32.9	5.5	-200	0	4.5	1800.46	283.216	456.1	325.762	173.166	132.525	139.049	146.987	78.7348	36.7253	19.5601	8.63024	0	0	0	0	0	0	0	0	0
05.500,00.000	33	5.5	-200	0	4.5	1846.45	294.147	462.948	330.181	178.313	134.208	140.422	151.789	84.0452	39.9365	20.0068	10.4567	0	0	0	0	0	0	0	0	0
05.500,00.000	33.1	5.5	-200	0	4.5	1868.14	299.283	466.333	332.211	180.817	135.006	141.07	153.97	86.4014	41.4944	20.2346	11.3221	0	0	0	0	0	0	0	0	0
05.500,00.000	33.2	5.5	-200	0	4.5	1874.94	300.947	467.404	332.853	181.575	135.249	141.263	154.63	87.1479	41.9826	20.3139	11.5792	0	0	0	0	0	0	0	0	0
05.500,00.000	33.3	5.5	-200	0	4.5	1880.97	302.433	468.383	333.422	182.237	135.461	141.429	155.193	87.8043	42.4194	20.3899	11.7997	0	0	0	0	0	0	0	0	0
05.500,00.000	33.4	5.5	-200	0	4.5	1903.22	307.987	472.051	335.534	184.641	136.235	142.025	157.2	90.2174	44.0519	20.6926	12.5896	0	0	0	0	0	0	0	0	0
05.500,00.000	33.5	5.5	-200	0	4.5	1907.98	309.15	472.84	335.978	185.171	136.403	142.153	157.617	90.7357	44.4115	20.7616	12.7603	0	0	0	0	0	0	0	0	0
05.500,00.000	33.6	5.5	-200	0	4.5	1930.31	314.021	476.45	338.202	187.682	137.209	142.776	159.651	93.3441	46.2281	21.1468	13.5962	0	0	0	0	0	0	0	0	0
05.500,00.000	33.7	5.5	-200	0	4.5	1965.61	322.246	482.564	341.595	191.338	138.653	143.739	162.676	97.2902	49.0794	21.7806	14.6454	0	0	0	0	0	0	0	0	0
05.500,00.000	33.8	5.5	-200	0	4.5	1992.9	328.781	487.411	344.197	193.362	140.633	144.507	164.957	100.402	51.3658	22.3222	14.9658	0	0	0	0	0	0	0	0	0
05.500,00.000	33.9	5.5	-200	0	4.5	1995.19	329.321	487.826	344.414	193.538	140.802	144.573	165.134	100.655	51.5645	22.3707	14.9872	0.00592168	0	0	0	0	0	0	0	0
05.500,00.000	34	5.5	-200	0	4.5	2030.34	337.913	494.204	347.661	196.134	143.318	145.582	167.78	104.559	54.6273	23.1801	14.9775	0.40272	0	0	0	0	0	0	0	0
05.500,00.000	34.1	5.5	-200	0	4.5	2051.27	343.053	498.197	349.337	197.699	144.831	146.197	169.32	106.825	56.5092	23.6931	14.9517	0.660762	0	0	0	0	0	0	0	0
05.500,00.000	34.2	5.5	-200	0	4.5	2059.32	345.027	499.774	349.964	198.296	145.404	146.433	169.867	107.717	57.2383	23.9008	14.9517	0.745274	0	0	0	0	0	0	0	0
05.500,00.000	34.3	5.5	-200	0	4.5	2065.53	346.562	500.998	350.459	198.75	145.839	146.614	170.271	108.405	57.8044	24.0681	14.9517	0.807595	0	0	0	0	0	0	0	0
05.500,00.000	34.4	5.5	-200	0	4.5	2081.9	350.673	504.209	351.774	199.936	146.971	147.088	171.283	110.218	59.3071	24.5276	14.9517	0.964626	0	0	0	0	0	0	0	0
05.500,00.000	34.5	5.5	-200	0	4.5	2085.6	351.591	504.952	352.062	200.21	147.231	147.197	171.502	110.607	59.6571	24.6363	14.9517	1.00024	0	0	0	0	0	0	0	0
05.500,00.000	34.6	5.5	-200	0	4.5	2101.45	355.249	507.97	353.35	201.406	148.381	147.681	172.445	112.457	61.2539	25.1555	14.9517	1.15426	0	0	0	0	0	0	0	0
05.500,00.000	34.7	5.5	-200	0	4.5	2189.04	376.913	524.426	360.314	207.834	154.54	150.317	177.37	122.168	70.1134	28.1169	14.952	1.97945	0	0	0	0	0	0	0	0
05.500,00.000	34.8	5.5	-200	0	4.5	2205.47	381.105	527.502	361.659	209.102	155.526	150.84	178.266	123.856	71.8306	28.6986	14.9529	2.13262	0	0	0	0	0	0	0	0
05.500,00.000	34.9	5.5	-200	0	4.5	2266.61	397.816	539.109	366.489	213.761	158.187	152.783	181.356	130.287	78.2303	30.9562	14.9795	2.65865	0	0	0	0	0	0	0	0
05.500,00.000	35	5.5	-200	0	4.5	2283.31	402.529	542.018	367.902	215.07	158.86	153.333	182.182	132.006	80.0226	31.5942	14.9907	2.80238	0	0	0	0	0	0	0	0
05.500,00.000	35.1	5.5	-200	0	4.5	2315.43	411.887	547.67	370.63	217.544	160.117	154.378	183.58	135.329	83.3765	32.8296	15.0411	3.05094	0	0	0	0	0	0	0	0
05.500,00.000	35.2	5.5	-200	0	4.5	2331.74	416.446	550.551	372.07	218.783	160.77	154.955	184.269	137.022	85.1394	33.4865	15.073	3.17731	0	0	0	0	0	0	0	0
05.500,00.000	35.3	5.5	-200	0	4.5	2338.93	418.494	551.829	372.725	219.318	161.055	155.203	184.547	137.759	85.9017	33.7766	15.0923	3.22872	0	0	0	0	0	0	0	0
05.500,00.000	35.4	5.5	-200	0	4.5	2361.37	425.038	555.829	374.761	220.986	161.938	155.964	185.339	140.029	88.2524	34.6871	15.1659	3.37886	0	0	0	0	0	0	0	0
05.500,00.000	35.5	5.5	-200	0	4.5	2366.13	426.436	556.665	375.177	221.331	162.127	156.135	185.502	140.51	88.7622	34.8861	15.1834	3.41061	0	0	0	0	0	0	0	0
05.500,00.000	35.6	5.5	-200	0	4.5	2384.49	431.952	559.825	376.873	222.683	162.856	156.757	186.056	142.347	90.6956	35.6573	15.2681	3.52246	0	0	0	0	0	0	0	0
05.500,00.000	35.7	5.5	-200	0	4.5	2410.92	440.183	564.329	379.292	224.588	163.896	157.646	186.787	144.926	93.4473	36.7505	15.4041	3.67414	0	0	0	0	0	0	0	0
05.500,00.000	35.8	5.5	-200	0	4.5	2419.3	442.804	565.727	380.062	225.19	164.227	157.932	187.005	145.746	94.3453	37.0887	15.4529	3.72093	0	0	0	0	0	0	0	0
05.500,00.000	35.9	5.5	-200	0	4.5	2452.95	453.418	571.383	383.137	227.603	165.576	159.048	187.806	149.002	97.905	38.492	15.6787	3.89626	0	0	0	0	0	0	0	0
05.500,00.000	36	5.5	-200	0	4.5	2459.1	455.349	572.413	383.696	228.048	165.823	159.26	187.953	149.592	98.5629	38.7569	15.7229	3.92806	0	0	0	0	0	0	0	0
05.500,00.000	36.1	5.5	-200	0	4.5	2499.58	468.072	579.251	387.408	230.959	167.539	160.6	188.83	153.329	102.84	40.5792	16.0575	4.12049	0	0	0	0	0	0	0	0
05.500,00.000	36.2	5.5	-200	0	4.5	2518.32	474.02	582.363	389.103	232.333	168.352	161.226	189.231	155.029	104.764	41.4702	16.2236	4.20952	0	0	0	0	0	0	0	0
05.500,00.000	36.3	5.5	-200	0	4.5	2526.33	476.552	583.733	389.825	232.892	168.709	161.494	189.383	155.754	105.584	41.8528	16.3011	4.24513	0	0	0	0	0	0	0	0
05.500,00.000	36.4	5.5	-200	0	4.5	2545.12	482.504	586.927	391.509	234.212	169.574	162.13	189.713	157.443	107.519	42.7678	16.4964	4.32474	0	0	0	0	0	0	0	0
05.500,00.000	36.5	5.5	-200	0	4.5	2549.12	483.782	587.601	391.861	234.485	169.761	162.271	189.783	157.78	107.939	42.9722	16.5405	4.34172	0	0	0	0	0	0	0	0
05.500,00.000	36.6	5.5	-200	0	4.5	2563.01	488.083	589.913	393.133	235.462	170.442	162.751	189.996	159.022	109.409	43.6962	16.707	4.39663	0	0	0	0	0	0	0	0
05.500,00.000	36.7	5.5	-200	0	4.5	2623.4	506.518	598.933	398.625	239.796	173.445	164.885	190.907	164.678	116.304	47.1363	17.5252	4.64586	0	0	0	0	0	0	0	0
05.500,00.000	36.8	5.5	-200	0	4.5	2638.07	510.989	601.224	399.869	240.862	174.186	165.43	191.167	165.916	117.993	47.9971	17.7325	4.70528	0	0	0	0	0	0	0	0
05.500,00.000	36.9	5.5	-200	0	4.5	2637.91	510.916	601.205	399.835	240.86	174.185	165.432	191.167	165.886	117.991	47.9988	17.7325	4.70528	0	0	0	0	0	0	0	0
05.500,00.000	37	5.5	-200	0	4.5	2662.47	518.303	604.899	401.839	242.695	175.51	166.377	191.539	168.034	120.852	49.5146	18.1186	4.79105	0	0	0	0	0	0	0	0
05.500,00.000	37.1	5.5	-200	0	4.5	2683.44	524.73	607.986	403.361	244.242	176.641	167.164	191.85	169.85	123.412	50.8699	18.4674	4.86388	0	0	0	0	0	0	0	0
05.500,00.000	37.2	5.5	-200	0	4.5	2693.74	527.866	609.499	404.147	245.005	177.217	167.537	191.989	170.737	124.661	51.5439	18.6439	4.89737	0	0	0	0	0	0	0	0
05.500,00.000	37.3	5.5	-200	0	4.5	2701.66	530.279	610.66	404.747	245.592	177.671	167.825	192.091	171.414	125.607	52.0672	18.7831	4.92126	0	0	0	0	0	0	0	0
05.500,00.000	37.4	5.5	-200	0	4.5	2733.87	540.077	615.338	407.175	247.984	179.566	169.009	192.47	174.151	129.465	54.2486	19.3712	5.01232	0	0	0	0	0	0	0	0
05.500,00.000	37.5	5.5	-200	0	4.5	2739.91	541.888	616.202	407.646	248.342	179.936	169.219	192.546	174.682	130.241	54.6915	19.4914	5.0301	0	0	0	0	0	0	0	0
05.500,00.000	37.6	5.5	-200	0	4.5	2764.2	549.371	619.646	409.453	249.978	181.433	170.086	192.786	176.753	133.185	56.4437	19.9765	5.09128	0	0	0	0	0	0	0	0
05.500,00.000	37.7	5.5	-200	0	4.5	2787.29	556.176	623.204	411.196	251.456	182.817	170.907	193.053	178.777	135.949	58.1555	20.455	5.14668	0	0	0	0	0	0	0	0
05.500,00.000	37.8	5.5	-200	0	4.5	2817.12	564.625	628.032	413.427	253.394	184.658	172.005	193.374	181.323	139.561	60.4274	21.0833	5.21259	0	0	0	0	0	0	0	0
05.500,00.000	37.9	5.5	-200	0	4.5	2821.07	565.72	628.654	413.738	253.633	184.908	172.138	193.418	181.674	140.054	60.7508	21.1607	5.22148	0	0	0	0	0	0	0	0
05.500,00.000	38	5.5	-200	0	4.5	2821.24	565.768	628.683	413.751	253.645	184.919	172.145	193.42	181.688	140.075	60.7646	21.1645	5.2218	0	0	0	0	0	0	0	0
05.500,00.000	38.1	5.5	-200	0	4.5	2847.35	572.984	632.958	415.746	255.312	186.641	173.135	193.658	183.783	143.208	62.9088	21.7532	5.26522	0	0	0	0	0	0	0	0
05.500,00.000	38.2	5.5	-200	0	4.5	2863.72	577.454	635.64	417.096	256.275	187.76	173.701	193.803	185.106	145.168	64.3085	22.1125	5.29092	0	0	0	0	0	0	0	0
05.500,00.000	38.3	5.5	-200	0	4.5	2868.4	578.733	636.42	417.483	256.557	188.068	173.871	193.841	185.474	145.723	64.7151	22.2204	5.29737	0	0	0	0	0	0	0	0
05.500,00.000	38.4	5.5	-200	0	4.5	2892.11	585.22	640.339	419.385	258.037	189.665	174.757	194.021	187.263	148.489	66.803	22.8061	5.32456	0	0	0	0	0	0	0	0
05.500,00.000	38.5	5.5	-200	0	4.5	2897.08	586.596	641.156	419.811	258.36	190.001	174.878	194.058	187.633	149.077	67.2582	22.9224	5.33	0	0	0	0	0	0	0	0
05.500,00.000	38.6	5.5	-200	0	4.5	2913.39	590.878	643.923	421.133	259.425	191.13	175.474	194.169	188.819	150.96	68.7737	23.3656	5.34304	0	0	0	0	0	0	0	0
05.500,00.000	38.7	5.5	-200	0	4.5	2943.59	598.699	649.164	423.602	261.406	193.203	176.561	194.367	190.94	154.427	71.6478	24.2139	5.36253	0	0	0	0	0	0	0	0
05.500,00.000	38.8	5.5	-200	0	4.5	2950.09	600.37	650.304	424.145	261.842	193.668	176.763	194.408	191.381	155.17	72.2845	24.3886	5.36605	0	0	0	0	0	0	0	0
05.500,00.000	38.9	5.5	-200	0	4.5	2950.18	600.393	650.32	424.152	261.849	193.674	176.767	194.408	191.387	155.18	72.2936	24.3914	5.36608	0	0	0	0	0	0	0	0
05.500,00.000	39	5.5	-200	0	4.5	2953.5	601.233	650.901	424.431	262.084	193.914	176.883	194.428	191.604	155.532	72.6382	24.4909	5.36622	0	0	0	0	0	0	0	0
05.500,00.000	39.1	5.5	-200	0	4.5	2968.68	605.073	653.525	425.688	263.133	195.013	177.455	194.52	192.583	157.127	74.2199	24.9717	5.36622	0	0	0	0	0	0	0	0
05.500,00.000	39.2	5.5	-200	0	4.5	2975.75	606.872	654.774	426.296	263.637	195.51	177.638	194.561	193.038	157.868	74.9848	25.2015	5.36622	0	0	0	0	0	0	0	0
05.500,00.000	39.3	5.5	-200	0	4.5	2979.86	607.909	655.497	426.646	263.934	195.791	177.766	194.586	193.295	158.293	75.438	25.3442	5.36622	0	0	0	0	0	0	0	0
05.500,00.000	39.4	5.5	-200	0	4.5	3001.8	613.219	659.342	428.496	265.543	197.339	178.511	194.743	194.641	160.531	77.9161	26.1529	5.36622	0	0	0	0	0	0	0	0
05.500,00.000	39.5	5.5	-200	0	4.5	3006.26	614.338	660.16	428.882	265.888	197.654	178.563	194.78	194.912	160.981	78.4443	26.2935	5.36622	0	0	0	0	0	0	0	0
05.500,00.000	39.6	5.5	-200	0	4.5	3019.33	617.357	662.516	429.983	266.878	198.592	179.002	194.896	195.677	162.267	79.9852	26.8079	5.36622	0	0	0	0	0	0	0	0
05.500,00.000	39.7	5.5	-200	0	4.5	3047.25	623.717	667.531	432.375	269.031	200.567	179.972	195.146	197.263	164.999	83.3362	27.9482	5.36622	0	0	0	0	0	0	0	0
05.500,00.000	39.8	5.5	-200	0	4.5	3054.58	625.372	668.855	432.986	269.628	201.094	180.228	195.211	197.669	165.718	84.2078	28.2494	5.36622	0	0	0	0	0	0	0	0
05.500,00.000	39.9	5.5	-200	0	4.5	3054.63	625.381	668.863	432.99	269.631	201.097	180.23	195.212	197.671	165.722	84.2133	28.2514	5.36622	0	0	0	0	0	0	0	0
05.500,00.000	40	5.5	-200	0	4.5	3054.74	625.405	668.883	432.999	269.64	201.105	180.234	195.213	197.677	165.732	84.2268	28.2565	5.36622	0	0	0	0	0	0	0	0
05.500,00.000	40.1	5.5	-200	0	4.5	3076.26	630.116	672.824	434.747	271.452	202.709	180.99	195.424	198.717	167.604	87.013	29.2976	5.36622	0	0	0	0	0	0	0	0
05.500,00.000	40.2	5.5	-200	0	4.5	3085.59	632.183	674.547	435.507	272.269	203.41	181.255	195.517	199.138	168.408	88.252	29.7327	5.36622	0	0	0	0	0	0	0	0
05.500,00.000	40.3	5.5	-200	0	4.5	3088.44	632.798	675.074	435.736	272.517	203.63	181.348	195.546	199.264	168.64	88.6353	29.8819	5.36622	0	0	0	0	0	0	0	0
05.500,00.000	40.4	5.5	-200	0	4.5	3110.45	637.463	679.171	437.471	274.39	205.377	182.102	195.779	200.221	170.397	91.635	31.08	5.36622	0	0	0	0	0	0	0	0
05.500,00.000	40.5	5.5	-200	0	4.5	3114.95	638.449	680.014	437.812	274.78	205.734	182.229	195.828	200.402	170.762	92.2766	31.2971	5.36622	0	0	0	0	0	0	0	0
05.500,00.000	40.6	5.5	-200	0	4.5	3138.07	643.49	683.902	439.551	276.72	207.501	183.042	196.091	201.334	172.628	95.6941	32.7488	5.36622	0	0	0	0	0	0	0	0
05.500,00.000	40.7	5.5	-200	0	4.5	3163.17	648.745	688.193	441.405	278.991	209.609	183.913	196.385	202.324	174.581	99.3204	34.3336	5.36622	0	0	0	0	0	0	0	0
05.500,00.000	40.8	5.5	-200	0	4.5	3166.01	649.305	688.7	441.621	279.255	209.839	184.012	196.419	202.426	174.803	99.7412	34.5193	5.36622	0	0	0	0	0	0	0	0
05.500,00.000	40.9	5.5	-200	0	4.5	3171.44	650.349	689.706	442.027	279.763	210.314	184.193	196.485	202.622	175.199	100.527	34.887	5.36622	0	0	0	0	0	0	0	0
05.500,00.000	41	5.5	-200	0	4.5	3173	650.635	689.998	442.14	279.911	210.454	184.245	196.505	202.676	175.315	100.755	34.9972	5.36622	0	0	0	0	0	0	0	0
05.500,00.000	41.1	5.5	-200	0	4.5	3181.42	652.197	691.615	442.756	280.721	211.169	184.518	196.611	202.954	175.902	101.983	35.627	5.36622	0	0	0	0	0	0	0	0
05.500,00.000	41.2	5.5	-200	0	4.5	3191.32	653.99	693.528	443.472	281.695	212.07	184.834	196.734	203.272	176.55	103.404	36.4047	5.36622	0	0	0	0	0	0	0	0
05.500,00.000	41.3	5.5	-200	0	4.5	3193.03	654.285	693.734	443.725	281.864	212.234	184.88	196.756	203.324	176.656	103.651	36.555	5.36622	0	0	0	0	0	0	0	0
05.500,00.000	41.4	5.5	-200	0	4.5	3200.62	655.636	694.814	444.674	282.629	212.928	185.096	196.849	203.55	177.121	104.718	37.2377	5.36622	0	0	0	0	0	0	0	0
05.500,00.000	41.5	5.5	-200	0	4.5	3204.61	656.321	695.303	445.245	283.045	213.331	185.207	196.899	203.664	177.358	105.261	37.614	5.36622	0	0	0	0	0	0	0	0
05.500,00.000	41.6	5.5	-200	0	4.5	3218.59	658.854	697.034	446.85	284.509	214.736	185.607	197.074	204.043	178.182	107.268	39.0597	5.36622	0	0	0	0	0	0	0	0
05.500,00.000	41.7	5.5	-200	0	4.5	3221.14	659.297	697.36	447.119	284.821	215.021	185.675	197.109	204.111	178.326	107.624	39.316	5.36622	0	0	0	0	0	0	0	0
05.500,00.000	41.8	5.5	-200	0	4.5	3222.48	659.533	697.527	447.261	284.971	215.164	185.713	197.126	204.145	178.401	107.815	39.4612	5.36622	0	0	0	0	0	0	0	0
05.500,00.000	41.9	5.5	-200	0	4.5	3225.17	659.996	697.861	447.546	285.28	215.478	185.787	197.16	204.207	178.541	108.185	39.7681	5.36622	0	0	0	0	0	0	0	0
05.500,00.000	42	5.5	-200	0	4.5	3225.7	660.081	697.928	447.602	285.344	215.542	185.8	197.167	204.218	178.567	108.253	39.8314	5.36622	0	0	0	0	0	0	0	0