
label	time(d)	x	depth	z	radius	total	0-10	10-20	20-30	30-40	40-50	50-60	60-70	70-80	80-90	90-100	100-110	110-120	120-130	130-140	140-150	150-160	160-170	170-180	180-190	190-200
00.000,00.000	0	0	-200	0	4.5	0	0	0	0	0	0	0	0	0	0	0	0	0	0	0	0	0	0	0	0	0
00.000,00.000	0.1	0	-200	0	4.5	0.372517	0.372517	0	0	0	0	0	0	0	0	0	0	0	0	0	0	0	0	0	0	0
00.000,00.000	0.2	0	-200	0	4.5	0.749708	0.749708	0	0	0	0	0	0	0	0	0	0	0	0	0	0	0	0	0	0	0
00.000,00.000	0.3	0	-200	0	4.5	1.1318	1.1318	0	0	0	0	0	0	0	0	0	0	0	0	0	0	0	0	0	0	0
00.000,00.000	0.4	0	-200	0	4.5	1.5182	1.5182	0	0	0	0	0	0	0	0	0	0	0	0	0	0	0	0	0	0	0
00.000,00.000	0.5	0	-200	0	4.5	1.90745	1.90745	0	0	0	0	0	0	0	0	0	0	0	0	0	0	0	0	0	0	0
00.000,00.000	0.6	0	-200	0	4.5	2.29789	2.29789	0	0	0	0	0	0	0	0	0	0	0	0	0	0	0	0	0	0	0
00.000,00.000	0.7	0	-200	0	4.5	2.68996	2.68996	0	0	0	0	0	0	0	0	0	0	0	0	0	0	0	0	0	0	0
00.000,00.000	0.8	0	-200	0	4.5	3.08468	3.08468	0	0	0	0	0	0	0	0	0	0	0	0	0	0	0	0	0	0	0
00.000,00.000	0.9	0	-200	0	4.5	3.48288	3.48288	0	0	0	0	0	0	0	0	0	0	0	0	0	0	0	0	0	0	0
00.000,00.000	1	0	-200	0	4.5	3.88503	3.88503	0	0	0	0	0	0	0	0	0	0	0	0	0	0	0	0	0	0	0
00.000,00.000	1.1	0	-200	0	4.5	4.29513	4.29513	0	0	0	0	0	0	0	0	0	0	0	0	0	0	0	0	0	0	0
00.000,00.000	1.2	0	-200	0	4.5	4.71302	4.71302	0	0	0	0	0	0	0	0	0	0	0	0	0	0	0	0	0	0	0
00.000,00.000	1.3	0	-200	0	4.5	5.13864	5.13864	0	0	0	0	0	0	0	0	0	0	0	0	0	0	0	0	0	0	0
00.000,00.000	1.4	0	-200	0	4.5	5.57119	5.57119	0	0	0	0	0	0	0	0	0	0	0	0	0	0	0	0	0	0	0
00.000,00.000	1.5	0	-200	0	4.5	6.00984	6.00984	0	0	0	0	0	0	0	0	0	0	0	0	0	0	0	0	0	0	0
00.000,00.000	1.6	0	-200	0	4.5	6.4545	6.4545	0	0	0	0	0	0	0	0	0	0	0	0	0	0	0	0	0	0	0
00.000,00.000	1.7	0	-200	0	4.5	6.91086	6.91086	0	0	0	0	0	0	0	0	0	0	0	0	0	0	0	0	0	0	0
00.000,00.000	1.8	0	-200	0	4.5	7.37769	7.37632	0.00137391	0	0	0	0	0	0	0	0	0	0	0	0	0	0	0	0	0	0
00.000,00.000	1.9	0	-200	0	4.5	7.85519	7.58939	0.265799	0	0	0	0	0	0	0	0	0	0	0	0	0	0	0	0	0	0
00.000,00.000	2	0	-200	0	4.5	8.3448	7.81437	0.530431	0	0	0	0	0	0	0	0	0	0	0	0	0	0	0	0	0	0
00.000,00.000	2.1	0	-200	0	4.5	8.88086	8.08532	0.795532	0	0	0	0	0	0	0	0	0	0	0	0	0	0	0	0	0	0
00.000,00.000	2.2	0	-200	0	4.5	9.51384	8.44804	1.06579	0	0	0	0	0	0	0	0	0	0	0	0	0	0	0	0	0	0
00.000,00.000	2.3	0	-200	0	4.5	10.237	8.89691	1.34011	0	0	0	0	0	0	0	0	0	0	0	0	0	0	0	0	0	0
00.000,00.000	2.4	0	-200	0	4.5	11.045	9.42916	1.61586	0	0	0	0	0	0	0	0	0	0	0	0	0	0	0	0	0	0
00.000,00.000	2.5	0	-200	0	4.5	11.9353	10.0441	1.89122	0	0	0	0	0	0	0	0	0	0	0	0	0	0	0	0	0	0
00.000,00.000	2.6	0	-200	0	4.5	12.9063	10.7411	2.16518	0	0	0	0	0	0	0	0	0	0	0	0	0	0	0	0	0	0
00.000,00.000	2.7	0	-200	0	4.5	13.9591	11.5209	2.43829	0	0	0	0	0	0	0	0	0	0	0	0	0	0	0	0	0	0
00.000,00.000	2.8	0	-200	0	4.5	15.0963	12.3851	2.71122	0	0	0	0	0	0	0	0	0	0	0	0	0	0	0	0	0	0
00.000,00.000	2.9	0	-200	0	4.5	16.3209	13.3364	2.9845	0	0	0	0	0	0	0	0	0	0	0	0	0	0	0	0	0	0
00.000,00.000	3	0	-200	0	4.5	17.6337	14.375	3.25865	0	0	0	0	0	0	0	0	0	0	0	0	0	0	0	0	0	0
00.000,00.000	3.1	0	-200	0	4.5	18.9886	15.4547	3.53384	0	0	0	0	0	0	0	0	0	0	0	0	0	0	0	0	0	0
00.000,00.000	3.2	0	-200	0	4.5	20.3348	16.5261	3.80873	0	0	0	0	0	0	0	0	0	0	0	0	0	0	0	0	0	0
00.000,00.000	3.3	0	-200	0	4.5	21.6749	17.5914	4.08347	0	0	0	0	0	0	0	0	0	0	0	0	0	0	0	0	0	0
00.000,00.000	3.4	0	-200	0	4.5	23.0047	18.6472	4.35745	0	0	0	0	0	0	0	0	0	0	0	0	0	0	0	0	0	0
00.000,00.000	3.5	0	-200	0	4.5	24.3201	19.6904	4.62974	0	0	0	0	0	0	0	0	0	0	0	0	0	0	0	0	0	0
00.000,00.000	3.6	0	-200	0	4.5	25.6214	20.7212	4.90021	0	0	0	0	0	0	0	0	0	0	0	0	0	0	0	0	0	0
00.000,00.000	3.7	0	-200	0	4.5	26.9103	21.7413	5.169	0	0	0	0	0	0	0	0	0	0	0	0	0	0	0	0	0	0
00.000,00.000	3.8	0	-200	0	4.5	28.1903	22.7535	5.4368	0	0	0	0	0	0	0	0	0	0	0	0	0	0	0	0	0	0
00.000,00.000	3.9	0	-200	0	4.5	29.4647	23.7602	5.70448	0	0	0	0	0	0	0	0	0	0	0	0	0	0	0	0	0	0
00.000,00.000	4	0	-200	0	4.5	30.734	24.7617	5.97236	0	0	0	0	0	0	0	0	0	0	0	0	0	0	0	0	0	0
00.000,00.000	4.1	0	-200	0	4.5	31.9973	25.757	6.24034	0	0	0	0	0	0	0	0	0	0	0	0	0	0	0	0	0	0
00.000,00.000	4.2	0	-200	0	4.5	33.2479	26.7407	6.5072	0	0	0	0	0	0	0	0	0	0	0	0	0	0	0	0	0	0
00.000,00.000	4.3	0	-200	0	4.5	34.2233	27.4503	6.77298	0	0	0	0	0	0	0	0	0	0	0	0	0	0	0	0	0	0
00.000,00.000	4.4	0	-200	0	4.5	35.131	28.0937	7.03733	0	0	0	0	0	0	0	0	0	0	0	0	0	0	0	0	0	0
00.000,00.000	4.5	0	-200	0	4.5	35.823	28.5238	7.29918	0	0	0	0	0	0	0	0	0	0	0	0	0	0	0	0	0	0
00.000,00.000	4.6	0	-200	0	4.5	36.5117	28.84	7.67174	0	0	0	0	0	0	0	0	0	0	0	0	0	0	0	0	0	0
00.000,00.000	4.7	0	-200	0	4.5	37.0772	29.1482	7.92901	0	0	0	0	0	0	0	0	0	0	0	0	0	0	0	0	0	0
00.000,00.000	4.8	0	-200	0	4.5	37.6346	29.2955	8.33904	0	0	0	0	0	0	0	0	0	0	0	0	0	0	0	0	0	0
00.000,00.000	4.9	0	-200	0	4.5	38.1868	29.3299	8.85693	0	0	0	0	0	0	0	0	0	0	0	0	0	0	0	0	0	0
00.000,00.000	5	0	-200	0	4.5	38.7142	29.3646	9.34957	0	0	0	0	0	0	0	0	0	0	0	0	0	0	0	0	0	0
00.000,00.000	5.1	0	-200	0	4.5	38.9948	29.4028	9.59199	0	0	0	0	0	0	0	0	0	0	0	0	0	0	0	0	0	0
00.000,00.000	5.2	0	-200	0	4.5	39.2875	29.4472	9.84029	0	0	0	0	0	0	0	0	0	0	0	0	0	0	0	0	0	0
00.000,00.000	5.3	0	-200	0	4.5	39.5869	29.4994	10.0875	0	0	0	0	0	0	0	0	0	0	0	0	0	0	0	0	0	0
00.000,00.000	5.4	0	-200	0	4.5	39.894	29.5604	10.3336	0	0	0	0	0	0	0	0	0	0	0	0	0	0	0	0	0	0
00.000,00.000	5.5	0	-200	0	4.5	40.2065	29.6284	10.5781	0	0	0	0	0	0	0	0	0	0	0	0	0	0	0	0	0	0
00.000,00.000	5.6	0	-200	0	4.5	40.5258	29.7048	10.821	0	0	0	0	0	0	0	0	0	0	0	0	0	0	0	0	0	0
00.000,00.000	5.7	0	-200	0	4.5	40.8519	29.7899	10.9874	0.0746616	0	0	0	0	0	0	0	0	0	0	0	0	0	0	0	0	0
00.000,00.000	5.8	0	-200	0	4.5	41.1837	29.8827	10.9885	0.312555	0	0	0	0	0	0	0	0	0	0	0	0	0	0	0	0	0
00.000,00.000	5.9	0	-200	0	4.5	41.5231	29.9853	10.9885	0.549318	0	0	0	0	0	0	0	0	0	0	0	0	0	0	0	0	0
00.000,00.000	6	0	-200	0	4.5	41.8736	30.1005	10.9885	0.784614	0	0	0	0	0	0	0	0	0	0	0	0	0	0	0	0	0
00.000,00.000	6.1	0	-200	0	4.5	42.2382	30.2312	10.9885	1.01852	0	0	0	0	0	0	0	0	0	0	0	0	0	0	0	0	0
00.000,00.000	6.2	0	-200	0	4.5	42.6212	30.38	10.9897	1.25147	0	0	0	0	0	0	0	0	0	0	0	0	0	0	0	0	0
00.000,00.000	6.3	0	-200	0	4.5	43.0299	30.5543	10.9915	1.48411	0	0	0	0	0	0	0	0	0	0	0	0	0	0	0	0	0
00.000,00.000	6.4	0	-200	0	4.5	43.4642	30.752	10.9954	1.7168	0	0	0	0	0	0	0	0	0	0	0	0	0	0	0	0	0
00.000,00.000	6.5	0	-200	0	4.5	43.9257	30.9764	11.0005	1.94878	0	0	0	0	0	0	0	0	0	0	0	0	0	0	0	0	0
00.000,00.000	6.6	0	-200	0	4.5	44.4179	31.2301	11.0081	2.1796	0	0	0	0	0	0	0	0	0	0	0	0	0	0	0	0	0
00.000,00.000	6.7	0	-200	0	4.5	44.9445	31.5168	11.0183	2.40944	0	0	0	0	0	0	0	0	0	0	0	0	0	0	0	0	0
00.000,00.000	6.8	0	-200	0	4.5	45.5154	31.846	11.031	2.63845	0	0	0	0	0	0	0	0	0	0	0	0	0	0	0	0	0
00.000,00.000	6.9	0	-200	0	4.5	46.1327	32.2182	11.0478	2.86676	0	0	0	0	0	0	0	0	0	0	0	0	0	0	0	0	0
00.000,00.000	7	0	-200	0	4.5	46.8035	32.6407	11.068	3.0948	0	0	0	0	0	0	0	0	0	0	0	0	0	0	0	0	0
00.000,00.000	7.1	0	-200	0	4.5	47.536	33.1191	11.0938	3.32312	0	0	0	0	0	0	0	0	0	0	0	0	0	0	0	0	0
00.000,00.000	7.2	0	-200	0	4.5	48.3209	33.6468	11.1236	3.55042	0	0	0	0	0	0	0	0	0	0	0	0	0	0	0	0	0
00.000,00.000	7.3	0	-200	0	4.5	49.1627	34.2291	11.1576	3.77599	0	0	0	0	0	0	0	0	0	0	0	0	0	0	0	0	0
00.000,00.000	7.4	0	-200	0	4.5	50.0635	34.8672	11.1968	3.99952	0	0	0	0	0	0	0	0	0	0	0	0	0	0	0	0	0
00.000,00.000	7.5	0	-200	0	4.5	51.0231	35.5611	11.241	4.22097	0	0	0	0	0	0	0	0	0	0	0	0	0	0	0	0	0
00.000,00.000	7.6	0	-200	0	4.5	52.0408	36.3106	11.29	4.44015	0	0	0	0	0	0	0	0	0	0	0	0	0	0	0	0	0
00.000,00.000	7.7	0	-200	0	4.5	53.1216	37.1194	11.3453	4.65702	0	0	0	0	0	0	0	0	0	0	0	0	0	0	0	0	0
00.000,00.000	7.8	0	-200	0	4.5	54.2694	37.9918	11.4058	4.87176	0	0	0	0	0	0	0	0	0	0	0	0	0	0	0	0	0
00.000,00.000	7.9	0	-200	0	4.5	55.4883	38.9297	11.474	5.08459	0	0	0	0	0	0	0	0	0	0	0	0	0	0	0	0	0
00.000,00.000	8	0	-200	0	4.5	56.7791	39.9355	11.5483	5.29538	0	0	0	0	0	0	0	0	0	0	0	0	0	0	0	0	0
00.000,00.000	8.1	0	-200	0	4.5	58.1399	41.0071	11.6285	5.50429	0	0	0	0	0	0	0	0	0	0	0	0	0	0	0	0	0
00.000,00.000	8.2	0	-200	0	4.5	59.5755	42.1483	11.7154	5.71175	0	0	0	0	0	0	0	0	0	0	0	0	0	0	0	0	0
00.000,00.000	8.3	0	-200	0	4.5	61.0821	43.3557	11.8086	5.91778	0	0	0	0	0	0	0	0	0	0	0	0	0	0	0	0	0
00.000,00.000	8.4	0	-200	0	4.5	62.6567	44.6257	11.9086	6.12242	0	0	0	0	0	0	0	0	0	0	0	0	0	0	0	0	0
00.000,00.000	8.5	0	-200	0	4.5	64.2965	45.9563	12.0147	6.32546	0	0	0	0	0	0	0	0	0	0	0	0	0	0	0	0	0
00.000,00.000	8.6	0	-200	0	4.5	66.0015	47.3462	12.1284	6.52692	0	0	0	0	0	0	0	0	0	0	0	0	0	0	0	0	0
00.000,00.000	8.7	0	-200	0	4.5	67.7672	48.7922	12.2484	6.72665	0	0	0	0	0	0	0	0	0	0	0	0	0	0	0	0	0
00.000,00.000	8.8	0	-200	0	4.5	69.598	50.2975	12.3757	6.92469	0	0	0	0	0	0	0	0	0	0	0	0	0	0	0	0	0
00.000,00.000	8.9	0	-200	0	4.5	71.5013	51.8702	12.51	7.12112	0	0	0	0	0	0	0	0	0	0	0	0	0	0	0	0	0
00.000,00.000	9	0	-200	0	4.5	73.4828	53.5137	12.6527	7.31632	0	0	0	0	0	0	0	0	0	0	0	0	0	0	0	0	0
00.000,00.000	9.1	0	-200	0	4.5	75.5482	55.2337	12.8041	7.51041	0	0	0	0	0	0	0	0	0	0	0	0	0	0	0	0	0
00.000,00.000	9.2	0	-200	0	4.5	77.7536	57.0828	12.9671	7.70359	0	0	0	0	0	0	0	0	0	0	0	0	0	0	0	0	0
00.000,00.000	9.3	0	-200	0	4.5	80.077	59.0345	13.1457	7.89677	0	0	0	0	0	0	0	0	0	0	0	0	0	0	0	0	0
00.000,00.000	9.4	0	-200	0	4.5	82.5074	61.0778	13.3388	8.09079	0	0	0	0	0	0	0	0	0	0	0	0	0	0	0	0	0
00.000,00.000	9.5	0	-200	0	4.5	85.0436	63.2096	13.5482	8.28585	0	0	0	0	0	0	0	0	0	0	0	0	0	0	0	0	0
00.000,00.000	9.6	0	-200	0	4.5	87.6843	65.4313	13.7713	8.48178	0	0	0	0	0	0	0	0	0	0	0	0	0	0	0	0	0
00.000,00.000	9.7	0	-200	0	4.5	90.4382	67.7487	14.0111	8.67846	0	0	0	0	0	0	0	0	0	0	0	0	0	0	0	0	0
00.000,00.000	9.8	0	-200	0	4.5	93.3195	70.1747	14.2688	8.87607	0	0	0	0	0	0	0	0	0	0	0	0	0	0	0	0	0
00.000,00.000	9.9	0	-200	0	4.5	96.3459	72.7248	14.5457	9.0754	0	0	0	0	0	0	0	0	0	0	0	0	0	0	0	0	0
00.000,00.000	10	0	-200	0	4.5	99.5285	75.4065	14.8445	9.27747	0	0	0	0	0	0	0	0	0	0	0	0	0	0	0	0	0
00.000,00.000	10.1	0	-200	0	4.5	102.869	78.2213	15.1644	9.48299	0	0	0	0	0	0	0	0	0	0	0	0	0	0	0	0	0
00.000,00.000	10.2	0	-200	0	4.5	106.238	81.0559	15.4945	9.6879	0	0	0	0	0	0	0	0	0	0	0	0	0	0	0	0	0
00.000,00.000	10.3	0	-200	0	4.5	109.717	83.9859	15.8394	9.89161	0	0	0	0	0	0	0	0	0	0	0	0	0	0	0	0	0
00.000,00.000	10.4	0	-200	0	4.5	113.281	86.9878	16.1996	10.0937	0	0	0	0	0	0	0	0	0	0	0	0	0	0	0	0	0
00.000,00.000	10.5	0	-200	0	4.5	116.917	90.0517	16.5715	10.1374	0.156219	0	0	0	0	0	0	0	0	0	0	0	0	0	0	0	0
00.000,00.000	10.6	0	-200	0	4.5	120.63	93.1878	16.9517	10.1374	0.353499	0	0	0	0	0	0	0	0	0	0	0	0	0	0	0	0
00.000,00.000	10.7	0	-200	0	4.5	124.436	96.4041	17.3462	10.1374	0.548119	0	0	0	0	0	0	0	0	0	0	0	0	0	0	0	0
00.000,00.000	10.8	0	-200	0	4.5	128.348	99.7152	17.7548	10.1374	0.740377	0	0	0	0	0	0	0	0	0	0	0	0	0	0	0	0
00.000,00.000	10.9	0	-200	0	4.5	132.385	103.135	18.1814	10.1374	0.930709	0	0	0	0	0	0	0	0	0	0	0	0	0	0	0	0
00.000,00.000	11	0	-200	0	4.5	136.552	106.669	18.6257	10.1374	1.11946	0	0	0	0	0	0	0	0	0	0	0	0	0	0	0	0
00.000,00.000	11.1	0	-200	0	4.5	140.846	110.313	19.0876	10.1387	1.30677	0	0	0	0	0	0	0	0	0	0	0	0	0	0	0	0
00.000,00.000	11.2	0	-200	0	4.5	145.271	114.052	19.5845	10.1408	1.49293	0	0	0	0	0	0	0	0	0	0	0	0	0	0	0	0
00.000,00.000	11.3	0	-200	0	4.5	149.817	117.892	20.1015	10.1457	1.67799	0	0	0	0	0	0	0	0	0	0	0	0	0	0	0	0
00.000,00.000	11.4	0	-200	0	4.5	154.468	121.819	20.6352	10.1523	1.86158	0	0	0	0	0	0	0	0	0	0	0	0	0	0	0	0
00.000,00.000	11.5	0	-200	0	4.5	159.203	125.814	21.1815	10.1635	2.04339	0	0	0	0	0	0	0	0	0	0	0	0	0	0	0	0
00.000,00.000	11.6	0	-200	0	4.5	164.015	129.875	21.7389	10.1778	2.22318	0	0	0	0	0	0	0	0	0	0	0	0	0	0	0	0
00.000,00.000	11.7	0	-200	0	4.5	168.912	134.008	22.3077	10.1955	2.40106	0	0	0	0	0	0	0	0	0	0	0	0	0	0	0	0
00.000,00.000	11.8	0	-200	0	4.5	173.909	138.224	22.8898	10.2179	2.57713	0	0	0	0	0	0	0	0	0	0	0	0	0	0	0	0
00.000,00.000	11.9	0	-200	0	4.5	179.021	142.536	23.4876	10.2459	2.75136	0	0	0	0	0	0	0	0	0	0	0	0	0	0	0	0
00.000,00.000	12	0	-200	0	4.5	184.25	146.946	24.102	10.2785	2.92397	0	0	0	0	0	0	0	0	0	0	0	0	0	0	0	0
00.000,00.000	12.1	0	-200	0	4.5	189.581	151.437	24.7303	10.3178	3.09543	0	0	0	0	0	0	0	0	0	0	0	0	0	0	0	0
00.000,00.000	12.2	0	-200	0	4.5	195.014	156.01	25.3759	10.3623	3.26567	0	0	0	0	0	0	0	0	0	0	0	0	0	0	0	0
00.000,00.000	12.3	0	-200	0	4.5	200.538	160.651	26.0395	10.4129	3.43442	0	0	0	0	0	0	0	0	0	0	0	0	0	0	0	0
00.000,00.000	12.4	0	-200	0	4.5	206.138	165.185	26.8822	10.4687	3.60223	0	0	0	0	0	0	0	0	0	0	0	0	0	0	0	0
00.000,00.000	12.5	0	-200	0	4.5	211.797	169.578	27.9202	10.5296	3.76908	0	0	0	0	0	0	0	0	0	0	0	0	0	0	0	0
00.000,00.000	12.6	0	-200	0	4.5	217.555	174.04	28.9814	10.5977	3.93647	0	0	0	0	0	0	0	0	0	0	0	0	0	0	0	0
00.000,00.000	12.7	0	-200	0	4.5	223.315	178.429	30.1141	10.6708	4.10122	0	0	0	0	0	0	0	0	0	0	0	0	0	0	0	0
00.000,00.000	12.8	0	-200	0	4.5	229.139	182.648	31.4777	10.7492	4.26437	0	0	0	0	0	0	0	0	0	0	0	0	0	0	0	0
00.000,00.000	12.9	0	-200	0	4.5	235.02	186.91	32.8512	10.8338	4.42525	0	0	0	0	0	0	0	0	0	0	0	0	0	0	0	0
00.000,00.000	13	0	-200	0	4.5	241.018	191.255	34.2527	10.9245	4.58569	0	0	0	0	0	0	0	0	0	0	0	0	0	0	0	0
00.000,00.000	13.1	0	-200	0	4.5	247.107	195.664	35.6762	11.0221	4.74554	0	0	0	0	0	0	0	0	0	0	0	0	0	0	0	0
00.000,00.000	13.2	0	-200	0	4.5	253.264	200.101	37.1337	11.1256	4.90342	0	0	0	0	0	0	0	0	0	0	0	0	0	0	0	0
00.000,00.000	13.3	0	-200	0	4.5	259.543	204.609	38.633	11.2395	5.06189	0	0	0	0	0	0	0	0	0	0	0	0	0	0	0	0
00.000,00.000	13.4	0	-200	0	4.5	265.916	209.154	40.1802	11.3612	5.2204	0	0	0	0	0	0	0	0	0	0	0	0	0	0	0	0
00.000,00.000	13.5	0	-200	0	4.5	272.326	213.712	41.7446	11.491	5.37881	0	0	0	0	0	0	0	0	0	0	0	0	0	0	0	0
00.000,00.000	13.6	0	-200	0	4.5	278.756	218.272	43.3168	11.6299	5.53684	0	0	0	0	0	0	0	0	0	0	0	0	0	0	0	0
00.000,00.000	13.7	0	-200	0	4.5	285.204	222.833	44.9014	11.7759	5.69448	0	0	0	0	0	0	0	0	0	0	0	0	0	0	0	0
00.000,00.000	13.8	0	-200	0	4.5	291.676	227.393	46.5002	11.9311	5.85212	0	0	0	0	0	0	0	0	0	0	0	0	0	0	0	0
00.000,00.000	13.9	0	-200	0	4.5	298.198	231.958	48.1354	12.0952	6.00967	0	0	0	0	0	0	0	0	0	0	0	0	0	0	0	0
00.000,00.000	14	0	-200	0	4.5	304.619	236.432	49.7868	12.2679	6.13267	0	0	0	0	0	0	0	0	0	0	0	0	0	0	0	0
00.000,00.000	14.1	0	-200	0	4.5	310.94	240.847	51.5076	12.4521	6.13267	0	0	0	0	0	0	0	0	0	0	0	0	0	0	0	0
00.000,00.000	14.2	0	-200	0	4.5	317.269	245.215	53.2746	12.6469	6.13267	0	0	0	0	0	0	0	0	0	0	0	0	0	0	0	0
00.000,00.000	14.3	0	-200	0	4.5	323.49	249.43	55.0785	12.8488	6.13267	0	0	0	0	0	0	0	0	0	0	0	0	0	0	0	0
00.000,00.000	14.4	0	-200	0	4.5	329.622	253.555	56.8756	13.0581	6.13267	0	0	0	0	0	0	0	0	0	0	0	0	0	0	0	0
00.000,00.000	14.5	0	-200	0	4.5	337.031	258.478	59.0925	13.328	6.13267	0	0	0	0	0	0	0	0	0	0	0	0	0	0	0	0
00.000,00.000	14.6	0	-200	0	4.5	345.082	263.728	61.5792	13.6419	6.13267	0	0	0	0	0	0	0	0	0	0	0	0	0	0	0	0
00.000,00.000	14.7	0	-200	0	4.5	351.517	267.869	63.6076	13.9079	6.13267	0	0	0	0	0	0	0	0	0	0	0	0	0	0	0	0
00.000,00.000	14.8	0	-200	0	4.5	354.222	269.588	64.4751	14.0262	6.13267	0	0	0	0	0	0	0	0	0	0	0	0	0	0	0	0
00.000,00.000	14.9	0	-200	0	4.5	359.734	273.079	66.2454	14.2778	6.13267	0	0	0	0	0	0	0	0	0	0	0	0	0	0	0	0
00.000,00.000	15	0	-200	0	4.5	366.188	277.096	68.3723	14.5865	6.13267	0	0	0	0	0	0	0	0	0	0	0	0	0	0	0	0
00.000,00.000	15.1	0	-200	0	4.5	371.793	280.566	70.2246	14.8696	6.13267	0	0	0	0	0	0	0	0	0	0	0	0	0	0	0	0
00.000,00.000	15.2	0	-200	0	4.5	377.13	283.838	72.0073	15.1519	6.13267	0	0	0	0	0	0	0	0	0	0	0	0	0	0	0	0
00.000,00.000	15.3	0	-200	0	4.5	382.405	287.037	73.7894	15.4457	6.13267	0	0	0	0	0	0	0	0	0	0	0	0	0	0	0	0
00.000,00.000	15.4	0	-200	0	4.5	387.608	290.164	75.5619	15.7498	6.13267	0	0	0	0	0	0	0	0	0	0	0	0	0	0	0	0
00.000,00.000	15.5	0	-200	0	4.5	395.111	294.621	77.7763	16.5816	6.13267	0	0	0	0	0	0	0	0	0	0	0	0	0	0	0	0
00.000,00.000	15.6	0	-200	0	4.5	402.427	298.886	79.9254	17.4827	6.13267	0	0	0	0	0	0	0	0	0	0	0	0	0	0	0	0
00.000,00.000	15.7	0	-200	0	4.5	408.285	302.278	81.6564	18.2183	6.13267	0	0	0	0	0	0	0	0	0	0	0	0	0	0	0	0
00.000,00.000	15.8	0	-200	0	4.5	409.672	303.072	82.0705	18.3967	6.13267	0	0	0	0	0	0	0	0	0	0	0	0	0	0	0	0
00.000,00.000	15.9	0	-200	0	4.5	414.451	305.81	83.4641	19.0443	6.13267	0	0	0	0	0	0	0	0	0	0	0	0	0	0	0	0
00.000,00.000	16	0	-200	0	4.5	420.28	309.097	85.1839	19.8669	6.13267	0	0	0	0	0	0	0	0	0	0	0	0	0	0	0	0
00.000,00.000	16.1	0	-200	0	4.5	425.093	311.759	86.6427	20.5584	6.13267	0	0	0	0	0	0	0	0	0	0	0	0	0	0	0	0
00.000,00.000	16.2	0	-200	0	4.5	429.631	314.221	88.0539	21.2233	6.13267	0	0	0	0	0	0	0	0	0	0	0	0	0	0	0	0
00.000,00.000	16.3	0	-200	0	4.5	434.113	316.621	89.2646	22.094	6.13267	0	0	0	0	0	0	0	0	0	0	0	0	0	0	0	0
00.000,00.000	16.4	0	-200	0	4.5	438.548	318.968	90.4249	23.023	6.13267	0	0	0	0	0	0	0	0	0	0	0	0	0	0	0	0
00.000,00.000	16.5	0	-200	0	4.5	449.874	324.892	93.4461	25.4029	6.13267	0	0	0	0	0	0	0	0	0	0	0	0	0	0	0	0
00.000,00.000	16.6	0	-200	0	4.5	454.678	327.31	94.8262	26.4094	6.13267	0	0	0	0	0	0	0	0	0	0	0	0	0	0	0	0
00.000,00.000	16.7	0	-200	0	4.5	454.892	327.416	94.8885	26.4547	6.13267	0	0	0	0	0	0	0	0	0	0	0	0	0	0	0	0
00.000,00.000	16.8	0	-200	0	4.5	455.314	327.621	95.0151	26.5456	6.13267	0	0	0	0	0	0	0	0	0	0	0	0	0	0	0	0
00.000,00.000	16.9	0	-200	0	4.5	457.193	328.524	95.5705	26.9665	6.13267	0	0	0	0	0	0	0	0	0	0	0	0	0	0	0	0
00.000,00.000	17	0	-200	0	4.5	463.63	331.588	97.464	28.4453	6.13267	0	0	0	0	0	0	0	0	0	0	0	0	0	0	0	0
00.000,00.000	17.1	0	-200	0	4.5	468.424	333.822	98.9148	29.5543	6.13267	0	0	0	0	0	0	0	0	0	0	0	0	0	0	0	0
00.000,00.000	17.2	0	-200	0	4.5	472.414	335.659	100.129	30.4931	6.13267	0	0	0	0	0	0	0	0	0	0	0	0	0	0	0	0
00.000,00.000	17.3	0	-200	0	4.5	476.38	337.471	101.334	31.4425	6.13267	0	0	0	0	0	0	0	0	0	0	0	0	0	0	0	0
00.000,00.000	17.4	0	-200	0	4.5	480.314	339.252	102.53	32.3997	6.13274	0	0	0	0	0	0	0	0	0	0	0	0	0	0	0	0
00.000,00.000	17.5	0	-200	0	4.5	493.429	345.146	106.489	35.6577	6.13623	0	0	0	0	0	0	0	0	0	0	0	0	0	0	0	0
00.000,00.000	17.6	0	-200	0	4.5	496.759	346.649	107.541	36.4318	6.13745	0	0	0	0	0	0	0	0	0	0	0	0	0	0	0	0
00.000,00.000	17.7	0	-200	0	4.5	497.174	346.84	107.67	36.5255	6.13773	0	0	0	0	0	0	0	0	0	0	0	0	0	0	0	0
00.000,00.000	17.8	0	-200	0	4.5	497.449	346.968	107.757	36.5867	6.13799	0	0	0	0	0	0	0	0	0	0	0	0	0	0	0	0
00.000,00.000	17.9	0	-200	0	4.5	498.051	347.252	107.948	36.7128	6.13874	0	0	0	0	0	0	0	0	0	0	0	0	0	0	0	0
00.000,00.000	18	0	-200	0	4.5	504.736	350.38	110.006	38.2016	6.14855	0	0	0	0	0	0	0	0	0	0	0	0	0	0	0	0
00.000,00.000	18.1	0	-200	0	4.5	509.453	352.613	111.471	39.2112	6.15791	0	0	0	0	0	0	0	0	0	0	0	0	0	0	0	0
00.000,00.000	18.2	0	-200	0	4.5	513.092	354.345	112.587	39.9934	6.16636	0	0	0	0	0	0	0	0	0	0	0	0	0	0	0	0
00.000,00.000	18.3	0	-200	0	4.5	516.761	356.104	113.696	40.7846	6.17647	0	0	0	0	0	0	0	0	0	0	0	0	0	0	0	0
00.000,00.000	18.4	0	-200	0	4.5	520.434	357.89	114.771	41.5844	6.18896	0	0	0	0	0	0	0	0	0	0	0	0	0	0	0	0
00.000,00.000	18.5	0	-200	0	4.5	536.841	365.883	119.528	45.1783	6.25211	0	0	0	0	0	0	0	0	0	0	0	0	0	0	0	0
00.000,00.000	18.6	0	-200	0	4.5	540.102	367.496	120.418	45.9216	6.26646	0	0	0	0	0	0	0	0	0	0	0	0	0	0	0	0
00.000,00.000	18.7	0	-200	0	4.5	540.362	367.625	120.491	45.9786	6.26781	0	0	0	0	0	0	0	0	0	0	0	0	0	0	0	0
00.000,00.000	18.8	0	-200	0	4.5	540.695	367.79	120.584	46.0511	6.26971	0	0	0	0	0	0	0	0	0	0	0	0	0	0	0	0
00.000,00.000	18.9	0	-200	0	4.5	541.141	368.014	120.708	46.147	6.2725	0	0	0	0	0	0	0	0	0	0	0	0	0	0	0	0
00.000,00.000	19	0	-200	0	4.5	549.821	372.418	123.095	47.9763	6.33117	0	0	0	0	0	0	0	0	0	0	0	0	0	0	0	0
00.000,00.000	19.1	0	-200	0	4.5	555.509	375.308	124.655	49.1742	6.37195	0	0	0	0	0	0	0	0	0	0	0	0	0	0	0	0
00.000,00.000	19.2	0	-200	0	4.5	559.457	377.311	125.754	49.9889	6.40303	0	0	0	0	0	0	0	0	0	0	0	0	0	0	0	0
00.000,00.000	19.3	0	-200	0	4.5	563.465	379.341	126.883	50.805	6.4362	0	0	0	0	0	0	0	0	0	0	0	0	0	0	0	0
00.000,00.000	19.4	0	-200	0	4.5	567.528	381.363	128.072	51.6214	6.47171	0	0	0	0	0	0	0	0	0	0	0	0	0	0	0	0
00.000,00.000	19.5	0	-200	0	4.5	573.405	384.305	129.797	52.7761	6.52655	0	0	0	0	0	0	0	0	0	0	0	0	0	0	0	0
00.000,00.000	19.6	0	-200	0	4.5	590.014	391.459	135.935	55.9246	6.695	0	0	0	0	0	0	0	0	0	0	0	0	0	0	0	0
00.000,00.000	19.7	0	-200	0	4.5	593.398	392.71	137.421	56.5371	6.73052	0	0	0	0	0	0	0	0	0	0	0	0	0	0	0	0
00.000,00.000	19.8	0	-200	0	4.5	596.321	393.814	138.661	57.0827	6.76368	0	0	0	0	0	0	0	0	0	0	0	0	0	0	0	0
00.000,00.000	19.9	0	-200	0	4.5	597.036	394.086	138.967	57.2116	6.77209	0	0	0	0	0	0	0	0	0	0	0	0	0	0	0	0
00.000,00.000	20	0	-200	0	4.5	600.617	395.461	140.497	57.8428	6.81667	0	0	0	0	0	0	0	0	0	0	0	0	0	0	0	0
00.000,00.000	20.1	0	-200	0	4.5	611.398	399.618	145.099	59.7272	6.95403	0	0	0	0	0	0	0	0	0	0	0	0	0	0	0	0
00.000,00.000	20.2	0	-200	0	4.5	617.603	402.029	147.744	60.7863	7.04398	0	0	0	0	0	0	0	0	0	0	0	0	0	0	0	0
00.000,00.000	20.3	0	-200	0	4.5	622.199	403.842	149.689	61.4197	7.249	0	0	0	0	0	0	0	0	0	0	0	0	0	0	0	0
00.000,00.000	20.4	0	-200	0	4.5	626.918	405.713	151.688	62.0433	7.4736	0	0	0	0	0	0	0	0	0	0	0	0	0	0	0	0
00.000,00.000	20.5	0	-200	0	4.5	653.641	416.382	163.035	65.4604	8.76286	0	0	0	0	0	0	0	0	0	0	0	0	0	0	0	0
00.000,00.000	20.6	0	-200	0	4.5	664.433	420.764	167.657	66.7057	9.30591	0	0	0	0	0	0	0	0	0	0	0	0	0	0	0	0
00.000,00.000	20.7	0	-200	0	4.5	664.91	420.959	167.859	66.761	9.33071	0	0	0	0	0	0	0	0	0	0	0	0	0	0	0	0
00.000,00.000	20.8	0	-200	0	4.5	692.58	432.373	179.585	69.8682	10.7548	0	0	0	0	0	0	0	0	0	0	0	0	0	0	0	0
00.000,00.000	20.9	0	-200	0	4.5	699.58	435.316	182.568	70.5623	11.1335	0	0	0	0	0	0	0	0	0	0	0	0	0	0	0	0
00.000,00.000	21	0	-200	0	4.5	700.317	435.627	182.878	70.642	11.1703	0	0	0	0	0	0	0	0	0	0	0	0	0	0	0	0
00.000,00.000	21.1	0	-200	0	4.5	722.748	445.213	192.276	73.0477	12.2111	0	0	0	0	0	0	0	0	0	0	0	0	0	0	0	0
00.000,00.000	21.2	0	-200	0	4.5	733.812	449.975	196.988	74.1537	12.6954	0	0	0	0	0	0	0	0	0	0	0	0	0	0	0	0
00.000,00.000	21.3	0	-200	0	4.5	739.305	452.353	199.284	74.7291	12.9386	0	0	0	0	0	0	0	0	0	0	0	0	0	0	0	0
00.000,00.000	21.4	0	-200	0	4.5	744.983	454.823	201.651	75.3204	13.1885	0	0	0	0	0	0	0	0	0	0	0	0	0	0	0	0
00.000,00.000	21.5	0	-200	0	4.5	783.414	471.364	216.943	80.1946	14.9132	0	0	0	0	0	0	0	0	0	0	0	0	0	0	0	0
00.000,00.000	21.6	0	-200	0	4.5	791.565	474.925	219.742	81.6406	15.2576	0	0	0	0	0	0	0	0	0	0	0	0	0	0	0	0
00.000,00.000	21.7	0	-200	0	4.5	852.178	501.64	240.757	91.8072	17.9746	0	0	0	0	0	0	0	0	0	0	0	0	0	0	0	0
00.000,00.000	21.8	0	-200	0	4.5	874.225	511.867	248.68	94.7329	18.9452	0	0	0	0	0	0	0	0	0	0	0	0	0	0	0	0
00.000,00.000	21.9	0	-200	0	4.5	874.574	512.027	248.805	94.7812	18.9601	0	0	0	0	0	0	0	0	0	0	0	0	0	0	0	0
00.000,00.000	22	0	-200	0	4.5	878.454	513.815	250.232	95.2858	19.1208	0	0	0	0	0	0	0	0	0	0	0	0	0	0	0	0
00.000,00.000	22.1	0	-200	0	4.5	901.521	524.39	258.655	98.4092	20.0663	0	0	0	0	0	0	0	0	0	0	0	0	0	0	0	0
00.000,00.000	22.2	0	-200	0	4.5	912.425	529.359	262.727	99.8473	20.4927	0	0	0	0	0	0	0	0	0	0	0	0	0	0	0	0
00.000,00.000	22.3	0	-200	0	4.5	918.718	532.211	265.07	100.698	20.7387	0	0	0	0	0	0	0	0	0	0	0	0	0	0	0	0
00.000,00.000	22.4	0	-200	0	4.5	925.207	535.147	267.494	101.576	20.9894	0	0	0	0	0	0	0	0	0	0	0	0	0	0	0	0
00.000,00.000	22.5	0	-200	0	4.5	963.053	551.189	282.609	106.788	22.4674	0	0	0	0	0	0	0	0	0	0	0	0	0	0	0	0
00.000,00.000	22.6	0	-200	0	4.5	971.243	554.544	286.056	107.875	22.7677	0	0	0	0	0	0	0	0	0	0	0	0	0	0	0	0
00.000,00.000	22.7	0	-200	0	4.5	990.775	562.122	294.67	110.518	23.2156	0.249256	0	0	0	0	0	0	0	0	0	0	0	0	0	0	0
00.000,00.000	22.8	0	-200	0	4.5	1048.71	583.595	320.861	118.655	24.3144	1.28779	0	0	0	0	0	0	0	0	0	0	0	0	0	0	0
00.000,00.000	22.9	0	-200	0	4.5	1060.12	587.734	326.137	120.103	24.6595	1.48946	0	0	0	0	0	0	0	0	0	0	0	0	0	0	0
00.000,00.000	23	0	-200	0	4.5	1061.12	588.103	326.593	120.221	24.6952	1.50537	0	0	0	0	0	0	0	0	0	0	0	0	0	0	0
00.000,00.000	23.1	0	-200	0	4.5	1094.58	601.036	341.586	124.168	25.7554	2.03943	0	0	0	0	0	0	0	0	0	0	0	0	0	0	0
00.000,00.000	23.2	0	-200	0	4.5	1109.9	607.157	348.421	126.004	26.0258	2.29057	0	0	0	0	0	0	0	0	0	0	0	0	0	0	0
00.000,00.000	23.3	0	-200	0	4.5	1117.23	610.124	351.663	126.864	26.1777	2.40117	0	0	0	0	0	0	0	0	0	0	0	0	0	0	0
00.000,00.000	23.4	0	-200	0	4.5	1124.94	613.259	355.068	127.763	26.3373	2.51346	0	0	0	0	0	0	0	0	0	0	0	0	0	0	0
00.000,00.000	23.5	0	-200	0	4.5	1162.77	628.568	371.763	132.223	27.1597	3.05681	0	0	0	0	0	0	0	0	0	0	0	0	0	0	0
00.000,00.000	23.6	0	-200	0	4.5	1171.15	631.961	375.505	133.192	27.3172	3.17639	0	0	0	0	0	0	0	0	0	0	0	0	0	0	0
00.000,00.000	23.7	0	-200	0	4.5	1196.46	642.391	386.575	136.122	27.8637	3.50986	0	0	0	0	0	0	0	0	0	0	0	0	0	0	0
00.000,00.000	23.8	0	-200	0	4.5	1256.76	667.07	411.099	144.996	29.2784	4.31654	0	0	0	0	0	0	0	0	0	0	0	0	0	0	0
00.000,00.000	23.9	0	-200	0	4.5	1268.55	671.983	415.826	146.739	29.5304	4.46956	0	0	0	0	0	0	0	0	0	0	0	0	0	0	0
00.000,00.000	24	0	-200	0	4.5	1269.73	672.48	416.303	146.909	29.5571	4.4835	0	0	0	0	0	0	0	0	0	0	0	0	0	0	0
00.000,00.000	24.1	0	-200	0	4.5	1309.72	689.351	432.271	152.673	30.4817	4.9409	0	0	0	0	0	0	0	0	0	0	0	0	0	0	0
00.000,00.000	24.2	0	-200	0	4.5	1329.05	697.682	439.829	155.406	30.9654	5.16296	0	0	0	0	0	0	0	0	0	0	0	0	0	0	0
00.000,00.000	24.3	0	-200	0	4.5	1338.52	701.779	443.548	156.726	31.2054	5.26584	0	0	0	0	0	0	0	0	0	0	0	0	0	0	0
00.000,00.000	24.4	0	-200	0	4.5	1348.39	706.047	447.411	158.102	31.4554	5.37028	0	0	0	0	0	0	0	0	0	0	0	0	0	0	0
00.000,00.000	24.5	0	-200	0	4.5	1383.28	721.044	461.149	163.004	32.3434	5.73778	0	0	0	0	0	0	0	0	0	0	0	0	0	0	0
00.000,00.000	24.6	0	-200	0	4.5	1391.39	724.607	464.288	164.14	32.5194	5.83187	0	0	0	0	0	0	0	0	0	0	0	0	0	0	0
00.000,00.000	24.7	0	-200	0	4.5	1393.28	725.427	465.033	164.403	32.5647	5.85182	0	0	0	0	0	0	0	0	0	0	0	0	0	0	0
00.000,00.000	24.8	0	-200	0	4.5	1415.09	734.815	473.628	167.471	33.0967	6.07809	0	0	0	0	0	0	0	0	0	0	0	0	0	0	0
00.000,00.000	24.9	0	-200	0	4.5	1456.66	752.599	489.961	173.456	34.1267	6.51268	0	0	0	0	0	0	0	0	0	0	0	0	0	0	0
00.000,00.000	25	0	-200	0	4.5	1465.36	756.367	493.324	174.732	34.3313	6.60817	0	0	0	0	0	0	0	0	0	0	0	0	0	0	0
00.000,00.000	25.1	0	-200	0	4.5	1491.28	767.434	503.518	178.472	34.9873	6.8644	0	0	0	0	0	0	0	0	0	0	0	0	0	0	0
00.000,00.000	25.2	0	-200	0	4.5	1507.98	774.544	510.113	180.881	35.4038	7.03331	0	0	0	0	0	0	0	0	0	0	0	0	0	0	0
00.000,00.000	25.3	0	-200	0	4.5	1519.69	779.473	514.79	182.576	35.7058	7.14668	0	0	0	0	0	0	0	0	0	0	0	0	0	0	0
00.000,00.000	25.4	0	-200	0	4.5	1531.63	784.476	519.57	184.309	36.0172	7.26102	0	0	0	0	0	0	0	0	0	0	0	0	0	0	0
00.000,00.000	25.5	0	-200	0	4.5	1546.63	790.648	525.625	186.531	36.423	7.40575	0	0	0	0	0	0	0	0	0	0	0	0	0	0	0
00.000,00.000	25.6	0	-200	0	4.5	1607.54	815.448	550.313	195.617	38.1756	7.98853	0	0	0	0	0	0	0	0	0	0	0	0	0	0	0
00.000,00.000	25.7	0	-200	0	4.5	1620.25	820.624	555.498	197.446	38.5686	8.11747	0	0	0	0	0	0	0	0	0	0	0	0	0	0	0
00.000,00.000	25.8	0	-200	0	4.5	1622.61	821.569	556.465	197.795	38.6437	8.13935	0	0	0	0	0	0	0	0	0	0	0	0	0	0	0
00.000,00.000	25.9	0	-200	0	4.5	1624.41	822.29	557.203	198.058	38.7022	8.15588	0	0	0	0	0	0	0	0	0	0	0	0	0	0	0
00.000,00.000	26	0	-200	0	4.5	1648.42	831.857	567.108	201.579	39.5065	8.37306	0	0	0	0	0	0	0	0	0	0	0	0	0	0	0
00.000,00.000	26.1	0	-200	0	4.5	1675.24	842.252	578.339	205.204	40.8259	8.62114	0	0	0	0	0	0	0	0	0	0	0	0	0	0	0
00.000,00.000	26.2	0	-200	0	4.5	1690.54	848.02	584.863	207.374	41.5162	8.76299	0	0	0	0	0	0	0	0	0	0	0	0	0	0	0
00.000,00.000	26.3	0	-200	0	4.5	1703.35	852.831	590.341	209.197	42.1037	8.88031	0	0	0	0	0	0	0	0	0	0	0	0	0	0	0
00.000,00.000	26.4	0	-200	0	4.5	1716.35	857.665	595.902	211.085	42.7009	8.99842	0	0	0	0	0	0	0	0	0	0	0	0	0	0	0
00.000,00.000	26.5	0	-200	0	4.5	1742.13	866.811	607.199	214.95	43.9281	9.23744	0	0	0	0	0	0	0	0	0	0	0	0	0	0	0
00.000,00.000	26.6	0	-200	0	4.5	1791.99	883.826	629.788	222.482	46.1983	9.67725	0.019183	0	0	0	0	0	0	0	0	0	0	0	0	0	0
00.000,00.000	26.7	0	-200	0	4.5	1801.27	886.979	633.989	223.915	46.6028	9.61541	0.172958	0	0	0	0	0	0	0	0	0	0	0	0	0	0
00.000,00.000	26.8	0	-200	0	4.5	1858.39	905.842	659.976	232.897	49.3522	9.73322	0.592588	0	0	0	0	0	0	0	0	0	0	0	0	0	0
00.000,00.000	26.9	0	-200	0	4.5	1900.87	919.818	679.227	239.668	51.4185	9.78917	0.946987	0	0	0	0	0	0	0	0	0	0	0	0	0	0
00.000,00.000	27	0	-200	0	4.5	1907.14	921.916	682.033	240.681	51.7155	9.79855	0.998301	0	0	0	0	0	0	0	0	0	0	0	0	0	0
00.000,00.000	27.1	0	-200	0	4.5	1943.73	934.05	698.551	246.491	53.5079	9.84341	1.29029	0	0	0	0	0	0	0	0	0	0	0	0	0	0
00.000,00.000	27.2	0	-200	0	4.5	1964.96	941.173	708.099	249.796	54.5582	9.87369	1.46075	0	0	0	0	0	0	0	0	0	0	0	0	0	0
00.000,00.000	27.3	0	-200	0	4.5	1978.34	945.645	714.112	251.909	55.2224	9.89075	1.56555	0	0	0	0	0	0	0	0	0	0	0	0	0	0
00.000,00.000	27.4	0	-200	0	4.5	1991.95	950.217	720.184	254.07	55.9015	9.90837	1.67109	0	0	0	0	0	0	0	0	0	0	0	0	0	0
00.000,00.000	27.5	0	-200	0	4.5	2027.27	961.816	735.953	259.857	57.738	9.95499	1.95294	0	0	0	0	0	0	0	0	0	0	0	0	0	0
00.000,00.000	27.6	0	-200	0	4.5	2075.81	977.947	757.519	267.746	60.2393	10.027	2.33245	0	0	0	0	0	0	0	0	0	0	0	0	0	0
00.000,00.000	27.7	0	-200	0	4.5	2083.82	980.61	761.076	269.047	60.6571	10.0392	2.39575	0	0	0	0	0	0	0	0	0	0	0	0	0	0
00.000,00.000	27.8	0	-200	0	4.5	2152.65	1003.9	790.915	280.433	64.313	10.1551	2.92771	0	0	0	0	0	0	0	0	0	0	0	0	0	0
00.000,00.000	27.9	0	-200	0	4.5	2171.8	1010.6	799.043	283.522	65.3683	10.1891	3.07778	0	0	0	0	0	0	0	0	0	0	0	0	0	0
00.000,00.000	28	0	-200	0	4.5	2174.39	1011.52	800.137	283.942	65.5042	10.1941	3.09707	0	0	0	0	0	0	0	0	0	0	0	0	0	0
00.000,00.000	28.1	0	-200	0	4.5	2205.66	1022.7	813.2	289.034	67.1369	10.2592	3.32598	0	0	0	0	0	0	0	0	0	0	0	0	0	0
00.000,00.000	28.2	0	-200	0	4.5	2226.23	1030.2	821.636	292.394	68.2239	10.3048	3.47687	0	0	0	0	0	0	0	0	0	0	0	0	0	0
00.000,00.000	28.3	0	-200	0	4.5	2240.85	1035.58	827.563	294.793	68.9877	10.3408	3.5825	0	0	0	0	0	0	0	0	0	0	0	0	0	0
00.000,00.000	28.4	0	-200	0	4.5	2255.55	1041.08	833.422	297.219	69.7579	10.3793	3.6884	0	0	0	0	0	0	0	0	0	0	0	0	0	0
00.000,00.000	28.5	0	-200	0	4.5	2270.74	1046.76	839.412	299.776	70.5724	10.4239	3.80017	0	0	0	0	0	0	0	0	0	0	0	0	0	0
00.000,00.000	28.6	0	-200	0	4.5	2348.74	1076.24	869.509	313.123	74.8182	10.674	4.37966	0	0	0	0	0	0	0	0	0	0	0	0	0	0
00.000,00.000	28.7	0	-200	0	4.5	2364.79	1082.7	875.295	315.857	75.7136	10.7286	4.50142	0	0	0	0	0	0	0	0	0	0	0	0	0	0
00.000,00.000	28.8	0	-200	0	4.5	2366.37	1083.33	875.867	316.126	75.8001	10.7345	4.51305	0	0	0	0	0	0	0	0	0	0	0	0	0	0
00.000,00.000	28.9	0	-200	0	4.5	2368.53	1084.21	876.646	316.489	75.9175	10.7429	4.52872	0	0	0	0	0	0	0	0	0	0	0	0	0	0
00.000,00.000	29	0	-200	0	4.5	2394.32	1094.8	885.837	320.806	77.3164	10.8492	4.71339	0	0	0	0	0	0	0	0	0	0	0	0	0	0
00.000,00.000	29.1	0	-200	0	4.5	2421.31	1105.93	895.455	325.282	78.774	10.967	4.90885	0	0	0	0	0	0	0	0	0	0	0	0	0	0
00.000,00.000	29.2	0	-200	0	4.5	2438	1112.83	901.403	328.024	79.6637	11.0453	5.02999	0	0	0	0	0	0	0	0	0	0	0	0	0	0
00.000,00.000	29.3	0	-200	0	4.5	2452.63	1118.91	906.581	330.437	80.4511	11.1174	5.1359	0	0	0	0	0	0	0	0	0	0	0	0	0	0
00.000,00.000	29.4	0	-200	0	4.5	2467.36	1125.01	911.794	332.87	81.2436	11.194	5.24207	0	0	0	0	0	0	0	0	0	0	0	0	0	0
00.000,00.000	29.5	0	-200	0	4.5	2482.34	1131.15	917.076	335.394	82.0836	11.2797	5.35407	0	0	0	0	0	0	0	0	0	0	0	0	0	0
00.000,00.000	29.6	0	-200	0	4.5	2559.18	1162.75	943.745	348.371	86.0738	12.2953	5.94455	0	0	0	0	0	0	0	0	0	0	0	0	0	0
00.000,00.000	29.7	0	-200	0	4.5	2575.03	1169.5	949.076	350.928	86.9005	12.5574	6.06803	0	0	0	0	0	0	0	0	0	0	0	0	0	0
00.000,00.000	29.8	0	-200	0	4.5	2576.38	1170.07	949.531	351.15	86.9696	12.5798	6.0783	0	0	0	0	0	0	0	0	0	0	0	0	0	0
00.000,00.000	29.9	0	-200	0	4.5	2578.2	1170.85	950.136	351.443	87.0618	12.6099	6.09188	0	0	0	0	0	0	0	0	0	0	0	0	0	0
00.000,00.000	30	0	-200	0	4.5	2593.95	1177.73	955.349	353.926	87.8636	12.8734	6.20852	0	0	0	0	0	0	0	0	0	0	0	0	0	0
00.000,00.000	30.1	0	-200	0	4.5	2624.67	1191.11	965.499	358.768	89.4469	13.412	6.4377	0	0	0	0	0	0	0	0	0	0	0	0	0	0
00.000,00.000	30.2	0	-200	0	4.5	2642.81	1199.09	971.414	361.599	90.3903	13.7438	6.57376	0	0	0	0	0	0	0	0	0	0	0	0	0	0
00.000,00.000	30.3	0	-200	0	4.5	2657.01	1205.36	976.011	363.829	91.1276	14.0056	6.67973	0	0	0	0	0	0	0	0	0	0	0	0	0	0
00.000,00.000	30.4	0	-200	0	4.5	2671.29	1211.69	980.615	366.063	91.8708	14.2723	6.78617	0	0	0	0	0	0	0	0	0	0	0	0	0	0
00.000,00.000	30.5	0	-200	0	4.5	2685.92	1218.14	985.287	368.382	92.652	14.5665	6.89867	0	0	0	0	0	0	0	0	0	0	0	0	0	0
00.000,00.000	30.6	0	-200	0	4.5	2750.69	1246.77	1006.01	378.455	96.1096	15.9416	7.4025	0	0	0	0	0	0	0	0	0	0	0	0	0	0
00.000,00.000	30.7	0	-200	0	4.5	2773.42	1256.84	1013.35	381.897	97.3241	16.4382	7.58399	0	0	0	0	0	0	0	0	0	0	0	0	0	0
00.000,00.000	30.8	0	-200	0	4.5	2774.79	1257.45	1013.78	382.102	97.397	16.4682	7.5948	0	0	0	0	0	0	0	0	0	0	0	0	0	0
00.000,00.000	30.9	0	-200	0	4.5	2776.28	1258.12	1014.25	382.325	97.4766	16.5015	7.60656	0	0	0	0	0	0	0	0	0	0	0	0	0	0
00.000,00.000	31	0	-200	0	4.5	2795.53	1266.65	1020.56	385.133	98.4906	16.9348	7.75707	0	0	0	0	0	0	0	0	0	0	0	0	0	0
00.000,00.000	31.1	0	-200	0	4.5	2828.51	1281.11	1031.34	390.071	100.272	17.7018	8.02185	0	0	0	0	0	0	0	0	0	0	0	0	0	0
00.000,00.000	31.2	0	-200	0	4.5	2845.95	1288.62	1037.1	392.701	101.239	18.1224	8.16317	0	0	0	0	0	0	0	0	0	0	0	0	0	0
00.000,00.000	31.3	0	-200	0	4.5	2858.63	1293.82	1041.55	394.662	101.974	18.4395	8.17822	0	0	0	0	0	0	0	0	0	0	0	0	0	0
00.000,00.000	31.4	0	-200	0	4.5	2871.27	1298.99	1046	396.61	102.715	18.762	8.18382	0	0	0	0	0	0	0	0	0	0	0	0	0	0
00.000,00.000	31.5	0	-200	0	4.5	2908.92	1313.94	1059.22	402.707	105.036	19.8048	8.21559	0	0	0	0	0	0	0	0	0	0	0	0	0	0
00.000,00.000	31.6	0	-200	0	4.5	3000.97	1351.64	1089.78	417.887	110.91	22.5389	8.21559	0	0	0	0	0	0	0	0	0	0	0	0	0	0
00.000,00.000	31.7	0	-200	0	4.5	3016.32	1357.94	1094.99	420.276	111.877	23.0236	8.21559	0	0	0	0	0	0	0	0	0	0	0	0	0	0
00.000,00.000	31.8	0	-200	0	4.5	3017.16	1358.3	1095.26	420.408	111.929	23.0497	8.21559	0	0	0	0	0	0	0	0	0	0	0	0	0	0
00.000,00.000	31.9	0	-200	0	4.5	3020.73	1359.82	1096.43	420.942	112.149	23.1644	8.21559	0	0	0	0	0	0	0	0	0	0	0	0	0	0
00.000,00.000	32	0	-200	0	4.5	3024.68	1361.55	1097.71	421.523	112.393	23.2916	8.21559	0	0	0	0	0	0	0	0	0	0	0	0	0	0
00.000,00.000	32.1	0	-200	0	4.5	3061.4	1378	1108.97	427.038	114.681	24.4965	8.21559	0	0	0	0	0	0	0	0	0	0	0	0	0	0
00.000,00.000	32.2	0	-200	0	4.5	3081.24	1386.63	1115.4	429.875	115.947	25.1711	8.21559	0	0	0	0	0	0	0	0	0	0	0	0	0	0
00.000,00.000	32.3	0	-200	0	4.5	3092.93	1392.08	1118.95	431.466	116.654	25.5599	8.21559	0	0	0	0	0	0	0	0	0	0	0	0	0	0
00.000,00.000	32.4	0	-200	0	4.5	3104.72	1397.54	1122.57	433.061	117.369	25.9618	8.21559	0	0	0	0	0	0	0	0	0	0	0	0	0	0
00.000,00.000	32.5	0	-200	0	4.5	3129.27	1408.33	1130.18	436.654	118.993	26.9006	8.21559	0	0	0	0	0	0	0	0	0	0	0	0	0	0
00.000,00.000	32.6	0	-200	0	4.5	3272.16	1478.17	1169.42	456.103	127.897	32.35	8.21812	0	0	0	0	0	0	0	0	0	0	0	0	0	0
00.000,00.000	32.7	0	-200	0	4.5	3297.75	1490.07	1177.05	459.443	129.528	33.3965	8.26027	0	0	0	0	0	0	0	0	0	0	0	0	0	0
00.000,00.000	32.8	0	-200	0	4.5	3459.38	1558.89	1227.48	483.585	140.246	40.5563	8.62669	0	0	0	0	0	0	0	0	0	0	0	0	0	0
00.000,00.000	32.9	0	-200	0	4.5	3506.47	1581.7	1240.82	489.853	142.817	42.1478	9.13486	0	0	0	0	0	0	0	0	0	0	0	0	0	0
00.000,00.000	33	0	-200	0	4.5	3507.1	1582.02	1240.99	489.931	142.85	42.1666	9.14224	0	0	0	0	0	0	0	0	0	0	0	0	0	0
00.000,00.000	33.1	0	-200	0	4.5	3576.54	1615.93	1260.85	498.734	146.654	44.2484	10.1214	0	0	0	0	0	0	0	0	0	0	0	0	0	0
00.000,00.000	33.2	0	-200	0	4.5	3607.38	1631.9	1269.3	502.242	148.232	45.1249	10.5848	0	0	0	0	0	0	0	0	0	0	0	0	0	0
00.000,00.000	33.3	0	-200	0	4.5	3618.81	1637.95	1272.37	503.491	148.802	45.4367	10.7535	0	0	0	0	0	0	0	0	0	0	0	0	0	0
00.000,00.000	33.4	0	-200	0	4.5	3630.7	1644.35	1275.52	504.763	149.379	45.7583	10.9294	0	0	0	0	0	0	0	0	0	0	0	0	0	0
00.000,00.000	33.5	0	-200	0	4.5	3642.85	1650.94	1278.71	506.045	149.958	46.0869	11.1122	0	0	0	0	0	0	0	0	0	0	0	0	0	0
00.000,00.000	33.6	0	-200	0	4.5	3671.67	1665.68	1286.49	509.441	151.471	46.9759	11.6183	0	0	0	0	0	0	0	0	0	0	0	0	0	0
00.000,00.000	33.7	0	-200	0	4.5	3823.55	1741.78	1326.51	528.18	160.223	52.1138	14.7446	0	0	0	0	0	0	0	0	0	0	0	0	0	0
00.000,00.000	33.8	0	-200	0	4.5	3855.6	1759.21	1334.44	531.615	161.672	53.3022	15.3545	0	0	0	0	0	0	0	0	0	0	0	0	0	0
00.000,00.000	33.9	0	-200	0	4.5	3973.67	1825.15	1363.75	542.881	167.305	56.9993	17.5855	0	0	0	0	0	0	0	0	0	0	0	0	0	0
00.000,00.000	34	0	-200	0	4.5	4010.03	1844.91	1373.43	546.08	169.045	58.2309	18.3302	0	0	0	0	0	0	0	0	0	0	0	0	0	0
00.000,00.000	34.1	0	-200	0	4.5	4043.09	1863.78	1381.85	548.761	170.504	59.2315	18.9573	0	0	0	0	0	0	0	0	0	0	0	0	0	0
00.000,00.000	34.2	0	-200	0	4.5	4063.37	1875.38	1387.11	550.285	171.395	59.8677	19.3432	0	0	0	0	0	0	0	0	0	0	0	0	0	0
00.000,00.000	34.3	0	-200	0	4.5	4076.61	1883	1390.5	551.288	171.956	60.2723	19.5952	0	0	0	0	0	0	0	0	0	0	0	0	0	0
00.000,00.000	34.4	0	-200	0	4.5	4089.74	1890.68	1393.81	552.242	172.49	60.6687	19.8414	0	0	0	0	0	0	0	0	0	0	0	0	0	0
00.000,00.000	34.5	0	-200	0	4.5	4103.89	1898.97	1397.4	553.254	173.052	61.1082	20.1098	0	0	0	0	0	0	0	0	0	0	0	0	0	0
00.000,00.000	34.6	0	-200	0	4.5	4134.45	1915.73	1405.46	555.738	174.463	62.2507	20.8088	0	0	0	0	0	0	0	0	0	0	0	0	0	0
00.000,00.000	34.7	0	-200	0	4.5	4309.27	2023.66	1444.64	567.565	181.142	67.9311	24.3366	0	0	0	0	0	0	0	0	0	0	0	0	0	0
00.000,00.000	34.8	0	-200	0	4.5	4340.57	2042.44	1451.97	569.704	182.418	68.9427	25.0981	0	0	0	0	0	0	0	0	0	0	0	0	0	0
00.000,00.000	34.9	0	-200	0	4.5	4458.79	2105.75	1484.27	578.975	187.981	73.5472	27.7539	0.509045	0	0	0	0	0	0	0	0	0	0	0	0	0
00.000,00.000	35	0	-200	0	4.5	4502.1	2131.36	1494.71	581.873	189.841	75.0329	28.3691	0.913521	0	0	0	0	0	0	0	0	0	0	0	0	0
00.000,00.000	35.1	0	-200	0	4.5	4541.1	2155.63	1503.34	584.396	191.334	76.2796	28.9071	1.21616	0	0	0	0	0	0	0	0	0	0	0	0	0
00.000,00.000	35.2	0	-200	0	4.5	4561.85	2167.81	1508.44	585.815	192.184	76.9837	29.2214	1.38896	0	0	0	0	0	0	0	0	0	0	0	0	0
00.000,00.000	35.3	0	-200	0	4.5	4573.7	2175.23	1511.08	586.558	192.626	77.3376	29.3832	1.47654	0	0	0	0	0	0	0	0	0	0	0	0	0
00.000,00.000	35.4	0	-200	0	4.5	4590.01	2185.62	1514.61	587.567	193.22	77.8065	29.5986	1.59173	0	0	0	0	0	0	0	0	0	0	0	0	0
00.000,00.000	35.5	0	-200	0	4.5	4607.09	2196.59	1518.23	588.62	193.832	78.2879	29.8203	1.70913	0	0	0	0	0	0	0	0	0	0	0	0	0
00.000,00.000	35.6	0	-200	0	4.5	4625.65	2207.79	1522.38	589.954	194.628	78.9256	30.1123	1.8619	0	0	0	0	0	0	0	0	0	0	0	0	0
00.000,00.000	35.7	0	-200	0	4.5	4815.96	2335.46	1557.26	601.455	201.464	84.4201	32.7162	3.18424	0	0	0	0	0	0	0	0	0	0	0	0	0
00.000,00.000	35.8	0	-200	0	4.5	4845.46	2353.92	1563.58	603.465	202.632	85.3057	33.1444	3.41266	0	0	0	0	0	0	0	0	0	0	0	0	0
00.000,00.000	35.9	0	-200	0	4.5	4995.35	2453.77	1591.7	612.711	208.024	89.5086	35.1972	4.44341	0	0	0	0	0	0	0	0	0	0	0	0	0
00.000,00.000	36	0	-200	0	4.5	5035.45	2480.18	1599.63	615.159	209.51	90.5016	35.7446	4.73143	0	0	0	0	0	0	0	0	0	0	0	0	0
00.000,00.000	36.1	0	-200	0	4.5	5094.29	2518.36	1611.43	618.964	211.738	92.0406	36.6143	5.14196	0	0	0	0	0	0	0	0	0	0	0	0	0
00.000,00.000	36.2	0	-200	0	4.5	5126.55	2539.47	1617.89	620.985	212.938	92.8223	37.0797	5.36486	0	0	0	0	0	0	0	0	0	0	0	0	0
00.000,00.000	36.3	0	-200	0	4.5	5142.57	2550.04	1621.04	621.966	213.521	93.2292	37.3135	5.47105	0	0	0	0	0	0	0	0	0	0	0	0	0
00.000,00.000	36.4	0	-200	0	4.5	5160.29	2561.83	1624.44	623.039	214.154	93.6738	37.5718	5.58459	0	0	0	0	0	0	0	0	0	0	0	0	0
00.000,00.000	36.5	0	-200	0	4.5	5178.28	2573.75	1627.9	624.145	214.808	94.1337	37.8424	5.701	0	0	0	0	0	0	0	0	0	0	0	0	0
00.000,00.000	36.6	0	-200	0	4.5	5276.43	2635.82	1647.17	631.036	219.111	97.1473	39.6875	6.45435	0	0	0	0	0	0	0	0	0	0	0	0	0
00.000,00.000	36.7	0	-200	0	4.5	5313.03	2659.38	1654.23	633.487	220.708	98.1647	40.3255	6.72801	0	0	0	0	0	0	0	0	0	0	0	0	0
00.000,00.000	36.8	0	-200	0	4.5	5313.36	2659.6	1654.3	633.508	220.721	98.1739	40.3312	6.73029	0	0	0	0	0	0	0	0	0	0	0	0	0
00.000,00.000	36.9	0	-200	0	4.5	5410.47	2724.12	1672.28	639.533	224.458	100.817	41.8947	7.37627	0	0	0	0	0	0	0	0	0	0	0	0	0
00.000,00.000	37	0	-200	0	4.5	5435.06	2740.04	1677.3	641.072	225.434	101.458	42.2014	7.54864	0	0	0	0	0	0	0	0	0	0	0	0	0
00.000,00.000	37.1	0	-200	0	4.5	5489.44	2773.83	1689.09	644.732	227.658	102.919	43.2762	7.93821	0	0	0	0	0	0	0	0	0	0	0	0	0
00.000,00.000	37.2	0	-200	0	4.5	5518.95	2792.91	1695.05	646.574	228.81	103.643	43.8185	8.14167	0	0	0	0	0	0	0	0	0	0	0	0	0
00.000,00.000	37.3	0	-200	0	4.5	5535.19	2802.87	1698.62	647.683	229.488	104.106	44.163	8.26087	0	0	0	0	0	0	0	0	0	0	0	0	0
00.000,00.000	37.4	0	-200	0	4.5	5550.55	2812.71	1701.77	648.644	230.084	104.515	44.4695	8.36528	0	0	0	0	0	0	0	0	0	0	0	0	0
00.000,00.000	37.5	0	-200	0	4.5	5567.7	2823.56	1705.35	649.73	230.753	104.992	44.828	8.48396	0	0	0	0	0	0	0	0	0	0	0	0	0
00.000,00.000	37.6	0	-200	0	4.5	5646.93	2873.16	1721.21	655.009	234.184	107.515	46.7451	9.10396	0	0	0	0	0	0	0	0	0	0	0	0	0
00.000,00.000	37.7	0	-200	0	4.5	5675.13	2891.33	1726.5	656.806	235.373	108.389	47.4069	9.05707	0.268357	0	0	0	0	0	0	0	0	0	0	0	0
00.000,00.000	37.8	0	-200	0	4.5	5675.41	2891.51	1726.55	656.823	235.385	108.398	47.4137	9.05742	0.270139	0	0	0	0	0	0	0	0	0	0	0	0
00.000,00.000	37.9	0	-200	0	4.5	5739.88	2933.26	1738.5	660.727	238.098	110.478	49.0016	9.09953	0.715902	0	0	0	0	0	0	0	0	0	0	0	0
00.000,00.000	38	0	-200	0	4.5	5757.31	2944.54	1741.89	661.731	238.8	111.005	49.3915	9.09953	0.850978	0	0	0	0	0	0	0	0	0	0	0	0
00.000,00.000	38.1	0	-200	0	4.5	5803.08	2973.94	1750.64	664.386	240.759	112.477	50.5761	9.09953	1.19793	0	0	0	0	0	0	0	0	0	0	0	0
00.000,00.000	38.2	0	-200	0	4.5	5831.84	2992.32	1756.46	665.99	241.939	113.353	51.2639	9.09953	1.41054	0	0	0	0	0	0	0	0	0	0	0	0
00.000,00.000	38.3	0	-200	0	4.5	5844.73	3000.43	1759.11	666.72	242.492	113.768	51.5909	9.09953	1.5078	0	0	0	0	0	0	0	0	0	0	0	0
00.000,00.000	38.4	0	-200	0	4.5	5860.05	3010.17	1762.26	667.535	243.128	114.253	51.9801	9.09953	1.61908	0	0	0	0	0	0	0	0	0	0	0	0
00.000,00.000	38.5	0	-200	0	4.5	5874.74	3019.2	1765.46	668.341	243.778	114.75	52.3818	9.09953	1.73216	0	0	0	0	0	0	0	0	0	0	0	0
00.000,00.000	38.6	0	-200	0	4.5	5948.09	3061.83	1781.41	672.906	247.729	117.793	54.9066	9.10044	2.41792	0	0	0	0	0	0	0	0	0	0	0	0
00.000,00.000	38.7	0	-200	0	4.5	5969.75	3074.77	1786.17	674.127	248.801	118.607	55.5696	9.10207	2.60694	0	0	0	0	0	0	0	0	0	0	0	0
00.000,00.000	38.8	0	-200	0	4.5	5969.89	3074.85	1786.2	674.134	248.807	118.612	55.5738	9.1021	2.60804	0	0	0	0	0	0	0	0	0	0	0	0
00.000,00.000	38.9	0	-200	0	4.5	5978.08	3079.88	1787.93	674.548	249.185	118.919	55.8359	9.10491	2.67564	0	0	0	0	0	0	0	0	0	0	0	0
00.000,00.000	39	0	-200	0	4.5	5980.93	3081.52	1788.61	674.7	249.328	119.035	55.9341	9.10616	2.70179	0	0	0	0	0	0	0	0	0	0	0	0
00.000,00.000	39.1	0	-200	0	4.5	6006.61	3097.47	1794.02	675.871	250.472	119.976	56.7653	9.12002	2.90748	0	0	0	0	0	0	0	0	0	0	0	0
00.000,00.000	39.2	0	-200	0	4.5	6041.28	3117.83	1802.07	677.518	252.144	121.359	58.0056	9.14367	3.20903	0	0	0	0	0	0	0	0	0	0	0	0
00.000,00.000	39.3	0	-200	0	4.5	6052.71	3124.24	1804.91	678.071	252.726	121.844	58.4469	9.16476	3.31538	0	0	0	0	0	0	0	0	0	0	0	0
00.000,00.000	39.4	0	-200	0	4.5	6061.28	3129.24	1806.91	678.462	253.135	122.195	58.7672	9.17924	3.38982	0	0	0	0	0	0	0	0	0	0	0	0
00.000,00.000	39.5	0	-200	0	4.5	6079.9	3140.19	1811.16	679.26	254.036	122.984	59.496	9.21502	3.55708	0	0	0	0	0	0	0	0	0	0	0	0
00.000,00.000	39.6	0	-200	0	4.5	6126.75	3167.85	1821.48	681.286	256.352	125.004	61.4667	9.3175	3.99465	0	0	0	0	0	0	0	0	0	0	0	0
00.000,00.000	39.7	0	-200	0	4.5	6135.13	3172.69	1823.41	681.635	256.775	125.355	61.8344	9.34458	4.07731	0	0	0	0	0	0	0	0	0	0	0	0
00.000,00.000	39.8	0	-200	0	4.5	6160.85	3187.45	1829.33	682.709	258.072	126.526	63.02	9.41384	4.33337	0	0	0	0	0	0	0	0	0	0	0	0
00.000,00.000	39.9	0	-200	0	4.5	6165.44	3189.99	1830.47	682.898	258.3	126.737	63.2399	9.43104	4.38171	0	0	0	0	0	0	0	0	0	0	0	0
00.000,00.000	40	0	-200	0	4.5	6165.97	3190.28	1830.59	682.921	258.326	126.765	63.2667	9.43286	4.3874	0	0	0	0	0	0	0	0	0	0	0	0
00.000,00.000	40.1	0	-200	0	4.5	6195.21	3206.41	1837.71	684.097	259.682	128.292	64.7755	9.54426	4.70559	0	0	0	0	0	0	0	0	0	0	0	0
00.000,00.000	40.2	0	-200	0	4.5	6220.12	3220.52	1843.43	685.072	260.777	129.622	66.0681	9.64943	4.97946	0	0	0	0	0	0	0	0	0	0	0	0
00.000,00.000	40.3	0	-200	0	4.5	6226.38	3224.15	1844.82	685.304	261.045	129.956	66.3871	9.67791	5.04855	0	0	0	0	0	0	0	0	0	0	0	0
00.000,00.000	40.4	0	-200	0	4.5	6245.8	3235.52	1849	685.974	261.874	130.998	67.4022	9.7687	5.26196	0	0	0	0	0	0	0	0	0	0	0	0
00.000,00.000	40.5	0	-200	0	4.5	6261.76	3244.47	1852.62	686.534	262.578	131.934	68.3108	9.85685	5.45376	0	0	0	0	0	0	0	0	0	0	0	0
00.000,00.000	40.6	0	-200	0	4.5	6309	3271.66	1861.99	688.581	264.644	134.807	71.1227	10.1481	6.04969	0	0	0	0	0	0	0	0	0	0	0	0
00.000,00.000	40.7	0	-200	0	4.5	6317.18	3276.3	1863.65	688.974	264.947	135.36	71.5865	10.2071	6.15749	0	0	0	0	0	0	0	0	0	0	0	0
00.000,00.000	40.8	0	-200	0	4.5	6317.23	3276.33	1863.66	688.977	264.949	135.364	71.59	10.2075	6.1582	0	0	0	0	0	0	0	0	0	0	0	0
00.000,00.000	40.9	0	-200	0	4.5	6336.05	3287.06	1867.29	689.865	265.681	136.587	72.7776	10.3664	6.41218	0	0	0	0	0	0	0	0	0	0	0	0
00.000,00.000	41	0	-200	0	4.5	6341.08	3289.96	1868.27	690.097	265.848	136.922	73.0898	10.4135	6.48243	0	0	0	0	0	0	0	0	0	0	0	0
00.000,00.000	41.1	0	-200	0	4.5	6366.75	3304.9	1873.11	691.232	266.733	138.54	74.731	10.6662	6.83412	0	0	0	0	0	0	0	0	0	0	0	0
00.000,00.000	41.2	0	-200	0	4.5	6386.24	3316.37	1876.72	692.089	267.345	139.773	75.9713	10.8704	7.10255	0	0	0	0	0	0	0	0	0	0	0	0
00.000,00.000	41.3	0	-200	0	4.5	6395.62	3321.81	1878.49	692.503	267.642	140.371	76.5822	10.9876	7.2355	0	0	0	0	0	0	0	0	0	0	0	0
00.000,00.000	41.4	0	-200	0	4.5	6411.36	3331.08	1881.36	693.159	268.121	141.348	77.6155	11.2227	7.46033	0	0	0	0	0	0	0	0	0	0	0	0
00.000,00.000	41.5	0	-200	0	4.5	6416.45	3333.92	1882.36	693.379	268.275	141.688	77.9707	11.3214	7.53901	0	0	0	0	0	0	0	0	0	0	0	0
00.000,00.000	41.6	0	-200	0	4.5	6450.84	3353.54	1888.47	694.853	269.305	144.003	80.5303	12.0448	8.10244	0	0	0	0	0	0	0	0	0	0	0	0
00.000,00.000	41.7	0	-200	0	4.5	6457.46	3357.25	1889.67	695.132	269.489	144.474	81.0203	12.2108	8.21429	0	0	0	0	0	0	0	0	0	0	0	0
00.000,00.000	41.8	0	-200	0	4.5	6457.73	3357.41	1889.72	695.142	269.496	144.491	81.0404	12.2173	8.21876	0	0	0	0	0	0	0	0	0	0	0	0
00.000,00.000	41.9	0	-200	0	4.5	6482.92	3372.18	1893.85	696.136	270.156	146.096	82.9974	12.8565	8.64732	0	0	0	0	0	0	0	0	0	0	0	0
00.000,00.000	42	0	-200	0	4.5	6488.7	3375.54	1894.82	696.353	270.297	146.453	83.4385	13.0518	8.748	0	0	0	0	0	0	0	0	0	0	0	0