
label	time(d)	x	depth	z	radius	total	0-10	10-20	20-30	30-40	40-50	50-60	60-70	70-80	80-90	90-100	100-110	110-120	120-130	130-140	140-150	150-160	160-170	170-180	180-190	190-200
05.500,00.000	0	5.5	-200	0	4.5	0	0	0	0	0	0	0	0	0	0	0	0	0	0	0	0	0	0	0	0	0
05.500,00.000	0.1	5.5	-200	0	4.5	0	0	0	0	0	0	0	0	0	0	0	0	0	0	0	0	0	0	0	0	0
05.500,00.000	0.2	5.5	-200	0	4.5	0	0	0	0	0	0	0	0	0	0	0	0	0	0	0	0	0	0	0	0	0
05.500,00.000	0.3	5.5	-200	0	4.5	0	0	0	0	0	0	0	0	0	0	0	0	0	0	0	0	0	0	0	0	0
05.500,00.000	0.4	5.5	-200	0	4.5	0	0	0	0	0	0	0	0	0	0	0	0	0	0	0	0	0	0	0	0	0
05.500,00.000	0.5	5.5	-200	0	4.5	0	0	0	0	0	0	0	0	0	0	0	0	0	0	0	0	0	0	0	0	0
05.500,00.000	0.6	5.5	-200	0	4.5	0	0	0	0	0	0	0	0	0	0	0	0	0	0	0	0	0	0	0	0	0
05.500,00.000	0.7	5.5	-200	0	4.5	0	0	0	0	0	0	0	0	0	0	0	0	0	0	0	0	0	0	0	0	0
05.500,00.000	0.8	5.5	-200	0	4.5	0	0	0	0	0	0	0	0	0	0	0	0	0	0	0	0	0	0	0	0	0
05.500,00.000	0.9	5.5	-200	0	4.5	0	0	0	0	0	0	0	0	0	0	0	0	0	0	0	0	0	0	0	0	0
05.500,00.000	1	5.5	-200	0	4.5	0	0	0	0	0	0	0	0	0	0	0	0	0	0	0	0	0	0	0	0	0
05.500,00.000	1.1	5.5	-200	0	4.5	0	0	0	0	0	0	0	0	0	0	0	0	0	0	0	0	0	0	0	0	0
05.500,00.000	1.2	5.5	-200	0	4.5	0	0	0	0	0	0	0	0	0	0	0	0	0	0	0	0	0	0	0	0	0
05.500,00.000	1.3	5.5	-200	0	4.5	0	0	0	0	0	0	0	0	0	0	0	0	0	0	0	0	0	0	0	0	0
05.500,00.000	1.4	5.5	-200	0	4.5	0	0	0	0	0	0	0	0	0	0	0	0	0	0	0	0	0	0	0	0	0
05.500,00.000	1.5	5.5	-200	0	4.5	0	0	0	0	0	0	0	0	0	0	0	0	0	0	0	0	0	0	0	0	0
05.500,00.000	1.6	5.5	-200	0	4.5	0	0	0	0	0	0	0	0	0	0	0	0	0	0	0	0	0	0	0	0	0
05.500,00.000	1.7	5.5	-200	0	4.5	0	0	0	0	0	0	0	0	0	0	0	0	0	0	0	0	0	0	0	0	0
05.500,00.000	1.8	5.5	-200	0	4.5	0	0	0	0	0	0	0	0	0	0	0	0	0	0	0	0	0	0	0	0	0
05.500,00.000	1.9	5.5	-200	0	4.5	0	0	0	0	0	0	0	0	0	0	0	0	0	0	0	0	0	0	0	0	0
05.500,00.000	2	5.5	-200	0	4.5	0	0	0	0	0	0	0	0	0	0	0	0	0	0	0	0	0	0	0	0	0
05.500,00.000	2.1	5.5	-200	0	4.5	0	0	0	0	0	0	0	0	0	0	0	0	0	0	0	0	0	0	0	0	0
05.500,00.000	2.2	5.5	-200	0	4.5	0	0	0	0	0	0	0	0	0	0	0	0	0	0	0	0	0	0	0	0	0
05.500,00.000	2.3	5.5	-200	0	4.5	0	0	0	0	0	0	0	0	0	0	0	0	0	0	0	0	0	0	0	0	0
05.500,00.000	2.4	5.5	-200	0	4.5	0	0	0	0	0	0	0	0	0	0	0	0	0	0	0	0	0	0	0	0	0
05.500,00.000	2.5	5.5	-200	0	4.5	0	0	0	0	0	0	0	0	0	0	0	0	0	0	0	0	0	0	0	0	0
05.500,00.000	2.6	5.5	-200	0	4.5	0	0	0	0	0	0	0	0	0	0	0	0	0	0	0	0	0	0	0	0	0
05.500,00.000	2.7	5.5	-200	0	4.5	0	0	0	0	0	0	0	0	0	0	0	0	0	0	0	0	0	0	0	0	0
05.500,00.000	2.8	5.5	-200	0	4.5	0	0	0	0	0	0	0	0	0	0	0	0	0	0	0	0	0	0	0	0	0
05.500,00.000	2.9	5.5	-200	0	4.5	0	0	0	0	0	0	0	0	0	0	0	0	0	0	0	0	0	0	0	0	0
05.500,00.000	3	5.5	-200	0	4.5	3.9968e-15	3.9968e-15	0	0	0	0	0	0	0	0	0	0	0	0	0	0	0	0	0	0	0
05.500,00.000	3.1	5.5	-200	0	4.5	0.299705	0.299705	0	0	0	0	0	0	0	0	0	0	0	0	0	0	0	0	0	0	0
05.500,00.000	3.2	5.5	-200	0	4.5	0.593474	0.593474	0	0	0	0	0	0	0	0	0	0	0	0	0	0	0	0	0	0	0
05.500,00.000	3.3	5.5	-200	0	4.5	0.886632	0.886632	0	0	0	0	0	0	0	0	0	0	0	0	0	0	0	0	0	0	0
05.500,00.000	3.4	5.5	-200	0	4.5	1.17763	1.17763	0	0	0	0	0	0	0	0	0	0	0	0	0	0	0	0	0	0	0
05.500,00.000	3.5	5.5	-200	0	4.5	1.4629	1.4629	0	0	0	0	0	0	0	0	0	0	0	0	0	0	0	0	0	0	0
05.500,00.000	3.6	5.5	-200	0	4.5	1.74254	1.74254	0	0	0	0	0	0	0	0	0	0	0	0	0	0	0	0	0	0	0
05.500,00.000	3.7	5.5	-200	0	4.5	2.01832	2.01832	0	0	0	0	0	0	0	0	0	0	0	0	0	0	0	0	0	0	0
05.500,00.000	3.8	5.5	-200	0	4.5	2.29258	2.29258	0	0	0	0	0	0	0	0	0	0	0	0	0	0	0	0	0	0	0
05.500,00.000	3.9	5.5	-200	0	4.5	2.56866	2.56866	0	0	0	0	0	0	0	0	0	0	0	0	0	0	0	0	0	0	0
05.500,00.000	4	5.5	-200	0	4.5	2.84845	2.84845	0	0	0	0	0	0	0	0	0	0	0	0	0	0	0	0	0	0	0
05.500,00.000	4.1	5.5	-200	0	4.5	3.13064	3.13064	0	0	0	0	0	0	0	0	0	0	0	0	0	0	0	0	0	0	0
05.500,00.000	4.2	5.5	-200	0	4.5	3.41473	3.41473	0	0	0	0	0	0	0	0	0	0	0	0	0	0	0	0	0	0	0
05.500,00.000	4.3	5.5	-200	0	4.5	3.70039	3.70039	0	0	0	0	0	0	0	0	0	0	0	0	0	0	0	0	0	0	0
05.500,00.000	4.4	5.5	-200	0	4.5	3.98627	3.98627	0	0	0	0	0	0	0	0	0	0	0	0	0	0	0	0	0	0	0
05.500,00.000	4.5	5.5	-200	0	4.5	4.26836	4.26836	0	0	0	0	0	0	0	0	0	0	0	0	0	0	0	0	0	0	0
05.500,00.000	4.6	5.5	-200	0	4.5	4.54652	4.54652	0	0	0	0	0	0	0	0	0	0	0	0	0	0	0	0	0	0	0
05.500,00.000	4.7	5.5	-200	0	4.5	4.82151	4.82151	0	0	0	0	0	0	0	0	0	0	0	0	0	0	0	0	0	0	0
05.500,00.000	4.8	5.5	-200	0	4.5	5.09479	5.09479	0	0	0	0	0	0	0	0	0	0	0	0	0	0	0	0	0	0	0
05.500,00.000	4.9	5.5	-200	0	4.5	5.36682	5.36682	0	0	0	0	0	0	0	0	0	0	0	0	0	0	0	0	0	0	0
05.500,00.000	5	5.5	-200	0	4.5	5.63745	5.63745	0	0	0	0	0	0	0	0	0	0	0	0	0	0	0	0	0	0	0
05.500,00.000	5.1	5.5	-200	0	4.5	5.90802	5.90802	0	0	0	0	0	0	0	0	0	0	0	0	0	0	0	0	0	0	0
05.500,00.000	5.2	5.5	-200	0	4.5	6.18034	6.18034	0	0	0	0	0	0	0	0	0	0	0	0	0	0	0	0	0	0	0
05.500,00.000	5.3	5.5	-200	0	4.5	6.3514	6.3514	0	0	0	0	0	0	0	0	0	0	0	0	0	0	0	0	0	0	0
05.500,00.000	5.4	5.5	-200	0	4.5	6.34506	6.34506	0	0	0	0	0	0	0	0	0	0	0	0	0	0	0	0	0	0	0
05.500,00.000	5.5	5.5	-200	0	4.5	6.34208	6.34208	0	0	0	0	0	0	0	0	0	0	0	0	0	0	0	0	0	0	0
05.500,00.000	5.6	5.5	-200	0	4.5	6.34208	6.34208	0	0	0	0	0	0	0	0	0	0	0	0	0	0	0	0	0	0	0
05.500,00.000	5.7	5.5	-200	0	4.5	6.34208	6.34208	0	0	0	0	0	0	0	0	0	0	0	0	0	0	0	0	0	0	0
05.500,00.000	5.8	5.5	-200	0	4.5	6.34208	6.34208	0	0	0	0	0	0	0	0	0	0	0	0	0	0	0	0	0	0	0
05.500,00.000	5.9	5.5	-200	0	4.5	6.34208	6.34208	0	0	0	0	0	0	0	0	0	0	0	0	0	0	0	0	0	0	0
05.500,00.000	6	5.5	-200	0	4.5	6.34208	6.34208	0	0	0	0	0	0	0	0	0	0	0	0	0	0	0	0	0	0	0
05.500,00.000	6.1	5.5	-200	0	4.5	6.34208	6.34208	0	0	0	0	0	0	0	0	0	0	0	0	0	0	0	0	0	0	0
05.500,00.000	6.2	5.5	-200	0	4.5	6.34208	6.34208	0	0	0	0	0	0	0	0	0	0	0	0	0	0	0	0	0	0	0
05.500,00.000	6.3	5.5	-200	0	4.5	6.34208	6.34208	0	0	0	0	0	0	0	0	0	0	0	0	0	0	0	0	0	0	0
05.500,00.000	6.4	5.5	-200	0	4.5	6.34208	6.34208	0	0	0	0	0	0	0	0	0	0	0	0	0	0	0	0	0	0	0
05.500,00.000	6.5	5.5	-200	0	4.5	6.34208	6.34208	0	0	0	0	0	0	0	0	0	0	0	0	0	0	0	0	0	0	0
05.500,00.000	6.6	5.5	-200	0	4.5	6.34208	6.34208	0	0	0	0	0	0	0	0	0	0	0	0	0	0	0	0	0	0	0
05.500,00.000	6.7	5.5	-200	0	4.5	6.34208	6.34208	0	0	0	0	0	0	0	0	0	0	0	0	0	0	0	0	0	0	0
05.500,00.000	6.8	5.5	-200	0	4.5	6.34208	6.34208	0	0	0	0	0	0	0	0	0	0	0	0	0	0	0	0	0	0	0
05.500,00.000	6.9	5.5	-200	0	4.5	6.34208	6.34208	0	0	0	0	0	0	0	0	0	0	0	0	0	0	0	0	0	0	0
05.500,00.000	7	5.5	-200	0	4.5	6.34227	6.34227	0	0	0	0	0	0	0	0	0	0	0	0	0	0	0	0	0	0	0
05.500,00.000	7.1	5.5	-200	0	4.5	6.34382	6.34382	0	0	0	0	0	0	0	0	0	0	0	0	0	0	0	0	0	0	0
05.500,00.000	7.2	5.5	-200	0	4.5	6.34767	6.34767	0	0	0	0	0	0	0	0	0	0	0	0	0	0	0	0	0	0	0
05.500,00.000	7.3	5.5	-200	0	4.5	6.35377	6.35377	0	0	0	0	0	0	0	0	0	0	0	0	0	0	0	0	0	0	0
05.500,00.000	7.4	5.5	-200	0	4.5	6.3632	6.3632	0	0	0	0	0	0	0	0	0	0	0	0	0	0	0	0	0	0	0
05.500,00.000	7.5	5.5	-200	0	4.5	6.37583	6.37583	0	0	0	0	0	0	0	0	0	0	0	0	0	0	0	0	0	0	0
05.500,00.000	7.6	5.5	-200	0	4.5	6.39288	6.39288	0	0	0	0	0	0	0	0	0	0	0	0	0	0	0	0	0	0	0
05.500,00.000	7.7	5.5	-200	0	4.5	6.41314	6.41314	0	0	0	0	0	0	0	0	0	0	0	0	0	0	0	0	0	0	0
05.500,00.000	7.8	5.5	-200	0	4.5	6.43834	6.43834	0	0	0	0	0	0	0	0	0	0	0	0	0	0	0	0	0	0	0
05.500,00.000	7.9	5.5	-200	0	4.5	6.46993	6.46993	0	0	0	0	0	0	0	0	0	0	0	0	0	0	0	0	0	0	0
05.500,00.000	8	5.5	-200	0	4.5	6.5075	6.5075	0	0	0	0	0	0	0	0	0	0	0	0	0	0	0	0	0	0	0
05.500,00.000	8.1	5.5	-200	0	4.5	6.55103	6.55103	0	0	0	0	0	0	0	0	0	0	0	0	0	0	0	0	0	0	0
05.500,00.000	8.2	5.5	-200	0	4.5	6.60281	6.60281	0	0	0	0	0	0	0	0	0	0	0	0	0	0	0	0	0	0	0
05.500,00.000	8.3	5.5	-200	0	4.5	6.6632	6.6632	0	0	0	0	0	0	0	0	0	0	0	0	0	0	0	0	0	0	0
05.500,00.000	8.4	5.5	-200	0	4.5	6.73161	6.73161	0	0	0	0	0	0	0	0	0	0	0	0	0	0	0	0	0	0	0
05.500,00.000	8.5	5.5	-200	0	4.5	6.80674	6.80674	0	0	0	0	0	0	0	0	0	0	0	0	0	0	0	0	0	0	0
05.500,00.000	8.6	5.5	-200	0	4.5	6.88781	6.88781	0	0	0	0	0	0	0	0	0	0	0	0	0	0	0	0	0	0	0
05.500,00.000	8.7	5.5	-200	0	4.5	6.97677	6.97677	0	0	0	0	0	0	0	0	0	0	0	0	0	0	0	0	0	0	0
05.500,00.000	8.8	5.5	-200	0	4.5	7.07447	7.07447	0	0	0	0	0	0	0	0	0	0	0	0	0	0	0	0	0	0	0
05.500,00.000	8.9	5.5	-200	0	4.5	7.18213	7.18213	0	0	0	0	0	0	0	0	0	0	0	0	0	0	0	0	0	0	0
05.500,00.000	9	5.5	-200	0	4.5	7.30166	7.30166	0	0	0	0	0	0	0	0	0	0	0	0	0	0	0	0	0	0	0
05.500,00.000	9.1	5.5	-200	0	4.5	7.43331	7.43331	0	0	0	0	0	0	0	0	0	0	0	0	0	0	0	0	0	0	0
05.500,00.000	9.2	5.5	-200	0	4.5	7.57672	7.57672	0	0	0	0	0	0	0	0	0	0	0	0	0	0	0	0	0	0	0
05.500,00.000	9.3	5.5	-200	0	4.5	7.73124	7.73124	0	0	0	0	0	0	0	0	0	0	0	0	0	0	0	0	0	0	0
05.500,00.000	9.4	5.5	-200	0	4.5	7.89652	7.89652	0	0	0	0	0	0	0	0	0	0	0	0	0	0	0	0	0	0	0
05.500,00.000	9.5	5.5	-200	0	4.5	8.0684	8.0684	0	0	0	0	0	0	0	0	0	0	0	0	0	0	0	0	0	0	0
05.500,00.000	9.6	5.5	-200	0	4.5	8.24668	8.24668	0	0	0	0	0	0	0	0	0	0	0	0	0	0	0	0	0	0	0
05.500,00.000	9.7	5.5	-200	0	4.5	8.43146	8.43146	0	0	0	0	0	0	0	0	0	0	0	0	0	0	0	0	0	0	0
05.500,00.000	9.8	5.5	-200	0	4.5	8.62388	8.62388	0	0	0	0	0	0	0	0	0	0	0	0	0	0	0	0	0	0	0
05.500,00.000	9.9	5.5	-200	0	4.5	8.82789	8.82789	0	0	0	0	0	0	0	0	0	0	0	0	0	0	0	0	0	0	0
05.500,00.000	10	5.5	-200	0	4.5	9.04413	9.04413	0	0	0	0	0	0	0	0	0	0	0	0	0	0	0	0	0	0	0
05.500,00.000	10.1	5.5	-200	0	4.5	9.27167	9.27167	0	0	0	0	0	0	0	0	0	0	0	0	0	0	0	0	0	0	0
05.500,00.000	10.2	5.5	-200	0	4.5	9.50916	9.50916	0	0	0	0	0	0	0	0	0	0	0	0	0	0	0	0	0	0	0
05.500,00.000	10.3	5.5	-200	0	4.5	9.75666	9.75666	0	0	0	0	0	0	0	0	0	0	0	0	0	0	0	0	0	0	0
05.500,00.000	10.4	5.5	-200	0	4.5	10.0127	10.0127	0	0	0	0	0	0	0	0	0	0	0	0	0	0	0	0	0	0	0
05.500,00.000	10.5	5.5	-200	0	4.5	10.2623	10.2623	0	0	0	0	0	0	0	0	0	0	0	0	0	0	0	0	0	0	0
05.500,00.000	10.6	5.5	-200	0	4.5	10.515	10.515	0	0	0	0	0	0	0	0	0	0	0	0	0	0	0	0	0	0	0
05.500,00.000	10.7	5.5	-200	0	4.5	10.7723	10.7723	0	0	0	0	0	0	0	0	0	0	0	0	0	0	0	0	0	0	0
05.500,00.000	10.8	5.5	-200	0	4.5	11.0363	11.0363	0	0	0	0	0	0	0	0	0	0	0	0	0	0	0	0	0	0	0
05.500,00.000	10.9	5.5	-200	0	4.5	11.3123	11.3123	0	0	0	0	0	0	0	0	0	0	0	0	0	0	0	0	0	0	0
05.500,00.000	11	5.5	-200	0	4.5	11.6011	11.6011	0	0	0	0	0	0	0	0	0	0	0	0	0	0	0	0	0	0	0
05.500,00.000	11.1	5.5	-200	0	4.5	11.9015	11.9015	0	0	0	0	0	0	0	0	0	0	0	0	0	0	0	0	0	0	0
05.500,00.000	11.2	5.5	-200	0	4.5	12.2173	12.2173	0	0	0	0	0	0	0	0	0	0	0	0	0	0	0	0	0	0	0
05.500,00.000	11.3	5.5	-200	0	4.5	12.5469	12.5469	0	0	0	0	0	0	0	0	0	0	0	0	0	0	0	0	0	0	0
05.500,00.000	11.4	5.5	-200	0	4.5	12.8869	12.8869	0	0	0	0	0	0	0	0	0	0	0	0	0	0	0	0	0	0	0
05.500,00.000	11.5	5.5	-200	0	4.5	13.2308	13.2308	0	0	0	0	0	0	0	0	0	0	0	0	0	0	0	0	0	0	0
05.500,00.000	11.6	5.5	-200	0	4.5	13.5786	13.5786	0	0	0	0	0	0	0	0	0	0	0	0	0	0	0	0	0	0	0
05.500,00.000	11.7	5.5	-200	0	4.5	13.9317	13.9317	0	0	0	0	0	0	0	0	0	0	0	0	0	0	0	0	0	0	0
05.500,00.000	11.8	5.5	-200	0	4.5	14.2875	14.2875	0	0	0	0	0	0	0	0	0	0	0	0	0	0	0	0	0	0	0
05.500,00.000	11.9	5.5	-200	0	4.5	14.6595	14.6595	0	0	0	0	0	0	0	0	0	0	0	0	0	0	0	0	0	0	0
05.500,00.000	12	5.5	-200	0	4.5	15.0649	15.0649	0	0	0	0	0	0	0	0	0	0	0	0	0	0	0	0	0	0	0
05.500,00.000	12.1	5.5	-200	0	4.5	15.4538	15.4538	0	0	0	0	0	0	0	0	0	0	0	0	0	0	0	0	0	0	0
05.500,00.000	12.2	5.5	-200	0	4.5	15.8259	15.8259	0	0	0	0	0	0	0	0	0	0	0	0	0	0	0	0	0	0	0
05.500,00.000	12.3	5.5	-200	0	4.5	16.2005	16.2005	0	0	0	0	0	0	0	0	0	0	0	0	0	0	0	0	0	0	0
05.500,00.000	12.4	5.5	-200	0	4.5	16.5849	16.5849	0	0	0	0	0	0	0	0	0	0	0	0	0	0	0	0	0	0	0
05.500,00.000	12.5	5.5	-200	0	4.5	17.127	17.127	0	0	0	0	0	0	0	0	0	0	0	0	0	0	0	0	0	0	0
05.500,00.000	12.6	5.5	-200	0	4.5	17.6066	17.6066	0	0	0	0	0	0	0	0	0	0	0	0	0	0	0	0	0	0	0
05.500,00.000	12.7	5.5	-200	0	4.5	18.0592	18.0592	0	0	0	0	0	0	0	0	0	0	0	0	0	0	0	0	0	0	0
05.500,00.000	12.8	5.5	-200	0	4.5	18.3608	18.3608	0	0	0	0	0	0	0	0	0	0	0	0	0	0	0	0	0	0	0
05.500,00.000	12.9	5.5	-200	0	4.5	18.7462	18.7462	0	0	0	0	0	0	0	0	0	0	0	0	0	0	0	0	0	0	0
05.500,00.000	13	5.5	-200	0	4.5	19.2556	19.2556	0	0	0	0	0	0	0	0	0	0	0	0	0	0	0	0	0	0	0
05.500,00.000	13.1	5.5	-200	0	4.5	19.7275	19.7275	0	0	0	0	0	0	0	0	0	0	0	0	0	0	0	0	0	0	0
05.500,00.000	13.2	5.5	-200	0	4.5	20.1924	20.1924	0	0	0	0	0	0	0	0	0	0	0	0	0	0	0	0	0	0	0
05.500,00.000	13.3	5.5	-200	0	4.5	20.6716	20.6716	0	0	0	0	0	0	0	0	0	0	0	0	0	0	0	0	0	0	0
05.500,00.000	13.4	5.5	-200	0	4.5	21.1605	21.1605	0	0	0	0	0	0	0	0	0	0	0	0	0	0	0	0	0	0	0
05.500,00.000	13.5	5.5	-200	0	4.5	21.944	21.944	0	0	0	0	0	0	0	0	0	0	0	0	0	0	0	0	0	0	0
05.500,00.000	13.6	5.5	-200	0	4.5	22.5517	22.5517	0	0	0	0	0	0	0	0	0	0	0	0	0	0	0	0	0	0	0
05.500,00.000	13.7	5.5	-200	0	4.5	23.063	23.063	0	0	0	0	0	0	0	0	0	0	0	0	0	0	0	0	0	0	0
05.500,00.000	13.8	5.5	-200	0	4.5	23.3233	23.3233	0	0	0	0	0	0	0	0	0	0	0	0	0	0	0	0	0	0	0
05.500,00.000	13.9	5.5	-200	0	4.5	23.6194	23.6194	0	0	0	0	0	0	0	0	0	0	0	0	0	0	0	0	0	0	0
05.500,00.000	14	5.5	-200	0	4.5	24.2543	24.2543	0	0	0	0	0	0	0	0	0	0	0	0	0	0	0	0	0	0	0
05.500,00.000	14.1	5.5	-200	0	4.5	24.8198	24.8198	0	0	0	0	0	0	0	0	0	0	0	0	0	0	0	0	0	0	0
05.500,00.000	14.2	5.5	-200	0	4.5	25.3811	25.3811	0	0	0	0	0	0	0	0	0	0	0	0	0	0	0	0	0	0	0
05.500,00.000	14.3	5.5	-200	0	4.5	25.9641	25.9641	0	0	0	0	0	0	0	0	0	0	0	0	0	0	0	0	0	0	0
05.500,00.000	14.4	5.5	-200	0	4.5	26.5393	26.5393	0	0	0	0	0	0	0	0	0	0	0	0	0	0	0	0	0	0	0
05.500,00.000	14.5	5.5	-200	0	4.5	27.7246	27.7246	0	0	0	0	0	0	0	0	0	0	0	0	0	0	0	0	0	0	0
05.500,00.000	14.6	5.5	-200	0	4.5	28.4007	28.3941	0.0066635	0	0	0	0	0	0	0	0	0	0	0	0	0	0	0	0	0	0
05.500,00.000	14.7	5.5	-200	0	4.5	29.1116	29.0481	0.0634659	0	0	0	0	0	0	0	0	0	0	0	0	0	0	0	0	0	0
05.500,00.000	14.8	5.5	-200	0	4.5	29.3912	29.2951	0.0960755	0	0	0	0	0	0	0	0	0	0	0	0	0	0	0	0	0	0
05.500,00.000	14.9	5.5	-200	0	4.5	29.7044	29.578	0.12638	0	0	0	0	0	0	0	0	0	0	0	0	0	0	0	0	0	0
05.500,00.000	15	5.5	-200	0	4.5	30.5694	30.3639	0.205459	0	0	0	0	0	0	0	0	0	0	0	0	0	0	0	0	0	0
05.500,00.000	15.1	5.5	-200	0	4.5	31.2223	30.9488	0.273587	0	0	0	0	0	0	0	0	0	0	0	0	0	0	0	0	0	0
05.500,00.000	15.2	5.5	-200	0	4.5	31.8037	31.4713	0.332357	0	0	0	0	0	0	0	0	0	0	0	0	0	0	0	0	0	0
05.500,00.000	15.3	5.5	-200	0	4.5	32.4029	32.0102	0.39266	0	0	0	0	0	0	0	0	0	0	0	0	0	0	0	0	0	0
05.500,00.000	15.4	5.5	-200	0	4.5	32.9941	32.5415	0.452573	0	0	0	0	0	0	0	0	0	0	0	0	0	0	0	0	0	0
05.500,00.000	15.5	5.5	-200	0	4.5	35.093	34.4359	0.657047	0	0	0	0	0	0	0	0	0	0	0	0	0	0	0	0	0	0
05.500,00.000	15.6	5.5	-200	0	4.5	35.4505	34.7445	0.70603	0	0	0	0	0	0	0	0	0	0	0	0	0	0	0	0	0	0
05.500,00.000	15.7	5.5	-200	0	4.5	36.0096	35.2503	0.759326	0	0	0	0	0	0	0	0	0	0	0	0	0	0	0	0	0	0
05.500,00.000	15.8	5.5	-200	0	4.5	36.0843	35.3157	0.768641	0	0	0	0	0	0	0	0	0	0	0	0	0	0	0	0	0	0
05.500,00.000	15.9	5.5	-200	0	4.5	37.3412	36.4432	0.897983	0	0	0	0	0	0	0	0	0	0	0	0	0	0	0	0	0	0
05.500,00.000	16	5.5	-200	0	4.5	38.2314	37.2402	0.991207	0	0	0	0	0	0	0	0	0	0	0	0	0	0	0	0	0	0
05.500,00.000	16.1	5.5	-200	0	4.5	38.7408	37.6972	1.04358	0	0	0	0	0	0	0	0	0	0	0	0	0	0	0	0	0	0
05.500,00.000	16.2	5.5	-200	0	4.5	39.2057	38.1146	1.09118	0	0	0	0	0	0	0	0	0	0	0	0	0	0	0	0	0	0
05.500,00.000	16.3	5.5	-200	0	4.5	39.646	38.5088	1.13715	0	0	0	0	0	0	0	0	0	0	0	0	0	0	0	0	0	0
05.500,00.000	16.4	5.5	-200	0	4.5	40.0697	38.8878	1.18184	0	0	0	0	0	0	0	0	0	0	0	0	0	0	0	0	0	0
05.500,00.000	16.5	5.5	-200	0	4.5	42.398	40.971	1.427	0	0	0	0	0	0	0	0	0	0	0	0	0	0	0	0	0	0
05.500,00.000	16.6	5.5	-200	0	4.5	42.8317	41.3569	1.47478	0	0	0	0	0	0	0	0	0	0	0	0	0	0	0	0	0	0
05.500,00.000	16.7	5.5	-200	0	4.5	46.9479	44.8127	2.13527	0	0	0	0	0	0	0	0	0	0	0	0	0	0	0	0	0	0
05.500,00.000	16.8	5.5	-200	0	4.5	47.9697	45.5704	2.39938	0	0	0	0	0	0	0	0	0	0	0	0	0	0	0	0	0	0
05.500,00.000	16.9	5.5	-200	0	4.5	49.9574	47.0516	2.90576	0	0	0	0	0	0	0	0	0	0	0	0	0	0	0	0	0	0
05.500,00.000	17	5.5	-200	0	4.5	50.8299	47.6984	3.13149	0	0	0	0	0	0	0	0	0	0	0	0	0	0	0	0	0	0
05.500,00.000	17.1	5.5	-200	0	4.5	51.1711	47.9524	3.21865	0	0	0	0	0	0	0	0	0	0	0	0	0	0	0	0	0	0
05.500,00.000	17.2	5.5	-200	0	4.5	51.5076	48.2035	3.30418	0	0	0	0	0	0	0	0	0	0	0	0	0	0	0	0	0	0
05.500,00.000	17.3	5.5	-200	0	4.5	51.8324	48.4461	3.38632	0	0	0	0	0	0	0	0	0	0	0	0	0	0	0	0	0	0
05.500,00.000	17.4	5.5	-200	0	4.5	52.143	48.678	3.46501	0	0	0	0	0	0	0	0	0	0	0	0	0	0	0	0	0	0
05.500,00.000	17.5	5.5	-200	0	4.5	54.3186	50.3119	4.00673	0	0	0	0	0	0	0	0	0	0	0	0	0	0	0	0	0	0
05.500,00.000	17.6	5.5	-200	0	4.5	54.7551	50.6437	4.11139	0	0	0	0	0	0	0	0	0	0	0	0	0	0	0	0	0	0
05.500,00.000	17.7	5.5	-200	0	4.5	57.8599	52.9629	4.89697	0	0	0	0	0	0	0	0	0	0	0	0	0	0	0	0	0	0
05.500,00.000	17.8	5.5	-200	0	4.5	58.6141	53.5334	5.08069	0	0	0	0	0	0	0	0	0	0	0	0	0	0	0	0	0	0
05.500,00.000	17.9	5.5	-200	0	4.5	60.1555	54.7253	5.43026	0	0	0	0	0	0	0	0	0	0	0	0	0	0	0	0	0	0
05.500,00.000	18	5.5	-200	0	4.5	61.1278	55.5497	5.5781	0	0	0	0	0	0	0	0	0	0	0	0	0	0	0	0	0	0
05.500,00.000	18.1	5.5	-200	0	4.5	61.4871	55.8577	5.62944	0	0	0	0	0	0	0	0	0	0	0	0	0	0	0	0	0	0
05.500,00.000	18.2	5.5	-200	0	4.5	61.8552	56.1764	5.67874	0	0	0	0	0	0	0	0	0	0	0	0	0	0	0	0	0	0
05.500,00.000	18.3	5.5	-200	0	4.5	62.2224	56.498	5.72445	0	0	0	0	0	0	0	0	0	0	0	0	0	0	0	0	0	0
05.500,00.000	18.4	5.5	-200	0	4.5	62.5914	56.8245	5.76687	0	0	0	0	0	0	0	0	0	0	0	0	0	0	0	0	0	0
05.500,00.000	18.5	5.5	-200	0	4.5	65.4054	58.963	6.44248	0	0	0	0	0	0	0	0	0	0	0	0	0	0	0	0	0	0
05.500,00.000	18.6	5.5	-200	0	4.5	65.994	59.152	6.842	0	0	0	0	0	0	0	0	0	0	0	0	0	0	0	0	0	0
05.500,00.000	18.7	5.5	-200	0	4.5	70.6274	60.6941	9.93326	0	0	0	0	0	0	0	0	0	0	0	0	0	0	0	0	0	0
05.500,00.000	18.8	5.5	-200	0	4.5	71.8325	61.1254	10.7071	0	0	0	0	0	0	0	0	0	0	0	0	0	0	0	0	0	0
05.500,00.000	18.9	5.5	-200	0	4.5	74.4046	62.0695	12.3351	0	0	0	0	0	0	0	0	0	0	0	0	0	0	0	0	0	0
05.500,00.000	19	5.5	-200	0	4.5	75.5655	62.4963	13.0692	0	0	0	0	0	0	0	0	0	0	0	0	0	0	0	0	0	0
05.500,00.000	19.1	5.5	-200	0	4.5	76.0118	62.6637	13.3481	0	0	0	0	0	0	0	0	0	0	0	0	0	0	0	0	0	0
05.500,00.000	19.2	5.5	-200	0	4.5	76.4711	62.8389	13.6321	0	0	0	0	0	0	0	0	0	0	0	0	0	0	0	0	0	0
05.500,00.000	19.3	5.5	-200	0	4.5	76.9476	63.0179	13.9297	0	0	0	0	0	0	0	0	0	0	0	0	0	0	0	0	0	0
05.500,00.000	19.4	5.5	-200	0	4.5	77.4277	63.2011	14.2266	0	0	0	0	0	0	0	0	0	0	0	0	0	0	0	0	0	0
05.500,00.000	19.5	5.5	-200	0	4.5	77.9347	63.3969	14.5378	0	0	0	0	0	0	0	0	0	0	0	0	0	0	0	0	0	0
05.500,00.000	19.6	5.5	-200	0	4.5	78.4001	63.5795	14.8207	0	0	0	0	0	0	0	0	0	0	0	0	0	0	0	0	0	0
05.500,00.000	19.7	5.5	-200	0	4.5	78.8734	63.7683	15.1051	0	0	0	0	0	0	0	0	0	0	0	0	0	0	0	0	0	0
05.500,00.000	19.8	5.5	-200	0	4.5	79.356	63.9626	15.3934	0	0	0	0	0	0	0	0	0	0	0	0	0	0	0	0	0	0
05.500,00.000	19.9	5.5	-200	0	4.5	80.4168	64.4115	16.0054	0	0	0	0	0	0	0	0	0	0	0	0	0	0	0	0	0	0
05.500,00.000	20	5.5	-200	0	4.5	80.6792	64.5267	16.1525	0	0	0	0	0	0	0	0	0	0	0	0	0	0	0	0	0	0
05.500,00.000	20.1	5.5	-200	0	4.5	81.4641	64.8785	16.5856	0	0	0	0	0	0	0	0	0	0	0	0	0	0	0	0	0	0
05.500,00.000	20.2	5.5	-200	0	4.5	82.0866	65.1571	16.9295	0	0	0	0	0	0	0	0	0	0	0	0	0	0	0	0	0	0
05.500,00.000	20.3	5.5	-200	0	4.5	82.5971	65.3868	16.9971	0.213222	0	0	0	0	0	0	0	0	0	0	0	0	0	0	0	0	0
05.500,00.000	20.4	5.5	-200	0	4.5	83.4508	65.7735	17.0456	0.631701	0	0	0	0	0	0	0	0	0	0	0	0	0	0	0	0	0
05.500,00.000	20.5	5.5	-200	0	4.5	83.688	65.8929	17.0532	0.741929	0	0	0	0	0	0	0	0	0	0	0	0	0	0	0	0	0
05.500,00.000	20.6	5.5	-200	0	4.5	86.2653	67.0622	17.3356	1.86747	0	0	0	0	0	0	0	0	0	0	0	0	0	0	0	0	0
05.500,00.000	20.7	5.5	-200	0	4.5	87.907	67.761	17.616	2.53007	0	0	0	0	0	0	0	0	0	0	0	0	0	0	0	0	0
05.500,00.000	20.8	5.5	-200	0	4.5	87.9974	67.7997	17.6325	2.56517	0	0	0	0	0	0	0	0	0	0	0	0	0	0	0	0	0
05.500,00.000	20.9	5.5	-200	0	4.5	88.0422	67.8192	17.6399	2.583	0	0	0	0	0	0	0	0	0	0	0	0	0	0	0	0	0
05.500,00.000	21	5.5	-200	0	4.5	89.1707	68.3173	17.8338	3.01967	0	0	0	0	0	0	0	0	0	0	0	0	0	0	0	0	0
05.500,00.000	21.1	5.5	-200	0	4.5	90.8183	69.0495	18.1212	3.64758	0	0	0	0	0	0	0	0	0	0	0	0	0	0	0	0	0
05.500,00.000	21.2	5.5	-200	0	4.5	91.6833	69.4375	18.2738	3.97207	0	0	0	0	0	0	0	0	0	0	0	0	0	0	0	0	0
05.500,00.000	21.3	5.5	-200	0	4.5	92.3654	69.7595	18.3894	4.21649	0	0	0	0	0	0	0	0	0	0	0	0	0	0	0	0	0
05.500,00.000	21.4	5.5	-200	0	4.5	95.0848	71.1034	18.8398	5.14166	0	0	0	0	0	0	0	0	0	0	0	0	0	0	0	0	0
05.500,00.000	21.5	5.5	-200	0	4.5	95.6918	71.4021	18.95	5.33983	0	0	0	0	0	0	0	0	0	0	0	0	0	0	0	0	0
05.500,00.000	21.6	5.5	-200	0	4.5	97.5503	72.2883	19.3132	5.94875	0	0	0	0	0	0	0	0	0	0	0	0	0	0	0	0	0
05.500,00.000	21.7	5.5	-200	0	4.5	99.8371	73.3813	19.7886	6.66718	0	0	0	0	0	0	0	0	0	0	0	0	0	0	0	0	0
05.500,00.000	21.8	5.5	-200	0	4.5	100.281	73.5911	19.887	6.8026	0	0	0	0	0	0	0	0	0	0	0	0	0	0	0	0	0
05.500,00.000	21.9	5.5	-200	0	4.5	104.799	75.6191	20.9411	8.23927	0	0	0	0	0	0	0	0	0	0	0	0	0	0	0	0	0
05.500,00.000	22	5.5	-200	0	4.5	105.957	76.1058	21.2527	8.59842	0	0	0	0	0	0	0	0	0	0	0	0	0	0	0	0	0
05.500,00.000	22.1	5.5	-200	0	4.5	108.843	77.3086	22.0833	9.451	0	0	0	0	0	0	0	0	0	0	0	0	0	0	0	0	0
05.500,00.000	22.2	5.5	-200	0	4.5	110.602	77.9827	22.6939	9.86762	0.0573774	0	0	0	0	0	0	0	0	0	0	0	0	0	0	0	0
05.500,00.000	22.3	5.5	-200	0	4.5	111.637	78.3803	23.0568	9.90968	0.290497	0	0	0	0	0	0	0	0	0	0	0	0	0	0	0	0
05.500,00.000	22.4	5.5	-200	0	4.5	112.699	78.7871	23.4335	9.95312	0.525203	0	0	0	0	0	0	0	0	0	0	0	0	0	0	0	0
05.500,00.000	22.5	5.5	-200	0	4.5	113.776	79.2234	23.7949	9.99766	0.760509	0	0	0	0	0	0	0	0	0	0	0	0	0	0	0	0
05.500,00.000	22.6	5.5	-200	0	4.5	114.856	79.6522	24.167	10.0428	0.994399	0	0	0	0	0	0	0	0	0	0	0	0	0	0	0	0
05.500,00.000	22.7	5.5	-200	0	4.5	116.101	80.1229	24.6067	10.0974	1.27422	0	0	0	0	0	0	0	0	0	0	0	0	0	0	0	0
05.500,00.000	22.8	5.5	-200	0	4.5	118.348	80.9706	25.3539	10.1873	1.83599	0	0	0	0	0	0	0	0	0	0	0	0	0	0	0	0
05.500,00.000	22.9	5.5	-200	0	4.5	122.117	82.4511	26.4476	10.3581	2.86029	0	0	0	0	0	0	0	0	0	0	0	0	0	0	0	0
05.500,00.000	23	5.5	-200	0	4.5	122.885	82.743	26.7021	10.3919	3.0477	0	0	0	0	0	0	0	0	0	0	0	0	0	0	0	0
05.500,00.000	23.1	5.5	-200	0	4.5	126.689	84.1803	27.9692	10.5804	3.95962	0	0	0	0	0	0	0	0	0	0	0	0	0	0	0	0
05.500,00.000	23.2	5.5	-200	0	4.5	128.894	85.0299	28.7207	10.6895	4.45391	0	0	0	0	0	0	0	0	0	0	0	0	0	0	0	0
05.500,00.000	23.3	5.5	-200	0	4.5	130.165	85.5298	29.1448	10.7601	4.73078	0	0	0	0	0	0	0	0	0	0	0	0	0	0	0	0
05.500,00.000	23.4	5.5	-200	0	4.5	131.494	86.0475	29.5851	10.8534	5.00824	0	0	0	0	0	0	0	0	0	0	0	0	0	0	0	0
05.500,00.000	23.5	5.5	-200	0	4.5	132.851	86.5599	30.0351	10.9715	5.28497	0	0	0	0	0	0	0	0	0	0	0	0	0	0	0	0
05.500,00.000	23.6	5.5	-200	0	4.5	134.189	87.0445	30.4895	11.0969	5.5582	0	0	0	0	0	0	0	0	0	0	0	0	0	0	0	0
05.500,00.000	23.7	5.5	-200	0	4.5	135.992	87.6878	31.1045	11.2765	5.92292	0	0	0	0	0	0	0	0	0	0	0	0	0	0	0	0
05.500,00.000	23.8	5.5	-200	0	4.5	137.814	88.3436	31.722	11.4658	6.28275	0	0	0	0	0	0	0	0	0	0	0	0	0	0	0	0
05.500,00.000	23.9	5.5	-200	0	4.5	143.709	90.5004	33.6745	12.1113	7.42311	0	0	0	0	0	0	0	0	0	0	0	0	0	0	0	0
05.500,00.000	24	5.5	-200	0	4.5	144.979	90.983	34.0965	12.247	7.65252	0	0	0	0	0	0	0	0	0	0	0	0	0	0	0	0
05.500,00.000	24.1	5.5	-200	0	4.5	149.868	92.8175	35.7044	12.8235	8.52274	0	0	0	0	0	0	0	0	0	0	0	0	0	0	0	0
05.500,00.000	24.2	5.5	-200	0	4.5	152.646	93.9205	36.5909	13.1459	8.98834	0	0	0	0	0	0	0	0	0	0	0	0	0	0	0	0
05.500,00.000	24.3	5.5	-200	0	4.5	154.178	94.5228	37.0755	13.3376	9.24196	0	0	0	0	0	0	0	0	0	0	0	0	0	0	0	0
05.500,00.000	24.4	5.5	-200	0	4.5	168.268	99.9038	41.5191	15.3251	11.5201	0	0	0	0	0	0	0	0	0	0	0	0	0	0	0	0
05.500,00.000	24.5	5.5	-200	0	4.5	172.065	101.4	42.6509	15.9323	11.7533	0.328769	0	0	0	0	0	0	0	0	0	0	0	0	0	0	0
05.500,00.000	24.6	5.5	-200	0	4.5	178.197	103.912	44.4883	17.068	11.9997	0.72888	0	0	0	0	0	0	0	0	0	0	0	0	0	0	0
05.500,00.000	24.7	5.5	-200	0	4.5	181.147	105.209	45.4422	17.6689	12.1146	0.712269	0	0	0	0	0	0	0	0	0	0	0	0	0	0	0
05.500,00.000	24.8	5.5	-200	0	4.5	184.926	106.75	46.6719	18.5218	12.27	0.712269	0	0	0	0	0	0	0	0	0	0	0	0	0	0	0
05.500,00.000	24.9	5.5	-200	0	4.5	193.528	110.543	49.2812	20.4005	12.5912	0.712269	0	0	0	0	0	0	0	0	0	0	0	0	0	0	0
05.500,00.000	25	5.5	-200	0	4.5	194.979	111.184	49.7193	20.7164	12.6463	0.712269	0	0	0	0	0	0	0	0	0	0	0	0	0	0	0
05.500,00.000	25.1	5.5	-200	0	4.5	202.697	114.624	51.9592	22.4482	12.9537	0.712269	0	0	0	0	0	0	0	0	0	0	0	0	0	0	0
05.500,00.000	25.2	5.5	-200	0	4.5	206.535	116.34	53.022	23.2903	13.1704	0.712269	0	0	0	0	0	0	0	0	0	0	0	0	0	0	0
05.500,00.000	25.3	5.5	-200	0	4.5	208.338	117.155	53.4935	23.6909	13.2776	0.712269	0	0	0.00856046	0	0	0	0	0	0	0	0	0	0	0	0
05.500,00.000	25.4	5.5	-200	0	4.5	227.977	125.119	58.0647	27.6169	14.7142	0.712269	0	0	1.7501	0	0	0	0	0	0	0	0	0	0	0	0
05.500,00.000	25.5	5.5	-200	0	4.5	233.819	127.491	59.3268	28.7811	15.2341	0.712269	0	0	2.27312	0	0	0	0	0	0	0	0	0	0	0	0
05.500,00.000	25.6	5.5	-200	0	4.5	238.575	129.368	60.3285	29.7753	15.7021	0.712269	0	0	2.68958	0	0	0	0	0	0	0	0	0	0	0	0
05.500,00.000	25.7	5.5	-200	0	4.5	241.592	130.532	60.9309	30.4375	16.019	0.712269	0	0	2.96008	0	0	0	0	0	0	0	0	0	0	0	0
05.500,00.000	25.8	5.5	-200	0	4.5	243.848	131.384	61.3861	30.9413	16.266	0.712269	0	0	3.15842	0	0	0	0	0	0	0	0	0	0	0	0
05.500,00.000	25.9	5.5	-200	0	4.5	260.439	137.599	64.6878	34.7294	18.1265	0.712269	0	0	4.58377	0	0	0	0	0	0	0	0	0	0	0	0
05.500,00.000	26	5.5	-200	0	4.5	263.84	138.888	65.327	35.5373	18.5079	0.712269	0	0	4.8677	0	0	0	0	0	0	0	0	0	0	0	0
05.500,00.000	26.1	5.5	-200	0	4.5	274.559	142.136	68.075	38.1198	19.7758	0.712483	0	0	5.74005	0	0	0	0	0	0	0	0	0	0	0	0
05.500,00.000	26.2	5.5	-200	0	4.5	279.28	143.58	69.0586	39.3682	20.3983	0.714663	0	0	6.15982	0	0	0	0	0	0	0	0	0	0	0	0
05.500,00.000	26.3	5.5	-200	0	4.5	281.426	144.254	69.499	39.9214	20.6871	0.718702	0	0	6.34565	0	0	0	0	0	0	0	0	0	0	0	0
05.500,00.000	26.4	5.5	-200	0	4.5	304.582	151.093	74.2181	46.004	23.9894	0.940124	0	0	7.60899	0.729106	0	0	0	0	0	0	0	0	0	0	0
05.500,00.000	26.5	5.5	-200	0	4.5	311.701	153.094	75.7028	47.7686	25.0402	1.14504	0	0	7.60899	1.34109	0	0	0	0	0	0	0	0	0	0	0
05.500,00.000	26.6	5.5	-200	0	4.5	311.749	153.108	75.7126	47.7804	25.0476	1.14644	0	0	7.60899	1.34504	0	0	0	0	0	0	0	0	0	0	0
05.500,00.000	26.7	5.5	-200	0	4.5	332.749	159.583	79.7111	52.9434	28.1619	1.77533	0	0	7.60899	2.96513	0	0	0	0	0	0	0	0	0	0	0
05.500,00.000	26.8	5.5	-200	0	4.5	354.429	166.489	83.7678	58.2203	31.3098	2.43171	0	0	7.61251	4.59771	0	0	0	0	0	0	0	0	0	0	0
05.500,00.000	26.9	5.5	-200	0	4.5	357.66	167.513	84.3891	58.9583	31.7668	2.59641	0	0	7.61534	4.82086	0	0	0	0	0	0	0	0	0	0	0
05.500,00.000	27	5.5	-200	0	4.5	357.899	167.594	84.4352	59.0132	31.7982	2.60631	0	0	7.61596	4.83606	0	0	0	0	0	0	0	0	0	0	0
05.500,00.000	27.1	5.5	-200	0	4.5	365.539	170.258	85.8788	60.7174	32.8093	2.93163	0	0	7.64305	5.30119	0	0	0	0	0	0	0	0	0	0	0
05.500,00.000	27.2	5.5	-200	0	4.5	368.562	171.292	86.4568	61.3628	33.2343	3.0791	0	0	7.65295	5.4841	0	0	0	0	0	0	0	0	0	0	0
05.500,00.000	27.3	5.5	-200	0	4.5	368.968	171.432	86.539	61.4527	33.2866	3.09597	0	0	7.65489	5.50694	0	0	0	0	0	0	0	0	0	0	0
05.500,00.000	27.4	5.5	-200	0	4.5	369.05	171.46	86.5557	61.4706	33.2972	3.09976	0	0	7.6553	5.51144	0	0	0	0	0	0	0	0	0	0	0
05.500,00.000	27.5	5.5	-200	0	4.5	379.768	175.253	88.6567	63.8593	34.6456	3.55307	0	0	7.72383	6.07649	0	0	0	0	0	0	0	0	0	0	0
05.500,00.000	27.6	5.5	-200	0	4.5	384.485	176.909	89.585	64.9117	35.2213	3.77591	0	0	7.75538	6.32652	0	0	0	0	0	0	0	0	0	0	0
05.500,00.000	27.7	5.5	-200	0	4.5	384.735	176.997	89.6372	64.9674	35.2506	3.78594	0	0	7.75756	6.33898	0	0	0	0	0	0	0	0	0	0	0
05.500,00.000	27.8	5.5	-200	0	4.5	384.796	177.019	89.6501	64.9807	35.258	3.78878	0	0	7.75811	6.34208	0	0	0	0	0	0	0	0	0	0	0
05.500,00.000	27.9	5.5	-200	0	4.5	401.064	182.661	93.1045	68.5483	37.2482	4.45046	4.07452e-14	0	7.92877	7.12333	0	0	0	0	0	0	0	0	0	0	0
05.500,00.000	28	5.5	-200	0	4.5	407.028	184.729	94.2779	69.8789	38.0098	4.70012	0.0328048	0	7.99065	7.40952	0	0	0	0	0	0	0	0	0	0	0
05.500,00.000	28.1	5.5	-200	0	4.5	407.445	184.873	94.3661	69.9693	38.0603	4.71736	0.0350883	0	7.99517	7.42866	0	0	0	0	0	0	0	0	0	0	0
05.500,00.000	28.2	5.5	-200	0	4.5	407.835	185.005	94.4497	70.054	38.1084	4.73368	0.0372649	0	7.99974	7.44638	0	0	0	0	0	0	0	0	0	0	0
05.500,00.000	28.3	5.5	-200	0	4.5	408.203	185.13	94.5292	70.1341	38.1543	4.74926	0.0393677	0	8.00437	7.4629	0	0	0	0	0	0	0	0	0	0	0
05.500,00.000	28.4	5.5	-200	0	4.5	408.262	185.15	94.5414	70.1474	38.1612	4.75182	0.0397145	0	8.00504	7.46557	0	0	0	0	0	0	0	0	0	0	0
05.500,00.000	28.5	5.5	-200	0	4.5	410.625	185.943	95.0382	70.6778	38.4483	4.85666	0.0541341	0	8.0363	7.48	0.0899057	0	0	0	0	0	0	0	0	0	0
05.500,00.000	28.6	5.5	-200	0	4.5	436.02	194.479	100.383	76.2255	41.6323	6.03855	0.206121	0	8.39706	7.69088	0.967445	0	0	0	0	0	0	0	0	0	0
05.500,00.000	28.7	5.5	-200	0	4.5	464.243	204.131	106.29	82.2392	45.0774	7.41137	0.372941	0.0694658	8.82254	7.69088	2.13761	0	0	0	0	0	0	0	0	0	0
05.500,00.000	28.8	5.5	-200	0	4.5	468.217	205.465	107.138	83.0846	45.5396	7.62499	0.396369	0.0942612	8.88573	7.69088	2.29815	0	0	0	0	0	0	0	0	0	0
05.500,00.000	28.9	5.5	-200	0	4.5	468.464	205.551	107.188	83.1358	45.5692	7.63818	0.397855	0.0949396	8.89022	7.69088	2.30779	0	0	0	0	0	0	0	0	0	0
05.500,00.000	29	5.5	-200	0	4.5	489.926	213.032	111.508	87.58	48.1659	8.73913	0.584608	0.171209	9.31341	7.69088	3.14137	0	0	0	0	0	0	0	0	0	0
05.500,00.000	29.1	5.5	-200	0	4.5	500.4	216.7	113.566	89.7094	49.4104	9.14252	0.859465	0.227036	9.54566	7.69167	3.54801	0	0	0	0	0	0	0	0	0	0
05.500,00.000	29.2	5.5	-200	0	4.5	505.272	218.399	114.497	90.7154	49.9981	9.35676	0.971311	0.245354	9.6612	7.69409	3.73407	0	0	0	0	0	0	0	0	0	0
05.500,00.000	29.3	5.5	-200	0	4.5	510.185	220.111	115.409	91.7425	50.5967	9.56926	1.08812	0.264473	9.78589	7.69747	3.92071	0	0	0	0	0	0	0	0	0	0
05.500,00.000	29.4	5.5	-200	0	4.5	525.712	225.452	118.346	94.9874	52.4978	10.2068	1.47186	0.327261	10.2072	7.71225	4.50362	0	0	0	0	0	0	0	0	0	0
05.500,00.000	29.5	5.5	-200	0	4.5	534.139	228.348	119.917	96.6935	53.5376	10.5245	1.75248	0.370823	10.4506	7.72255	4.82212	0	0	0	0	0	0	0	0	0	0
05.500,00.000	29.6	5.5	-200	0	4.5	539.148	230.062	120.826	97.7248	54.1608	10.7273	1.9162	0.39133	10.5991	7.73167	5.00865	0	0	0	0	0	0	0	0	0	0
05.500,00.000	29.7	5.5	-200	0	4.5	544.204	231.771	121.722	98.7606	54.7888	10.9417	2.11394	0.412875	10.7567	7.74309	5.19427	0	0	0	0	0	0	0	0	0	0
05.500,00.000	29.8	5.5	-200	0	4.5	550.011	233.718	122.721	99.9464	55.5127	11.201	2.34477	0.460512	10.9422	7.75883	5.40513	0	0	0	0	0	0	0	0	0	0
05.500,00.000	29.9	5.5	-200	0	4.5	560.669	237.331	124.514	102.118	56.8339	11.6699	2.77525	0.549189	11.2961	7.79307	5.7893	0	0	0	0	0	0	0	0	0	0
05.500,00.000	30	5.5	-200	0	4.5	563.016	238.131	124.901	102.604	57.104	11.774	2.87221	0.574351	11.3789	7.80194	5.8748	0	0	0	0	0	0	0	0	0	0
05.500,00.000	30.1	5.5	-200	0	4.5	571.236	240.956	126.219	104.283	58.1118	12.1228	3.21438	0.647695	11.6738	7.84032	6.16779	0	0	0	0	0	0	0	0	0	0
05.500,00.000	30.2	5.5	-200	0	4.5	577.671	243.166	127.232	105.612	58.8841	12.394	3.48625	0.710803	11.915	7.87337	6.39845	0	0	0	0	0	0	0	0	0	0
05.500,00.000	30.3	5.5	-200	0	4.5	582.851	244.967	128.017	106.69	59.474	12.6097	3.72736	0.761218	12.1168	7.90394	6.58517	0	0	0	0	0	0	0	0	0	0
05.500,00.000	30.4	5.5	-200	0	4.5	583.766	245.286	128.146	106.886	59.5678	12.6485	3.77493	0.772346	12.155	7.9098	6.61906	0	0	0	0	0	0	0	0	0	0
05.500,00.000	30.5	5.5	-200	0	4.5	619.886	257.835	133.326	114.466	63.8095	14.1036	5.49294	1.14384	13.613	8.17302	7.92348	0	0	0	0	0	0	0	0	0	0
05.500,00.000	30.6	5.5	-200	0	4.5	642.704	265.566	136.428	119.271	66.5579	15.166	6.62557	1.40708	14.5522	8.36119	8.68051	0.0888325	0	0	0	0	0	0	0	0	0
05.500,00.000	30.7	5.5	-200	0	4.5	645.442	266.494	136.804	119.808	66.8991	15.307	6.76529	1.44186	14.6632	8.38724	8.68051	0.191767	0	0	0	0	0	0	0	0	0
05.500,00.000	30.8	5.5	-200	0	4.5	667.563	273.528	140.058	124.361	69.7079	16.4511	7.84557	1.68956	15.6072	8.63225	8.68051	1.00207	0	0	0	0	0	0	0	0	0
05.500,00.000	30.9	5.5	-200	0	4.5	672.147	274.85	140.746	125.333	70.2459	16.7279	8.12335	1.75231	15.811	8.69177	8.68051	1.18587	0	0	0	0	0	0	0	0	0
05.500,00.000	31	5.5	-200	0	4.5	686.464	279.014	142.78	128.36	72.09	17.5543	8.93444	1.93321	16.4868	8.90277	8.68051	1.72701	0	0	0	0	0	0	0	0	0
05.500,00.000	31.1	5.5	-200	0	4.5	694.791	281.453	144.054	130.098	72.9793	18.0627	9.43135	2.04709	16.8924	9.03871	8.68051	2.05387	0	0	0	0	0	0	0	0	0
05.500,00.000	31.2	5.5	-200	0	4.5	699.83	282.977	144.777	131.137	73.5463	18.3661	9.72119	2.11351	17.1413	9.12766	8.68051	2.24374	0	0	0	0	0	0	0	0	0
05.500,00.000	31.3	5.5	-200	0	4.5	705.002	284.555	145.499	132.2	74.1213	18.6753	10.0346	2.18127	17.3973	9.22439	8.68051	2.43322	0	0	0	0	0	0	0	0	0
05.500,00.000	31.4	5.5	-200	0	4.5	737.045	294.532	150.087	138.671	77.5613	20.6572	11.8961	2.5963	18.9426	9.85553	8.68246	3.56433	0	0	0	0	0	0	0	0	0
05.500,00.000	31.5	5.5	-200	0	4.5	750.942	298.629	152.321	141.346	79.0611	21.5724	12.7467	2.78822	19.5778	10.1464	8.68689	4.06684	0	0	0	0	0	0	0	0	0
05.500,00.000	31.6	5.5	-200	0	4.5	756.438	300.251	153.14	142.451	79.6828	21.952	13.05	2.8601	19.8395	10.2637	8.69209	4.25616	0	0	0	0	0	0	0	0	0
05.500,00.000	31.7	5.5	-200	0	4.5	762.016	301.876	153.956	143.58	80.3396	22.3375	13.3498	2.93359	20.1099	10.3884	8.69953	4.44558	0	0	0	0	0	0	0	0	0
05.500,00.000	31.8	5.5	-200	0	4.5	767.79	303.531	154.786	144.769	81.0422	22.7386	13.647	3.01049	20.3946	10.5218	8.7096	4.63965	0	0	0	0	0	0	0	0	0
05.500,00.000	31.9	5.5	-200	0	4.5	769.012	303.876	154.963	145.012	81.2015	22.826	13.7093	3.02715	20.4521	10.551	8.71206	4.68083	0	0	0	0	0	0	0	0	0
05.500,00.000	32	5.5	-200	0	4.5	769.504	304.017	155.03	145.114	81.2647	22.86	13.7331	3.03381	20.4773	10.5631	8.71332	4.69685	0	0	0	0	0	0	0	0	0
05.500,00.000	32.1	5.5	-200	0	4.5	770.087	304.183	155.108	145.234	81.3421	22.9004	13.7607	3.0418	20.5076	10.5779	8.71502	4.71571	0	0	0	0	0	0	0	0	0
05.500,00.000	32.2	5.5	-200	0	4.5	770.591	304.325	155.173	145.339	81.4109	22.9357	13.7842	3.04886	20.5345	10.5912	8.71671	4.73206	0	0	0	0	0	0	0	0	0
05.500,00.000	32.3	5.5	-200	0	4.5	771.021	304.445	155.227	145.428	81.4704	22.9658	13.8038	3.05498	20.5583	10.6029	8.71832	4.74598	0	0	0	0	0	0	0	0	0
05.500,00.000	32.4	5.5	-200	0	4.5	771.087	304.463	155.236	145.44	81.4804	22.9706	13.8069	3.05594	20.5617	10.6048	8.71859	4.74814	0	0	0	0	0	0	0	0	0
05.500,00.000	32.5	5.5	-200	0	4.5	771.131	304.476	155.241	145.45	81.4865	22.9738	13.8089	3.05659	20.5643	10.6061	8.71879	4.74959	0	0	0	0	0	0	0	0	0
05.500,00.000	32.6	5.5	-200	0	4.5	771.142	304.479	155.242	145.452	81.4882	22.9746	13.8093	3.05676	20.565	10.6064	8.71884	4.74995	0	0	0	0	0	0	0	0	0
05.500,00.000	32.7	5.5	-200	0	4.5	771.242	304.507	155.253	145.472	81.5019	22.9818	13.8135	3.05828	20.5714	10.6097	8.71935	4.75332	0	0	0	0	0	0	0	0	0
05.500,00.000	32.8	5.5	-200	0	4.5	807.394	314.937	159.185	152.585	86.3226	25.8141	15.2505	3.61771	23.1451	11.6337	8.91703	5.98691	0	0	0	0	0	0	0	0	0
05.500,00.000	32.9	5.5	-200	0	4.5	819.279	318.407	160.401	154.82	88.0019	26.8681	15.7289	3.91004	23.943	11.8268	8.98409	6.3881	0	0	0	0	0	0	0	0	0
05.500,00.000	33	5.5	-200	0	4.5	819.827	318.567	160.457	154.926	88.0741	26.9145	15.7495	3.92122	23.9799	11.8431	8.98772	6.40658	0	0	0	0	0	0	0	0	0
05.500,00.000	33.1	5.5	-200	0	4.5	820.458	318.753	160.519	155.049	88.1566	26.9679	15.7724	3.93437	24.0231	11.8622	8.99224	6.42785	0	0	0	0	0	0	0	0	0
05.500,00.000	33.2	5.5	-200	0	4.5	821.013	318.919	160.572	155.157	88.2283	27.0146	15.7915	3.94643	24.0612	11.8799	8.99654	6.44651	0	0	0	0	0	0	0	0	0
05.500,00.000	33.3	5.5	-200	0	4.5	821.499	319.066	160.617	155.252	88.2902	27.0549	15.8075	3.95664	24.0952	11.8961	9.00061	6.46285	0	0	0	0	0	0	0	0	0
05.500,00.000	33.4	5.5	-200	0	4.5	821.575	319.089	160.624	155.266	88.3003	27.0615	15.81	3.95862	24.1	11.8984	9.00127	6.46542	0	0	0	0	0	0	0	0	0
05.500,00.000	33.5	5.5	-200	0	4.5	822.493	319.369	160.705	155.446	88.4182	27.1372	15.837	3.97958	24.1642	11.9302	9.01033	6.49657	0	0	0	0	0	0	0	0	0
05.500,00.000	33.6	5.5	-200	0	4.5	823.068	319.543	160.756	155.555	88.4975	27.1856	15.8541	3.9926	24.2016	11.9503	9.0161	6.51634	0	0	0	0	0	0	0	0	0
05.500,00.000	33.7	5.5	-200	0	4.5	855.124	329.319	163.562	161.924	92.4719	29.7173	16.7117	4.59976	26.5877	13.2453	9.37165	7.6143	0	0	0	0	0	0	0	0	0
05.500,00.000	33.8	5.5	-200	0	4.5	876.111	335.699	165.438	166.085	95.0481	31.4082	17.2624	5.03639	28.0436	14.1222	9.62046	8.34848	0	0	0	0	0	0	0	0	0
05.500,00.000	33.9	5.5	-200	0	4.5	878.823	336.529	165.677	166.618	95.3838	31.6236	17.331	5.09066	28.2323	14.2385	9.6554	8.41699	0.0268664	0	0	0	0	0	0	0	0
05.500,00.000	34	5.5	-200	0	4.5	880.792	337.14	165.842	167.008	95.6124	31.7745	17.3775	5.12865	28.3775	14.3317	9.68429	8.43423	0.0803754	0	0	0	0	0	0	0	0
05.500,00.000	34.1	5.5	-200	0	4.5	885.95	338.756	166.264	168.023	96.1966	32.1653	17.4955	5.2266	28.7661	14.5873	9.76585	8.45497	0.248261	0	0	0	0	0	0	0	0
05.500,00.000	34.2	5.5	-200	0	4.5	887.501	339.247	166.389	168.319	96.3708	32.284	17.5365	5.25282	28.8811	14.6676	9.79193	8.44918	0.312124	0	0	0	0	0	0	0	0
05.500,00.000	34.3	5.5	-200	0	4.5	887.975	339.396	166.426	168.409	96.4243	32.3189	17.5476	5.26083	28.9185	14.6935	9.80073	8.45031	0.329006	0	0	0	0	0	0	0	0
05.500,00.000	34.4	5.5	-200	0	4.5	888.048	339.42	166.431	168.422	96.4324	32.3244	17.5495	5.26193	28.9241	14.6976	9.80216	8.44986	0.332274	0	0	0	0	0	0	0	0
05.500,00.000	34.5	5.5	-200	0	4.5	888.587	339.592	166.47	168.521	96.4924	32.3629	17.5615	5.27049	28.9683	14.7304	9.81407	8.45016	0.353396	0	0	0	0	0	0	0	0
05.500,00.000	34.6	5.5	-200	0	4.5	888.841	339.674	166.488	168.566	96.5206	32.3812	17.5676	5.27483	28.9885	14.7462	9.81981	8.44869	0.365096	0	0	0	0	0	0	0	0
05.500,00.000	34.7	5.5	-200	0	4.5	889.512	339.891	166.533	168.684	96.5944	32.4272	17.5814	5.28588	29.0451	14.7911	9.83712	8.44823	0.393304	0	0	0	0	0	0	0	0
05.500,00.000	34.8	5.5	-200	0	4.5	911.167	346.955	167.94	172.371	98.997	33.9224	17.9803	5.67738	30.9244	16.2346	10.4199	8.47917	1.2658	0	0	0	0	0	0	0	0
05.500,00.000	34.9	5.5	-200	0	4.5	917.769	349.216	168.367	173.434	99.7254	34.3839	18.1084	5.80509	31.4878	16.6173	10.603	8.47917	1.54165	0	0	0	0	0	0	0	0
05.500,00.000	35	5.5	-200	0	4.5	920.303	350.081	168.53	173.845	99.9925	34.5546	18.1475	5.85209	31.7086	16.7791	10.682	8.47917	1.65121	0	0	0	0	0	0	0	0
05.500,00.000	35.1	5.5	-200	0	4.5	926.361	352.165	168.914	174.809	100.621	34.9558	18.2334	5.96208	32.2437	17.1751	10.8836	8.47917	1.91914	0	0	0	0	0	0	0	0
05.500,00.000	35.2	5.5	-200	0	4.5	928.008	352.742	169.017	175.061	100.793	35.0639	18.2568	5.99166	32.391	17.278	10.941	8.47917	1.9934	0	0	0	0	0	0	0	0
05.500,00.000	35.3	5.5	-200	0	4.5	928.395	352.877	169.041	175.119	100.832	35.0884	18.2611	5.9983	32.4261	17.3055	10.9557	8.47917	2.01132	0	0	0	0	0	0	0	0
05.500,00.000	35.4	5.5	-200	0	4.5	928.454	352.898	169.044	175.128	100.838	35.0921	18.2618	5.9993	32.4315	17.3095	10.958	8.47917	2.0141	0	0	0	0	0	0	0	0
05.500,00.000	35.5	5.5	-200	0	4.5	932.424	354.319	169.273	175.692	101.217	35.3271	18.2981	6.06206	32.8029	17.6117	11.1335	8.47917	2.20869	0	0	0	0	0	0	0	0
05.500,00.000	35.6	5.5	-200	0	4.5	935.104	355.285	169.428	176.081	101.468	35.4873	18.3351	6.10484	33.0239	17.8149	11.2544	8.47917	2.34261	0	0	0	0	0	0	0	0
05.500,00.000	35.7	5.5	-200	0	4.5	954.433	362.395	170.528	178.834	103.105	36.5565	18.5544	6.38579	34.6297	19.4219	12.2143	8.47971	3.32906	0	0	0	0	0	0	0	0
05.500,00.000	35.8	5.5	-200	0	4.5	967.315	367.212	171.253	180.637	104.17	37.2602	18.7175	6.56907	35.6776	20.4432	12.8861	8.48382	4.00589	0	0	0	0	0	0	0	0
05.500,00.000	35.9	5.5	-200	0	4.5	968.997	367.863	171.345	180.862	104.302	37.3483	18.7401	6.59172	35.8087	20.5795	12.9773	8.48504	4.09483	0	0	0	0	0	0	0	0
05.500,00.000	36	5.5	-200	0	4.5	974.209	369.91	171.614	181.523	104.692	37.5969	18.8017	6.6545	36.2277	21.0372	13.2824	8.49268	4.37589	0	0	0	0	0	0	0	0
05.500,00.000	36.1	5.5	-200	0	4.5	978.436	371.609	171.82	182.041	104.997	37.7897	18.8533	6.70248	36.5582	21.3963	13.5609	8.50079	4.60754	0	0	0	0	0	0	0	0
05.500,00.000	36.2	5.5	-200	0	4.5	981.889	373.023	171.983	182.444	105.236	37.9361	18.8953	6.7381	36.8227	21.6968	13.805	8.51025	4.80007	0	0	0	0	0	0	0	0
05.500,00.000	36.3	5.5	-200	0	4.5	983.718	373.786	172.065	182.648	105.356	38.0089	18.9183	6.75541	36.958	21.8619	13.9388	8.51664	4.90383	0	0	0	0	0	0	0	0
05.500,00.000	36.4	5.5	-200	0	4.5	983.893	373.861	172.072	182.667	105.367	38.0156	18.9207	6.75696	36.9701	21.8767	13.9532	8.51735	4.91392	0	0	0	0	0	0	0	0
05.500,00.000	36.5	5.5	-200	0	4.5	995.565	378.911	172.566	183.799	106.061	38.3916	19.075	6.84149	37.782	22.9728	14.9957	8.58034	5.58906	0	0	0	0	0	0	0	0
05.500,00.000	36.6	5.5	-200	0	4.5	1005.35	383.136	172.969	184.719	106.631	38.6907	19.2109	6.90789	38.3711	23.9634	15.9425	8.64165	6.16959	0	0	0	0	0	0	0	0
05.500,00.000	36.7	5.5	-200	0	4.5	1020.14	389.465	173.602	186.012	107.477	39.1598	19.409	6.99335	39.2563	25.5233	17.4195	8.75427	7.0662	0	0	0	0	0	0	0	0
05.500,00.000	36.8	5.5	-200	0	4.5	1022.91	390.656	173.721	186.245	107.626	39.2631	19.4481	7.00807	39.4042	25.8323	17.6914	8.77776	7.23354	0	0	0	0	0	0	0	0
05.500,00.000	36.9	5.5	-200	0	4.5	1023.09	390.739	173.728	186.259	107.636	39.268	19.4505	7.00879	39.4142	25.8527	17.7107	8.77971	7.24476	0	0	0	0	0	0	0	0
05.500,00.000	37	5.5	-200	0	4.5	1031.21	394.529	174.036	186.823	108.022	39.4526	19.546	7.03607	39.821	26.7344	18.596	8.87529	7.73408	0	0	0	0	0	0	0	0
05.500,00.000	37.1	5.5	-200	0	4.5	1036.25	396.968	174.222	187.135	108.245	39.5625	19.5926	7.06192	40.0522	27.2785	19.1547	8.93876	8.0335	0	0	0	0	0	0	0	0
05.500,00.000	37.2	5.5	-200	0	4.5	1039.42	398.492	174.352	187.319	108.381	39.6192	19.6237	7.07382	40.1956	27.6445	19.511	8.98528	8.22432	0	0	0	0	0	0	0	0
05.500,00.000	37.3	5.5	-200	0	4.5	1042.58	400.007	174.498	187.488	108.508	39.6678	19.6539	7.08554	40.3313	28.0228	19.8686	9.03636	8.33682	0.07696	0	0	0	0	0	0	0
05.500,00.000	37.4	5.5	-200	0	4.5	1046.3	401.809	174.667	187.67	108.65	39.7165	19.6887	7.09698	40.4811	28.4719	20.3073	9.10254	8.33681	0.299344	0	0	0	0	0	0	0
05.500,00.000	37.5	5.5	-200	0	4.5	1049.63	403.453	174.815	187.82	108.77	39.7554	19.7186	7.10657	40.6054	28.8505	20.7353	9.16663	8.3363	0.496779	0	0	0	0	0	0	0
05.500,00.000	37.6	5.5	-200	0	4.5	1063.37	410.101	175.498	188.407	109.252	39.8983	19.8438	7.13608	41.0901	30.4493	22.5819	9.45464	8.33922	1.3163	0	0	0	0	0	0	0
05.500,00.000	37.7	5.5	-200	0	4.5	1066.14	411.438	175.682	188.514	109.343	39.9331	19.864	7.1506	41.1779	30.7155	22.9884	9.51543	8.33922	1.47933	0	0	0	0	0	0	0
05.500,00.000	37.8	5.5	-200	0	4.5	1076.87	416.758	176.238	188.9	109.678	40.033	19.9533	7.17278	41.5065	31.7949	24.6116	9.78361	8.33922	2.10103	0	0	0	0	0	0	0
05.500,00.000	37.9	5.5	-200	0	4.5	1079.8	418.182	176.426	188.994	109.771	40.0667	19.9739	7.18641	41.592	32.0637	25.0686	9.86177	8.33922	2.27363	0	0	0	0	0	0	0
05.500,00.000	38	5.5	-200	0	4.5	1084.83	420.693	176.681	189.144	109.916	40.1161	20.0132	7.19577	41.738	32.5482	25.8662	10.0128	8.33922	2.56122	0	0	0	0	0	0	0
05.500,00.000	38.1	5.5	-200	0	4.5	1088.66	422.589	176.878	189.247	110.024	40.1562	20.0411	7.20511	41.8464	32.9015	26.5215	10.1352	8.33922	2.77993	0	0	0	0	0	0	0
05.500,00.000	38.2	5.5	-200	0	4.5	1091.72	424.087	177.029	189.368	110.102	40.1858	20.0619	7.21138	41.9307	33.176	27.0408	10.2384	8.33932	2.94925	0	0	0	0	0	0	0
05.500,00.000	38.3	5.5	-200	0	4.5	1094.72	425.551	177.18	189.479	110.174	40.2146	20.0726	7.22633	42.0142	33.4412	27.5638	10.3479	8.33984	3.11615	0	0	0	0	0	0	0
05.500,00.000	38.4	5.5	-200	0	4.5	1097.66	426.958	177.331	189.579	110.241	40.2424	20.0826	7.24062	42.0972	33.7074	28.0907	10.4638	8.34102	3.28097	0	0	0	0	0	0	0
05.500,00.000	38.5	5.5	-200	0	4.5	1100.59	428.34	177.481	189.698	110.302	40.2692	20.092	7.25416	42.1805	33.9829	28.6195	10.5859	8.34356	3.44387	0	0	0	0	0	0	0
05.500,00.000	38.6	5.5	-200	0	4.5	1104.41	430.075	177.68	189.881	110.375	40.3032	20.1044	7.2702	42.2918	34.3298	29.3387	10.7553	8.34833	3.65742	0	0	0	0	0	0	0
05.500,00.000	38.7	5.5	-200	0	4.5	1115.14	434.862	178.251	190.361	110.566	40.397	20.1418	7.30956	42.6181	35.2954	31.4279	11.2699	8.37003	4.26845	0	0	0	0	0	0	0
05.500,00.000	38.8	5.5	-200	0	4.5	1117.22	435.784	178.365	190.466	110.601	40.4173	20.1391	7.32691	42.6776	35.4864	31.8341	11.3695	8.37505	4.38293	0	0	0	0	0	0	0
05.500,00.000	38.9	5.5	-200	0	4.5	1124.96	439.319	178.783	190.765	110.713	40.4806	20.1599	7.35434	42.9156	36.1362	33.3409	11.778	8.40563	4.81201	0	0	0	0	0	0	0
05.500,00.000	39	5.5	-200	0	4.5	1129.45	441.237	179.112	190.948	110.776	40.5194	20.1639	7.37771	43.0543	36.5447	34.2057	12.0237	8.42745	5.06134	0	0	0	0	0	0	0
05.500,00.000	39.1	5.5	-200	0	4.5	1132.16	442.39	179.332	191.054	110.812	40.5409	20.17	7.38705	43.1396	36.7756	34.7239	12.1792	8.44507	5.21021	0	0	0	0	0	0	0
05.500,00.000	39.2	5.5	-200	0	4.5	1134.86	443.55	179.552	191.156	110.845	40.5619	20.1758	7.39583	43.2248	36.9952	35.2379	12.3417	8.46642	5.35837	0	0	0	0	0	0	0
05.500,00.000	39.3	5.5	-200	0	4.5	1137.53	444.706	179.769	191.252	110.876	40.5822	20.1812	7.40408	43.308	37.1962	35.7522	12.5094	8.49134	5.50417	0	0	0	0	0	0	0
05.500,00.000	39.4	5.5	-200	0	4.5	1140.18	445.859	179.983	191.342	110.904	40.6018	20.1863	7.41171	43.3888	37.3859	36.2652	12.6826	8.52018	5.64779	0	0	0	0	0	0	0
05.500,00.000	39.5	5.5	-200	0	4.5	1142.8	447.009	180.195	191.427	110.93	40.6207	20.191	7.41878	43.4672	37.5644	36.778	12.8614	8.55261	5.78951	0	0	0	0	0	0	0
05.500,00.000	39.6	5.5	-200	0	4.5	1145.45	448.144	180.408	191.509	110.954	40.6395	20.1956	7.42553	43.5465	37.7402	37.3124	13.0528	8.58963	5.9351	0	0	0	0	0	0	0
05.500,00.000	39.7	5.5	-200	0	4.5	1152.28	450.53	181.479	191.652	111.012	40.6867	20.2082	7.43985	43.7509	38.1753	38.7195	13.6209	8.69778	6.31273	0	0	0	0	0	0	0
05.500,00.000	39.8	5.5	-200	0	4.5	1153.7	451	181.726	191.66	111.023	40.6973	20.2077	7.44575	43.792	38.2608	39.0115	13.7613	8.72151	6.38963	0	0	0	0	0	0	0
05.500,00.000	39.9	5.5	-200	0	4.5	1153.86	451.058	181.753	191.662	111.024	40.6984	20.2079	7.44609	43.7968	38.27	39.0454	13.7767	8.72479	6.39854	0	0	0	0	0	0	0
05.500,00.000	40	5.5	-200	0	4.5	1158.77	452.779	182.575	191.73	111.056	40.7285	20.2141	7.45502	43.9343	38.5203	40.0373	14.2484	8.83107	6.65836	0	0	0	0	0	0	0
05.500,00.000	40.1	5.5	-200	0	4.5	1162.16	453.952	183.158	191.763	111.077	40.7497	20.216	7.46313	44.0284	38.6847	40.7289	14.5947	8.90968	6.83807	0	0	0	0	0	0	0
05.500,00.000	40.2	5.5	-200	0	4.5	1164.59	454.795	183.569	191.793	111.09	40.7638	20.2182	7.46744	44.0943	38.7937	41.2211	14.8472	8.97167	6.96568	0	0	0	0	0	0	0
05.500,00.000	40.3	5.5	-200	0	4.5	1166.99	455.633	183.976	191.819	111.103	40.7773	20.22	7.47143	44.1586	38.8932	41.7069	15.1068	9.03819	7.09112	0	0	0	0	0	0	0
05.500,00.000	40.4	5.5	-200	0	4.5	1169.36	456.459	184.382	191.841	111.114	40.79	20.2215	7.4751	44.2212	38.9751	42.1879	15.3738	9.11017	7.2148	0	0	0	0	0	0	0
05.500,00.000	40.5	5.5	-200	0	4.5	1171.65	457.218	184.776	191.866	111.123	40.8021	20.2227	7.47845	44.2821	39.0432	42.6628	15.6475	9.18682	7.33641	0	0	0	0	0	0	0
05.500,00.000	40.6	5.5	-200	0	4.5	1173.82	457.859	185.163	191.893	111.132	40.8137	20.2236	7.48154	44.3425	39.1071	43.1431	15.9327	9.2691	7.4587	0	0	0	0	0	0	0
05.500,00.000	40.7	5.5	-200	0	4.5	1180.61	459.789	186.371	191.971	111.154	40.8491	20.2264	7.4893	44.5185	39.3067	44.6693	16.8723	9.54969	7.84537	0	0	0	0	0	0	0
05.500,00.000	40.8	5.5	-200	0	4.5	1181.97	460.128	186.621	191.987	111.158	40.8563	20.2253	7.49242	44.539	39.3607	44.986	17.0772	9.61059	7.92482	0	0	0	0	0	0	0
05.500,00.000	40.9	5.5	-200	0	4.5	1182.14	460.175	186.651	191.988	111.159	40.8571	20.2253	7.49259	44.5423	39.3658	45.0236	17.1028	9.61888	7.93441	0	0	0	0	0	0	0
05.500,00.000	41	5.5	-200	0	4.5	1186.07	461.278	187.343	192.021	111.168	40.8744	20.2257	7.49577	44.6166	39.4692	45.8796	17.7183	9.82483	8.15512	0	0	0	0	0	0	0
05.500,00.000	41.1	5.5	-200	0	4.5	1188.76	462.009	187.817	192.042	111.173	40.8858	20.2252	7.49842	44.6582	39.5435	46.4656	18.1591	9.9739	8.30674	0	0	0	0	0	0	0
05.500,00.000	41.2	5.5	-200	0	4.5	1190.67	462.54	188.152	192.055	111.177	40.8933	20.2252	7.49961	44.6829	39.585	46.8751	18.4845	10.0881	8.41403	0	0	0	0	0	0	0
05.500,00.000	41.3	5.5	-200	0	4.5	1192.58	463.075	188.484	192.066	111.179	40.9001	20.2252	7.5005	44.7058	39.6209	47.2746	18.8198	10.2084	8.51993	0	0	0	0	0	0	0
05.500,00.000	41.4	5.5	-200	0	4.5	1194.5	463.601	188.835	192.075	111.182	40.9063	20.2252	7.5011	44.7279	39.651	47.6626	19.1749	10.3346	8.62409	0	0	0	0	0	0	0
05.500,00.000	41.5	5.5	-200	0	4.5	1196.39	464.104	189.18	192.081	111.183	40.9118	20.2253	7.50139	44.7492	39.6752	48.0378	19.5499	10.4665	8.7262	0	0	0	0	0	0	0
05.500,00.000	41.6	5.5	-200	0	4.5	1198.22	464.531	189.521	192.086	111.184	40.9166	20.2253	7.50144	44.771	39.6954	48.4112	19.9422	10.606	8.8289	0	0	0	0	0	0	0
05.500,00.000	41.7	5.5	-200	0	4.5	1201.09	465.198	190.05	192.09	111.185	40.9233	20.2253	7.50145	44.8067	39.7207	48.9855	20.5785	10.8388	8.98836	0	0	0	0	0	0	0
05.500,00.000	41.8	5.5	-200	0	4.5	1204.15	465.917	190.603	192.091	111.185	40.9296	20.2253	7.50145	44.8422	39.7442	49.5843	21.2735	11.0978	9.15601	0	0	0	0	0	0	0
05.500,00.000	41.9	5.5	-200	0	4.5	1204.72	466.057	190.706	192.091	111.185	40.9307	20.2253	7.50145	44.8437	39.7508	49.6941	21.4054	11.1481	9.18699	0	0	0	0	0	0	0
05.500,00.000	42	5.5	-200	0	4.5	1207.99	466.822	191.289	192.091	111.185	40.9363	20.2253	7.50146	44.8791	39.7692	50.2885	22.1842	11.4555	9.36034	0	0	0	0	0	0	0