
label	time(d)	x	depth	z	radius	total	0-10	10-20	20-30	30-40	40-50	50-60	60-70	70-80	80-90	90-100	100-110	110-120	120-130	130-140	140-150	150-160	160-170	170-180	180-190	190-200
00.000,00.000	0	0	-200	0	4.5	0	0	0	0	0	0	0	0	0	0	0	0	0	0	0	0	0	0	0	0	0
00.000,00.000	0.1	0	-200	0	4.5	0.372517	0.372517	0	0	0	0	0	0	0	0	0	0	0	0	0	0	0	0	0	0	0
00.000,00.000	0.2	0	-200	0	4.5	0.749708	0.749708	0	0	0	0	0	0	0	0	0	0	0	0	0	0	0	0	0	0	0
00.000,00.000	0.3	0	-200	0	4.5	1.13179	1.13179	0	0	0	0	0	0	0	0	0	0	0	0	0	0	0	0	0	0	0
00.000,00.000	0.4	0	-200	0	4.5	1.51819	1.51819	0	0	0	0	0	0	0	0	0	0	0	0	0	0	0	0	0	0	0
00.000,00.000	0.5	0	-200	0	4.5	1.90744	1.90744	0	0	0	0	0	0	0	0	0	0	0	0	0	0	0	0	0	0	0
00.000,00.000	0.6	0	-200	0	4.5	2.29788	2.29788	0	0	0	0	0	0	0	0	0	0	0	0	0	0	0	0	0	0	0
00.000,00.000	0.7	0	-200	0	4.5	2.68995	2.68995	0	0	0	0	0	0	0	0	0	0	0	0	0	0	0	0	0	0	0
00.000,00.000	0.8	0	-200	0	4.5	3.08466	3.08466	0	0	0	0	0	0	0	0	0	0	0	0	0	0	0	0	0	0	0
00.000,00.000	0.9	0	-200	0	4.5	3.48297	3.48297	0	0	0	0	0	0	0	0	0	0	0	0	0	0	0	0	0	0	0
00.000,00.000	1	0	-200	0	4.5	3.88511	3.88511	0	0	0	0	0	0	0	0	0	0	0	0	0	0	0	0	0	0	0
00.000,00.000	1.1	0	-200	0	4.5	4.295	4.295	0	0	0	0	0	0	0	0	0	0	0	0	0	0	0	0	0	0	0
00.000,00.000	1.2	0	-200	0	4.5	4.71246	4.71246	0	0	0	0	0	0	0	0	0	0	0	0	0	0	0	0	0	0	0
00.000,00.000	1.3	0	-200	0	4.5	5.13734	5.13734	0	0	0	0	0	0	0	0	0	0	0	0	0	0	0	0	0	0	0
00.000,00.000	1.4	0	-200	0	4.5	5.56898	5.56898	0	0	0	0	0	0	0	0	0	0	0	0	0	0	0	0	0	0	0
00.000,00.000	1.5	0	-200	0	4.5	6.0065	6.0065	0	0	0	0	0	0	0	0	0	0	0	0	0	0	0	0	0	0	0
00.000,00.000	1.6	0	-200	0	4.5	6.4497	6.4497	0	0	0	0	0	0	0	0	0	0	0	0	0	0	0	0	0	0	0
00.000,00.000	1.7	0	-200	0	4.5	6.90435	6.90435	0	0	0	0	0	0	0	0	0	0	0	0	0	0	0	0	0	0	0
00.000,00.000	1.8	0	-200	0	4.5	7.3695	7.3695	0	0	0	0	0	0	0	0	0	0	0	0	0	0	0	0	0	0	0
00.000,00.000	1.9	0	-200	0	4.5	7.84505	7.5806	0.264442	0	0	0	0	0	0	0	0	0	0	0	0	0	0	0	0	0	0
00.000,00.000	2	0	-200	0	4.5	8.33214	7.80327	0.52887	0	0	0	0	0	0	0	0	0	0	0	0	0	0	0	0	0	0
00.000,00.000	2.1	0	-200	0	4.5	8.86458	8.07067	0.79391	0	0	0	0	0	0	0	0	0	0	0	0	0	0	0	0	0	0
00.000,00.000	2.2	0	-200	0	4.5	9.49169	8.42752	1.06417	0	0	0	0	0	0	0	0	0	0	0	0	0	0	0	0	0	0
00.000,00.000	2.3	0	-200	0	4.5	10.2067	8.86827	1.33845	0	0	0	0	0	0	0	0	0	0	0	0	0	0	0	0	0	0
00.000,00.000	2.4	0	-200	0	4.5	11.0046	9.3904	1.61421	0	0	0	0	0	0	0	0	0	0	0	0	0	0	0	0	0	0
00.000,00.000	2.5	0	-200	0	4.5	11.8826	9.99311	1.88951	0	0	0	0	0	0	0	0	0	0	0	0	0	0	0	0	0	0
00.000,00.000	2.6	0	-200	0	4.5	12.8393	10.6758	2.16353	0	0	0	0	0	0	0	0	0	0	0	0	0	0	0	0	0	0
00.000,00.000	2.7	0	-200	0	4.5	13.8755	11.4389	2.43661	0	0	0	0	0	0	0	0	0	0	0	0	0	0	0	0	0	0
00.000,00.000	2.8	0	-200	0	4.5	14.994	12.2846	2.70945	0	0	0	0	0	0	0	0	0	0	0	0	0	0	0	0	0	0
00.000,00.000	2.9	0	-200	0	4.5	16.198	13.2154	2.98266	0	0	0	0	0	0	0	0	0	0	0	0	0	0	0	0	0	0
00.000,00.000	3	0	-200	0	4.5	17.4881	14.2312	3.25688	0	0	0	0	0	0	0	0	0	0	0	0	0	0	0	0	0	0
00.000,00.000	3.1	0	-200	0	4.5	18.8191	15.2871	3.53203	0	0	0	0	0	0	0	0	0	0	0	0	0	0	0	0	0	0
00.000,00.000	3.2	0	-200	0	4.5	20.1416	16.3347	3.80686	0	0	0	0	0	0	0	0	0	0	0	0	0	0	0	0	0	0
00.000,00.000	3.3	0	-200	0	4.5	21.4579	17.3764	4.08159	0	0	0	0	0	0	0	0	0	0	0	0	0	0	0	0	0	0
00.000,00.000	3.4	0	-200	0	4.5	22.764	18.4083	4.35563	0	0	0	0	0	0	0	0	0	0	0	0	0	0	0	0	0	0
00.000,00.000	3.5	0	-200	0	4.5	24.0566	19.4285	4.62809	0	0	0	0	0	0	0	0	0	0	0	0	0	0	0	0	0	0
00.000,00.000	3.6	0	-200	0	4.5	25.3354	20.4367	4.89869	0	0	0	0	0	0	0	0	0	0	0	0	0	0	0	0	0	0
00.000,00.000	3.7	0	-200	0	4.5	26.6016	21.4342	5.1675	0	0	0	0	0	0	0	0	0	0	0	0	0	0	0	0	0	0
00.000,00.000	3.8	0	-200	0	4.5	27.8588	22.4234	5.43535	0	0	0	0	0	0	0	0	0	0	0	0	0	0	0	0	0	0
00.000,00.000	3.9	0	-200	0	4.5	29.1103	23.4073	5.70298	0	0	0	0	0	0	0	0	0	0	0	0	0	0	0	0	0	0
00.000,00.000	4	0	-200	0	4.5	30.3573	24.3863	5.97103	0	0	0	0	0	0	0	0	0	0	0	0	0	0	0	0	0	0
00.000,00.000	4.1	0	-200	0	4.5	31.5983	25.3591	6.23925	0	0	0	0	0	0	0	0	0	0	0	0	0	0	0	0	0	0
00.000,00.000	4.2	0	-200	0	4.5	32.8267	26.3205	6.50628	0	0	0	0	0	0	0	0	0	0	0	0	0	0	0	0	0	0
00.000,00.000	4.3	0	-200	0	4.5	33.7927	27.0203	6.77243	0	0	0	0	0	0	0	0	0	0	0	0	0	0	0	0	0	0
00.000,00.000	4.4	0	-200	0	4.5	34.6968	27.6598	7.03702	0	0	0	0	0	0	0	0	0	0	0	0	0	0	0	0	0	0
00.000,00.000	4.5	0	-200	0	4.5	35.5873	28.2199	7.36744	0	0	0	0	0	0	0	0	0	0	0	0	0	0	0	0	0	0
00.000,00.000	4.6	0	-200	0	4.5	36.3221	28.4024	7.91974	0	0	0	0	0	0	0	0	0	0	0	0	0	0	0	0	0	0
00.000,00.000	4.7	0	-200	0	4.5	36.904	28.439	8.46501	0	0	0	0	0	0	0	0	0	0	0	0	0	0	0	0	0	0
00.000,00.000	4.8	0	-200	0	4.5	37.4766	28.4721	9.00457	0	0	0	0	0	0	0	0	0	0	0	0	0	0	0	0	0	0
00.000,00.000	4.9	0	-200	0	4.5	38.0428	28.5021	9.54069	0	0	0	0	0	0	0	0	0	0	0	0	0	0	0	0	0	0
00.000,00.000	5	0	-200	0	4.5	38.603	28.5294	10.0736	0	0	0	0	0	0	0	0	0	0	0	0	0	0	0	0	0	0
00.000,00.000	5.1	0	-200	0	4.5	39.1638	28.5586	10.6052	0	0	0	0	0	0	0	0	0	0	0	0	0	0	0	0	0	0
00.000,00.000	5.2	0	-200	0	4.5	39.4737	28.5943	10.8793	0	0	0	0	0	0	0	0	0	0	0	0	0	0	0	0	0	0
00.000,00.000	5.3	0	-200	0	4.5	39.7655	28.6365	11.129	0	0	0	0	0	0	0	0	0	0	0	0	0	0	0	0	0	0
00.000,00.000	5.4	0	-200	0	4.5	40.0597	28.6844	11.3753	0	0	0	0	0	0	0	0	0	0	0	0	0	0	0	0	0	0
00.000,00.000	5.5	0	-200	0	4.5	40.3598	28.7396	11.6203	0	0	0	0	0	0	0	0	0	0	0	0	0	0	0	0	0	0
00.000,00.000	5.6	0	-200	0	4.5	40.6643	28.8009	11.8635	0	0	0	0	0	0	0	0	0	0	0	0	0	0	0	0	0	0
00.000,00.000	5.7	0	-200	0	4.5	40.973	28.868	12.1049	0	0	0	0	0	0	0	0	0	0	0	0	0	0	0	0	0	0
00.000,00.000	5.8	0	-200	0	4.5	41.2865	28.9422	12.1093	0.235066	0	0	0	0	0	0	0	0	0	0	0	0	0	0	0	0	0
00.000,00.000	5.9	0	-200	0	4.5	41.6069	29.025	12.1093	0.472555	0	0	0	0	0	0	0	0	0	0	0	0	0	0	0	0	0
00.000,00.000	6	0	-200	0	4.5	41.9332	29.1155	12.1093	0.708468	0	0	0	0	0	0	0	0	0	0	0	0	0	0	0	0	0
00.000,00.000	6.1	0	-200	0	4.5	42.2657	29.2136	12.1094	0.9427	0	0	0	0	0	0	0	0	0	0	0	0	0	0	0	0	0
00.000,00.000	6.2	0	-200	0	4.5	42.61	29.3224	12.1116	1.17601	0	0	0	0	0	0	0	0	0	0	0	0	0	0	0	0	0
00.000,00.000	6.3	0	-200	0	4.5	42.969	29.4452	12.1145	1.40932	0	0	0	0	0	0	0	0	0	0	0	0	0	0	0	0	0
00.000,00.000	6.4	0	-200	0	4.5	43.3481	29.5852	12.1206	1.64237	0	0	0	0	0	0	0	0	0	0	0	0	0	0	0	0	0
00.000,00.000	6.5	0	-200	0	4.5	43.7514	29.7481	12.1286	1.8747	0	0	0	0	0	0	0	0	0	0	0	0	0	0	0	0	0
00.000,00.000	6.6	0	-200	0	4.5	44.1831	29.9362	12.1408	2.10619	0	0	0	0	0	0	0	0	0	0	0	0	0	0	0	0	0
00.000,00.000	6.7	0	-200	0	4.5	44.6493	30.1557	12.1572	2.33637	0	0	0	0	0	0	0	0	0	0	0	0	0	0	0	0	0
00.000,00.000	6.8	0	-200	0	4.5	45.1568	30.4137	12.1777	2.5654	0	0	0	0	0	0	0	0	0	0	0	0	0	0	0	0	0
00.000,00.000	6.9	0	-200	0	4.5	45.7119	30.7128	12.205	2.79405	0	0	0	0	0	0	0	0	0	0	0	0	0	0	0	0	0
00.000,00.000	7	0	-200	0	4.5	46.3225	31.0619	12.2379	3.02278	0	0	0	0	0	0	0	0	0	0	0	0	0	0	0	0	0
00.000,00.000	7.1	0	-200	0	4.5	46.9924	31.4623	12.2786	3.25146	0	0	0	0	0	0	0	0	0	0	0	0	0	0	0	0	0
00.000,00.000	7.2	0	-200	0	4.5	47.7186	31.9146	12.3252	3.47877	0	0	0	0	0	0	0	0	0	0	0	0	0	0	0	0	0
00.000,00.000	7.3	0	-200	0	4.5	48.5058	32.4232	12.378	3.70467	0	0	0	0	0	0	0	0	0	0	0	0	0	0	0	0	0
00.000,00.000	7.4	0	-200	0	4.5	49.3585	32.9919	12.4378	3.92886	0	0	0	0	0	0	0	0	0	0	0	0	0	0	0	0	0
00.000,00.000	7.5	0	-200	0	4.5	50.2755	33.6207	12.5042	4.15063	0	0	0	0	0	0	0	0	0	0	0	0	0	0	0	0	0
00.000,00.000	7.6	0	-200	0	4.5	51.2538	34.3072	12.5768	4.36982	0	0	0	0	0	0	0	0	0	0	0	0	0	0	0	0	0
00.000,00.000	7.7	0	-200	0	4.5	52.3014	35.0574	12.6574	4.58668	0	0	0	0	0	0	0	0	0	0	0	0	0	0	0	0	0
00.000,00.000	7.8	0	-200	0	4.5	53.4151	35.8695	12.7442	4.80139	0	0	0	0	0	0	0	0	0	0	0	0	0	0	0	0	0
00.000,00.000	7.9	0	-200	0	4.5	54.6026	36.7495	12.8389	5.01424	0	0	0	0	0	0	0	0	0	0	0	0	0	0	0	0	0
00.000,00.000	8	0	-200	0	4.5	55.8627	37.6971	12.9402	5.22541	0	0	0	0	0	0	0	0	0	0	0	0	0	0	0	0	0
00.000,00.000	8.1	0	-200	0	4.5	57.1989	38.7151	13.0489	5.43492	0	0	0	0	0	0	0	0	0	0	0	0	0	0	0	0	0
00.000,00.000	8.2	0	-200	0	4.5	58.6084	39.8008	13.1647	5.64291	0	0	0	0	0	0	0	0	0	0	0	0	0	0	0	0	0
00.000,00.000	8.3	0	-200	0	4.5	60.0959	40.9575	13.2889	5.84953	0	0	0	0	0	0	0	0	0	0	0	0	0	0	0	0	0
00.000,00.000	8.4	0	-200	0	4.5	61.6591	42.1833	13.421	6.05482	0	0	0	0	0	0	0	0	0	0	0	0	0	0	0	0	0
00.000,00.000	8.5	0	-200	0	4.5	63.291	43.4725	13.5599	6.25852	0	0	0	0	0	0	0	0	0	0	0	0	0	0	0	0	0
00.000,00.000	8.6	0	-200	0	4.5	64.9933	44.8258	13.7069	6.46053	0	0	0	0	0	0	0	0	0	0	0	0	0	0	0	0	0
00.000,00.000	8.7	0	-200	0	4.5	66.7619	46.2392	13.8618	6.66081	0	0	0	0	0	0	0	0	0	0	0	0	0	0	0	0	0
00.000,00.000	8.8	0	-200	0	4.5	68.6046	47.7159	14.0292	6.85943	0	0	0	0	0	0	0	0	0	0	0	0	0	0	0	0	0
00.000,00.000	8.9	0	-200	0	4.5	70.5255	49.2615	14.2075	7.05648	0	0	0	0	0	0	0	0	0	0	0	0	0	0	0	0	0
00.000,00.000	9	0	-200	0	4.5	72.5273	50.8772	14.3981	7.25202	0	0	0	0	0	0	0	0	0	0	0	0	0	0	0	0	0
00.000,00.000	9.1	0	-200	0	4.5	74.6191	52.5669	14.6061	7.4461	0	0	0	0	0	0	0	0	0	0	0	0	0	0	0	0	0
00.000,00.000	9.2	0	-200	0	4.5	76.8551	54.3816	14.8343	7.63928	0	0	0	0	0	0	0	0	0	0	0	0	0	0	0	0	0
00.000,00.000	9.3	0	-200	0	4.5	79.2143	56.2944	15.0875	7.83247	0	0	0	0	0	0	0	0	0	0	0	0	0	0	0	0	0
00.000,00.000	9.4	0	-200	0	4.5	81.6921	58.2991	15.3665	8.02653	0	0	0	0	0	0	0	0	0	0	0	0	0	0	0	0	0
00.000,00.000	9.5	0	-200	0	4.5	84.2786	60.3892	15.6675	8.22193	0	0	0	0	0	0	0	0	0	0	0	0	0	0	0	0	0
00.000,00.000	9.6	0	-200	0	4.5	86.9761	62.5646	15.993	8.4185	0	0	0	0	0	0	0	0	0	0	0	0	0	0	0	0	0
00.000,00.000	9.7	0	-200	0	4.5	89.7894	64.8311	16.3426	8.61577	0	0	0	0	0	0	0	0	0	0	0	0	0	0	0	0	0
00.000,00.000	9.8	0	-200	0	4.5	92.7346	67.2015	16.719	8.81402	0	0	0	0	0	0	0	0	0	0	0	0	0	0	0	0	0
00.000,00.000	9.9	0	-200	0	4.5	95.8296	69.6915	17.1241	9.01402	0	0	0	0	0	0	0	0	0	0	0	0	0	0	0	0	0
00.000,00.000	10	0	-200	0	4.5	99.0864	72.3093	17.5603	9.21674	0	0	0	0	0	0	0	0	0	0	0	0	0	0	0	0	0
00.000,00.000	10.1	0	-200	0	4.5	102.42	75.0581	18.0262	9.33588	0	0	0	0	0	0	0	0	0	0	0	0	0	0	0	0	0
00.000,00.000	10.2	0	-200	0	4.5	105.687	77.8462	18.5049	9.33588	0	0	0	0	0	0	0	0	0	0	0	0	0	0	0	0	0
00.000,00.000	10.3	0	-200	0	4.5	109.07	80.7285	19.0057	9.33588	0	0	0	0	0	0	0	0	0	0	0	0	0	0	0	0	0
00.000,00.000	10.4	0	-200	0	4.5	112.562	83.6946	19.5315	9.33588	0	0	0	0	0	0	0	0	0	0	0	0	0	0	0	0	0
00.000,00.000	10.5	0	-200	0	4.5	116.142	86.7328	20.0735	9.33588	0	0	0	0	0	0	0	0	0	0	0	0	0	0	0	0	0
00.000,00.000	10.6	0	-200	0	4.5	119.809	89.8432	20.6302	9.33588	0	0	0	0	0	0	0	0	0	0	0	0	0	0	0	0	0
00.000,00.000	10.7	0	-200	0	4.5	123.574	93.0344	21.2039	9.33588	0	0	0	0	0	0	0	0	0	0	0	0	0	0	0	0	0
00.000,00.000	10.8	0	-200	0	4.5	127.453	96.3203	21.7964	9.33588	0	0	0	0	0	0	0	0	0	0	0	0	0	0	0	0	0
00.000,00.000	10.9	0	-200	0	4.5	131.456	99.7156	22.4045	9.33588	0	0	0	0	0	0	0	0	0	0	0	0	0	0	0	0	0
00.000,00.000	11	0	-200	0	4.5	135.576	103.226	23.0139	9.33588	0	0	0	0	0	0	0	0	0	0	0	0	0	0	0	0	0
00.000,00.000	11.1	0	-200	0	4.5	139.828	106.845	23.6475	9.3361	0	0	0	0	0	0	0	0	0	0	0	0	0	0	0	0	0
00.000,00.000	11.2	0	-200	0	4.5	144.201	110.561	24.302	9.3374	0	0	0	0	0	0	0	0	0	0	0	0	0	0	0	0	0
00.000,00.000	11.3	0	-200	0	4.5	148.687	114.37	24.9772	9.33984	0	0	0	0	0	0	0	0	0	0	0	0	0	0	0	0	0
00.000,00.000	11.4	0	-200	0	4.5	153.284	118.221	25.7205	9.34306	0	0	0	0	0	0	0	0	0	0	0	0	0	0	0	0	0
00.000,00.000	11.5	0	-200	0	4.5	157.953	122.135	26.4711	9.34762	0	0	0	0	0	0	0	0	0	0	0	0	0	0	0	0	0
00.000,00.000	11.6	0	-200	0	4.5	162.725	126.138	27.2335	9.35331	0	0	0	0	0	0	0	0	0	0	0	0	0	0	0	0	0
00.000,00.000	11.7	0	-200	0	4.5	167.592	130.227	28.0038	9.36077	0	0	0	0	0	0	0	0	0	0	0	0	0	0	0	0	0
00.000,00.000	11.8	0	-200	0	4.5	172.563	134.402	28.7913	9.36955	0	0	0	0	0	0	0	0	0	0	0	0	0	0	0	0	0
00.000,00.000	11.9	0	-200	0	4.5	177.654	138.67	29.6046	9.37997	0	0	0	0	0	0	0	0	0	0	0	0	0	0	0	0	0
00.000,00.000	12	0	-200	0	4.5	182.873	143.076	30.4041	9.39269	0	0	0	0	0	0	0	0	0	0	0	0	0	0	0	0	0
00.000,00.000	12.1	0	-200	0	4.5	188.204	147.584	31.2129	9.40724	0	0	0	0	0	0	0	0	0	0	0	0	0	0	0	0	0
00.000,00.000	12.2	0	-200	0	4.5	193.648	152.177	32.0463	9.42484	0	0	0	0	0	0	0	0	0	0	0	0	0	0	0	0	0
00.000,00.000	12.3	0	-200	0	4.5	199.189	156.842	32.9017	9.44507	0	0	0	0	0	0	0	0	0	0	0	0	0	0	0	0	0
00.000,00.000	12.4	0	-200	0	4.5	204.834	161.583	33.7833	9.46773	0	0	0	0	0	0	0	0	0	0	0	0	0	0	0	0	0
00.000,00.000	12.5	0	-200	0	4.5	210.567	166.393	34.6786	9.49467	0	0	0	0	0	0	0	0	0	0	0	0	0	0	0	0	0
00.000,00.000	12.6	0	-200	0	4.5	216.57	171.161	35.8832	9.52538	0	0	0	0	0	0	0	0	0	0	0	0	0	0	0	0	0
00.000,00.000	12.7	0	-200	0	4.5	222.519	175.522	37.4375	9.5589	0	0	0	0	0	0	0	0	0	0	0	0	0	0	0	0	0
00.000,00.000	12.8	0	-200	0	4.5	228.516	179.923	38.9963	9.59658	0	0	0	0	0	0	0	0	0	0	0	0	0	0	0	0	0
00.000,00.000	12.9	0	-200	0	4.5	234.586	184.38	40.5678	9.63782	0	0	0	0	0	0	0	0	0	0	0	0	0	0	0	0	0
00.000,00.000	13	0	-200	0	4.5	240.754	188.912	42.1452	9.69675	0	0	0	0	0	0	0	0	0	0	0	0	0	0	0	0	0
00.000,00.000	13.1	0	-200	0	4.5	247.023	193.519	43.7448	9.7595	0	0	0	0	0	0	0	0	0	0	0	0	0	0	0	0	0
00.000,00.000	13.2	0	-200	0	4.5	253.396	198.203	45.3662	9.82703	0	0	0	0	0	0	0	0	0	0	0	0	0	0	0	0	0
00.000,00.000	13.3	0	-200	0	4.5	259.952	202.972	47.0806	9.89987	0	0	0	0	0	0	0	0	0	0	0	0	0	0	0	0	0
00.000,00.000	13.4	0	-200	0	4.5	266.655	207.825	48.852	9.97865	0	0	0	0	0	0	0	0	0	0	0	0	0	0	0	0	0
00.000,00.000	13.5	0	-200	0	4.5	273.368	212.668	50.6375	10.0623	0	0	0	0	0	0	0	0	0	0	0	0	0	0	0	0	0
00.000,00.000	13.6	0	-200	0	4.5	280.109	217.522	52.4309	10.1557	0	0	0	0	0	0	0	0	0	0	0	0	0	0	0	0	0
00.000,00.000	13.7	0	-200	0	4.5	286.882	222.393	54.2362	10.2534	0	0	0	0	0	0	0	0	0	0	0	0	0	0	0	0	0
00.000,00.000	13.8	0	-200	0	4.5	293.633	227.222	56.052	10.3587	0	0	0	0	0	0	0	0	0	0	0	0	0	0	0	0	0
00.000,00.000	13.9	0	-200	0	4.5	300.373	232.019	57.8848	10.4696	0	0	0	0	0	0	0	0	0	0	0	0	0	0	0	0	0
00.000,00.000	14	0	-200	0	4.5	307.132	236.81	59.7367	10.5853	0	0	0	0	0	0	0	0	0	0	0	0	0	0	0	0	0
00.000,00.000	14.1	0	-200	0	4.5	313.946	241.618	61.6189	10.7087	0	0	0	0	0	0	0	0	0	0	0	0	0	0	0	0	0
00.000,00.000	14.2	0	-200	0	4.5	320.687	246.325	63.5197	10.8426	0	0	0	0	0	0	0	0	0	0	0	0	0	0	0	0	0
00.000,00.000	14.3	0	-200	0	4.5	327.271	250.888	65.4028	10.9811	0	0	0	0	0	0	0	0	0	0	0	0	0	0	0	0	0
00.000,00.000	14.4	0	-200	0	4.5	333.745	255.362	67.2577	11.1255	0	0	0	0	0	0	0	0	0	0	0	0	0	0	0	0	0
00.000,00.000	14.5	0	-200	0	4.5	341.947	261.005	69.6212	11.321	0	0	0	0	0	0	0	0	0	0	0	0	0	0	0	0	0
00.000,00.000	14.6	0	-200	0	4.5	350.559	266.917	72.1052	11.537	0	0	0	0	0	0	0	0	0	0	0	0	0	0	0	0	0
00.000,00.000	14.7	0	-200	0	4.5	357.542	271.647	74.1718	11.7233	0	0	0	0	0	0	0	0	0	0	0	0	0	0	0	0	0
00.000,00.000	14.8	0	-200	0	4.5	360.424	273.577	75.041	11.8055	0	0	0	0	0	0	0	0	0	0	0	0	0	0	0	0	0
00.000,00.000	14.9	0	-200	0	4.5	366.075	277.325	76.7749	11.9746	0	0	0	0	0	0	0	0	0	0	0	0	0	0	0	0	0
00.000,00.000	15	0	-200	0	4.5	373.141	281.9	79.0399	12.2018	0	0	0	0	0	0	0	0	0	0	0	0	0	0	0	0	0
00.000,00.000	15.1	0	-200	0	4.5	379.212	285.771	81.0338	12.4071	0	0	0	0	0	0	0	0	0	0	0	0	0	0	0	0	0
00.000,00.000	15.2	0	-200	0	4.5	384.879	289.291	82.9766	12.6112	0	0	0	0	0	0	0	0	0	0	0	0	0	0	0	0	0
00.000,00.000	15.3	0	-200	0	4.5	390.481	292.745	84.9129	12.8239	0	0	0	0	0	0	0	0	0	0	0	0	0	0	0	0	0
00.000,00.000	15.4	0	-200	0	4.5	395.991	296.121	86.8243	13.0451	0	0	0	0	0	0	0	0	0	0	0	0	0	0	0	0	0
00.000,00.000	15.5	0	-200	0	4.5	404.523	301.313	89.8035	13.4064	0	0	0	0	0	0	0	0	0	0	0	0	0	0	0	0	0
00.000,00.000	15.6	0	-200	0	4.5	412.032	305.746	92.5398	13.7464	0	0	0	0	0	0	0	0	0	0	0	0	0	0	0	0	0
00.000,00.000	15.7	0	-200	0	4.5	418.155	309.329	94.7863	14.04	0	0	0	0	0	0	0	0	0	0	0	0	0	0	0	0	0
00.000,00.000	15.8	0	-200	0	4.5	419.512	310.101	95.3024	14.1091	0	0	0	0	0	0	0	0	0	0	0	0	0	0	0	0	0
00.000,00.000	15.9	0	-200	0	4.5	424.212	312.795	97.0407	14.3761	0	0	0	0	0	0	0	0	0	0	0	0	0	0	0	0	0
00.000,00.000	16	0	-200	0	4.5	430.69	316.411	99.1898	15.0892	0	0	0	0	0	0	0	0	0	0	0	0	0	0	0	0	0
00.000,00.000	16.1	0	-200	0	4.5	435.934	319.282	100.707	15.9455	0	0	0	0	0	0	0	0	0	0	0	0	0	0	0	0	0
00.000,00.000	16.2	0	-200	0	4.5	440.762	321.875	102.144	16.7428	0	0	0	0	0	0	0	0	0	0	0	0	0	0	0	0	0
00.000,00.000	16.3	0	-200	0	4.5	445.543	324.437	103.554	17.5516	0	0	0	0	0	0	0	0	0	0	0	0	0	0	0	0	0
00.000,00.000	16.4	0	-200	0	4.5	450.255	326.953	104.935	18.3669	0	0	0	0	0	0	0	0	0	0	0	0	0	0	0	0	0
00.000,00.000	16.5	0	-200	0	4.5	463.185	333.82	108.72	20.6443	0	0	0	0	0	0	0	0	0	0	0	0	0	0	0	0	0
00.000,00.000	16.6	0	-200	0	4.5	467.655	336.108	110.108	21.4391	0	0	0	0	0	0	0	0	0	0	0	0	0	0	0	0	0
00.000,00.000	16.7	0	-200	0	4.5	468.124	336.354	110.244	21.5248	0	0	0	0	0	0	0	0	0	0	0	0	0	0	0	0	0
00.000,00.000	16.8	0	-200	0	4.5	468.549	336.571	110.373	21.6049	0	0	0	0	0	0	0	0	0	0	0	0	0	0	0	0	0
00.000,00.000	16.9	0	-200	0	4.5	469.951	337.286	110.791	21.8733	0	0	0	0	0	0	0	0	0	0	0	0	0	0	0	0	0
00.000,00.000	17	0	-200	0	4.5	477.022	340.932	112.835	23.2558	0	0	0	0	0	0	0	0	0	0	0	0	0	0	0	0	0
00.000,00.000	17.1	0	-200	0	4.5	482.227	343.557	114.347	24.323	0	0	0	0	0	0	0	0	0	0	0	0	0	0	0	0	0
00.000,00.000	17.2	0	-200	0	4.5	486.357	345.704	115.442	25.2114	0	0	0	0	0	0	0	0	0	0	0	0	0	0	0	0	0
00.000,00.000	17.3	0	-200	0	4.5	490.444	347.832	116.502	26.1089	0	0	0	0	0	0	0	0	0	0	0	0	0	0	0	0	0
00.000,00.000	17.4	0	-200	0	4.5	494.499	349.938	117.551	27.0104	0	0	0	0	0	0	0	0	0	0	0	0	0	0	0	0	0
00.000,00.000	17.5	0	-200	0	4.5	509.034	357.445	121.304	30.2849	0	0	0	0	0	0	0	0	0	0	0	0	0	0	0	0	0
00.000,00.000	17.6	0	-200	0	4.5	511.984	358.906	122.108	30.9705	0	0	0	0	0	0	0	0	0	0	0	0	0	0	0	0	0
00.000,00.000	17.7	0	-200	0	4.5	513.111	359.485	122.397	31.2294	0	0	0	0	0	0	0	0	0	0	0	0	0	0	0	0	0
00.000,00.000	17.8	0	-200	0	4.5	513.441	359.652	122.482	31.3068	0	0	0	0	0	0	0	0	0	0	0	0	0	0	0	0	0
00.000,00.000	17.9	0	-200	0	4.5	514.06	359.966	122.64	31.4539	0	0	0	0	0	0	0	0	0	0	0	0	0	0	0	0	0
00.000,00.000	18	0	-200	0	4.5	521.506	363.805	124.489	33.2122	0	0	0	0	0	0	0	0	0	0	0	0	0	0	0	0	0
00.000,00.000	18.1	0	-200	0	4.5	526.712	366.483	125.782	34.4471	0	0	0	0	0	0	0	0	0	0	0	0	0	0	0	0	0
00.000,00.000	18.2	0	-200	0	4.5	530.645	368.526	126.741	35.378	0	0	0	0	0	0	0	0	0	0	0	0	0	0	0	0	0
00.000,00.000	18.3	0	-200	0	4.5	534.57	370.59	127.691	36.2892	0	0	0	0	0	0	0	0	0	0	0	0	0	0	0	0	0
00.000,00.000	18.4	0	-200	0	4.5	538.498	372.675	128.633	37.191	0	0	0	0	0	0	0	0	0	0	0	0	0	0	0	0	0
00.000,00.000	18.5	0	-200	0	4.5	557.2	382.653	133.071	41.4755	0	0	0	0	0	0	0	0	0	0	0	0	0	0	0	0	0
00.000,00.000	18.6	0	-200	0	4.5	561.048	384.694	133.996	42.3577	0	0	0	0	0	0	0	0	0	0	0	0	0	0	0	0	0
00.000,00.000	18.7	0	-200	0	4.5	561.762	385.077	134.164	42.5208	0	0	0	0	0	0	0	0	0	0	0	0	0	0	0	0	0
00.000,00.000	18.8	0	-200	0	4.5	562.102	385.261	134.243	42.5986	0	0	0	0	0	0	0	0	0	0	0	0	0	0	0	0	0
00.000,00.000	18.9	0	-200	0	4.5	562.565	385.512	134.349	42.7036	0	0	0	0	0	0	0	0	0	0	0	0	0	0	0	0	0
00.000,00.000	19	0	-200	0	4.5	571.95	390.65	136.504	44.7959	0	0	0	0	0	0	0	0	0	0	0	0	0	0	0	0	0
00.000,00.000	19.1	0	-200	0	4.5	578.032	393.997	137.906	46.1286	0	0	0	0	0	0	0	0	0	0	0	0	0	0	0	0	0
00.000,00.000	19.2	0	-200	0	4.5	582.123	396.273	138.871	46.9785	0	0	0	0	0	0	0	0	0	0	0	0	0	0	0	0	0
00.000,00.000	19.3	0	-200	0	4.5	586.238	398.571	139.846	47.8207	0	0	0	0	0	0	0	0	0	0	0	0	0	0	0	0	0
00.000,00.000	19.4	0	-200	0	4.5	590.388	400.599	141.127	48.6616	0	0	0	0	0	0	0	0	0	0	0	0	0	0	0	0	0
00.000,00.000	19.5	0	-200	0	4.5	597.092	403.835	143.245	50.0128	0	0	0	0	0	0	0	0	0	0	0	0	0	0	0	0	0
00.000,00.000	19.6	0	-200	0	4.5	613.705	411.243	149.175	53.2251	0.0616479	0	0	0	0	0	0	0	0	0	0	0	0	0	0	0	0
00.000,00.000	19.7	0	-200	0	4.5	616.892	412.633	150.433	53.5363	0.289514	0	0	0	0	0	0	0	0	0	0	0	0	0	0	0	0
00.000,00.000	19.8	0	-200	0	4.5	620.904	414.349	151.99	54.1286	0.435813	0	0	0	0	0	0	0	0	0	0	0	0	0	0	0	0
00.000,00.000	19.9	0	-200	0	4.5	621.924	414.794	152.39	54.2115	0.528364	0	0	0	0	0	0	0	0	0	0	0	0	0	0	0	0
00.000,00.000	20	0	-200	0	4.5	623.863	415.645	153.156	54.3211	0.741065	0	0	0	0	0	0	0	0	0	0	0	0	0	0	0	0
00.000,00.000	20.1	0	-200	0	4.5	634.598	420.349	157.37	55.3	1.5789	0	0	0	0	0	0	0	0	0	0	0	0	0	0	0	0
00.000,00.000	20.2	0	-200	0	4.5	640.853	423.121	159.837	55.8169	2.07754	0	0	0	0	0	0	0	0	0	0	0	0	0	0	0	0
00.000,00.000	20.3	0	-200	0	4.5	645.367	425.13	161.618	56.1932	2.42593	0	0	0	0	0	0	0	0	0	0	0	0	0	0	0	0
00.000,00.000	20.4	0	-200	0	4.5	649.984	427.196	163.445	56.5681	2.77451	0	0	0	0	0	0	0	0	0	0	0	0	0	0	0	0
00.000,00.000	20.5	0	-200	0	4.5	667.453	435.05	170.337	57.9911	4.07541	0	0	0	0	0	0	0	0	0	0	0	0	0	0	0	0
00.000,00.000	20.6	0	-200	0	4.5	686.947	443.877	178.027	59.5659	5.47625	0	0	0	0	0	0	0	0	0	0	0	0	0	0	0	0
00.000,00.000	20.7	0	-200	0	4.5	689.527	445.062	179.047	59.7576	5.66003	0	0	0	0	0	0	0	0	0	0	0	0	0	0	0	0
00.000,00.000	20.8	0	-200	0	4.5	692.481	446.429	180.216	59.9773	5.85938	0	0	0	0	0	0	0	0	0	0	0	0	0	0	0	0
00.000,00.000	20.9	0	-200	0	4.5	743.688	470.182	200.551	63.6291	9.32594	0	0	0	0	0	0	0	0	0	0	0	0	0	0	0	0
00.000,00.000	21	0	-200	0	4.5	754.694	475.292	204.627	64.6645	10.1105	0	0	0	0	0	0	0	0	0	0	0	0	0	0	0	0
00.000,00.000	21.1	0	-200	0	4.5	782.093	488.275	214.108	67.9214	11.789	0	0	0	0	0	0	0	0	0	0	0	0	0	0	0	0
00.000,00.000	21.2	0	-200	0	4.5	794.709	494.246	218.147	69.7563	12.5597	0	0	0	0	0	0	0	0	0	0	0	0	0	0	0	0
00.000,00.000	21.3	0	-200	0	4.5	800.031	496.788	219.812	70.5709	12.8597	0	0	0	0	0	0	0	0	0	0	0	0	0	0	0	0
00.000,00.000	21.4	0	-200	0	4.5	805.62	499.483	221.544	71.4285	13.1645	0	0	0	0	0	0	0	0	0	0	0	0	0	0	0	0
00.000,00.000	21.5	0	-200	0	4.5	844.597	518.189	233.591	77.5069	15.3101	0	0	0	0	0	0	0	0	0	0	0	0	0	0	0	0
00.000,00.000	21.6	0	-200	0	4.5	852.822	522.12	236.224	78.7047	15.7737	0	0	0	0	0	0	0	0	0	0	0	0	0	0	0	0
00.000,00.000	21.7	0	-200	0	4.5	877.818	534.105	244.376	82.2265	17.1101	0	0	0	0	0	0	0	0	0	0	0	0	0	0	0	0
00.000,00.000	21.8	0	-200	0	4.5	929.594	558.62	262.302	88.6951	19.7221	0.25511	0	0	0	0	0	0	0	0	0	0	0	0	0	0	0
00.000,00.000	21.9	0	-200	0	4.5	939.191	563.108	265.715	89.8765	19.9293	0.562566	0	0	0	0	0	0	0	0	0	0	0	0	0	0	0
00.000,00.000	22	0	-200	0	4.5	939.784	563.392	265.923	89.9483	19.9379	0.582888	0	0	0	0	0	0	0	0	0	0	0	0	0	0	0
00.000,00.000	22.1	0	-200	0	4.5	974.866	580.149	278.349	94.0249	20.4432	1.90003	0	0	0	0	0	0	0	0	0	0	0	0	0	0	0
00.000,00.000	22.2	0	-200	0	4.5	990.784	587.009	284.736	95.4005	21.1112	2.52684	0	0	0	0	0	0	0	0	0	0	0	0	0	0	0
00.000,00.000	22.3	0	-200	0	4.5	997.382	589.793	287.476	96.0083	21.3374	2.76778	0	0	0	0	0	0	0	0	0	0	0	0	0	0	0
00.000,00.000	22.4	0	-200	0	4.5	1004.37	592.719	290.411	96.6564	21.5687	3.01335	0	0	0	0	0	0	0	0	0	0	0	0	0	0	0
00.000,00.000	22.5	0	-200	0	4.5	1045.45	609.958	307.846	100.593	22.9596	4.09757	0	0	0	0	0	0	0	0	0	0	0	0	0	0	0
00.000,00.000	22.6	0	-200	0	4.5	1107.02	635.804	334.178	106.787	25.1149	5.13887	0	0	0	0	0	0	0	0	0	0	0	0	0	0	0
00.000,00.000	22.7	0	-200	0	4.5	1115.01	639.319	337.388	107.628	25.4013	5.27506	0	0	0	0	0	0	0	0	0	0	0	0	0	0	0
00.000,00.000	22.8	0	-200	0	4.5	1138.05	649.776	346.361	110.091	26.1946	5.6276	0	0	0	0	0	0	0	0	0	0	0	0	0	0	0
00.000,00.000	22.9	0	-200	0	4.5	1146.22	653.5	349.463	111.018	26.4831	5.75455	0	0	0	0	0	0	0	0	0	0	0	0	0	0	0
00.000,00.000	23	0	-200	0	4.5	1147.48	654.089	349.943	111.155	26.5259	5.77209	0	0	0	0	0	0	0	0	0	0	0	0	0	0	0
00.000,00.000	23.1	0	-200	0	4.5	1181.64	669.978	362.88	114.874	27.6784	6.22723	0	0	0	0	0	0	0	0	0	0	0	0	0	0	0
00.000,00.000	23.2	0	-200	0	4.5	1198.86	678.043	369.347	116.753	28.2638	6.4523	0	0	0	0	0	0	0	0	0	0	0	0	0	0	0
00.000,00.000	23.3	0	-200	0	4.5	1207.8	682.296	372.654	117.722	28.5669	6.56231	0	0	0	0	0	0	0	0	0	0	0	0	0	0	0
00.000,00.000	23.4	0	-200	0	4.5	1217.14	686.753	376.084	118.741	28.8845	6.67367	0	0	0	0	0	0	0	0	0	0	0	0	0	0	0
00.000,00.000	23.5	0	-200	0	4.5	1260.26	707.431	391.65	123.595	30.3978	7.18556	0	0	0	0	0	0	0	0	0	0	0	0	0	0	0
00.000,00.000	23.6	0	-200	0	4.5	1270.15	712.268	395.144	124.698	30.7401	7.29876	0	0	0	0	0	0	0	0	0	0	0	0	0	0	0
00.000,00.000	23.7	0	-200	0	4.5	1299.89	726.814	405.06	128.621	31.7775	7.62191	0	0	0	0	0	0	0	0	0	0	0	0	0	0	0
00.000,00.000	23.8	0	-200	0	4.5	1371.9	761.316	428.854	138.815	34.4879	8.42493	0	0	0	0	0	0	0	0	0	0	0	0	0	0	0
00.000,00.000	23.9	0	-200	0	4.5	1386.33	768.38	433.539	140.812	35.017	8.57882	0	0	0	0	0	0	0	0	0	0	0	0	0	0	0
00.000,00.000	24	0	-200	0	4.5	1387.74	769.073	433.999	141.006	35.0689	8.59293	0	0	0	0	0	0	0	0	0	0	0	0	0	0	0
00.000,00.000	24.1	0	-200	0	4.5	1435.53	792.675	449.563	147.629	36.8372	8.82562	0	0	0	0	0	0	0	0	0	0	0	0	0	0	0
00.000,00.000	24.2	0	-200	0	4.5	1459.45	804.625	457.325	150.947	37.6359	8.91777	0	0	0	0	0	0	0	0	0	0	0	0	0	0	0
00.000,00.000	24.3	0	-200	0	4.5	1471.54	810.638	461.296	152.594	37.9869	9.02441	0	0	0	0	0	0	0	0	0	0	0	0	0	0	0
00.000,00.000	24.4	0	-200	0	4.5	1484.07	816.9	465.358	154.321	38.3489	9.13883	0	0	0	0	0	0	0	0	0	0	0	0	0	0	0
00.000,00.000	24.5	0	-200	0	4.5	1526.32	837.992	478.873	160.302	39.5554	9.59626	0	0	0	0	0	0	0	0	0	0	0	0	0	0	0
00.000,00.000	24.6	0	-200	0	4.5	1536.26	842.964	482.049	161.705	39.8419	9.70047	0	0	0	0	0	0	0	0	0	0	0	0	0	0	0
00.000,00.000	24.7	0	-200	0	4.5	1538.52	844.081	482.782	162.022	39.908	9.7229	0	0	0	0	0	0	0	0	0	0	0	0	0	0	0
00.000,00.000	24.8	0	-200	0	4.5	1565.36	857.226	491.567	165.861	40.7189	9.98533	0	0	0	0	0	0	0	0	0	0	0	0	0	0	0
00.000,00.000	24.9	0	-200	0	4.5	1616.15	881.9	508.242	173.583	41.9567	10.4729	0	0	0	0	0	0	0	0	0	0	0	0	0	0	0
00.000,00.000	25	0	-200	0	4.5	1626.82	887.061	511.762	175.194	42.2324	10.5725	0	0	0	0	0	0	0	0	0	0	0	0	0	0	0
00.000,00.000	25.1	0	-200	0	4.5	1658.46	902.136	522.419	179.85	43.1984	10.8556	0	0	0	0	0	0	0	0	0	0	0	0	0	0	0
00.000,00.000	25.2	0	-200	0	4.5	1679.01	911.731	529.476	182.919	43.8505	11.0376	0	0	0	0	0	0	0	0	0	0	0	0	0	0	0
00.000,00.000	25.3	0	-200	0	4.5	1693.57	918.492	534.491	185.101	44.3262	11.1627	0	0	0	0	0	0	0	0	0	0	0	0	0	0	0
00.000,00.000	25.4	0	-200	0	4.5	1708.37	925.308	539.609	187.343	44.8229	11.2879	0	0	0	0	0	0	0	0	0	0	0	0	0	0	0
00.000,00.000	25.5	0	-200	0	4.5	1727.14	933.844	546.091	190.273	45.4849	11.4484	0	0	0	0	0	0	0	0	0	0	0	0	0	0	0
00.000,00.000	25.6	0	-200	0	4.5	1799.19	966.36	570.986	201.668	48.1251	12.0546	0	0	0	0	0	0	0	0	0	0	0	0	0	0	0
00.000,00.000	25.7	0	-200	0	4.5	1814.1	973.022	576.188	204.027	48.6834	12.179	0	0	0	0	0	0	0	0	0	0	0	0	0	0	0
00.000,00.000	25.8	0	-200	0	4.5	1817.7	974.62	577.445	204.585	48.839	12.2079	0	0	0	0	0	0	0	0	0	0	0	0	0	0	0
00.000,00.000	25.9	0	-200	0	4.5	1819.81	975.557	578.185	204.908	48.9374	12.2246	0	0	0	0	0	0	0	0	0	0	0	0	0	0	0
00.000,00.000	26	0	-200	0	4.5	1848.04	987.954	588.123	209.184	50.3406	12.4419	0	0	0	0	0	0	0	0	0	0	0	0	0	0	0
00.000,00.000	26.1	0	-200	0	4.5	1880.34	1001.94	599.621	214.044	52.0492	12.6871	0	0	0	0	0	0	0	0	0	0	0	0	0	0	0
00.000,00.000	26.2	0	-200	0	4.5	1899.19	1010	606.416	216.883	53.0648	12.8284	0	0	0	0	0	0	0	0	0	0	0	0	0	0	0
00.000,00.000	26.3	0	-200	0	4.5	1915	1016.68	612.128	219.309	53.9356	12.9459	0	0	0	0	0	0	0	0	0	0	0	0	0	0	0
00.000,00.000	26.4	0	-200	0	4.5	1930.78	1023.17	617.923	221.789	54.8314	13.0634	0	0	0	0	0	0	0	0	0	0	0	0	0	0	0
00.000,00.000	26.5	0	-200	0	4.5	1961.42	1035.14	629.475	226.834	56.6737	13.3	0	0	0	0	0	0	0	0	0	0	0	0	0	0	0
00.000,00.000	26.6	0	-200	0	4.5	2018.85	1056.86	651.685	236.397	60.1643	13.7388	0	0	0	0	0	0	0	0	0	0	0	0	0	0	0
00.000,00.000	26.7	0	-200	0	4.5	2029.7	1060.96	655.845	238.222	60.8452	13.8229	0	0	0	0	0	0	0	0	0	0	0	0	0	0	0
00.000,00.000	26.8	0	-200	0	4.5	2097.07	1085.76	681.989	249.762	65.1928	14.3711	0	0	0	0	0	0	0	0	0	0	0	0	0	0	0
00.000,00.000	26.9	0	-200	0	4.5	2147.4	1103.85	701.908	258.76	68.0767	14.805	0	0	0	0	0	0	0	0	0	0	0	0	0	0	0
00.000,00.000	27	0	-200	0	4.5	2154.85	1106.58	704.823	260.072	68.5059	14.8706	0	0	0	0	0	0	0	0	0	0	0	0	0	0	0
00.000,00.000	27.1	0	-200	0	4.5	2196.28	1121.41	721.218	267.469	70.936	15.247	0	0	0	0	0	0	0	0	0	0	0	0	0	0	0
00.000,00.000	27.2	0	-200	0	4.5	2220.5	1130.08	730.83	271.726	72.395	15.4753	0	0	0	0	0	0	0	0	0	0	0	0	0	0	0
00.000,00.000	27.3	0	-200	0	4.5	2235.78	1135.46	736.899	274.467	73.3325	15.6261	0	0	0	0	0	0	0	0	0	0	0	0	0	0	0
00.000,00.000	27.4	0	-200	0	4.5	2251.27	1140.85	743.065	277.277	74.301	15.7831	0	0	0	0	0	0	0	0	0	0	0	0	0	0	0
00.000,00.000	27.5	0	-200	0	4.5	2290.52	1154.21	758.55	284.652	76.8947	16.2134	0	0	0	0	0	0	0	0	0	0	0	0	0	0	0
00.000,00.000	27.6	0	-200	0	4.5	2343.44	1172.51	779.054	294.528	80.5299	16.8099	0	0	0	0	0	0	0	0	0	0	0	0	0	0	0
00.000,00.000	27.7	0	-200	0	4.5	2352.16	1175.56	782.482	296.064	81.1454	16.9117	0	0	0	0	0	0	0	0	0	0	0	0	0	0	0
00.000,00.000	27.8	0	-200	0	4.5	2426.74	1201.18	811.182	310.106	86.4382	17.8276	0	0	0	0	0	0	0	0	0	0	0	0	0	0	0
00.000,00.000	27.9	0	-200	0	4.5	2447.51	1208.5	819.132	313.943	87.8393	18.0965	0	0	0	0	0	0	0	0	0	0	0	0	0	0	0
00.000,00.000	28	0	-200	0	4.5	2450.3	1209.47	820.192	314.467	88.0338	18.1325	0	0	0	0	0	0	0	0	0	0	0	0	0	0	0
00.000,00.000	28.1	0	-200	0	4.5	2484.12	1221.18	833.068	320.844	90.4462	18.5824	0	0	0	0	0	0	0	0	0	0	0	0	0	0	0
00.000,00.000	28.2	0	-200	0	4.5	2506.36	1228.89	841.54	325.022	92.0193	18.8888	0	0	0	0	0	0	0	0	0	0	0	0	0	0	0
00.000,00.000	28.3	0	-200	0	4.5	2522.34	1234.44	847.577	328.028	93.1855	19.1119	0	0	0	0	0	0	0	0	0	0	0	0	0	0	0
00.000,00.000	28.4	0	-200	0	4.5	2538.47	1240.03	853.645	331.069	94.3785	19.3417	0	0	0	0	0	0	0	0	0	0	0	0	0	0	0
00.000,00.000	28.5	0	-200	0	4.5	2555.09	1245.74	859.812	334.285	95.6617	19.5908	0	0	0	0	0	0	0	0	0	0	0	0	0	0	0
00.000,00.000	28.6	0	-200	0	4.5	2638.44	1274.46	890.391	350.414	102.276	20.8485	0.0470789	0	0	0	0	0	0	0	0	0	0	0	0	0	0
00.000,00.000	28.7	0	-200	0	4.5	2655.65	1280.53	896.737	353.623	103.586	20.9973	0.178491	0	0	0	0	0	0	0	0	0	0	0	0	0	0
00.000,00.000	28.8	0	-200	0	4.5	2657.35	1281.13	897.347	353.943	103.722	21.0125	0.191069	0	0	0	0	0	0	0	0	0	0	0	0	0	0
00.000,00.000	28.9	0	-200	0	4.5	2659.48	1281.9	898.105	354.338	103.893	21.032	0.20646	0	0	0	0	0	0	0	0	0	0	0	0	0	0
00.000,00.000	29	0	-200	0	4.5	2690.43	1293.27	908.997	359.995	106.412	21.3266	0.427656	0	0	0	0	0	0	0	0	0	0	0	0	0	0
00.000,00.000	29.1	0	-200	0	4.5	2722.9	1305.25	920.312	365.91	109.117	21.6482	0.661205	0	0	0	0	0	0	0	0	0	0	0	0	0	0
00.000,00.000	29.2	0	-200	0	4.5	2741.91	1312.36	926.853	369.325	110.737	21.842	0.797736	0	0	0	0	0	0	0	0	0	0	0	0	0	0
00.000,00.000	29.3	0	-200	0	4.5	2758.21	1318.5	932.35	372.276	112.159	22.0114	0.914365	0	0	0	0	0	0	0	0	0	0	0	0	0	0
00.000,00.000	29.4	0	-200	0	4.5	2774.59	1324.73	937.782	375.24	113.612	22.1881	1.03126	0	0	0	0	0	0	0	0	0	0	0	0	0	0
00.000,00.000	29.5	0	-200	0	4.5	2791.29	1331.1	943.198	378.32	115.134	22.3804	1.15464	0	0	0	0	0	0	0	0	0	0	0	0	0	0
00.000,00.000	29.6	0	-200	0	4.5	2875.39	1363.26	969.92	393.942	123.057	23.4149	1.79228	0	0	0	0	0	0	0	0	0	0	0	0	0	0
00.000,00.000	29.7	0	-200	0	4.5	2892.96	1370.14	975.5	397.154	124.605	23.6323	1.92556	0	0	0	0	0	0	0	0	0	0	0	0	0	0
00.000,00.000	29.8	0	-200	0	4.5	2894.44	1370.72	975.959	397.428	124.743	23.6519	1.9367	0	0	0	0	0	0	0	0	0	0	0	0	0	0
00.000,00.000	29.9	0	-200	0	4.5	2896.46	1371.54	976.567	397.79	124.928	23.679	1.95142	0	0	0	0	0	0	0	0	0	0	0	0	0	0
00.000,00.000	30	0	-200	0	4.5	2914.65	1379.03	981.988	401.017	126.589	23.9412	2.08332	0	0	0	0	0	0	0	0	0	0	0	0	0	0
00.000,00.000	30.1	0	-200	0	4.5	2948.68	1393.09	991.993	407.076	129.749	24.4412	2.33235	0	0	0	0	0	0	0	0	0	0	0	0	0	0
00.000,00.000	30.2	0	-200	0	4.5	2968.94	1401.55	997.824	410.691	131.642	24.7509	2.48081	0	0	0	0	0	0	0	0	0	0	0	0	0	0
00.000,00.000	30.3	0	-200	0	4.5	2984.96	1408.27	1002.4	413.529	133.163	25.0074	2.598	0	0	0	0	0	0	0	0	0	0	0	0	0	0
00.000,00.000	30.4	0	-200	0	4.5	3000.91	1415.01	1006.93	416.274	134.701	25.2714	2.71538	0	0	0	0	0	0	0	0	0	0	0	0	0	0
00.000,00.000	30.5	0	-200	0	4.5	3017.23	1421.88	1011.51	419.107	136.333	25.5611	2.84006	0	0	0	0	0	0	0	0	0	0	0	0	0	0
00.000,00.000	30.6	0	-200	0	4.5	3085.94	1449.91	1030.81	431.387	143.548	26.8911	3.38958	0	0	0	0	0	0	0	0	0	0	0	0	0	0
00.000,00.000	30.7	0	-200	0	4.5	3110.09	1459.7	1037.5	435.809	146.102	27.3909	3.59231	0	0	0	0	0	0	0	0	0	0	0	0	0	0
00.000,00.000	30.8	0	-200	0	4.5	3111.51	1460.28	1037.89	436.062	146.251	27.4216	3.60415	0	0	0	0	0	0	0	0	0	0	0	0	0	0
00.000,00.000	30.9	0	-200	0	4.5	3113.07	1460.93	1038.32	436.333	146.414	27.4565	3.61703	0	0	0	0	0	0	0	0	0	0	0	0	0	0
00.000,00.000	31	0	-200	0	4.5	3133.43	1469.43	1043.94	439.822	148.527	27.9285	3.78519	0	0	0	0	0	0	0	0	0	0	0	0	0	0
00.000,00.000	31.1	0	-200	0	4.5	3167.98	1482.93	1054.24	445.858	152.167	28.7168	4.07529	0	0	0	0	0	0	0	0	0	0	0	0	0	0
00.000,00.000	31.2	0	-200	0	4.5	3186.48	1490.16	1059.73	449.121	154.095	29.1493	4.23293	0	0	0	0	0	0	0	0	0	0	0	0	0	0
00.000,00.000	31.3	0	-200	0	4.5	3200.33	1495.6	1063.87	451.498	155.544	29.48	4.35043	0	0	0	0	0	0	0	0	0	0	0	0	0	0
00.000,00.000	31.4	0	-200	0	4.5	3214.09	1501.07	1067.94	453.823	156.969	29.8204	4.46824	0	0	0	0	0	0	0	0	0	0	0	0	0	0
00.000,00.000	31.5	0	-200	0	4.5	3252.76	1515.9	1079.22	460.626	161.269	30.9217	4.83171	0	0	0	0	0	0	0	0	0	0	0	0	0	0
00.000,00.000	31.6	0	-200	0	4.5	3358.58	1558.28	1108.57	478.745	172.996	34.1195	5.86673	0	0	0	0	0	0	0	0	0	0	0	0	0	0
00.000,00.000	31.7	0	-200	0	4.5	3376.9	1565.76	1113.8	481.716	174.897	34.6848	6.04421	0	0	0	0	0	0	0	0	0	0	0	0	0	0
00.000,00.000	31.8	0	-200	0	4.5	3404.15	1577.13	1120.97	486.205	177.934	35.5967	6.31735	0	0	0	0	0	0	0	0	0	0	0	0	0	0
00.000,00.000	31.9	0	-200	0	4.5	3411.65	1580.37	1122.91	487.414	178.723	35.8501	6.39242	0	0	0	0	0	0	0	0	0	0	0	0	0	0
00.000,00.000	32	0	-200	0	4.5	3413.39	1581.13	1123.35	487.686	178.906	35.9098	6.40912	0	0	0	0	0	0	0	0	0	0	0	0	0	0
00.000,00.000	32.1	0	-200	0	4.5	3462.65	1603.11	1135.34	495.45	184.177	37.6844	6.89074	0	0	0	0	0	0	0	0	0	0	0	0	0	0
00.000,00.000	32.2	0	-200	0	4.5	3487.19	1614.73	1140.72	499.282	186.735	38.5911	7.13329	0	0	0	0	0	0	0	0	0	0	0	0	0	0
00.000,00.000	32.3	0	-200	0	4.5	3499.31	1620.54	1143.38	501.088	187.999	39.0533	7.25113	0	0	0	0	0	0	0	0	0	0	0	0	0	0
00.000,00.000	32.4	0	-200	0	4.5	3511.55	1626.52	1145.99	502.875	189.262	39.5335	7.36943	0	0	0	0	0	0	0	0	0	0	0	0	0	0
00.000,00.000	32.5	0	-200	0	4.5	3523.66	1632.32	1148.51	504.691	190.592	40.0567	7.49625	0	0	0	0	0	0	0	0	0	0	0	0	0	0
00.000,00.000	32.6	0	-200	0	4.5	3615.88	1676.53	1167.07	518.614	200.935	44.2446	8.49207	0	0	0	0	0	0	0	0	0	0	0	0	0	0
00.000,00.000	32.7	0	-200	0	4.5	3653.75	1695.76	1174.08	523.962	205.029	46.0163	8.89745	0	0	0	0	0	0	0	0	0	0	0	0	0	0
00.000,00.000	32.8	0	-200	0	4.5	3653.91	1695.84	1174.11	523.984	205.046	46.0241	8.89918	0	0	0	0	0	0	0	0	0	0	0	0	0	0
00.000,00.000	32.9	0	-200	0	4.5	3654.97	1696.36	1174.32	524.139	205.165	46.0807	8.91131	0	0	0	0	0	0	0	0	0	0	0	0	0	0
00.000,00.000	33	0	-200	0	4.5	3661.26	1699.88	1175.35	524.904	205.759	46.3843	8.97308	0	0	0	0	0	0	0	0	0	0	0	0	0	0
00.000,00.000	33.1	0	-200	0	4.5	3699.46	1720.56	1181.92	529.767	209.512	48.3275	9.36687	0	0	0	0	0	0	0	0	0	0	0	0	0	0
00.000,00.000	33.2	0	-200	0	4.5	3718.46	1730.92	1185.15	532.137	211.421	49.2713	9.44153	0.125819	0	0	0	0	0	0	0	0	0	0	0	0	0
00.000,00.000	33.3	0	-200	0	4.5	3730.06	1737.44	1187.06	533.519	212.513	49.8465	9.4524	0.232842	0	0	0	0	0	0	0	0	0	0	0	0	0
00.000,00.000	33.4	0	-200	0	4.5	3741.89	1744.18	1188.96	534.901	213.601	50.4444	9.45852	0.345719	0	0	0	0	0	0	0	0	0	0	0	0	0
00.000,00.000	33.5	0	-200	0	4.5	3753.76	1750.99	1190.82	536.266	214.708	51.0576	9.46247	0.462347	0	0	0	0	0	0	0	0	0	0	0	0	0
00.000,00.000	33.6	0	-200	0	4.5	3819.66	1786.62	1201.24	544.437	221.573	55.0882	9.48339	1.21875	0	0	0	0	0	0	0	0	0	0	0	0	0
00.000,00.000	33.7	0	-200	0	4.5	3873.28	1814.94	1209.17	551.639	227.467	58.663	9.48392	1.91614	0	0	0	0	0	0	0	0	0	0	0	0	0
00.000,00.000	33.8	0	-200	0	4.5	3877.73	1817.57	1209.73	552.166	227.889	58.9153	9.48421	1.96797	0	0	0	0	0	0	0	0	0	0	0	0	0
00.000,00.000	33.9	0	-200	0	4.5	3878.55	1818.07	1209.84	552.255	227.961	58.9625	9.48436	1.97689	0	0	0	0	0	0	0	0	0	0	0	0	0
00.000,00.000	34	0	-200	0	4.5	3908.86	1835.58	1214.09	555.756	230.764	60.8553	9.4925	2.3257	0	0	0	0	0	0	0	0	0	0	0	0	0
00.000,00.000	34.1	0	-200	0	4.5	3943.92	1856.74	1218.83	559.456	233.758	62.9212	9.50501	2.70741	0	0	0	0	0	0	0	0	0	0	0	0	0
00.000,00.000	34.2	0	-200	0	4.5	3959.56	1866.27	1220.97	561.049	235.051	63.8251	9.51303	2.87487	0	0	0	0	0	0	0	0	0	0	0	0	0
00.000,00.000	34.3	0	-200	0	4.5	3970.87	1873.13	1222.55	562.197	235.972	64.498	9.52107	2.99561	0	0	0	0	0	0	0	0	0	0	0	0	0
00.000,00.000	34.4	0	-200	0	4.5	3981.97	1879.96	1224.11	563.275	236.835	65.1465	9.53061	3.11085	0	0	0	0	0	0	0	0	0	0	0	0	0
00.000,00.000	34.5	0	-200	0	4.5	3993.54	1887.07	1225.75	564.387	237.726	65.835	9.54287	3.23229	0	0	0	0	0	0	0	0	0	0	0	0	0
00.000,00.000	34.6	0	-200	0	4.5	4027.73	1906.55	1230.6	568.147	240.851	68.3156	9.59552	3.67277	0	0	0	0	0	0	0	0	0	0	0	0	0
00.000,00.000	34.7	0	-200	0	4.5	4154.76	1978.99	1248.03	581.863	252.609	78.043	9.84365	5.39156	0	0	0	0	0	0	0	0	0	0	0	0	0
00.000,00.000	34.8	0	-200	0	4.5	4179.6	1993.88	1251.46	584.26	254.682	79.7241	9.89416	5.6971	0	0	0	0	0	0	0	0	0	0	0	0	0
00.000,00.000	34.9	0	-200	0	4.5	4284.18	2059.8	1264.95	593.41	262.425	86.5176	10.1763	6.89841	0	0	0	0	0	0	0	0	0	0	0	0	0
00.000,00.000	35	0	-200	0	4.5	4314.42	2077.95	1269.19	596.263	264.831	88.6346	10.2763	7.28055	0	0	0	0	0	0	0	0	0	0	0	0	0
00.000,00.000	35.1	0	-200	0	4.5	4335.58	2091.07	1272.15	598.045	266.383	90.0506	10.3628	7.52662	0	0	0	0	0	0	0	0	0	0	0	0	0
00.000,00.000	35.2	0	-200	0	4.5	4350.79	2100.83	1274.16	599.213	267.435	91.023	10.4294	7.69635	0	0	0	0	0	0	0	0	0	0	0	0	0
00.000,00.000	35.3	0	-200	0	4.5	4361.86	2107.95	1275.66	600.044	268.178	91.7241	10.4849	7.81832	0	0	0	0	0	0	0	0	0	0	0	0	0
00.000,00.000	35.4	0	-200	0	4.5	4372.69	2115.06	1277.13	600.77	268.864	92.3827	10.5433	7.93297	0	0	0	0	0	0	0	0	0	0	0	0	0
00.000,00.000	35.5	0	-200	0	4.5	4384.17	2122.64	1278.72	601.509	269.57	93.0709	10.6108	8.05252	0	0	0	0	0	0	0	0	0	0	0	0	0
00.000,00.000	35.6	0	-200	0	4.5	4407.74	2137.27	1281.98	603.253	271.291	94.7923	10.7972	8.35392	0	0	0	0	0	0	0	0	0	0	0	0	0
00.000,00.000	35.7	0	-200	0	4.5	4531.33	2222.34	1297.02	609.797	278.489	102.253	11.754	9.67634	0	0	0	0	0	0	0	0	0	0	0	0	0
00.000,00.000	35.8	0	-200	0	4.5	4549.66	2234.07	1299.69	610.867	279.723	103.48	11.9389	9.73796	0.163379	0	0	0	0	0	0	0	0	0	0	0	0
00.000,00.000	35.9	0	-200	0	4.5	4641.01	2289.54	1313.48	616.572	286.112	110.357	13.833	9.80419	1.3049	0	0	0	0	0	0	0	0	0	0	0	0
00.000,00.000	36	0	-200	0	4.5	4669.72	2307.5	1317.91	618.106	287.924	112.321	14.5046	9.80556	1.65236	0	0	0	0	0	0	0	0	0	0	0	0
00.000,00.000	36.1	0	-200	0	4.5	4715.07	2336.77	1324.31	620.535	290.605	115.306	15.5639	9.81767	2.17057	0	0	0	0	0	0	0	0	0	0	0	0
00.000,00.000	36.2	0	-200	0	4.5	4735.11	2349.47	1327.31	621.564	291.789	116.667	16.0816	9.82509	2.40763	0	0	0	0	0	0	0	0	0	0	0	0
00.000,00.000	36.3	0	-200	0	4.5	4745.95	2356.84	1328.75	622.052	292.33	117.294	16.3275	9.83121	2.5159	0	0	0	0	0	0	0	0	0	0	0	0
00.000,00.000	36.4	0	-200	0	4.5	4757.62	2364.68	1330.39	622.588	292.906	117.977	16.6043	9.84003	2.63407	0	0	0	0	0	0	0	0	0	0	0	0
00.000,00.000	36.5	0	-200	0	4.5	4769.53	2372.84	1331.91	623.111	293.477	118.673	16.9105	9.85139	2.75706	0	0	0	0	0	0	0	0	0	0	0	0
00.000,00.000	36.6	0	-200	0	4.5	4837.39	2416.86	1341.49	626.385	296.991	123.133	19.0475	9.94088	3.54617	0	0	0	0	0	0	0	0	0	0	0	0
00.000,00.000	36.7	0	-200	0	4.5	4851.22	2425.78	1343.49	626.995	297.74	124.022	19.5245	9.96095	3.70454	0	0	0	0	0	0	0	0	0	0	0	0
00.000,00.000	36.8	0	-200	0	4.5	4851.87	2426.23	1343.57	627.024	297.771	124.061	19.5458	9.96214	3.71152	0	0	0	0	0	0	0	0	0	0	0	0
00.000,00.000	36.9	0	-200	0	4.5	4861.61	2433.07	1344.74	627.398	298.19	124.583	19.8383	9.98107	3.80558	0	0	0	0	0	0	0	0	0	0	0	0
00.000,00.000	37	0	-200	0	4.5	4864.41	2435.03	1345.07	627.506	298.319	124.739	19.9292	9.98718	3.83378	0	0	0	0	0	0	0	0	0	0	0	0
00.000,00.000	37.1	0	-200	0	4.5	4916.56	2470.03	1352.17	629.563	300.773	127.789	21.7182	10.1261	4.38296	0	0	0	0	0	0	0	0	0	0	0	0
00.000,00.000	37.2	0	-200	0	4.5	4933.29	2481.71	1354.23	630.125	301.507	128.724	22.2731	10.1708	4.55122	0	0	0	0	0	0	0	0	0	0	0	0
00.000,00.000	37.3	0	-200	0	4.5	4958.58	2498.66	1357.79	631.039	302.627	130.203	23.0388	10.4048	4.81565	0	0	0	0	0	0	0	0	0	0	0	0
00.000,00.000	37.4	0	-200	0	4.5	4965.32	2503.1	1358.74	631.284	302.946	130.622	23.2027	10.5338	4.89051	0	0	0	0	0	0	0	0	0	0	0	0
00.000,00.000	37.5	0	-200	0	4.5	4980.79	2514.07	1360.54	631.759	303.579	131.444	23.6315	10.7187	5.04418	0	0	0	0	0	0	0	0	0	0	0	0
00.000,00.000	37.6	0	-200	0	4.5	5045.88	2558.55	1368.98	633.786	306.361	135.128	25.6064	11.7151	5.7558	0	0	0	0	0	0	0	0	0	0	0	0
00.000,00.000	37.7	0	-200	0	4.5	5058	2566.61	1370.63	634.171	306.915	135.842	26.0266	11.9158	5.89707	0	0	0	0	0	0	0	0	0	0	0	0
00.000,00.000	37.8	0	-200	0	4.5	5058.35	2566.85	1370.67	634.181	306.929	135.861	26.0376	11.9212	5.90074	0	0	0	0	0	0	0	0	0	0	0	0
00.000,00.000	37.9	0	-200	0	4.5	5091.24	2589.62	1374.99	635.093	308.18	137.574	27.0998	12.4447	6.2437	0	0	0	0	0	0	0	0	0	0	0	0
00.000,00.000	38	0	-200	0	4.5	5099.42	2595.1	1376.23	635.311	308.496	137.997	27.374	12.5777	6.32984	0	0	0	0	0	0	0	0	0	0	0	0
00.000,00.000	38.1	0	-200	0	4.5	5142.88	2624.64	1382.44	636.486	310.102	140.239	28.8756	13.3165	6.78732	0	0	0	0	0	0	0	0	0	0	0	0
00.000,00.000	38.2	0	-200	0	4.5	5169.46	2642.67	1386.47	637.154	311.034	141.538	29.7749	13.7576	7.05478	0	0	0	0	0	0	0	0	0	0	0	0
00.000,00.000	38.3	0	-200	0	4.5	5176.33	2647.35	1387.53	637.316	311.26	141.863	30.0119	13.8723	7.12248	0	0	0	0	0	0	0	0	0	0	0	0
00.000,00.000	38.4	0	-200	0	4.5	5198.33	2662.58	1390.87	637.793	311.923	142.846	30.7543	14.2348	7.32992	0	0	0	0	0	0	0	0	0	0	0	0
00.000,00.000	38.5	0	-200	0	4.5	5203.67	2666.16	1391.79	637.905	312.087	143.082	30.9388	14.3242	7.3804	0	0	0	0	0	0	0	0	0	0	0	0
00.000,00.000	38.6	0	-200	0	4.5	5219.64	2676.38	1394.71	638.263	312.6	143.888	31.5897	14.6483	7.5568	0	0	0	0	0	0	0	0	0	0	0	0
00.000,00.000	38.7	0	-200	0	4.5	5300.66	2728.99	1408.12	639.981	315.245	148.128	35.265	16.4314	8.50063	0	0	0	0	0	0	0	0	0	0	0	0
00.000,00.000	38.8	0	-200	0	4.5	5315.98	2738.66	1410.76	640.313	315.758	148.927	36.099	16.7767	8.68036	0	0	0	0	0	0	0	0	0	0	0	0
00.000,00.000	38.9	0	-200	0	4.5	5363.42	2770.17	1418.51	641.192	317.102	151.066	38.4072	17.7901	9.00933	0.170886	0	0	0	0	0	0	0	0	0	0	0
00.000,00.000	39	0	-200	0	4.5	5376.64	2778.69	1420.79	641.443	317.49	151.629	39.1849	18.0846	9.00933	0.31384	0	0	0	0	0	0	0	0	0	0	0
00.000,00.000	39.1	0	-200	0	4.5	5401.01	2794.51	1425.09	641.875	318.151	152.677	40.4787	18.6496	9.00933	0.574239	0	0	0	0	0	0	0	0	0	0	0
00.000,00.000	39.2	0	-200	0	4.5	5421.78	2808.12	1428.67	642.228	318.701	153.532	41.5961	19.1325	9.00933	0.790849	0	0	0	0	0	0	0	0	0	0	0
00.000,00.000	39.3	0	-200	0	4.5	5428.3	2812.42	1429.79	642.334	318.867	153.795	41.9439	19.2868	9.00933	0.858056	0	0	0	0	0	0	0	0	0	0	0
00.000,00.000	39.4	0	-200	0	4.5	5454.39	2829.76	1434.3	642.715	319.467	154.796	43.3011	19.9189	9.00933	1.12222	0	0	0	0	0	0	0	0	0	0	0
00.000,00.000	39.5	0	-200	0	4.5	5467.49	2838.11	1436.73	642.912	319.784	155.334	44.0615	20.2733	9.00933	1.2669	0	0	0	0	0	0	0	0	0	0	0
00.000,00.000	39.6	0	-200	0	4.5	5515.99	2868.95	1445.48	643.709	320.916	157.38	47.0107	21.7055	9.00933	1.83271	0	0	0	0	0	0	0	0	0	0	0
00.000,00.000	39.7	0	-200	0	4.5	5524.76	2874.44	1447.05	643.907	321.063	157.769	47.5957	21.9783	9.00949	1.93855	0	0	0	0	0	0	0	0	0	0	0
00.000,00.000	39.8	0	-200	0	4.5	5525.03	2874.62	1447.1	643.912	321.068	157.78	47.6125	21.9867	9.00951	1.94169	0	0	0	0	0	0	0	0	0	0	0
00.000,00.000	39.9	0	-200	0	4.5	5566.87	2901.47	1454.51	644.62	321.813	159.417	50.2521	23.3375	9.01646	2.42918	0	0	0	0	0	0	0	0	0	0	0
00.000,00.000	40	0	-200	0	4.5	5577.09	2907.93	1456.34	644.804	321.97	159.819	50.9852	23.6761	9.01875	2.54983	0	0	0	0	0	0	0	0	0	0	0
00.000,00.000	40.1	0	-200	0	4.5	5618.35	2934.58	1463.48	645.437	322.657	161.329	53.7291	25.0704	9.03775	3.02708	0	0	0	0	0	0	0	0	0	0	0
00.000,00.000	40.2	0	-200	0	4.5	5636.84	2946.52	1466.6	645.72	322.956	162.006	55.0253	25.7199	9.04876	3.24578	0	0	0	0	0	0	0	0	0	0	0
00.000,00.000	40.3	0	-200	0	4.5	5642.55	2950.15	1467.59	645.808	323.047	162.214	55.4338	25.9359	9.05396	3.3164	0	0	0	0	0	0	0	0	0	0	0
00.000,00.000	40.4	0	-200	0	4.5	5649.77	2954.61	1468.93	645.916	323.16	162.477	55.9798	26.229	9.06265	3.41005	0	0	0	0	0	0	0	0	0	0	0
00.000,00.000	40.5	0	-200	0	4.5	5664.95	2963.99	1471.67	646.137	323.388	163.019	57.1657	26.8737	9.08517	3.61182	0	0	0	0	0	0	0	0	0	0	0
00.000,00.000	40.6	0	-200	0	4.5	5668.11	2965.97	1472.21	646.182	323.434	163.132	57.4289	27.0131	9.09048	3.65495	0	0	0	0	0	0	0	0	0	0	0
00.000,00.000	40.7	0	-200	0	4.5	5701.06	2986.55	1477.91	646.605	323.881	164.224	60.1146	28.5081	9.1599	4.10314	0	0	0	0	0	0	0	0	0	0	0
00.000,00.000	40.8	0	-200	0	4.5	5719.74	2998.06	1481.18	646.844	324.129	164.846	61.6982	29.4071	9.20648	4.36802	0	0	0	0	0	0	0	0	0	0	0
00.000,00.000	40.9	0	-200	0	4.5	5720.41	2998.48	1481.29	646.852	324.138	164.869	61.7563	29.4409	9.20843	4.37783	0	0	0	0	0	0	0	0	0	0	0
00.000,00.000	41	0	-200	0	4.5	5732.99	3006.38	1483.35	647.023	324.287	165.236	62.8301	30.0803	9.25231	4.55778	0	0	0	0	0	0	0	0	0	0	0
00.000,00.000	41.1	0	-200	0	4.5	5749.48	3016.75	1486.02	647.27	324.471	165.69	64.2369	30.935	9.31536	4.79439	0	0	0	0	0	0	0	0	0	0	0
00.000,00.000	41.2	0	-200	0	4.5	5756.11	3020.79	1487.14	647.373	324.547	165.874	64.836	31.3108	9.34507	4.8967	0	0	0	0	0	0	0	0	0	0	0
00.000,00.000	41.3	0	-200	0	4.5	5757.17	3021.44	1487.31	647.389	324.559	165.901	64.9324	31.3723	9.35024	4.91317	0	0	0	0	0	0	0	0	0	0	0
00.000,00.000	41.4	0	-200	0	4.5	5780.46	3035.61	1491.13	647.729	324.793	166.488	67.1331	32.8011	9.48582	5.28787	0	0	0	0	0	0	0	0	0	0	0
00.000,00.000	41.5	0	-200	0	4.5	5785.69	3038.75	1492.01	647.806	324.851	166.615	67.6302	32.9905	9.66382	5.37479	0	0	0	0	0	0	0	0	0	0	0
00.000,00.000	41.6	0	-200	0	4.5	5819.06	3058.98	1497.57	648.254	325.162	167.393	70.897	34.7063	10.4393	5.66023	0	0	0	0	0	0	0	0	0	0	0
00.000,00.000	41.7	0	-200	0	4.5	5825.57	3062.83	1498.71	648.344	325.229	167.543	71.6014	35.049	10.6119	5.66023	0	0	0	0	0	0	0	0	0	0	0
00.000,00.000	41.8	0	-200	0	4.5	5855.71	3080.71	1503.82	648.808	325.503	168.187	74.8323	36.7259	11.4586	5.66023	0	0	0	0	0	0	0	0	0	0	0
00.000,00.000	41.9	0	-200	0	4.5	5863.02	3084.96	1505.08	648.938	325.58	168.34	75.6368	37.1511	11.6724	5.66023	0	0	0	0	0	0	0	0	0	0	0
00.000,00.000	42	0	-200	0	4.5	5863.12	3085.02	1505.1	648.94	325.581	168.342	75.6481	37.1574	11.6755	5.66023	0	0	0	0	0	0	0	0	0	0	0