
label	time(d)	x	depth	z	radius	total	0-10	10-20	20-30	30-40	40-50	50-60	60-70	70-80	80-90	90-100	100-110	110-120	120-130	130-140	140-150	150-160	160-170	170-180	180-190	190-200
00.000,00.000	0	0	-200	0	4.5	0	0	0	0	0	0	0	0	0	0	0	0	0	0	0	0	0	0	0	0	0
00.000,00.000	0.1	0	-200	0	4.5	0.293975	0.293975	0	0	0	0	0	0	0	0	0	0	0	0	0	0	0	0	0	0	0
00.000,00.000	0.2	0	-200	0	4.5	0.590923	0.590923	0	0	0	0	0	0	0	0	0	0	0	0	0	0	0	0	0	0	0
00.000,00.000	0.3	0	-200	0	4.5	0.890002	0.890002	0	0	0	0	0	0	0	0	0	0	0	0	0	0	0	0	0	0	0
00.000,00.000	0.4	0	-200	0	4.5	1.19143	1.19143	0	0	0	0	0	0	0	0	0	0	0	0	0	0	0	0	0	0	0
00.000,00.000	0.5	0	-200	0	4.5	1.49521	1.49521	0	0	0	0	0	0	0	0	0	0	0	0	0	0	0	0	0	0	0
00.000,00.000	0.6	0	-200	0	4.5	1.80098	1.80098	0	0	0	0	0	0	0	0	0	0	0	0	0	0	0	0	0	0	0
00.000,00.000	0.7	0	-200	0	4.5	2.10874	2.10874	0	0	0	0	0	0	0	0	0	0	0	0	0	0	0	0	0	0	0
00.000,00.000	0.8	0	-200	0	4.5	2.41846	2.41846	0	0	0	0	0	0	0	0	0	0	0	0	0	0	0	0	0	0	0
00.000,00.000	0.9	0	-200	0	4.5	2.72956	2.72956	0	0	0	0	0	0	0	0	0	0	0	0	0	0	0	0	0	0	0
00.000,00.000	1	0	-200	0	4.5	3.04086	3.04086	0	0	0	0	0	0	0	0	0	0	0	0	0	0	0	0	0	0	0
00.000,00.000	1.1	0	-200	0	4.5	3.35776	3.35776	0	0	0	0	0	0	0	0	0	0	0	0	0	0	0	0	0	0	0
00.000,00.000	1.2	0	-200	0	4.5	3.68389	3.68389	0	0	0	0	0	0	0	0	0	0	0	0	0	0	0	0	0	0	0
00.000,00.000	1.3	0	-200	0	4.5	4.02115	4.02115	0	0	0	0	0	0	0	0	0	0	0	0	0	0	0	0	0	0	0
00.000,00.000	1.4	0	-200	0	4.5	4.37068	4.37068	0	0	0	0	0	0	0	0	0	0	0	0	0	0	0	0	0	0	0
00.000,00.000	1.5	0	-200	0	4.5	4.73312	4.73312	0	0	0	0	0	0	0	0	0	0	0	0	0	0	0	0	0	0	0
00.000,00.000	1.6	0	-200	0	4.5	5.1087	5.1087	0	0	0	0	0	0	0	0	0	0	0	0	0	0	0	0	0	0	0
00.000,00.000	1.7	0	-200	0	4.5	5.49792	5.49792	0	0	0	0	0	0	0	0	0	0	0	0	0	0	0	0	0	0	0
00.000,00.000	1.8	0	-200	0	4.5	5.90118	5.90118	0	0	0	0	0	0	0	0	0	0	0	0	0	0	0	0	0	0	0
00.000,00.000	1.9	0	-200	0	4.5	6.34379	6.34379	0	0	0	0	0	0	0	0	0	0	0	0	0	0	0	0	0	0	0
00.000,00.000	2	0	-200	0	4.5	6.83634	6.83634	0	0	0	0	0	0	0	0	0	0	0	0	0	0	0	0	0	0	0
00.000,00.000	2.1	0	-200	0	4.5	7.41089	7.41089	0	0	0	0	0	0	0	0	0	0	0	0	0	0	0	0	0	0	0
00.000,00.000	2.2	0	-200	0	4.5	8.14377	8.14377	0	0	0	0	0	0	0	0	0	0	0	0	0	0	0	0	0	0	0
00.000,00.000	2.3	0	-200	0	4.5	9.02884	8.81359	0.215248	0	0	0	0	0	0	0	0	0	0	0	0	0	0	0	0	0	0
00.000,00.000	2.4	0	-200	0	4.5	10.0513	9.55608	0.49526	0	0	0	0	0	0	0	0	0	0	0	0	0	0	0	0	0	0
00.000,00.000	2.5	0	-200	0	4.5	11.1902	10.4152	0.775052	0	0	0	0	0	0	0	0	0	0	0	0	0	0	0	0	0	0
00.000,00.000	2.6	0	-200	0	4.5	12.4408	11.3864	1.05431	0	0	0	0	0	0	0	0	0	0	0	0	0	0	0	0	0	0
00.000,00.000	2.7	0	-200	0	4.5	13.809	12.4762	1.33281	0	0	0	0	0	0	0	0	0	0	0	0	0	0	0	0	0	0
00.000,00.000	2.8	0	-200	0	4.5	15.3225	13.7109	1.61159	0	0	0	0	0	0	0	0	0	0	0	0	0	0	0	0	0	0
00.000,00.000	2.9	0	-200	0	4.5	17.0198	15.1258	1.89393	0	0	0	0	0	0	0	0	0	0	0	0	0	0	0	0	0	0
00.000,00.000	3	0	-200	0	4.5	18.8772	16.6952	2.18199	0	0	0	0	0	0	0	0	0	0	0	0	0	0	0	0	0	0
00.000,00.000	3.1	0	-200	0	4.5	20.8205	18.346	2.47451	0	0	0	0	0	0	0	0	0	0	0	0	0	0	0	0	0	0
00.000,00.000	3.2	0	-200	0	4.5	22.7222	19.9555	2.76672	0	0	0	0	0	0	0	0	0	0	0	0	0	0	0	0	0	0
00.000,00.000	3.3	0	-200	0	4.5	24.6139	21.555	3.0589	0	0	0	0	0	0	0	0	0	0	0	0	0	0	0	0	0	0
00.000,00.000	3.4	0	-200	0	4.5	26.4856	23.1346	3.35097	0	0	0	0	0	0	0	0	0	0	0	0	0	0	0	0	0	0
00.000,00.000	3.5	0	-200	0	4.5	28.3163	24.6745	3.64178	0	0	0	0	0	0	0	0	0	0	0	0	0	0	0	0	0	0
00.000,00.000	3.6	0	-200	0	4.5	30.1062	26.1755	3.93062	0	0	0	0	0	0	0	0	0	0	0	0	0	0	0	0	0	0
00.000,00.000	3.7	0	-200	0	4.5	31.8681	27.6501	4.21794	0	0	0	0	0	0	0	0	0	0	0	0	0	0	0	0	0	0
00.000,00.000	3.8	0	-200	0	4.5	33.6175	29.1134	4.50409	0	0	0	0	0	0	0	0	0	0	0	0	0	0	0	0	0	0
00.000,00.000	3.9	0	-200	0	4.5	35.3719	30.5828	4.78905	0	0	0	0	0	0	0	0	0	0	0	0	0	0	0	0	0	0
00.000,00.000	4	0	-200	0	4.5	36.9104	31.8365	5.07382	0	0	0	0	0	0	0	0	0	0	0	0	0	0	0	0	0	0
00.000,00.000	4.1	0	-200	0	4.5	37.9953	32.6363	5.35898	0	0	0	0	0	0	0	0	0	0	0	0	0	0	0	0	0	0
00.000,00.000	4.2	0	-200	0	4.5	38.7516	33.1065	5.64512	0	0	0	0	0	0	0	0	0	0	0	0	0	0	0	0	0	0
00.000,00.000	4.3	0	-200	0	4.5	39.1429	33.2103	5.93262	0	0	0	0	0	0	0	0	0	0	0	0	0	0	0	0	0	0
00.000,00.000	4.4	0	-200	0	4.5	39.4718	33.2507	6.22115	0	0	0	0	0	0	0	0	0	0	0	0	0	0	0	0	0	0
00.000,00.000	4.5	0	-200	0	4.5	39.7924	33.2832	6.50914	0	0	0	0	0	0	0	0	0	0	0	0	0	0	0	0	0	0
00.000,00.000	4.6	0	-200	0	4.5	40.1056	33.3094	6.79618	0	0	0	0	0	0	0	0	0	0	0	0	0	0	0	0	0	0
00.000,00.000	4.7	0	-200	0	4.5	40.4139	33.3321	7.08178	0	0	0	0	0	0	0	0	0	0	0	0	0	0	0	0	0	0
00.000,00.000	4.8	0	-200	0	4.5	40.7183	33.3524	7.36596	0	0	0	0	0	0	0	0	0	0	0	0	0	0	0	0	0	0
00.000,00.000	4.9	0	-200	0	4.5	41.0197	33.3709	7.64881	0	0	0	0	0	0	0	0	0	0	0	0	0	0	0	0	0	0
00.000,00.000	5	0	-200	0	4.5	41.3183	33.3879	7.93039	0	0	0	0	0	0	0	0	0	0	0	0	0	0	0	0	0	0
00.000,00.000	5.1	0	-200	0	4.5	41.6183	33.4074	8.21094	0	0	0	0	0	0	0	0	0	0	0	0	0	0	0	0	0	0
00.000,00.000	5.2	0	-200	0	4.5	41.9232	33.4325	8.49066	0	0	0	0	0	0	0	0	0	0	0	0	0	0	0	0	0	0
00.000,00.000	5.3	0	-200	0	4.5	42.2341	33.4643	8.76978	0	0	0	0	0	0	0	0	0	0	0	0	0	0	0	0	0	0
00.000,00.000	5.4	0	-200	0	4.5	42.5515	33.5029	9.04862	0	0	0	0	0	0	0	0	0	0	0	0	0	0	0	0	0	0
00.000,00.000	5.5	0	-200	0	4.5	42.8741	33.547	9.32705	0	0	0	0	0	0	0	0	0	0	0	0	0	0	0	0	0	0
00.000,00.000	5.6	0	-200	0	4.5	43.2029	33.5975	9.6054	0	0	0	0	0	0	0	0	0	0	0	0	0	0	0	0	0	0
00.000,00.000	5.7	0	-200	0	4.5	43.5385	33.6551	9.88346	0	0	0	0	0	0	0	0	0	0	0	0	0	0	0	0	0	0
00.000,00.000	5.8	0	-200	0	4.5	43.8803	33.7193	10.161	0	0	0	0	0	0	0	0	0	0	0	0	0	0	0	0	0	0
00.000,00.000	5.9	0	-200	0	4.5	44.2294	33.791	10.4384	0	0	0	0	0	0	0	0	0	0	0	0	0	0	0	0	0	0
00.000,00.000	6	0	-200	0	4.5	44.5867	33.8713	10.6303	0.0850741	0	0	0	0	0	0	0	0	0	0	0	0	0	0	0	0	0
00.000,00.000	6.1	0	-200	0	4.5	44.9516	33.9599	10.6318	0.359932	0	0	0	0	0	0	0	0	0	0	0	0	0	0	0	0	0
00.000,00.000	6.2	0	-200	0	4.5	45.0505	34.0586	10.632	0.359932	0	0	0	0	0	0	0	0	0	0	0	0	0	0	0	0	0
00.000,00.000	6.3	0	-200	0	4.5	45.1609	34.1674	10.6336	0.359932	0	0	0	0	0	0	0	0	0	0	0	0	0	0	0	0	0
00.000,00.000	6.4	0	-200	0	4.5	45.2863	34.2891	10.6373	0.359932	0	0	0	0	0	0	0	0	0	0	0	0	0	0	0	0	0
00.000,00.000	6.5	0	-200	0	4.5	45.4306	34.4275	10.6432	0.359932	0	0	0	0	0	0	0	0	0	0	0	0	0	0	0	0	0
00.000,00.000	6.6	0	-200	0	4.5	45.5993	34.5874	10.652	0.359932	0	0	0	0	0	0	0	0	0	0	0	0	0	0	0	0	0
00.000,00.000	6.7	0	-200	0	4.5	45.8006	34.7772	10.6634	0.359932	0	0	0	0	0	0	0	0	0	0	0	0	0	0	0	0	0
00.000,00.000	6.8	0	-200	0	4.5	46.0338	34.9949	10.679	0.359932	0	0	0	0	0	0	0	0	0	0	0	0	0	0	0	0	0
00.000,00.000	6.9	0	-200	0	4.5	46.3142	35.2554	10.6989	0.359932	0	0	0	0	0	0	0	0	0	0	0	0	0	0	0	0	0
00.000,00.000	7	0	-200	0	4.5	46.6475	35.5637	10.7239	0.359932	0	0	0	0	0	0	0	0	0	0	0	0	0	0	0	0	0
00.000,00.000	7.1	0	-200	0	4.5	47.0394	35.9244	10.7551	0.359932	0	0	0	0	0	0	0	0	0	0	0	0	0	0	0	0	0
00.000,00.000	7.2	0	-200	0	4.5	47.5021	36.35	10.7922	0.359932	0	0	0	0	0	0	0	0	0	0	0	0	0	0	0	0	0
00.000,00.000	7.3	0	-200	0	4.5	48.0349	36.84	10.8349	0.359932	0	0	0	0	0	0	0	0	0	0	0	0	0	0	0	0	0
00.000,00.000	7.4	0	-200	0	4.5	48.6437	37.3994	10.8844	0.359932	0	0	0	0	0	0	0	0	0	0	0	0	0	0	0	0	0
00.000,00.000	7.5	0	-200	0	4.5	49.3118	38.0119	10.94	0.359932	0	0	0	0	0	0	0	0	0	0	0	0	0	0	0	0	0
00.000,00.000	7.6	0	-200	0	4.5	50.0542	38.6917	11.0026	0.359932	0	0	0	0	0	0	0	0	0	0	0	0	0	0	0	0	0
00.000,00.000	7.7	0	-200	0	4.5	50.8767	39.4456	11.0711	0.359932	0	0	0	0	0	0	0	0	0	0	0	0	0	0	0	0	0
00.000,00.000	7.8	0	-200	0	4.5	51.7718	40.2655	11.1464	0.359932	0	0	0	0	0	0	0	0	0	0	0	0	0	0	0	0	0
00.000,00.000	7.9	0	-200	0	4.5	52.7666	41.1777	11.2289	0.359932	0	0	0	0	0	0	0	0	0	0	0	0	0	0	0	0	0
00.000,00.000	8	0	-200	0	4.5	53.8534	42.1754	11.3181	0.359932	0	0	0	0	0	0	0	0	0	0	0	0	0	0	0	0	0
00.000,00.000	8.1	0	-200	0	4.5	55.0392	43.2644	11.4149	0.359932	0	0	0	0	0	0	0	0	0	0	0	0	0	0	0	0	0
00.000,00.000	8.2	0	-200	0	4.5	56.3607	44.4809	11.5199	0.359932	0	0	0	0	0	0	0	0	0	0	0	0	0	0	0	0	0
00.000,00.000	8.3	0	-200	0	4.5	57.8274	45.8326	11.6348	0.359932	0	0	0	0	0	0	0	0	0	0	0	0	0	0	0	0	0
00.000,00.000	8.4	0	-200	0	4.5	59.4115	47.2923	11.7593	0.359932	0	0	0	0	0	0	0	0	0	0	0	0	0	0	0	0	0
00.000,00.000	8.5	0	-200	0	4.5	61.0606	48.8079	11.8928	0.359932	0	0	0	0	0	0	0	0	0	0	0	0	0	0	0	0	0
00.000,00.000	8.6	0	-200	0	4.5	62.7836	50.3878	12.0358	0.359932	0	0	0	0	0	0	0	0	0	0	0	0	0	0	0	0	0
00.000,00.000	8.7	0	-200	0	4.5	64.5774	52.0295	12.188	0.359932	0	0	0	0	0	0	0	0	0	0	0	0	0	0	0	0	0
00.000,00.000	8.8	0	-200	0	4.5	66.4536	53.7439	12.3498	0.359932	0	0	0	0	0	0	0	0	0	0	0	0	0	0	0	0	0
00.000,00.000	8.9	0	-200	0	4.5	68.4619	55.5798	12.5221	0.359932	0	0	0	0	0	0	0	0	0	0	0	0	0	0	0	0	0
00.000,00.000	9	0	-200	0	4.5	70.5972	57.5315	12.7057	0.359932	0	0	0	0	0	0	0	0	0	0	0	0	0	0	0	0	0
00.000,00.000	9.1	0	-200	0	4.5	72.8675	59.6049	12.9027	0.359932	0	0	0	0	0	0	0	0	0	0	0	0	0	0	0	0	0
00.000,00.000	9.2	0	-200	0	4.5	75.2687	61.7949	13.1138	0.359932	0	0	0	0	0	0	0	0	0	0	0	0	0	0	0	0	0
00.000,00.000	9.3	0	-200	0	4.5	77.7986	64.0992	13.3395	0.359932	0	0	0	0	0	0	0	0	0	0	0	0	0	0	0	0	0
00.000,00.000	9.4	0	-200	0	4.5	80.4403	66.5004	13.58	0.359932	0	0	0	0	0	0	0	0	0	0	0	0	0	0	0	0	0
00.000,00.000	9.5	0	-200	0	4.5	83.1315	68.9391	13.8324	0.359932	0	0	0	0	0	0	0	0	0	0	0	0	0	0	0	0	0
00.000,00.000	9.6	0	-200	0	4.5	85.8813	71.4236	14.0977	0.359932	0	0	0	0	0	0	0	0	0	0	0	0	0	0	0	0	0
00.000,00.000	9.7	0	-200	0	4.5	88.7004	73.9658	14.3746	0.359932	0	0	0	0	0	0	0	0	0	0	0	0	0	0	0	0	0
00.000,00.000	9.8	0	-200	0	4.5	91.6177	76.5933	14.6645	0.359932	0	0	0	0	0	0	0	0	0	0	0	0	0	0	0	0	0
00.000,00.000	9.9	0	-200	0	4.5	94.7203	79.3909	14.9695	0.359932	0	0	0	0	0	0	0	0	0	0	0	0	0	0	0	0	0
00.000,00.000	10	0	-200	0	4.5	97.9995	82.3469	15.2927	0.359932	0	0	0	0	0	0	0	0	0	0	0	0	0	0	0	0	0
00.000,00.000	10.1	0	-200	0	4.5	101.455	85.4598	15.6355	0.359932	0	0	0	0	0	0	0	0	0	0	0	0	0	0	0	0	0
00.000,00.000	10.2	0	-200	0	4.5	105.059	88.7013	15.9975	0.360119	0	0	0	0	0	0	0	0	0	0	0	0	0	0	0	0	0
00.000,00.000	10.3	0	-200	0	4.5	108.827	92.0869	16.379	0.361171	0	0	0	0	0	0	0	0	0	0	0	0	0	0	0	0	0
00.000,00.000	10.4	0	-200	0	4.5	112.736	95.5935	16.7793	0.362798	0	0	0	0	0	0	0	0	0	0	0	0	0	0	0	0	0
00.000,00.000	10.5	0	-200	0	4.5	116.705	99.145	17.1949	0.365	0	0	0	0	0	0	0	0	0	0	0	0	0	0	0	0	0
00.000,00.000	10.6	0	-200	0	4.5	120.749	102.757	17.625	0.36778	0	0	0	0	0	0	0	0	0	0	0	0	0	0	0	0	0
00.000,00.000	10.7	0	-200	0	4.5	124.884	106.444	18.0687	0.371128	0	0	0	0	0	0	0	0	0	0	0	0	0	0	0	0	0
00.000,00.000	10.8	0	-200	0	4.5	129.146	110.251	18.5196	0.375039	0	0	0	0	0	0	0	0	0	0	0	0	0	0	0	0	0
00.000,00.000	10.9	0	-200	0	4.5	133.619	114.309	18.9313	0.379514	0	0	0	0	0	0	0	0	0	0	0	0	0	0	0	0	0
00.000,00.000	11	0	-200	0	4.5	138.295	118.548	19.3621	0.384552	0	0	0	0	0	0	0	0	0	0	0	0	0	0	0	0	0
00.000,00.000	11.1	0	-200	0	4.5	143.173	122.972	19.8117	0.390164	0	0	0	0	0	0	0	0	0	0	0	0	0	0	0	0	0
00.000,00.000	11.2	0	-200	0	4.5	148.306	127.617	20.2923	0.396255	0	0	0	0	0	0	0	0	0	0	0	0	0	0	0	0	0
00.000,00.000	11.3	0	-200	0	4.5	153.656	132.451	20.8021	0.402717	0	0	0	0	0	0	0	0	0	0	0	0	0	0	0	0	0
00.000,00.000	11.4	0	-200	0	4.5	159.169	137.428	21.3314	0.409555	0	0	0	0	0	0	0	0	0	0	0	0	0	0	0	0	0
00.000,00.000	11.5	0	-200	0	4.5	164.712	142.42	21.8751	0.416738	0	0	0	0	0	0	0	0	0	0	0	0	0	0	0	0	0
00.000,00.000	11.6	0	-200	0	4.5	170.307	147.45	22.4318	0.424253	0	0	0	0	0	0	0	0	0	0	0	0	0	0	0	0	0
00.000,00.000	11.7	0	-200	0	4.5	175.984	152.551	23.0007	0.432065	0	0	0	0	0	0	0	0	0	0	0	0	0	0	0	0	0
00.000,00.000	11.8	0	-200	0	4.5	181.818	157.795	23.5829	0.440168	0	0	0	0	0	0	0	0	0	0	0	0	0	0	0	0	0
00.000,00.000	11.9	0	-200	0	4.5	187.957	163.326	24.1822	0.448577	0	0	0	0	0	0	0	0	0	0	0	0	0	0	0	0	0
00.000,00.000	12	0	-200	0	4.5	194.354	169.094	24.8026	0.457324	0	0	0	0	0	0	0	0	0	0	0	0	0	0	0	0	0
00.000,00.000	12.1	0	-200	0	4.5	200.983	175.068	25.4484	0.466492	0	0	0	0	0	0	0	0	0	0	0	0	0	0	0	0	0
00.000,00.000	12.2	0	-200	0	4.5	207.646	181.055	26.1152	0.476089	0	0	0	0	0	0	0	0	0	0	0	0	0	0	0	0	0
00.000,00.000	12.3	0	-200	0	4.5	214.292	187.015	26.7912	0.485927	0	0	0	0	0	0	0	0	0	0	0	0	0	0	0	0	0
00.000,00.000	12.4	0	-200	0	4.5	220.985	193.007	27.4816	0.496075	0	0	0	0	0	0	0	0	0	0	0	0	0	0	0	0	0
00.000,00.000	12.5	0	-200	0	4.5	227.684	198.987	28.1913	0.505472	0	0	0	0	0	0	0	0	0	0	0	0	0	0	0	0	0
00.000,00.000	12.6	0	-200	0	4.5	234.323	204.75	29.0708	0.50174	0	0	0	0	0	0	0	0	0	0	0	0	0	0	0	0	0
00.000,00.000	12.7	0	-200	0	4.5	240.951	210.31	30.1396	0.501228	0	0	0	0	0	0	0	0	0	0	0	0	0	0	0	0	0
00.000,00.000	12.8	0	-200	0	4.5	247.626	215.751	31.3732	0.501046	0	0	0	0	0	0	0	0	0	0	0	0	0	0	0	0	0
00.000,00.000	12.9	0	-200	0	4.5	254.391	221.143	32.747	0.500876	0	0	0	0	0	0	0	0	0	0	0	0	0	0	0	0	0
00.000,00.000	13	0	-200	0	4.5	261.345	226.73	34.1132	0.501703	0	0	0	0	0	0	0	0	0	0	0	0	0	0	0	0	0
00.000,00.000	13.1	0	-200	0	4.5	268.448	232.268	35.6779	0.502448	0	0	0	0	0	0	0	0	0	0	0	0	0	0	0	0	0
00.000,00.000	13.2	0	-200	0	4.5	275.708	237.856	37.3493	0.502888	0	0	0	0	0	0	0	0	0	0	0	0	0	0	0	0	0
00.000,00.000	13.3	0	-200	0	4.5	283.151	243.595	39.0527	0.503313	0	0	0	0	0	0	0	0	0	0	0	0	0	0	0	0	0
00.000,00.000	13.4	0	-200	0	4.5	290.702	249.413	40.7856	0.502681	0	0	0	0	0	0	0	0	0	0	0	0	0	0	0	0	0
00.000,00.000	13.5	0	-200	0	4.5	298.256	255.207	42.5465	0.502105	0	0	0	0	0	0	0	0	0	0	0	0	0	0	0	0	0
00.000,00.000	13.6	0	-200	0	4.5	305.693	260.89	44.2999	0.502716	0	0	0	0	0	0	0	0	0	0	0	0	0	0	0	0	0
00.000,00.000	13.7	0	-200	0	4.5	313.069	266.51	46.0562	0.503304	0	0	0	0	0	0	0	0	0	0	0	0	0	0	0	0	0
00.000,00.000	13.8	0	-200	0	4.5	320.462	272.135	47.8222	0.504648	0	0	0	0	0	0	0	0	0	0	0	0	0	0	0	0	0
00.000,00.000	13.9	0	-200	0	4.5	327.927	277.833	49.5878	0.505911	0	0	0	0	0	0	0	0	0	0	0	0	0	0	0	0	0
00.000,00.000	14	0	-200	0	4.5	335.51	283.635	51.3352	0.5401	0	0	0	0	0	0	0	0	0	0	0	0	0	0	0	0	0
00.000,00.000	14.1	0	-200	0	4.5	343.116	289.45	53.0687	0.596518	0	0	0	0	0	0	0	0	0	0	0	0	0	0	0	0	0
00.000,00.000	14.2	0	-200	0	4.5	350.661	295.189	54.8172	0.654786	0	0	0	0	0	0	0	0	0	0	0	0	0	0	0	0	0
00.000,00.000	14.3	0	-200	0	4.5	358.153	300.863	56.5759	0.71405	0	0	0	0	0	0	0	0	0	0	0	0	0	0	0	0	0
00.000,00.000	14.4	0	-200	0	4.5	365.576	306.462	58.3386	0.775894	0	0	0	0	0	0	0	0	0	0	0	0	0	0	0	0	0
00.000,00.000	14.5	0	-200	0	4.5	372.84	311.888	60.1127	0.838852	0	0	0	0	0	0	0	0	0	0	0	0	0	0	0	0	0
00.000,00.000	14.6	0	-200	0	4.5	379.858	317.084	61.8713	0.902607	0	0	0	0	0	0	0	0	0	0	0	0	0	0	0	0	0
00.000,00.000	14.7	0	-200	0	4.5	386.679	322.091	63.6202	0.967039	0	0	0	0	0	0	0	0	0	0	0	0	0	0	0	0	0
00.000,00.000	14.8	0	-200	0	4.5	393.305	326.912	65.3633	1.02924	0	0	0	0	0	0	0	0	0	0	0	0	0	0	0	0	0
00.000,00.000	14.9	0	-200	0	4.5	399.817	331.632	67.0925	1.09243	0	0	0	0	0	0	0	0	0	0	0	0	0	0	0	0	0
00.000,00.000	15	0	-200	0	4.5	406.261	336.281	68.8237	1.15677	0	0	0	0	0	0	0	0	0	0	0	0	0	0	0	0	0
00.000,00.000	15.1	0	-200	0	4.5	412.65	340.875	70.552	1.22271	0	0	0	0	0	0	0	0	0	0	0	0	0	0	0	0	0
00.000,00.000	15.2	0	-200	0	4.5	418.965	345.398	72.2759	1.29033	0	0	0	0	0	0	0	0	0	0	0	0	0	0	0	0	0
00.000,00.000	15.3	0	-200	0	4.5	425.12	349.709	74.0517	1.35924	0	0	0	0	0	0	0	0	0	0	0	0	0	0	0	0	0
00.000,00.000	15.4	0	-200	0	4.5	431.091	353.823	75.8407	1.42794	0	0	0	0	0	0	0	0	0	0	0	0	0	0	0	0	0
00.000,00.000	15.5	0	-200	0	4.5	436.877	357.755	77.6237	1.49832	0	0	0	0	0	0	0	0	0	0	0	0	0	0	0	0	0
00.000,00.000	15.6	0	-200	0	4.5	443.956	362.535	79.8346	1.58708	0	0	0	0	0	0	0	0	0	0	0	0	0	0	0	0	0
00.000,00.000	15.7	0	-200	0	4.5	450.019	366.631	81.4613	1.92675	0	0	0	0	0	0	0	0	0	0	0	0	0	0	0	0	0
00.000,00.000	15.8	0	-200	0	4.5	454.142	369.565	82.5948	1.98265	0	0	0	0	0	0	0	0	0	0	0	0	0	0	0	0	0
00.000,00.000	15.9	0	-200	0	4.5	459.602	373.433	84.0944	2.07455	0	0	0	0	0	0	0	0	0	0	0	0	0	0	0	0	0
00.000,00.000	16	0	-200	0	4.5	464.747	377.083	85.5088	2.15479	0	0	0	0	0	0	0	0	0	0	0	0	0	0	0	0	0
00.000,00.000	16.1	0	-200	0	4.5	469.367	380.528	86.6069	2.23278	0	0	0	0	0	0	0	0	0	0	0	0	0	0	0	0	0
00.000,00.000	16.2	0	-200	0	4.5	473.918	383.945	87.4967	2.47694	0	0	0	0	0	0	0	0	0	0	0	0	0	0	0	0	0
00.000,00.000	16.3	0	-200	0	4.5	478.399	387.328	88.2211	2.85072	0	0	0	0	0	0	0	0	0	0	0	0	0	0	0	0	0
00.000,00.000	16.4	0	-200	0	4.5	482.824	390.667	88.9318	3.2254	0	0	0	0	0	0	0	0	0	0	0	0	0	0	0	0	0
00.000,00.000	16.5	0	-200	0	4.5	487.932	394.504	89.7564	3.67109	0	0	0	0	0	0	0	0	0	0	0	0	0	0	0	0	0
00.000,00.000	16.6	0	-200	0	4.5	493.999	399.038	90.7423	4.21839	0	0	0	0	0	0	0	0	0	0	0	0	0	0	0	0	0
00.000,00.000	16.7	0	-200	0	4.5	496.577	400.957	91.1629	4.45667	0	0	0	0	0	0	0	0	0	0	0	0	0	0	0	0	0
00.000,00.000	16.8	0	-200	0	4.5	498.49	402.368	91.4817	4.64006	0	0	0	0	0	0	0	0	0	0	0	0	0	0	0	0	0
00.000,00.000	16.9	0	-200	0	4.5	502.355	405.231	92.1137	5.01031	0	0	0	0	0	0	0	0	0	0	0	0	0	0	0	0	0
00.000,00.000	17	0	-200	0	4.5	506.843	408.555	92.8457	5.44221	0	0	0	0	0	0	0	0	0	0	0	0	0	0	0	0	0
00.000,00.000	17.1	0	-200	0	4.5	510.807	411.49	93.4918	5.82477	0	0	0	0	0	0	0	0	0	0	0	0	0	0	0	0	0
00.000,00.000	17.2	0	-200	0	4.5	514.618	414.319	94.1088	6.18989	0	0	0	0	0	0	0	0	0	0	0	0	0	0	0	0	0
00.000,00.000	17.3	0	-200	0	4.5	518.432	417.155	94.7249	6.55261	0	0	0	0	0	0	0	0	0	0	0	0	0	0	0	0	0
00.000,00.000	17.4	0	-200	0	4.5	522.223	419.975	95.344	6.90448	0	0	0	0	0	0	0	0	0	0	0	0	0	0	0	0	0
00.000,00.000	17.5	0	-200	0	4.5	527.659	424.052	96.2751	7.33156	0	0	0	0	0	0	0	0	0	0	0	0	0	0	0	0	0
00.000,00.000	17.6	0	-200	0	4.5	532.802	427.874	97.1877	7.74063	0	0	0	0	0	0	0	0	0	0	0	0	0	0	0	0	0
00.000,00.000	17.7	0	-200	0	4.5	534.518	429.141	97.4983	7.87898	0	0	0	0	0	0	0	0	0	0	0	0	0	0	0	0	0
00.000,00.000	17.8	0	-200	0	4.5	535.49	429.847	97.6822	7.96017	0	0	0	0	0	0	0	0	0	0	0	0	0	0	0	0	0
00.000,00.000	17.9	0	-200	0	4.5	538.402	432.001	98.2126	8.18765	0	0	0	0	0	0	0	0	0	0	0	0	0	0	0	0	0
00.000,00.000	18	0	-200	0	4.5	543.105	435.471	99.0848	8.5493	0	0	0	0	0	0	0	0	0	0	0	0	0	0	0	0	0
00.000,00.000	18.1	0	-200	0	4.5	547.17	438.422	99.843	8.90533	0	0	0	0	0	0	0	0	0	0	0	0	0	0	0	0	0
00.000,00.000	18.2	0	-200	0	4.5	551.008	441.193	100.582	9.23346	0	0	0	0	0	0	0	0	0	0	0	0	0	0	0	0	0
00.000,00.000	18.3	0	-200	0	4.5	554.938	444.022	101.356	9.55974	0	0	0	0	0	0	0	0	0	0	0	0	0	0	0	0	0
00.000,00.000	18.4	0	-200	0	4.5	558.958	446.898	102.164	9.8963	0	0	0	0	0	0	0	0	0	0	0	0	0	0	0	0	0
00.000,00.000	18.5	0	-200	0	4.5	565.682	451.656	103.555	10.471	0	0	0	0	0	0	0	0	0	0	0	0	0	0	0	0	0
00.000,00.000	18.6	0	-200	0	4.5	571.669	455.843	104.844	10.981	0	0	0	0	0	0	0	0	0	0	0	0	0	0	0	0	0
00.000,00.000	18.7	0	-200	0	4.5	573.093	456.834	105.156	11.103	0	0	0	0	0	0	0	0	0	0	0	0	0	0	0	0	0
00.000,00.000	18.8	0	-200	0	4.5	573.839	457.349	105.326	11.1639	0	0	0	0	0	0	0	0	0	0	0	0	0	0	0	0	0
00.000,00.000	18.9	0	-200	0	4.5	578.017	460.274	106.262	11.4818	0	0	0	0	0	0	0	0	0	0	0	0	0	0	0	0	0
00.000,00.000	19	0	-200	0	4.5	583.972	464.432	107.615	11.925	0	0	0	0	0	0	0	0	0	0	0	0	0	0	0	0	0
00.000,00.000	19.1	0	-200	0	4.5	589.074	467.965	108.796	12.3141	0	0	0	0	0	0	0	0	0	0	0	0	0	0	0	0	0
00.000,00.000	19.2	0	-200	0	4.5	593.916	471.292	109.952	12.6719	0	0	0	0	0	0	0	0	0	0	0	0	0	0	0	0	0
00.000,00.000	19.3	0	-200	0	4.5	598.867	474.672	111.168	13.0269	0	0	0	0	0	0	0	0	0	0	0	0	0	0	0	0	0
00.000,00.000	19.4	0	-200	0	4.5	603.931	478.103	112.448	13.3807	0	0	0	0	0	0	0	0	0	0	0	0	0	0	0	0	0
00.000,00.000	19.5	0	-200	0	4.5	609.056	481.533	113.789	13.7339	0	0	0	0	0	0	0	0	0	0	0	0	0	0	0	0	0
00.000,00.000	19.6	0	-200	0	4.5	618.34	487.616	116.343	14.38	0	0	0	0	0	0	0	0	0	0	0	0	0	0	0	0	0
00.000,00.000	19.7	0	-200	0	4.5	627.169	493.34	118.839	14.7074	0.282969	0	0	0	0	0	0	0	0	0	0	0	0	0	0	0	0
00.000,00.000	19.8	0	-200	0	4.5	628.501	494.204	119.215	14.7054	0.376673	0	0	0	0	0	0	0	0	0	0	0	0	0	0	0	0
00.000,00.000	19.9	0	-200	0	4.5	633.041	497.146	120.528	14.7673	0.600042	0	0	0	0	0	0	0	0	0	0	0	0	0	0	0	0
00.000,00.000	20	0	-200	0	4.5	641.594	502.515	123.202	14.86	1.01744	0	0	0	0	0	0	0	0	0	0	0	0	0	0	0	0
00.000,00.000	20.1	0	-200	0	4.5	648.181	506.097	125.825	14.9277	1.3311	0	0	0	0	0	0	0	0	0	0	0	0	0	0	0	0
00.000,00.000	20.2	0	-200	0	4.5	654.039	509.262	128.19	14.9863	1.60144	0	0	0	0	0	0	0	0	0	0	0	0	0	0	0	0
00.000,00.000	20.3	0	-200	0	4.5	660.027	512.484	130.628	15.0451	1.87006	0	0	0	0	0	0	0	0	0	0	0	0	0	0	0	0
00.000,00.000	20.4	0	-200	0	4.5	665.965	515.524	133.395	15.1055	1.94008	0	0	0	0	0	0	0	0	0	0	0	0	0	0	0	0
00.000,00.000	20.5	0	-200	0	4.5	671.701	518.337	136.245	15.1691	1.94928	0	0	0	0	0	0	0	0	0	0	0	0	0	0	0	0
00.000,00.000	20.6	0	-200	0	4.5	680.311	522.486	140.601	15.2754	1.94928	0	0	0	0	0	0	0	0	0	0	0	0	0	0	0	0
00.000,00.000	20.7	0	-200	0	4.5	698.8	531.072	150.252	15.5269	1.94928	0	0	0	0	0	0	0	0	0	0	0	0	0	0	0	0
00.000,00.000	20.8	0	-200	0	4.5	702.302	532.763	152.013	15.5766	1.94928	0	0	0	0	0	0	0	0	0	0	0	0	0	0	0	0
00.000,00.000	20.9	0	-200	0	4.5	702.83	533.02	152.274	15.5868	1.94928	0	0	0	0	0	0	0	0	0	0	0	0	0	0	0	0
00.000,00.000	21	0	-200	0	4.5	715.319	539.251	158.279	15.8396	1.94928	0	0	0	0	0	0	0	0	0	0	0	0	0	0	0	0
00.000,00.000	21.1	0	-200	0	4.5	724.036	543.598	162.454	16.035	1.94928	0	0	0	0	0	0	0	0	0	0	0	0	0	0	0	0
00.000,00.000	21.2	0	-200	0	4.5	730.59	546.88	165.573	16.1879	1.94928	0	0	0	0	0	0	0	0	0	0	0	0	0	0	0	0
00.000,00.000	21.3	0	-200	0	4.5	737.354	550.291	168.761	16.3532	1.94928	0	0	0	0	0	0	0	0	0	0	0	0	0	0	0	0
00.000,00.000	21.4	0	-200	0	4.5	744.325	553.815	172.028	16.5324	1.94928	0	0	0	0	0	0	0	0	0	0	0	0	0	0	0	0
00.000,00.000	21.5	0	-200	0	4.5	751.447	557.4	175.37	16.7273	1.94928	0	0	0	0	0	0	0	0	0	0	0	0	0	0	0	0
00.000,00.000	21.6	0	-200	0	4.5	760.58	561.788	179.837	17.0053	1.94928	0	0	0	0	0	0	0	0	0	0	0	0	0	0	0	0
00.000,00.000	21.7	0	-200	0	4.5	780.818	571.258	189.94	17.6703	1.94928	0	0	0	0	0	0	0	0	0	0	0	0	0	0	0	0
00.000,00.000	21.8	0	-200	0	4.5	784.795	573.14	191.895	17.8101	1.94928	0	0	0	0	0	0	0	0	0	0	0	0	0	0	0	0
00.000,00.000	21.9	0	-200	0	4.5	785.302	573.4	192.124	17.8285	1.94928	0	0	0	0	0	0	0	0	0	0	0	0	0	0	0	0
00.000,00.000	22	0	-200	0	4.5	800.907	581.944	198.592	18.421	1.94928	0	0	0	0	0	0	0	0	0	0	0	0	0	0	0	0
00.000,00.000	22.1	0	-200	0	4.5	811.229	587.66	202.777	18.8423	1.94928	0	0	0	0	0	0	0	0	0	0	0	0	0	0	0	0
00.000,00.000	22.2	0	-200	0	4.5	818.733	591.852	205.773	19.1583	1.94928	0	0	0	0	0	0	0	0	0	0	0	0	0	0	0	0
00.000,00.000	22.3	0	-200	0	4.5	826.56	596.236	208.875	19.4991	1.94928	0	0	0	0	0	0	0	0	0	0	0	0	0	0	0	0
00.000,00.000	22.4	0	-200	0	4.5	834.539	600.701	212.031	19.8578	1.94928	0	0	0	0	0	0	0	0	0	0	0	0	0	0	0	0
00.000,00.000	22.5	0	-200	0	4.5	842.636	605.183	215.262	20.2419	1.94928	0	0	0	0	0	0	0	0	0	0	0	0	0	0	0	0
00.000,00.000	22.6	0	-200	0	4.5	851.43	609.814	218.963	20.7032	1.94928	0	0	0	0	0	0	0	0	0	0	0	0	0	0	0	0
00.000,00.000	22.7	0	-200	0	4.5	885.831	625.837	235.173	22.8709	1.94928	0	0	0	0	0	0	0	0	0	0	0	0	0	0	0	0
00.000,00.000	22.8	0	-200	0	4.5	893.046	629.49	238.28	23.326	1.94941	0	0	0	0	0	0	0	0	0	0	0	0	0	0	0	0
00.000,00.000	22.9	0	-200	0	4.5	893.404	629.694	238.415	23.3454	1.94956	0	0	0	0	0	0	0	0	0	0	0	0	0	0	0	0
00.000,00.000	23	0	-200	0	4.5	923.437	645.92	250.398	25.1494	1.96824	0	0	0	0	0	0	0	0	0	0	0	0	0	0	0	0
00.000,00.000	23.1	0	-200	0	4.5	939.02	654.415	256.548	26.0738	1.98337	0	0	0	0	0	0	0	0	0	0	0	0	0	0	0	0
00.000,00.000	23.2	0	-200	0	4.5	947.722	659.138	259.956	26.6279	2.00046	0	0	0	0	0	0	0	0	0	0	0	0	0	0	0	0
00.000,00.000	23.3	0	-200	0	4.5	956.797	663.992	263.566	27.2171	2.02264	0	0	0	0	0	0	0	0	0	0	0	0	0	0	0	0
00.000,00.000	23.4	0	-200	0	4.5	966.064	668.894	267.284	27.8344	2.05197	0	0	0	0	0	0	0	0	0	0	0	0	0	0	0	0
00.000,00.000	23.5	0	-200	0	4.5	975.259	673.62	271.071	28.4771	2.0904	0	0	0	0	0	0	0	0	0	0	0	0	0	0	0	0
00.000,00.000	23.6	0	-200	0	4.5	985.624	678.548	275.651	29.2792	2.14607	0	0	0	0	0	0	0	0	0	0	0	0	0	0	0	0
00.000,00.000	23.7	0	-200	0	4.5	1027.69	695.978	296.2	33.0726	2.43594	0	0	0	0	0	0	0	0	0	0	0	0	0	0	0	0
00.000,00.000	23.8	0	-200	0	4.5	1036.46	699.81	300.299	33.8579	2.48899	0	0	0	0	0	0	0	0	0	0	0	0	0	0	0	0
00.000,00.000	23.9	0	-200	0	4.5	1039.86	701.215	301.963	34.1655	2.51497	0	0	0	0	0	0	0	0	0	0	0	0	0	0	0	0
00.000,00.000	24	0	-200	0	4.5	1042.96	702.607	303.371	34.4422	2.53871	0	0	0	0	0	0	0	0	0	0	0	0	0	0	0	0
00.000,00.000	24.1	0	-200	0	4.5	1059.53	709.928	310.994	35.9325	2.67565	0	0	0	0	0	0	0	0	0	0	0	0	0	0	0	0
00.000,00.000	24.2	0	-200	0	4.5	1070.61	714.378	316.494	36.9769	2.76493	0	0	0	0	0	0	0	0	0	0	0	0	0	0	0	0
00.000,00.000	24.3	0	-200	0	4.5	1079.32	717.935	320.762	37.7845	2.83907	0	0	0	0	0	0	0	0	0	0	0	0	0	0	0	0
00.000,00.000	24.4	0	-200	0	4.5	1088.32	721.619	325.153	38.6339	2.91818	0	0	0	0	0	0	0	0	0	0	0	0	0	0	0	0
00.000,00.000	24.5	0	-200	0	4.5	1097.37	725.229	329.621	39.5144	3.00082	0	0	0	0	0	0	0	0	0	0	0	0	0	0	0	0
00.000,00.000	24.6	0	-200	0	4.5	1126.23	733.975	345.8	43.1143	3.3365	0	0	0	0	0	0	0	0	0	0	0	0	0	0	0	0
00.000,00.000	24.7	0	-200	0	4.5	1137.88	738.573	351.454	44.4111	3.44343	0	0	0	0	0	0	0	0	0	0	0	0	0	0	0	0
00.000,00.000	24.8	0	-200	0	4.5	1138.31	738.704	351.688	44.4652	3.44784	0	0	0	0	0	0	0	0	0	0	0	0	0	0	0	0
00.000,00.000	24.9	0	-200	0	4.5	1141.58	739.69	353.518	44.8919	3.47893	0	0	0	0	0	0	0	0	0	0	0	0	0	0	0	0
00.000,00.000	25	0	-200	0	4.5	1151.34	743.947	357.899	45.9292	3.56317	0	0	0	0	0	0	0	0	0	0	0	0	0	0	0	0
00.000,00.000	25.1	0	-200	0	4.5	1166.35	750.002	365.002	47.6307	3.7183	0	0	0	0	0	0	0	0	0	0	0	0	0	0	0	0
00.000,00.000	25.2	0	-200	0	4.5	1176.11	753.868	369.712	48.7273	3.80712	0	0	0	0	0	0	0	0	0	0	0	0	0	0	0	0
00.000,00.000	25.3	0	-200	0	4.5	1185.17	757.779	373.797	49.7069	3.89125	0	0	0	0	0	0	0	0	0	0	0	0	0	0	0	0
00.000,00.000	25.4	0	-200	0	4.5	1194.85	762.019	378.096	50.7553	3.98083	0	0	0	0	0	0	0	0	0	0	0	0	0	0	0	0
00.000,00.000	25.5	0	-200	0	4.5	1204.1	765.593	382.542	51.8872	4.07791	0	0	0	0	0	0	0	0	0	0	0	0	0	0	0	0
00.000,00.000	25.6	0	-200	0	4.5	1240.57	780.308	399.157	56.6324	4.47266	0	0	0	0	0	0	0	0	0	0	0	0	0	0	0	0
00.000,00.000	25.7	0	-200	0	4.5	1246.97	782.66	402.187	57.5904	4.53003	0	0	0	0	0	0	0	0	0	0	0	0	0	0	0	0
00.000,00.000	25.8	0	-200	0	4.5	1262.06	789.783	408.143	59.4534	4.68169	0	0	0	0	0	0	0	0	0	0	0	0	0	0	0	0
00.000,00.000	25.9	0	-200	0	4.5	1264.4	790.779	409.129	59.7972	4.69925	0	0	0	0	0	0	0	0	0	0	0	0	0	0	0	0
00.000,00.000	26	0	-200	0	4.5	1303.88	810.779	423.594	64.4458	5.05819	0	0	0	0	0	0	0	0	0	0	0	0	0	0	0	0
00.000,00.000	26.1	0	-200	0	4.5	1323.27	820.326	430.765	66.9526	5.22321	0	0	0	0	0	0	0	0	0	0	0	0	0	0	0	0
00.000,00.000	26.2	0	-200	0	4.5	1333.28	825.152	434.581	68.2205	5.32314	0	0	0	0	0	0	0	0	0	0	0	0	0	0	0	0
00.000,00.000	26.3	0	-200	0	4.5	1343.92	830.485	438.499	69.5096	5.42612	0	0	0	0	0	0	0	0	0	0	0	0	0	0	0	0
00.000,00.000	26.4	0	-200	0	4.5	1354.99	836.054	442.595	70.8082	5.53372	0	0	0	0	0	0	0	0	0	0	0	0	0	0	0	0
00.000,00.000	26.5	0	-200	0	4.5	1366.31	841.734	446.762	72.1634	5.64717	0	0	0	0	0	0	0	0	0	0	0	0	0	0	0	0
00.000,00.000	26.6	0	-200	0	4.5	1398.76	856.713	459.525	76.4945	6.03217	0	0	0	0	0	0	0	0	0	0	0	0	0	0	0	0
00.000,00.000	26.7	0	-200	0	4.5	1422.61	867.415	469.135	79.7219	6.34226	0	0	0	0	0	0	0	0	0	0	0	0	0	0	0	0
00.000,00.000	26.8	0	-200	0	4.5	1424.79	868.428	470.013	79.983	6.37026	0	0	0	0	0	0	0	0	0	0	0	0	0	0	0	0
00.000,00.000	26.9	0	-200	0	4.5	1425.57	868.797	470.308	80.0807	6.38026	0	0	0	0	0	0	0	0	0	0	0	0	0	0	0	0
00.000,00.000	27	0	-200	0	4.5	1454.39	882.677	481.17	83.7936	6.74961	0	0	0	0	0	0	0	0	0	0	0	0	0	0	0	0
00.000,00.000	27.1	0	-200	0	4.5	1471.91	891.243	487.638	86.0563	6.97655	0	0	0	0	0	0	0	0	0	0	0	0	0	0	0	0
00.000,00.000	27.2	0	-200	0	4.5	1483.53	897.028	491.8	87.5788	7.12448	0	0	0	0	0	0	0	0	0	0	0	0	0	0	0	0
00.000,00.000	27.3	0	-200	0	4.5	1495.55	903.099	496.015	89.1553	7.27833	0	0	0	0	0	0	0	0	0	0	0	0	0	0	0	0
00.000,00.000	27.4	0	-200	0	4.5	1507.84	909.41	500.198	90.7941	7.43717	0	0	0	0	0	0	0	0	0	0	0	0	0	0	0	0
00.000,00.000	27.5	0	-200	0	4.5	1520.31	915.931	504.304	92.4747	7.60189	0	0	0	0	0	0	0	0	0	0	0	0	0	0	0	0
00.000,00.000	27.6	0	-200	0	4.5	1576.42	945.576	522.221	100.245	8.37941	0	0	0	0	0	0	0	0	0	0	0	0	0	0	0	0
00.000,00.000	27.7	0	-200	0	4.5	1587.56	951.656	525.49	101.871	8.5425	0	0	0	0	0	0	0	0	0	0	0	0	0	0	0	0
00.000,00.000	27.8	0	-200	0	4.5	1588.25	952.033	525.696	101.965	8.55232	0	0	0	0	0	0	0	0	0	0	0	0	0	0	0	0
00.000,00.000	27.9	0	-200	0	4.5	1589.28	952.611	525.997	102.101	8.56725	0	0	0	0	0	0	0	0	0	0	0	0	0	0	0	0
00.000,00.000	28	0	-200	0	4.5	1616.71	968.119	534.011	105.61	8.96789	0	0	0	0	0	0	0	0	0	0	0	0	0	0	0	0
00.000,00.000	28.1	0	-200	0	4.5	1635.24	978.959	539.322	107.896	9.06502	0	0	0	0	0	0	0	0	0	0	0	0	0	0	0	0
00.000,00.000	28.2	0	-200	0	4.5	1649.26	987.218	543.296	109.578	9.16432	0	0	0	0	0	0	0	0	0	0	0	0	0	0	0	0
00.000,00.000	28.3	0	-200	0	4.5	1663.56	995.756	547.269	111.251	9.28229	0	0	0	0	0	0	0	0	0	0	0	0	0	0	0	0
00.000,00.000	28.4	0	-200	0	4.5	1678.15	1004.56	551.226	112.908	9.45637	0	0	0	0	0	0	0	0	0	0	0	0	0	0	0	0
00.000,00.000	28.5	0	-200	0	4.5	1693.2	1013.69	555.281	114.59	9.63926	0	0	0	0	0	0	0	0	0	0	0	0	0	0	0	0
00.000,00.000	28.6	0	-200	0	4.5	1722.75	1031.75	563.156	117.817	10.0269	0	0	0	0	0	0	0	0	0	0	0	0	0	0	0	0
00.000,00.000	28.7	0	-200	0	4.5	1743.32	1044.46	568.536	120.003	10.3189	0	0	0	0	0	0	0	0	0	0	0	0	0	0	0	0
00.000,00.000	28.8	0	-200	0	4.5	1745.91	1046.08	569.208	120.272	10.3556	0	0	0	0	0	0	0	0	0	0	0	0	0	0	0	0
00.000,00.000	28.9	0	-200	0	4.5	1753.07	1050.62	571.012	120.978	10.4557	0	0	0	0	0	0	0	0	0	0	0	0	0	0	0	0
00.000,00.000	29	0	-200	0	4.5	1776.66	1065.78	576.879	123.218	10.7813	0	0	0	0	0	0	0	0	0	0	0	0	0	0	0	0
00.000,00.000	29.1	0	-200	0	4.5	1795.4	1077.98	581.457	124.924	11.0404	0	0	0	0	0	0	0	0	0	0	0	0	0	0	0	0
00.000,00.000	29.2	0	-200	0	4.5	1811.69	1088.6	585.438	126.4	11.2594	0	0	0	0	0	0	0	0	0	0	0	0	0	0	0	0
00.000,00.000	29.3	0	-200	0	4.5	1827.8	1099.09	589.411	127.83	11.4667	0	0	0	0	0	0	0	0	0	0	0	0	0	0	0	0
00.000,00.000	29.4	0	-200	0	4.5	1844.04	1109.74	593.415	129.198	11.6918	0	0	0	0	0	0	0	0	0	0	0	0	0	0	0	0
00.000,00.000	29.5	0	-200	0	4.5	1860.31	1120.54	597.382	130.454	11.9304	0	0	0	0	0	0	0	0	0	0	0	0	0	0	0	0
00.000,00.000	29.6	0	-200	0	4.5	1898.04	1145.46	606.73	133.381	12.4675	0	0	0	0	0	0	0	0	0	0	0	0	0	0	0	0
00.000,00.000	29.7	0	-200	0	4.5	1912.57	1155.05	610.391	134.446	12.6841	0	0	0	0	0	0	0	0	0	0	0	0	0	0	0	0
00.000,00.000	29.8	0	-200	0	4.5	1919.48	1159.65	612.101	134.931	12.7947	0	0	0	0	0	0	0	0	0	0	0	0	0	0	0	0
00.000,00.000	29.9	0	-200	0	4.5	1921.17	1160.79	612.517	135.043	12.8194	0	0	0	0	0	0	0	0	0	0	0	0	0	0	0	0
00.000,00.000	30	0	-200	0	4.5	1950.77	1180.89	619.698	136.892	13.2915	0	0	0	0	0	0	0	0	0	0	0	0	0	0	0	0
00.000,00.000	30.1	0	-200	0	4.5	1972.72	1195.88	624.993	138.213	13.6292	0	0	0	0	0	0	0	0	0	0	0	0	0	0	0	0
00.000,00.000	30.2	0	-200	0	4.5	1989.8	1207.62	629.065	139.219	13.8954	0	0	0	0	0	0	0	0	0	0	0	0	0	0	0	0
00.000,00.000	30.3	0	-200	0	4.5	2006.62	1219.23	633.051	140.182	14.1593	0	0	0	0	0	0	0	0	0	0	0	0	0	0	0	0
00.000,00.000	30.4	0	-200	0	4.5	2023.15	1230.66	636.978	141.091	14.4263	0	0	0	0	0	0	0	0	0	0	0	0	0	0	0	0
00.000,00.000	30.5	0	-200	0	4.5	2039.55	1242.01	640.9	141.945	14.6961	0	0	0	0	0	0	0	0	0	0	0	0	0	0	0	0
00.000,00.000	30.6	0	-200	0	4.5	2067.58	1260.93	648.042	143.425	15.1828	0	0	0	0	0	0	0	0	0	0	0	0	0	0	0	0
00.000,00.000	30.7	0	-200	0	4.5	2088.24	1274.65	653.474	144.548	15.5659	0	0	0	0	0	0	0	0	0	0	0	0	0	0	0	0
00.000,00.000	30.8	0	-200	0	4.5	2091.12	1276.58	654.214	144.694	15.6312	0	0	0	0	0	0	0	0	0	0	0	0	0	0	0	0
00.000,00.000	30.9	0	-200	0	4.5	2099.78	1282.46	656.419	145.11	15.7932	0	0	0	0	0	0	0	0	0	0	0	0	0	0	0	0
00.000,00.000	31	0	-200	0	4.5	2121.03	1296.79	661.945	146.102	16.1951	0	0	0	0	0	0	0	0	0	0	0	0	0	0	0	0
00.000,00.000	31.1	0	-200	0	4.5	2137.93	1308.26	666.29	146.852	16.5314	0	0	0	0	0	0	0	0	0	0	0	0	0	0	0	0
00.000,00.000	31.2	0	-200	0	4.5	2152.77	1318.61	669.806	147.492	16.8454	0.0150494	0	0	0	0	0	0	0	0	0	0	0	0	0	0	0
00.000,00.000	31.3	0	-200	0	4.5	2168.13	1329.34	673.483	148.102	17.1567	0.050524	0	0	0	0	0	0	0	0	0	0	0	0	0	0	0
00.000,00.000	31.4	0	-200	0	4.5	2183.52	1340.12	677.175	148.682	17.4536	0.0849813	0	0	0	0	0	0	0	0	0	0	0	0	0	0	0
00.000,00.000	31.5	0	-200	0	4.5	2198.98	1351.02	680.852	149.243	17.7425	0.12056	0	0	0	0	0	0	0	0	0	0	0	0	0	0	0
00.000,00.000	31.6	0	-200	0	4.5	2231.76	1373.84	688.851	150.528	18.3512	0.196122	0	0	0	0	0	0	0	0	0	0	0	0	0	0	0
00.000,00.000	31.7	0	-200	0	4.5	2242.45	1381.21	691.471	150.987	18.559	0.229545	0	0	0	0	0	0	0	0	0	0	0	0	0	0	0
00.000,00.000	31.8	0	-200	0	4.5	2258.75	1392.79	695.265	151.596	18.8376	0.266035	0	0	0	0	0	0	0	0	0	0	0	0	0	0	0
00.000,00.000	31.9	0	-200	0	4.5	2262.54	1395.49	696.118	151.748	18.9095	0.280011	0	0	0	0	0	0	0	0	0	0	0	0	0	0	0
00.000,00.000	32	0	-200	0	4.5	2289.89	1415.3	702.178	152.704	19.3564	0.348006	0	0	0	0	0	0	0	0	0	0	0	0	0	0	0
00.000,00.000	32.1	0	-200	0	4.5	2310.17	1429.98	706.68	153.413	19.6959	0.407646	0	0	0	0	0	0	0	0	0	0	0	0	0	0	0
00.000,00.000	32.2	0	-200	0	4.5	2325.82	1441.36	710.134	153.932	19.9389	0.451299	0	0	0	0	0	0	0	0	0	0	0	0	0	0	0
00.000,00.000	32.3	0	-200	0	4.5	2341.16	1452.57	713.454	154.464	20.1738	0.495174	0	0	0	0	0	0	0	0	0	0	0	0	0	0	0
00.000,00.000	32.4	0	-200	0	4.5	2356.47	1463.81	716.697	155.021	20.4032	0.539785	0	0	0	0	0	0	0	0	0	0	0	0	0	0	0
00.000,00.000	32.5	0	-200	0	4.5	2371.73	1475.07	719.881	155.561	20.6282	0.585327	0	0	0	0	0	0	0	0	0	0	0	0	0	0	0
00.000,00.000	32.6	0	-200	0	4.5	2402.68	1497.91	726.313	156.681	21.0945	0.681429	0	0	0	0	0	0	0	0	0	0	0	0	0	0	0
00.000,00.000	32.7	0	-200	0	4.5	2423.74	1513.59	730.564	157.432	21.4047	0.749079	0	0	0	0	0	0	0	0	0	0	0	0	0	0	0
00.000,00.000	32.8	0	-200	0	4.5	2426.02	1515.3	731.01	157.525	21.4373	0.756358	0	0	0	0	0	0	0	0	0	0	0	0	0	0	0
00.000,00.000	32.9	0	-200	0	4.5	2426.88	1515.95	731.168	157.558	21.4486	0.75887	0	0	0	0	0	0	0	0	0	0	0	0	0	0	0
00.000,00.000	33	0	-200	0	4.5	2452.62	1535.73	735.777	158.511	21.7744	0.83197	0	0	0	0	0	0	0	0	0	0	0	0	0	0	0
00.000,00.000	33.1	0	-200	0	4.5	2471.66	1550.39	739.082	159.204	22.0117	0.970199	0	0	0	0	0	0	0	0	0	0	0	0	0	0	0
00.000,00.000	33.2	0	-200	0	4.5	2486.48	1561.9	741.569	159.723	22.2136	1.07475	0	0	0	0	0	0	0	0	0	0	0	0	0	0	0
00.000,00.000	33.3	0	-200	0	4.5	2501.33	1573.46	744.046	160.227	22.4155	1.17907	0	0	0	0	0	0	0	0	0	0	0	0	0	0	0
00.000,00.000	33.4	0	-200	0	4.5	2516.13	1585.08	746.449	160.714	22.6074	1.28068	0	0	0	0	0	0	0	0	0	0	0	0	0	0	0
00.000,00.000	33.5	0	-200	0	4.5	2530.81	1596.72	748.747	161.182	22.7844	1.37968	0	0	0	0	0	0	0	0	0	0	0	0	0	0	0
00.000,00.000	33.6	0	-200	0	4.5	2558.22	1618.3	753.18	162.072	23.0982	1.56813	0	0	0	0	0	0	0	0	0	0	0	0	0	0	0
00.000,00.000	33.7	0	-200	0	4.5	2572.34	1629.57	755.344	162.512	23.2438	1.66786	0	0	0	0	0	0	0	0	0	0	0	0	0	0	0
00.000,00.000	33.8	0	-200	0	4.5	2576.29	1632.78	755.91	162.629	23.2796	1.69316	0	0	0	0	0	0	0	0	0	0	0	0	0	0	0
00.000,00.000	33.9	0	-200	0	4.5	2577.52	1633.8	756.072	162.663	23.2895	1.70116	0	0	0	0	0	0	0	0	0	0	0	0	0	0	0
00.000,00.000	34	0	-200	0	4.5	2598.76	1651.53	758.729	163.225	23.4441	1.82348	0	0	0	0	0	0	0	0	0	0	0	0	0	0	0
00.000,00.000	34.1	0	-200	0	4.5	2615.74	1665.91	760.634	163.662	23.5607	1.96487	0	0	0	0	0	0	0	0	0	0	0	0	0	0	0
00.000,00.000	34.2	0	-200	0	4.5	2629.78	1677.85	762.19	164.01	23.6476	2.07544	0	0	0	0	0	0	0	0	0	0	0	0	0	0	0
00.000,00.000	34.3	0	-200	0	4.5	2643.71	1689.8	763.65	164.344	23.7266	2.19691	0	0	0	0	0	0	0	0	0	0	0	0	0	0	0
00.000,00.000	34.4	0	-200	0	4.5	2657.6	1701.77	765.049	164.662	23.7983	2.32807	0	0	0	0	0	0	0	0	0	0	0	0	0	0	0
00.000,00.000	34.5	0	-200	0	4.5	2671.29	1713.64	766.365	164.966	23.8638	2.45423	0	0	0	0	0	0	0	0	0	0	0	0	0	0	0
00.000,00.000	34.6	0	-200	0	4.5	2705.92	1743.28	769.998	165.776	24.0607	2.80305	0	0	0	0	0	0	0	0	0	0	0	0	0	0	0
00.000,00.000	34.7	0	-200	0	4.5	2713.03	1749.44	770.64	165.934	24.1017	2.91174	0	0	0	0	0	0	0	0	0	0	0	0	0	0	0
00.000,00.000	34.8	0	-200	0	4.5	2714.8	1751	770.798	165.97	24.1104	2.92946	0	0	0	0	0	0	0	0	0	0	0	0	0	0	0
00.000,00.000	34.9	0	-200	0	4.5	2717.65	1753.52	771.022	166.022	24.1229	2.95859	0	0	0	0	0	0	0	0	0	0	0	0	0	0	0
00.000,00.000	35	0	-200	0	4.5	2738.34	1771.75	772.643	166.603	24.21	3.13969	0	0	0	0	0	0	0	0	0	0	0	0	0	0	0
00.000,00.000	35.1	0	-200	0	4.5	2754.01	1785.47	773.819	167.147	24.2729	3.29831	0	0	0	0	0	0	0	0	0	0	0	0	0	0	0
00.000,00.000	35.2	0	-200	0	4.5	2767.05	1796.93	774.761	167.619	24.3217	3.41825	0	0	0	0	0	0	0	0	0	0	0	0	0	0	0
00.000,00.000	35.3	0	-200	0	4.5	2780.02	1808.37	775.664	168.081	24.3677	3.53195	0	0	0	0	0	0	0	0	0	0	0	0	0	0	0
00.000,00.000	35.4	0	-200	0	4.5	2792.88	1819.71	776.523	168.589	24.4104	3.63965	0	0	0	0	0	0	0	0	0	0	0	0	0	0	0
00.000,00.000	35.5	0	-200	0	4.5	2805.77	1831.06	777.354	169.121	24.4504	3.78381	0	0	0	0	0	0	0	0	0	0	0	0	0	0	0
00.000,00.000	35.6	0	-200	0	4.5	2825.37	1848.22	778.751	169.837	24.5176	4.04332	0	0	0	0	0	0	0	0	0	0	0	0	0	0	0
00.000,00.000	35.7	0	-200	0	4.5	2846.63	1866.9	780.406	170.381	24.5937	4.34991	0	0	0	0	0	0	0	0	0	0	0	0	0	0	0
00.000,00.000	35.8	0	-200	0	4.5	2850.47	1870.34	780.648	170.477	24.6041	4.39856	0	0	0	0	0	0	0	0	0	0	0	0	0	0	0
00.000,00.000	35.9	0	-200	0	4.5	2867.07	1885.43	781.64	170.791	24.6422	4.5682	0	0	0	0	0	0	0	0	0	0	0	0	0	0	0
00.000,00.000	36	0	-200	0	4.5	2883.81	1900.44	782.596	171.358	24.676	4.73282	0	0	0	0	0	0	0	0	0	0	0	0	0	0	0
00.000,00.000	36.1	0	-200	0	4.5	2896.01	1911.34	783.236	171.9	24.6962	4.83707	0	0	0	0	0	0	0	0	0	0	0	0	0	0	0
00.000,00.000	36.2	0	-200	0	4.5	2908.09	1922.19	783.836	172.416	24.7129	4.93012	0	0	0	0	0	0	0	0	0	0	0	0	0	0	0
00.000,00.000	36.3	0	-200	0	4.5	2920.03	1932.97	784.402	172.917	24.7264	5.01551	0	0	0	0	0	0	0	0	0	0	0	0	0	0	0
00.000,00.000	36.4	0	-200	0	4.5	2931.75	1943.61	784.926	173.395	24.7368	5.09043	0	0	0	0	0	0	0	0	0	0	0	0	0	0	0
00.000,00.000	36.5	0	-200	0	4.5	2943.36	1954.16	785.429	173.867	24.7445	5.1587	0	0	0	0	0	0	0	0	0	0	0	0	0	0	0
00.000,00.000	36.6	0	-200	0	4.5	2960.17	1969.15	786.278	174.717	24.755	5.27271	0	0	0	0	0	0	0	0	0	0	0	0	0	0	0
00.000,00.000	36.7	0	-200	0	4.5	2972.43	1979.88	786.926	175.392	24.762	5.47748	0	0	0	0	0	0	0	0	0	0	0	0	0	0	0
00.000,00.000	36.8	0	-200	0	4.5	2974.47	1981.68	787	175.472	24.7625	5.5504	0	0	0	0	0	0	0	0	0	0	0	0	0	0	0
00.000,00.000	36.9	0	-200	0	4.5	2982.94	1989.36	787.296	175.783	24.7655	5.74009	0	0	0	0	0	0	0	0	0	0	0	0	0	0	0
00.000,00.000	37	0	-200	0	4.5	2998.19	2003.17	787.802	176.34	24.7703	6.11195	0	0	0	0	0	0	0	0	0	0	0	0	0	0	0
00.000,00.000	37.1	0	-200	0	4.5	3010.18	2014.07	788.184	176.756	24.7735	6.39168	0	0	0	0	0	0	0	0	0	0	0	0	0	0	0
00.000,00.000	37.2	0	-200	0	4.5	3021.45	2024.35	788.534	177.14	24.7763	6.65096	0	0	0	0	0	0	0	0	0	0	0	0	0	0	0
00.000,00.000	37.3	0	-200	0	4.5	3032.5	2034.45	788.853	177.513	24.7788	6.90485	0	0	0	0	0	0	0	0	0	0	0	0	0	0	0
00.000,00.000	37.4	0	-200	0	4.5	3043.39	2044.45	789.134	177.874	24.7808	7.15254	0	0	0	0	0	0	0	0	0	0	0	0	0	0	0
00.000,00.000	37.5	0	-200	0	4.5	3054.22	2054.4	789.398	178.235	24.7826	7.40337	0	0	0	0	0	0	0	0	0	0	0	0	0	0	0
00.000,00.000	37.6	0	-200	0	4.5	3067.25	2065.94	789.799	178.873	24.7853	7.85683	0	0	0	0	0	0	0	0	0	0	0	0	0	0	0
00.000,00.000	37.7	0	-200	0	4.5	3081.91	2078.66	790.313	179.701	24.788	8.4529	0	0	0	0	0	0	0	0	0	0	0	0	0	0	0
00.000,00.000	37.8	0	-200	0	4.5	3084.99	2081.44	790.399	179.823	24.7881	8.54082	0	0	0	0	0	0	0	0	0	0	0	0	0	0	0
00.000,00.000	37.9	0	-200	0	4.5	3108.05	2102.7	790.891	180.584	24.7891	9.08789	0	0	0	0	0	0	0	0	0	0	0	0	0	0	0
00.000,00.000	38	0	-200	0	4.5	3120.62	2114.24	791.156	181.027	24.7891	9.40616	0	0	0	0	0	0	0	0	0	0	0	0	0	0	0
00.000,00.000	38.1	0	-200	0	4.5	3129.63	2122.6	791.305	181.316	24.7891	9.61341	0	0	0	0	0	0	0	0	0	0	0	0	0	0	0
00.000,00.000	38.2	0	-200	0	4.5	3140.3	2132.55	791.46	181.649	24.7891	9.85267	0	0	0	0	0	0	0	0	0	0	0	0	0	0	0
00.000,00.000	38.3	0	-200	0	4.5	3150.67	2142.2	791.599	181.983	24.7891	10.0922	0	0	0	0	0	0	0	0	0	0	0	0	0	0	0
00.000,00.000	38.4	0	-200	0	4.5	3160.79	2151.68	791.714	182.295	24.7891	10.3158	0	0	0	0	0	0	0	0	0	0	0	0	0	0	0
00.000,00.000	38.5	0	-200	0	4.5	3171.05	2161.24	791.824	182.634	24.7891	10.5638	0	0	0	0	0	0	0	0	0	0	0	0	0	0	0
00.000,00.000	38.6	0	-200	0	4.5	3183.12	2171.84	792.114	183.307	24.7892	10.9084	0.158746	0	0	0	0	0	0	0	0	0	0	0	0	0	0
00.000,00.000	38.7	0	-200	0	4.5	3190.07	2177.98	792.262	183.689	24.7892	10.8822	0.467866	0	0	0	0	0	0	0	0	0	0	0	0	0	0
00.000,00.000	38.8	0	-200	0	4.5	3190.81	2178.66	792.272	183.72	24.7892	10.8822	0.490567	0	0	0	0	0	0	0	0	0	0	0	0	0	0
00.000,00.000	38.9	0	-200	0	4.5	3206.48	2193.25	792.45	184.251	24.7892	10.8822	0.863187	0	0	0	0	0	0	0	0	0	0	0	0	0	0
00.000,00.000	39	0	-200	0	4.5	3217.55	2203.44	792.584	184.691	24.7892	10.8822	1.16435	0	0	0	0	0	0	0	0	0	0	0	0	0	0
00.000,00.000	39.1	0	-200	0	4.5	3225.4	2210.67	792.675	185.012	24.7892	10.8822	1.37843	0	0	0	0	0	0	0	0	0	0	0	0	0	0
00.000,00.000	39.2	0	-200	0	4.5	3234.09	2218.7	792.765	185.359	24.7892	10.8822	1.59842	0	0	0	0	0	0	0	0	0	0	0	0	0	0
00.000,00.000	39.3	0	-200	0	4.5	3243.15	2227.07	792.852	185.568	24.955	10.8822	1.82947	0	0	0	0	0	0	0	0	0	0	0	0	0	0
00.000,00.000	39.4	0	-200	0	4.5	3250.85	2234.25	792.932	185.635	25.1009	10.8822	2.05366	0	0	0	0	0	0	0	0	0	0	0	0	0	0
00.000,00.000	39.5	0	-200	0	4.5	3258.33	2241.34	793.006	185.719	25.1009	10.8822	2.28218	0	0	0	0	0	0	0	0	0	0	0	0	0	0
00.000,00.000	39.6	0	-200	0	4.5	3272.53	2254.62	793.156	185.957	25.1009	10.8822	2.81222	0	0	0	0	0	0	0	0	0	0	0	0	0	0
00.000,00.000	39.7	0	-200	0	4.5	3275.85	2257.75	793.182	186.015	25.1009	10.8822	2.92045	0	0	0	0	0	0	0	0	0	0	0	0	0	0
00.000,00.000	39.8	0	-200	0	4.5	3285.15	2266.46	793.258	186.201	25.1009	10.8822	3.24666	0	0	0	0	0	0	0	0	0	0	0	0	0	0
00.000,00.000	39.9	0	-200	0	4.5	3287.47	2268.62	793.275	186.256	25.1009	10.8822	3.33419	0	0	0	0	0	0	0	0	0	0	0	0	0	0
00.000,00.000	40	0	-200	0	4.5	3295.78	2276.35	793.333	186.475	25.1009	10.8822	3.63509	0	0	0	0	0	0	0	0	0	0	0	0	0	0
00.000,00.000	40.1	0	-200	0	4.5	3302.43	2282.53	793.375	186.667	25.1009	10.8822	3.88058	0	0	0	0	0	0	0	0	0	0	0	0	0	0
00.000,00.000	40.2	0	-200	0	4.5	3308.69	2288.28	793.414	186.881	25.1009	10.8822	4.1331	0	0	0	0	0	0	0	0	0	0	0	0	0	0
00.000,00.000	40.3	0	-200	0	4.5	3313.67	2292.87	793.439	187.055	25.1009	10.8822	4.32184	0	0	0	0	0	0	0	0	0	0	0	0	0	0
00.000,00.000	40.4	0	-200	0	4.5	3319.86	2298.57	793.466	187.281	25.1009	10.8822	4.55178	0	0	0	0	0	0	0	0	0	0	0	0	0	0
00.000,00.000	40.5	0	-200	0	4.5	3325.75	2304	793.487	187.517	25.1009	10.8822	4.76894	0	0	0	0	0	0	0	0	0	0	0	0	0	0
00.000,00.000	40.6	0	-200	0	4.5	3340.12	2316.95	793.534	188.242	25.1009	10.8822	5.41361	0	0	0	0	0	0	0	0	0	0	0	0	0	0
00.000,00.000	40.7	0	-200	0	4.5	3346.07	2322.29	793.549	188.577	25.1009	10.8822	5.6757	0	0	0	0	0	0	0	0	0	0	0	0	0	0
00.000,00.000	40.8	0	-200	0	4.5	3346.25	2322.44	793.549	188.588	25.1009	10.8823	5.68399	0	0	0	0	0	0	0	0	0	0	0	0	0	0
00.000,00.000	40.9	0	-200	0	4.5	3353.88	2329.17	793.611	189.074	25.1009	10.8846	6.03499	0	0	0	0	0	0	0	0	0	0	0	0	0	0
00.000,00.000	41	0	-200	0	4.5	3360.28	2334.52	793.783	189.607	25.1009	10.8897	6.38764	0	0	0	0	0	0	0	0	0	0	0	0	0	0
00.000,00.000	41.1	0	-200	0	4.5	3364.29	2337.94	793.787	189.959	25.1009	10.8963	6.608	0	0	0	0	0	0	0	0	0	0	0	0	0	0
00.000,00.000	41.2	0	-200	0	4.5	3367.88	2340.88	793.79	190.365	25.1009	10.9058	6.83942	0	0	0	0	0	0	0	0	0	0	0	0	0	0
00.000,00.000	41.3	0	-200	0	4.5	3371.68	2344.06	793.793	190.752	25.1009	10.921	7.04709	0	0	0	0	0	0	0	0	0	0	0	0	0	0
00.000,00.000	41.4	0	-200	0	4.5	3378.26	2349.45	793.914	191.426	25.1009	10.9611	7.39938	0	0	0	0	0	0	0	0	0	0	0	0	0	0
00.000,00.000	41.5	0	-200	0	4.5	3379.61	2350.52	793.963	191.582	25.1009	10.9694	7.47535	0	0	0	0	0	0	0	0	0	0	0	0	0	0
00.000,00.000	41.6	0	-200	0	4.5	3391.61	2359.54	794.653	192.927	25.1009	11.0934	8.28911	0	0	0	0	0	0	0	0	0	0	0	0	0	0
00.000,00.000	41.7	0	-200	0	4.5	3398.98	2364.97	794.92	193.932	25.1009	11.2009	8.86197	0	0	0	0	0	0	0	0	0	0	0	0	0	0
00.000,00.000	41.8	0	-200	0	4.5	3399.51	2365.36	794.938	194.007	25.1009	11.2091	8.9002	0	0	0	0	0	0	0	0	0	0	0	0	0	0
00.000,00.000	41.9	0	-200	0	4.5	3403.8	2368.65	795.065	194.536	25.1009	11.2877	9.15592	0	0	0	0	0	0	0	0	0	0	0	0	0	0
00.000,00.000	42	0	-200	0	4.5	3412.03	2374.86	795.326	195.621	25.1009	11.4785	9.64083	0	0	0	0	0	0	0	0	0	0	0	0	0	0