
label	time(d)	x	depth	z	radius	total	0-10	10-20	20-30	30-40	40-50	50-60	60-70	70-80	80-90	90-100	100-110	110-120	120-130	130-140	140-150	150-160	160-170	170-180	180-190	190-200
05.500,00.000	0	5.5	-200	0	4.5	0	0	0	0	0	0	0	0	0	0	0	0	0	0	0	0	0	0	0	0	0
05.500,00.000	0.1	5.5	-200	0	4.5	0	0	0	0	0	0	0	0	0	0	0	0	0	0	0	0	0	0	0	0	0
05.500,00.000	0.2	5.5	-200	0	4.5	0	0	0	0	0	0	0	0	0	0	0	0	0	0	0	0	0	0	0	0	0
05.500,00.000	0.3	5.5	-200	0	4.5	0	0	0	0	0	0	0	0	0	0	0	0	0	0	0	0	0	0	0	0	0
05.500,00.000	0.4	5.5	-200	0	4.5	0	0	0	0	0	0	0	0	0	0	0	0	0	0	0	0	0	0	0	0	0
05.500,00.000	0.5	5.5	-200	0	4.5	0	0	0	0	0	0	0	0	0	0	0	0	0	0	0	0	0	0	0	0	0
05.500,00.000	0.6	5.5	-200	0	4.5	0	0	0	0	0	0	0	0	0	0	0	0	0	0	0	0	0	0	0	0	0
05.500,00.000	0.7	5.5	-200	0	4.5	0	0	0	0	0	0	0	0	0	0	0	0	0	0	0	0	0	0	0	0	0
05.500,00.000	0.8	5.5	-200	0	4.5	0	0	0	0	0	0	0	0	0	0	0	0	0	0	0	0	0	0	0	0	0
05.500,00.000	0.9	5.5	-200	0	4.5	0	0	0	0	0	0	0	0	0	0	0	0	0	0	0	0	0	0	0	0	0
05.500,00.000	1	5.5	-200	0	4.5	0	0	0	0	0	0	0	0	0	0	0	0	0	0	0	0	0	0	0	0	0
05.500,00.000	1.1	5.5	-200	0	4.5	0	0	0	0	0	0	0	0	0	0	0	0	0	0	0	0	0	0	0	0	0
05.500,00.000	1.2	5.5	-200	0	4.5	0	0	0	0	0	0	0	0	0	0	0	0	0	0	0	0	0	0	0	0	0
05.500,00.000	1.3	5.5	-200	0	4.5	0	0	0	0	0	0	0	0	0	0	0	0	0	0	0	0	0	0	0	0	0
05.500,00.000	1.4	5.5	-200	0	4.5	0	0	0	0	0	0	0	0	0	0	0	0	0	0	0	0	0	0	0	0	0
05.500,00.000	1.5	5.5	-200	0	4.5	0	0	0	0	0	0	0	0	0	0	0	0	0	0	0	0	0	0	0	0	0
05.500,00.000	1.6	5.5	-200	0	4.5	0	0	0	0	0	0	0	0	0	0	0	0	0	0	0	0	0	0	0	0	0
05.500,00.000	1.7	5.5	-200	0	4.5	0	0	0	0	0	0	0	0	0	0	0	0	0	0	0	0	0	0	0	0	0
05.500,00.000	1.8	5.5	-200	0	4.5	0	0	0	0	0	0	0	0	0	0	0	0	0	0	0	0	0	0	0	0	0
05.500,00.000	1.9	5.5	-200	0	4.5	0	0	0	0	0	0	0	0	0	0	0	0	0	0	0	0	0	0	0	0	0
05.500,00.000	2	5.5	-200	0	4.5	0	0	0	0	0	0	0	0	0	0	0	0	0	0	0	0	0	0	0	0	0
05.500,00.000	2.1	5.5	-200	0	4.5	0	0	0	0	0	0	0	0	0	0	0	0	0	0	0	0	0	0	0	0	0
05.500,00.000	2.2	5.5	-200	0	4.5	0	0	0	0	0	0	0	0	0	0	0	0	0	0	0	0	0	0	0	0	0
05.500,00.000	2.3	5.5	-200	0	4.5	0	0	0	0	0	0	0	0	0	0	0	0	0	0	0	0	0	0	0	0	0
05.500,00.000	2.4	5.5	-200	0	4.5	0	0	0	0	0	0	0	0	0	0	0	0	0	0	0	0	0	0	0	0	0
05.500,00.000	2.5	5.5	-200	0	4.5	0	0	0	0	0	0	0	0	0	0	0	0	0	0	0	0	0	0	0	0	0
05.500,00.000	2.6	5.5	-200	0	4.5	0	0	0	0	0	0	0	0	0	0	0	0	0	0	0	0	0	0	0	0	0
05.500,00.000	2.7	5.5	-200	0	4.5	0	0	0	0	0	0	0	0	0	0	0	0	0	0	0	0	0	0	0	0	0
05.500,00.000	2.8	5.5	-200	0	4.5	0	0	0	0	0	0	0	0	0	0	0	0	0	0	0	0	0	0	0	0	0
05.500,00.000	2.9	5.5	-200	0	4.5	0	0	0	0	0	0	0	0	0	0	0	0	0	0	0	0	0	0	0	0	0
05.500,00.000	3	5.5	-200	0	4.5	3.55271e-15	3.55271e-15	0	0	0	0	0	0	0	0	0	0	0	0	0	0	0	0	0	0	0
05.500,00.000	3.1	5.5	-200	0	4.5	0.268652	0.268652	0	0	0	0	0	0	0	0	0	0	0	0	0	0	0	0	0	0	0
05.500,00.000	3.2	5.5	-200	0	4.5	0.538563	0.538563	0	0	0	0	0	0	0	0	0	0	0	0	0	0	0	0	0	0	0
05.500,00.000	3.3	5.5	-200	0	4.5	0.809924	0.809924	0	0	0	0	0	0	0	0	0	0	0	0	0	0	0	0	0	0	0
05.500,00.000	3.4	5.5	-200	0	4.5	1.08293	1.08293	0	0	0	0	0	0	0	0	0	0	0	0	0	0	0	0	0	0	0
05.500,00.000	3.5	5.5	-200	0	4.5	1.35577	1.35577	0	0	0	0	0	0	0	0	0	0	0	0	0	0	0	0	0	0	0
05.500,00.000	3.6	5.5	-200	0	4.5	1.62724	1.62724	0	0	0	0	0	0	0	0	0	0	0	0	0	0	0	0	0	0	0
05.500,00.000	3.7	5.5	-200	0	4.5	1.89892	1.89892	0	0	0	0	0	0	0	0	0	0	0	0	0	0	0	0	0	0	0
05.500,00.000	3.8	5.5	-200	0	4.5	2.1697	2.1697	0	0	0	0	0	0	0	0	0	0	0	0	0	0	0	0	0	0	0
05.500,00.000	3.9	5.5	-200	0	4.5	2.44026	2.44026	0	0	0	0	0	0	0	0	0	0	0	0	0	0	0	0	0	0	0
05.500,00.000	4	5.5	-200	0	4.5	2.71254	2.71254	0	0	0	0	0	0	0	0	0	0	0	0	0	0	0	0	0	0	0
05.500,00.000	4.1	5.5	-200	0	4.5	2.98591	2.98591	0	0	0	0	0	0	0	0	0	0	0	0	0	0	0	0	0	0	0
05.500,00.000	4.2	5.5	-200	0	4.5	3.26005	3.26005	0	0	0	0	0	0	0	0	0	0	0	0	0	0	0	0	0	0	0
05.500,00.000	4.3	5.5	-200	0	4.5	3.53491	3.53491	0	0	0	0	0	0	0	0	0	0	0	0	0	0	0	0	0	0	0
05.500,00.000	4.4	5.5	-200	0	4.5	3.81018	3.81018	0	0	0	0	0	0	0	0	0	0	0	0	0	0	0	0	0	0	0
05.500,00.000	4.5	5.5	-200	0	4.5	4.0842	4.0842	0	0	0	0	0	0	0	0	0	0	0	0	0	0	0	0	0	0	0
05.500,00.000	4.6	5.5	-200	0	4.5	4.35732	4.35732	0	0	0	0	0	0	0	0	0	0	0	0	0	0	0	0	0	0	0
05.500,00.000	4.7	5.5	-200	0	4.5	4.62969	4.62969	0	0	0	0	0	0	0	0	0	0	0	0	0	0	0	0	0	0	0
05.500,00.000	4.8	5.5	-200	0	4.5	4.90153	4.90153	0	0	0	0	0	0	0	0	0	0	0	0	0	0	0	0	0	0	0
05.500,00.000	4.9	5.5	-200	0	4.5	5.17322	5.17322	0	0	0	0	0	0	0	0	0	0	0	0	0	0	0	0	0	0	0
05.500,00.000	5	5.5	-200	0	4.5	5.44501	5.44501	0	0	0	0	0	0	0	0	0	0	0	0	0	0	0	0	0	0	0
05.500,00.000	5.1	5.5	-200	0	4.5	5.71639	5.71639	0	0	0	0	0	0	0	0	0	0	0	0	0	0	0	0	0	0	0
05.500,00.000	5.2	5.5	-200	0	4.5	5.98706	5.98706	0	0	0	0	0	0	0	0	0	0	0	0	0	0	0	0	0	0	0
05.500,00.000	5.3	5.5	-200	0	4.5	6.15185	6.15185	0	0	0	0	0	0	0	0	0	0	0	0	0	0	0	0	0	0	0
05.500,00.000	5.4	5.5	-200	0	4.5	6.15222	6.15222	0	0	0	0	0	0	0	0	0	0	0	0	0	0	0	0	0	0	0
05.500,00.000	5.5	5.5	-200	0	4.5	6.15049	6.15049	0	0	0	0	0	0	0	0	0	0	0	0	0	0	0	0	0	0	0
05.500,00.000	5.6	5.5	-200	0	4.5	6.15049	6.15049	0	0	0	0	0	0	0	0	0	0	0	0	0	0	0	0	0	0	0
05.500,00.000	5.7	5.5	-200	0	4.5	6.15049	6.15049	0	0	0	0	0	0	0	0	0	0	0	0	0	0	0	0	0	0	0
05.500,00.000	5.8	5.5	-200	0	4.5	6.15049	6.15049	0	0	0	0	0	0	0	0	0	0	0	0	0	0	0	0	0	0	0
05.500,00.000	5.9	5.5	-200	0	4.5	6.15049	6.15049	0	0	0	0	0	0	0	0	0	0	0	0	0	0	0	0	0	0	0
05.500,00.000	6	5.5	-200	0	4.5	6.15049	6.15049	0	0	0	0	0	0	0	0	0	0	0	0	0	0	0	0	0	0	0
05.500,00.000	6.1	5.5	-200	0	4.5	6.15049	6.15049	0	0	0	0	0	0	0	0	0	0	0	0	0	0	0	0	0	0	0
05.500,00.000	6.2	5.5	-200	0	4.5	6.15049	6.15049	0	0	0	0	0	0	0	0	0	0	0	0	0	0	0	0	0	0	0
05.500,00.000	6.3	5.5	-200	0	4.5	6.15049	6.15049	0	0	0	0	0	0	0	0	0	0	0	0	0	0	0	0	0	0	0
05.500,00.000	6.4	5.5	-200	0	4.5	6.15049	6.15049	0	0	0	0	0	0	0	0	0	0	0	0	0	0	0	0	0	0	0
05.500,00.000	6.5	5.5	-200	0	4.5	6.15049	6.15049	0	0	0	0	0	0	0	0	0	0	0	0	0	0	0	0	0	0	0
05.500,00.000	6.6	5.5	-200	0	4.5	6.15049	6.15049	0	0	0	0	0	0	0	0	0	0	0	0	0	0	0	0	0	0	0
05.500,00.000	6.7	5.5	-200	0	4.5	6.15049	6.15049	0	0	0	0	0	0	0	0	0	0	0	0	0	0	0	0	0	0	0
05.500,00.000	6.8	5.5	-200	0	4.5	6.15049	6.15049	0	0	0	0	0	0	0	0	0	0	0	0	0	0	0	0	0	0	0
05.500,00.000	6.9	5.5	-200	0	4.5	6.15049	6.15049	0	0	0	0	0	0	0	0	0	0	0	0	0	0	0	0	0	0	0
05.500,00.000	7	5.5	-200	0	4.5	6.15049	6.15049	0	0	0	0	0	0	0	0	0	0	0	0	0	0	0	0	0	0	0
05.500,00.000	7.1	5.5	-200	0	4.5	6.1505	6.1505	0	0	0	0	0	0	0	0	0	0	0	0	0	0	0	0	0	0	0
05.500,00.000	7.2	5.5	-200	0	4.5	6.15131	6.15131	0	0	0	0	0	0	0	0	0	0	0	0	0	0	0	0	0	0	0
05.500,00.000	7.3	5.5	-200	0	4.5	6.15256	6.15256	0	0	0	0	0	0	0	0	0	0	0	0	0	0	0	0	0	0	0
05.500,00.000	7.4	5.5	-200	0	4.5	6.15654	6.15654	0	0	0	0	0	0	0	0	0	0	0	0	0	0	0	0	0	0	0
05.500,00.000	7.5	5.5	-200	0	4.5	6.16274	6.16274	0	0	0	0	0	0	0	0	0	0	0	0	0	0	0	0	0	0	0
05.500,00.000	7.6	5.5	-200	0	4.5	6.17347	6.17347	0	0	0	0	0	0	0	0	0	0	0	0	0	0	0	0	0	0	0
05.500,00.000	7.7	5.5	-200	0	4.5	6.1877	6.1877	0	0	0	0	0	0	0	0	0	0	0	0	0	0	0	0	0	0	0
05.500,00.000	7.8	5.5	-200	0	4.5	6.20779	6.20779	0	0	0	0	0	0	0	0	0	0	0	0	0	0	0	0	0	0	0
05.500,00.000	7.9	5.5	-200	0	4.5	6.23436	6.23436	0	0	0	0	0	0	0	0	0	0	0	0	0	0	0	0	0	0	0
05.500,00.000	8	5.5	-200	0	4.5	6.26767	6.26767	0	0	0	0	0	0	0	0	0	0	0	0	0	0	0	0	0	0	0
05.500,00.000	8.1	5.5	-200	0	4.5	6.3093	6.3093	0	0	0	0	0	0	0	0	0	0	0	0	0	0	0	0	0	0	0
05.500,00.000	8.2	5.5	-200	0	4.5	6.3583	6.3583	0	0	0	0	0	0	0	0	0	0	0	0	0	0	0	0	0	0	0
05.500,00.000	8.3	5.5	-200	0	4.5	6.41584	6.41584	0	0	0	0	0	0	0	0	0	0	0	0	0	0	0	0	0	0	0
05.500,00.000	8.4	5.5	-200	0	4.5	6.48317	6.48317	0	0	0	0	0	0	0	0	0	0	0	0	0	0	0	0	0	0	0
05.500,00.000	8.5	5.5	-200	0	4.5	6.55788	6.55788	0	0	0	0	0	0	0	0	0	0	0	0	0	0	0	0	0	0	0
05.500,00.000	8.6	5.5	-200	0	4.5	6.64233	6.64233	0	0	0	0	0	0	0	0	0	0	0	0	0	0	0	0	0	0	0
05.500,00.000	8.7	5.5	-200	0	4.5	6.73181	6.73181	0	0	0	0	0	0	0	0	0	0	0	0	0	0	0	0	0	0	0
05.500,00.000	8.8	5.5	-200	0	4.5	6.83305	6.83305	0	0	0	0	0	0	0	0	0	0	0	0	0	0	0	0	0	0	0
05.500,00.000	8.9	5.5	-200	0	4.5	6.9438	6.9438	0	0	0	0	0	0	0	0	0	0	0	0	0	0	0	0	0	0	0
05.500,00.000	9	5.5	-200	0	4.5	7.06613	7.06613	0	0	0	0	0	0	0	0	0	0	0	0	0	0	0	0	0	0	0
05.500,00.000	9.1	5.5	-200	0	4.5	7.19843	7.19843	0	0	0	0	0	0	0	0	0	0	0	0	0	0	0	0	0	0	0
05.500,00.000	9.2	5.5	-200	0	4.5	7.34367	7.34367	0	0	0	0	0	0	0	0	0	0	0	0	0	0	0	0	0	0	0
05.500,00.000	9.3	5.5	-200	0	4.5	7.49998	7.49998	0	0	0	0	0	0	0	0	0	0	0	0	0	0	0	0	0	0	0
05.500,00.000	9.4	5.5	-200	0	4.5	7.66954	7.66954	0	0	0	0	0	0	0	0	0	0	0	0	0	0	0	0	0	0	0
05.500,00.000	9.5	5.5	-200	0	4.5	7.84978	7.84978	0	0	0	0	0	0	0	0	0	0	0	0	0	0	0	0	0	0	0
05.500,00.000	9.6	5.5	-200	0	4.5	8.04074	8.04074	0	0	0	0	0	0	0	0	0	0	0	0	0	0	0	0	0	0	0
05.500,00.000	9.7	5.5	-200	0	4.5	8.23933	8.23933	0	0	0	0	0	0	0	0	0	0	0	0	0	0	0	0	0	0	0
05.500,00.000	9.8	5.5	-200	0	4.5	8.44732	8.44732	0	0	0	0	0	0	0	0	0	0	0	0	0	0	0	0	0	0	0
05.500,00.000	9.9	5.5	-200	0	4.5	8.66512	8.66512	0	0	0	0	0	0	0	0	0	0	0	0	0	0	0	0	0	0	0
05.500,00.000	10	5.5	-200	0	4.5	8.8938	8.8938	0	0	0	0	0	0	0	0	0	0	0	0	0	0	0	0	0	0	0
05.500,00.000	10.1	5.5	-200	0	4.5	9.13251	9.13251	0	0	0	0	0	0	0	0	0	0	0	0	0	0	0	0	0	0	0
05.500,00.000	10.2	5.5	-200	0	4.5	9.38148	9.38148	0	0	0	0	0	0	0	0	0	0	0	0	0	0	0	0	0	0	0
05.500,00.000	10.3	5.5	-200	0	4.5	9.64073	9.64073	0	0	0	0	0	0	0	0	0	0	0	0	0	0	0	0	0	0	0
05.500,00.000	10.4	5.5	-200	0	4.5	9.90998	9.90998	0	0	0	0	0	0	0	0	0	0	0	0	0	0	0	0	0	0	0
05.500,00.000	10.5	5.5	-200	0	4.5	10.1869	10.1869	0	0	0	0	0	0	0	0	0	0	0	0	0	0	0	0	0	0	0
05.500,00.000	10.6	5.5	-200	0	4.5	10.4713	10.4713	0	0	0	0	0	0	0	0	0	0	0	0	0	0	0	0	0	0	0
05.500,00.000	10.7	5.5	-200	0	4.5	10.7602	10.7602	0	0	0	0	0	0	0	0	0	0	0	0	0	0	0	0	0	0	0
05.500,00.000	10.8	5.5	-200	0	4.5	11.0594	11.0594	0	0	0	0	0	0	0	0	0	0	0	0	0	0	0	0	0	0	0
05.500,00.000	10.9	5.5	-200	0	4.5	11.3688	11.3688	0	0	0	0	0	0	0	0	0	0	0	0	0	0	0	0	0	0	0
05.500,00.000	11	5.5	-200	0	4.5	11.6906	11.6906	0	0	0	0	0	0	0	0	0	0	0	0	0	0	0	0	0	0	0
05.500,00.000	11.1	5.5	-200	0	4.5	12.0241	12.0241	0	0	0	0	0	0	0	0	0	0	0	0	0	0	0	0	0	0	0
05.500,00.000	11.2	5.5	-200	0	4.5	12.3733	12.3733	0	0	0	0	0	0	0	0	0	0	0	0	0	0	0	0	0	0	0
05.500,00.000	11.3	5.5	-200	0	4.5	12.7408	12.7408	0	0	0	0	0	0	0	0	0	0	0	0	0	0	0	0	0	0	0
05.500,00.000	11.4	5.5	-200	0	4.5	13.1258	13.1258	0	0	0	0	0	0	0	0	0	0	0	0	0	0	0	0	0	0	0
05.500,00.000	11.5	5.5	-200	0	4.5	13.5209	13.5209	0	0	0	0	0	0	0	0	0	0	0	0	0	0	0	0	0	0	0
05.500,00.000	11.6	5.5	-200	0	4.5	13.8994	13.8994	0	0	0	0	0	0	0	0	0	0	0	0	0	0	0	0	0	0	0
05.500,00.000	11.7	5.5	-200	0	4.5	14.2851	14.2851	0	0	0	0	0	0	0	0	0	0	0	0	0	0	0	0	0	0	0
05.500,00.000	11.8	5.5	-200	0	4.5	14.6815	14.6815	0	0	0	0	0	0	0	0	0	0	0	0	0	0	0	0	0	0	0
05.500,00.000	11.9	5.5	-200	0	4.5	15.095	15.095	0	0	0	0	0	0	0	0	0	0	0	0	0	0	0	0	0	0	0
05.500,00.000	12	5.5	-200	0	4.5	15.5565	15.5565	0	0	0	0	0	0	0	0	0	0	0	0	0	0	0	0	0	0	0
05.500,00.000	12.1	5.5	-200	0	4.5	16.0344	16.0344	0	0	0	0	0	0	0	0	0	0	0	0	0	0	0	0	0	0	0
05.500,00.000	12.2	5.5	-200	0	4.5	16.5004	16.5004	0	0	0	0	0	0	0	0	0	0	0	0	0	0	0	0	0	0	0
05.500,00.000	12.3	5.5	-200	0	4.5	16.9802	16.9802	0	0	0	0	0	0	0	0	0	0	0	0	0	0	0	0	0	0	0
05.500,00.000	12.4	5.5	-200	0	4.5	17.4741	17.4741	0	0	0	0	0	0	0	0	0	0	0	0	0	0	0	0	0	0	0
05.500,00.000	12.5	5.5	-200	0	4.5	18.2158	18.2158	0	0	0	0	0	0	0	0	0	0	0	0	0	0	0	0	0	0	0
05.500,00.000	12.6	5.5	-200	0	4.5	18.6499	18.6499	0	0	0	0	0	0	0	0	0	0	0	0	0	0	0	0	0	0	0
05.500,00.000	12.7	5.5	-200	0	4.5	19.1659	19.1659	0	0	0	0	0	0	0	0	0	0	0	0	0	0	0	0	0	0	0
05.500,00.000	12.8	5.5	-200	0	4.5	19.5792	19.5792	0	0	0	0	0	0	0	0	0	0	0	0	0	0	0	0	0	0	0
05.500,00.000	12.9	5.5	-200	0	4.5	19.9178	19.9178	0	0	0	0	0	0	0	0	0	0	0	0	0	0	0	0	0	0	0
05.500,00.000	13	5.5	-200	0	4.5	20.582	20.582	0	0	0	0	0	0	0	0	0	0	0	0	0	0	0	0	0	0	0
05.500,00.000	13.1	5.5	-200	0	4.5	21.1677	21.1677	0	0	0	0	0	0	0	0	0	0	0	0	0	0	0	0	0	0	0
05.500,00.000	13.2	5.5	-200	0	4.5	21.7186	21.7186	0	0	0	0	0	0	0	0	0	0	0	0	0	0	0	0	0	0	0
05.500,00.000	13.3	5.5	-200	0	4.5	22.2856	22.2856	0	0	0	0	0	0	0	0	0	0	0	0	0	0	0	0	0	0	0
05.500,00.000	13.4	5.5	-200	0	4.5	22.8598	22.8598	0	0	0	0	0	0	0	0	0	0	0	0	0	0	0	0	0	0	0
05.500,00.000	13.5	5.5	-200	0	4.5	23.909	23.909	0	0	0	0	0	0	0	0	0	0	0	0	0	0	0	0	0	0	0
05.500,00.000	13.6	5.5	-200	0	4.5	24.2045	24.2045	0	0	0	0	0	0	0	0	0	0	0	0	0	0	0	0	0	0	0
05.500,00.000	13.7	5.5	-200	0	4.5	24.6261	24.6261	0	0	0	0	0	0	0	0	0	0	0	0	0	0	0	0	0	0	0
05.500,00.000	13.8	5.5	-200	0	4.5	24.7167	24.7167	0	0	0	0	0	0	0	0	0	0	0	0	0	0	0	0	0	0	0
05.500,00.000	13.9	5.5	-200	0	4.5	25.0615	25.0615	0	0	0	0	0	0	0	0	0	0	0	0	0	0	0	0	0	0	0
05.500,00.000	14	5.5	-200	0	4.5	25.8298	25.8298	0	0	0	0	0	0	0	0	0	0	0	0	0	0	0	0	0	0	0
05.500,00.000	14.1	5.5	-200	0	4.5	26.4842	26.4842	0	0	0	0	0	0	0	0	0	0	0	0	0	0	0	0	0	0	0
05.500,00.000	14.2	5.5	-200	0	4.5	27.0577	27.0577	0	0	0	0	0	0	0	0	0	0	0	0	0	0	0	0	0	0	0
05.500,00.000	14.3	5.5	-200	0	4.5	27.636	27.636	0	0	0	0	0	0	0	0	0	0	0	0	0	0	0	0	0	0	0
05.500,00.000	14.4	5.5	-200	0	4.5	28.2189	28.2189	0	0	0	0	0	0	0	0	0	0	0	0	0	0	0	0	0	0	0
05.500,00.000	14.5	5.5	-200	0	4.5	29.8301	29.8301	0	0	0	0	0	0	0	0	0	0	0	0	0	0	0	0	0	0	0
05.500,00.000	14.6	5.5	-200	0	4.5	30.1094	30.1094	0	0	0	0	0	0	0	0	0	0	0	0	0	0	0	0	0	0	0
05.500,00.000	14.7	5.5	-200	0	4.5	30.4853	30.4853	0	0	0	0	0	0	0	0	0	0	0	0	0	0	0	0	0	0	0
05.500,00.000	14.8	5.5	-200	0	4.5	30.532	30.532	0	0	0	0	0	0	0	0	0	0	0	0	0	0	0	0	0	0	0
05.500,00.000	14.9	5.5	-200	0	4.5	31.9554	31.9554	0	0	0	0	0	0	0	0	0	0	0	0	0	0	0	0	0	0	0
05.500,00.000	15	5.5	-200	0	4.5	32.767	32.767	0	0	0	0	0	0	0	0	0	0	0	0	0	0	0	0	0	0	0
05.500,00.000	15.1	5.5	-200	0	4.5	33.2899	33.2899	0	0	0	0	0	0	0	0	0	0	0	0	0	0	0	0	0	0	0
05.500,00.000	15.2	5.5	-200	0	4.5	33.8097	33.8097	0	0	0	0	0	0	0	0	0	0	0	0	0	0	0	0	0	0	0
05.500,00.000	15.3	5.5	-200	0	4.5	34.3342	34.3242	0.00994747	0	0	0	0	0	0	0	0	0	0	0	0	0	0	0	0	0	0
05.500,00.000	15.4	5.5	-200	0	4.5	34.8367	34.8081	0.0286257	0	0	0	0	0	0	0	0	0	0	0	0	0	0	0	0	0	0
05.500,00.000	15.5	5.5	-200	0	4.5	37.2503	37.0606	0.189686	0	0	0	0	0	0	0	0	0	0	0	0	0	0	0	0	0	0
05.500,00.000	15.6	5.5	-200	0	4.5	37.6831	37.4468	0.236252	0	0	0	0	0	0	0	0	0	0	0	0	0	0	0	0	0	0
05.500,00.000	15.7	5.5	-200	0	4.5	37.7878	37.5423	0.245505	0	0	0	0	0	0	0	0	0	0	0	0	0	0	0	0	0	0
05.500,00.000	15.8	5.5	-200	0	4.5	37.7878	37.5423	0.245505	0	0	0	0	0	0	0	0	0	0	0	0	0	0	0	0	0	0
05.500,00.000	15.9	5.5	-200	0	4.5	39.9282	39.5052	0.422998	0	0	0	0	0	0	0	0	0	0	0	0	0	0	0	0	0	0
05.500,00.000	16	5.5	-200	0	4.5	40.9594	40.4532	0.50624	0	0	0	0	0	0	0	0	0	0	0	0	0	0	0	0	0	0
05.500,00.000	16.1	5.5	-200	0	4.5	41.4355	40.8935	0.541991	0	0	0	0	0	0	0	0	0	0	0	0	0	0	0	0	0	0
05.500,00.000	16.2	5.5	-200	0	4.5	41.9121	41.3357	0.576438	0	0	0	0	0	0	0	0	0	0	0	0	0	0	0	0	0	0
05.500,00.000	16.3	5.5	-200	0	4.5	42.3726	41.7641	0.60842	0	0	0	0	0	0	0	0	0	0	0	0	0	0	0	0	0	0
05.500,00.000	16.4	5.5	-200	0	4.5	42.8207	42.1824	0.638283	0	0	0	0	0	0	0	0	0	0	0	0	0	0	0	0	0	0
05.500,00.000	16.5	5.5	-200	0	4.5	45.7865	44.9217	0.864847	0	0	0	0	0	0	0	0	0	0	0	0	0	0	0	0	0	0
05.500,00.000	16.6	5.5	-200	0	4.5	46.3853	45.3819	1.0034	0	0	0	0	0	0	0	0	0	0	0	0	0	0	0	0	0	0
05.500,00.000	16.7	5.5	-200	0	4.5	52.5053	50.0003	1.71107	0	0	0.793951	0	0	0	0	0	0	0	0	0	0	0	0	0	0	0
05.500,00.000	16.8	5.5	-200	0	4.5	54.4099	51.0161	2.06548	0	0	1.32831	0	0	0	0	0	0	0	0	0	0	0	0	0	0	0
05.500,00.000	16.9	5.5	-200	0	4.5	57.8974	52.8581	2.71156	0	0	2.09162	0.236108	0	0	0	0	0	0	0	0	0	0	0	0	0	0
05.500,00.000	17	5.5	-200	0	4.5	59.3735	53.5782	3.02323	0	0	2.09162	0.680402	0	0	0	0	0	0	0	0	0	0	0	0	0	0
05.500,00.000	17.1	5.5	-200	0	4.5	59.9616	53.8814	3.13323	0	0	2.09162	0.855412	0	0	0	0	0	0	0	0	0	0	0	0	0	0
05.500,00.000	17.2	5.5	-200	0	4.5	60.5464	54.1785	3.24342	0	0	2.09162	1.03289	0	0	0	0	0	0	0	0	0	0	0	0	0	0
05.500,00.000	17.3	5.5	-200	0	4.5	61.1215	54.4694	3.35097	0	0	2.09162	1.20952	0	0	0	0	0	0	0	0	0	0	0	0	0	0
05.500,00.000	17.4	5.5	-200	0	4.5	61.6911	54.7567	3.4562	0	0	2.09162	1.38667	0	0	0	0	0	0	0	0	0	0	0	0	0	0
05.500,00.000	17.5	5.5	-200	0	4.5	65.714	56.7629	4.31255	0	0	2.09162	2.54696	0	0	0	0	0	0	0	0	0	0	0	0	0	0
05.500,00.000	17.6	5.5	-200	0	4.5	66.5488	57.1478	4.51168	0	0	2.09162	2.7977	0	0	0	0	0	0	0	0	0	0	0	0	0	0
05.500,00.000	17.7	5.5	-200	0	4.5	74.8627	61.1795	6.39908	0	0	2.09162	5.19244	0	0	0	0	0	0	0	0	0	0	0	0	0	0
05.500,00.000	17.8	5.5	-200	0	4.5	77.3994	62.4364	7.06396	0	0	2.09162	5.80746	0	0	0	0	0	0	0	0	0	0	0	0	0	0
05.500,00.000	17.9	5.5	-200	0	4.5	82.1805	64.8542	8.27112	0	0	2.09162	6.96354	0	0	0	0	0	0	0	0	0	0	0	0	0	0
05.500,00.000	18	5.5	-200	0	4.5	84.1627	65.8407	8.79018	0	0	2.09162	7.44025	0	0	0	0	0	0	0	0	0	0	0	0	0	0
05.500,00.000	18.1	5.5	-200	0	4.5	84.942	66.2562	8.97347	0	0	2.09162	7.62078	0	0	0	0	0	0	0	0	0	0	0	0	0	0
05.500,00.000	18.2	5.5	-200	0	4.5	85.7047	66.6677	9.14698	0.00283032	0	2.09162	7.7956	0	0	0	0	0	0	0	0	0	0	0	0	0	0
05.500,00.000	18.3	5.5	-200	0	4.5	86.4648	67.0756	9.3117	0.0189141	0	2.09162	7.96694	0	0	0	0	0	0	0	0	0	0	0	0	0	0
05.500,00.000	18.4	5.5	-200	0	4.5	87.2508	67.5061	9.47463	0.0380087	0	2.09162	8.14048	0	0	0	0	0	0	0	0	0	0	0	0	0	0
05.500,00.000	18.5	5.5	-200	0	4.5	94.4625	71.4522	11.2946	0.226122	0	2.09417	9.18049	0.214845	0	0	0	0	0	0	0	0	0	0	0	0	0
05.500,00.000	18.6	5.5	-200	0	4.5	95.6845	71.9058	11.9895	0.297075	0	2.0968	9.18049	0.214845	0	0	0	0	0	0	0	0	0	0	0	0	0
05.500,00.000	18.7	5.5	-200	0	4.5	104.912	76.1667	16.4914	0.684893	0	2.17124	9.18312	0.214845	0	0	0	0	0	0	0	0	0	0	0	0	0
05.500,00.000	18.8	5.5	-200	0	4.5	107.255	77.4242	17.446	0.791054	0	2.19154	9.18726	0.214845	0	0	0	0	0	0	0	0	0	0	0	0	0
05.500,00.000	18.9	5.5	-200	0	4.5	111.255	79.6606	18.9299	0.977207	0	2.25003	9.22278	0.214845	0	0	0	0	0	0	0	0	0	0	0	0	0
05.500,00.000	19	5.5	-200	0	4.5	113.022	80.6358	19.5699	1.05695	0	2.30504	9.23926	0.214845	0	0	0	0	0	0	0	0	0	0	0	0	0
05.500,00.000	19.1	5.5	-200	0	4.5	113.626	80.9967	19.7607	1.08414	0	2.32167	9.24817	0.214845	0	0	0	0	0	0	0	0	0	0	0	0	0
05.500,00.000	19.2	5.5	-200	0	4.5	114.275	81.3892	19.9559	1.1134	0	2.34164	9.25985	0.214845	0	0	0	0	0	0	0	0	0	0	0	0	0
05.500,00.000	19.3	5.5	-200	0	4.5	114.932	81.7979	20.1396	1.14273	0	2.36355	9.27383	0.214845	0	0	0	0	0	0	0	0	0	0	0	0	0
05.500,00.000	19.4	5.5	-200	0	4.5	115.607	82.228	20.3144	1.17237	0	2.3875	9.29015	0.214845	0	0	0	0	0	0	0	0	0	0	0	0	0
05.500,00.000	19.5	5.5	-200	0	4.5	116.335	82.6974	20.4939	1.20419	0	2.41486	9.3099	0.214845	0	0	0	0	0	0	0	0	0	0	0	0	0
05.500,00.000	19.6	5.5	-200	0	4.5	120.735	85.436	21.654	1.40106	0	2.58468	9.44468	0.214845	0	0	0	0	0	0	0	0	0	0	0	0	0
05.500,00.000	19.7	5.5	-200	0	4.5	121.683	86.0125	21.9057	1.44093	0	2.63493	9.47453	0.214845	0	0	0	0	0	0	0	0	0	0	0	0	0
05.500,00.000	19.8	5.5	-200	0	4.5	121.734	86.0451	21.9173	1.44301	0	2.63707	9.47648	0.214845	0	0	0	0	0	0	0	0	0	0	0	0	0
05.500,00.000	19.9	5.5	-200	0	4.5	121.812	86.0962	21.9346	1.44612	0	2.64058	9.47975	0.214845	0	0	0	0	0	0	0	0	0	0	0	0	0
05.500,00.000	20	5.5	-200	0	4.5	124.071	87.5936	22.4038	1.53197	0	2.7451	9.58144	0.214845	0	0	0	0	0	0	0	0	0	0	0	0	0
05.500,00.000	20.1	5.5	-200	0	4.5	125.372	88.4495	22.6727	1.58013	0	2.81294	9.64224	0.214845	0	0	0	0	0	0	0	0	0	0	0	0	0
05.500,00.000	20.2	5.5	-200	0	4.5	126.142	88.9622	22.8263	1.60706	0	2.85059	9.681	0.214845	0	0	0	0	0	0	0	0	0	0	0	0	0
05.500,00.000	20.3	5.5	-200	0	4.5	126.958	89.4883	22.9888	1.64369	0	2.89942	9.72258	0.214845	0	0	0	0	0	0	0	0	0	0	0	0	0
05.500,00.000	20.4	5.5	-200	0	4.5	130.688	91.907	23.6341	1.88049	0	3.14372	9.90763	0.214845	0	0	0	0	0	0	0	0	0	0	0	0	0
05.500,00.000	20.5	5.5	-200	0	4.5	131.528	92.4316	23.791	1.93962	0	3.20324	9.94813	0.214845	0	0	0	0	0	0	0	0	0	0	0	0	0
05.500,00.000	20.6	5.5	-200	0	4.5	134.069	94.0167	24.2227	2.15307	0	3.37423	10.0871	0.214845	0	0	0	0	0	0	0	0	0	0	0	0	0
05.500,00.000	20.7	5.5	-200	0	4.5	140.855	98.0681	25.3781	2.78961	0.0882043	3.84231	10.4737	0.214845	0	0	0	0	0	0	0	0	0	0	0	0	0
05.500,00.000	20.8	5.5	-200	0	4.5	145.159	100.583	26.1013	3.12991	0.254307	4.1459	10.7298	0.214845	0	0	0	0	0	0	0	0	0	0	0	0	0
05.500,00.000	20.9	5.5	-200	0	4.5	145.356	100.694	26.1361	3.13848	0.269008	4.1615	10.7419	0.214845	0	0	0	0	0	0	0	0	0	0	0	0	0
05.500,00.000	21	5.5	-200	0	4.5	152.57	104.862	27.3422	3.62916	0.616305	4.69155	11.2135	0.214845	0	0	0	0	0	0	0	0	0	0	0	0	0
05.500,00.000	21.1	5.5	-200	0	4.5	155.633	106.611	27.8688	3.80373	0.796202	4.93178	11.4063	0.214845	0	0	0	0	0	0	0	0	0	0	0	0	0
05.500,00.000	21.2	5.5	-200	0	4.5	156.656	107.205	28.0408	3.86897	0.846323	5.00693	11.4734	0.214845	0	0	0	0	0	0	0	0	0	0	0	0	0
05.500,00.000	21.3	5.5	-200	0	4.5	157.714	107.813	28.2205	3.93558	0.899257	5.0865	11.545	0.214845	0	0	0	0	0	0	0	0	0	0	0	0	0
05.500,00.000	21.4	5.5	-200	0	4.5	162.419	110.328	29.1921	4.23185	1.13505	5.4434	11.8734	0.214845	0	0	0	0	0	0	0	0	0	0	0	0	0
05.500,00.000	21.5	5.5	-200	0	4.5	163.415	110.805	29.4718	4.28038	1.19799	5.52416	11.9207	0.214845	0	0	0	0	0	0	0	0	0	0	0	0	0
05.500,00.000	21.6	5.5	-200	0	4.5	171.838	114.932	31.5711	4.79674	1.70222	6.18266	12.4289	0.224029	0	0	0	0	0	0	0	0	0	0	0	0	0
05.500,00.000	21.7	5.5	-200	0	4.5	173.984	115.984	32.1408	4.91856	1.86153	6.35289	12.4951	0.23109	0	0	0	0	0	0	0	0	0	0	0	0	0
05.500,00.000	21.8	5.5	-200	0	4.5	174.07	116.025	32.1634	4.92337	1.86755	6.35996	12.499	0.231248	0	0	0	0	0	0	0	0	0	0	0	0	0
05.500,00.000	21.9	5.5	-200	0	4.5	174.182	116.079	32.1934	4.92958	1.87577	6.36953	12.5039	0.231481	0	0	0	0	0	0	0	0	0	0	0	0	0
05.500,00.000	22	5.5	-200	0	4.5	178.006	117.858	33.207	5.13101	2.19723	6.69785	12.6756	0.239718	0	0	0	0	0	0	0	0	0	0	0	0	0
05.500,00.000	22.1	5.5	-200	0	4.5	180.169	118.838	33.8268	5.23801	2.40696	6.87986	12.7336	0.245585	0	0	0	0	0	0	0	0	0	0	0	0	0
05.500,00.000	22.2	5.5	-200	0	4.5	181.358	119.372	34.157	5.29474	2.51715	6.98311	12.7857	0.248278	0	0	0	0	0	0	0	0	0	0	0	0	0
05.500,00.000	22.3	5.5	-200	0	4.5	182.562	119.91	34.4918	5.34995	2.62966	7.09002	12.8394	0.251123	0	0	0	0	0	0	0	0	0	0	0	0	0
05.500,00.000	22.4	5.5	-200	0	4.5	188.151	122.347	36.0834	5.59444	3.14552	7.56115	13.1557	0.263969	0	0	0	0	0	0	0	0	0	0	0	0	0
05.500,00.000	22.5	5.5	-200	0	4.5	189.262	122.806	36.4472	5.64449	3.26761	7.64377	13.1851	0.267936	0	0	0	0	0	0	0	0	0	0	0	0	0
05.500,00.000	22.6	5.5	-200	0	4.5	196.043	125.674	38.4256	5.92844	3.93397	8.23257	13.5636	0.285174	0	0	0	0	0	0	0	0	0	0	0	0	0
05.500,00.000	22.7	5.5	-200	0	4.5	202.089	128.209	40.251	6.1729	4.54349	8.75601	13.854	0.302532	0	0	0	0	0	0	0	0	0	0	0	0	0
05.500,00.000	22.8	5.5	-200	0	4.5	202.74	128.473	40.4603	6.19861	4.61353	8.80851	13.8807	0.304872	0	0	0	0	0	0	0	0	0	0	0	0	0
05.500,00.000	22.9	5.5	-200	0	4.5	202.806	128.502	40.4793	6.20093	4.6199	8.81451	13.8842	0.305057	0	0	0	0	0	0	0	0	0	0	0	0	0
05.500,00.000	23	5.5	-200	0	4.5	203.199	128.674	40.5934	6.21386	4.66021	8.84843	13.9026	0.306436	0	0	0	0	0	0	0	0	0	0	0	0	0
05.500,00.000	23.1	5.5	-200	0	4.5	207.125	130.424	41.6558	6.38828	5.03223	9.1997	14.1066	0.318148	0	0	0	0	0	0	0	0	0	0	0	0	0
05.500,00.000	23.2	5.5	-200	0	4.5	209.376	131.371	42.3501	6.50027	5.23833	9.38455	14.2069	0.325095	0	0	0	0	0	0	0	0	0	0	0	0	0
05.500,00.000	23.3	5.5	-200	0	4.5	210.789	132	42.7616	6.55856	5.36041	9.50345	14.2756	0.329058	0	0	0	0	0	0	0	0	0	0	0	0	0
05.500,00.000	23.4	5.5	-200	0	4.5	214.423	133.644	43.8255	6.69554	5.66145	9.80451	14.4527	0.338877	0	0	0	0	0	0	0	0	0	0	0	0	0
05.500,00.000	23.5	5.5	-200	0	4.5	215.287	134.02	44.0879	6.75014	5.73221	9.86962	14.4853	0.341556	0	0	0	0	0	0	0	0	0	0	0	0	0
05.500,00.000	23.6	5.5	-200	0	4.5	220.398	136.254	45.6206	6.98461	6.14924	10.2979	14.7364	0.355332	0	0	0	0	0	0	0	0	0	0	0	0	0
05.500,00.000	23.7	5.5	-200	0	4.5	221.846	136.827	46.1158	7.08599	6.26215	10.406	14.7897	0.359838	0	0	0	0	0	0	0	0	0	0	0	0	0
05.500,00.000	23.8	5.5	-200	0	4.5	224.756	138.067	47.019	7.24794	6.47922	10.6455	14.9286	0.367976	0	0	0	0	0	0	0	0	0	0	0	0	0
05.500,00.000	23.9	5.5	-200	0	4.5	229.86	140.26	48.5805	7.55373	6.84865	11.0657	15.1679	0.382595	0	0	0	0	0	0	0	0	0	0	0	0	0
05.500,00.000	24	5.5	-200	0	4.5	230.97	140.749	48.9146	7.6358	6.92331	11.1485	15.2121	0.386023	0	0	0	0	0	0	0	0	0	0	0	0	0
05.500,00.000	24.1	5.5	-200	0	4.5	234.226	142.225	49.8889	7.80533	7.13173	11.4141	15.3652	0.395533	0	0	0	0	0	0	0	0	0	0	0	0	0
05.500,00.000	24.2	5.5	-200	0	4.5	236.559	143.284	50.5837	7.93793	7.27693	11.6027	15.4713	0.402762	0	0	0	0	0	0	0	0	0	0	0	0	0
05.500,00.000	24.3	5.5	-200	0	4.5	238.311	144.087	51.1024	8.02753	7.38154	11.7486	15.5553	0.408193	0	0	0	0	0	0	0	0	0	0	0	0	0
05.500,00.000	24.4	5.5	-200	0	4.5	242.161	145.872	52.2379	8.21703	7.6003	12.0719	15.7418	0.420178	0	0	0	0	0	0	0	0	0	0	0	0	0
05.500,00.000	24.5	5.5	-200	0	4.5	243.119	146.305	52.523	8.29046	7.65112	12.1482	15.778	0.423313	0	0	0	0	0	0	0	0	0	0	0	0	0
05.500,00.000	24.6	5.5	-200	0	4.5	245.911	147.59	53.3415	8.45472	7.79573	12.3822	15.9147	0.432293	0	0	0	0	0	0	0	0	0	0	0	0	0
05.500,00.000	24.7	5.5	-200	0	4.5	251.576	150.433	54.8683	8.76734	8.06127	12.8267	16.1709	0.449321	0	0	0	0	0	0	0	0	0	0	0	0	0
05.500,00.000	24.8	5.5	-200	0	4.5	259.374	154.356	56.9249	9.16325	8.5158	13.4314	16.5099	0.473344	0	0	0	0	0	0	0	0	0	0	0	0	0
05.500,00.000	24.9	5.5	-200	0	4.5	260.647	154.976	57.2578	9.24875	8.62216	13.5267	16.5384	0.477363	0	0	0	0	0	0	0	0	0	0	0	0	0
05.500,00.000	25	5.5	-200	0	4.5	260.884	155.097	57.3199	9.2599	8.63706	13.5448	16.5474	0.478097	0	0	0	0	0	0	0	0	0	0	0	0	0
05.500,00.000	25.1	5.5	-200	0	4.5	266.266	157.905	58.7059	9.49923	8.96372	13.9462	16.7505	0.495068	0	0	0	0	0	0	0	0	0	0	0	0	0
05.500,00.000	25.2	5.5	-200	0	4.5	269.666	159.713	59.5593	9.65973	9.17775	14.1909	16.8593	0.506084	0	0	0	0	0	0	0	0	0	0	0	0	0
05.500,00.000	25.3	5.5	-200	0	4.5	271.823	160.883	60.0892	9.74827	9.30095	14.348	16.9406	0.513187	0	0	0	0	0	0	0	0	0	0	0	0	0
05.500,00.000	25.4	5.5	-200	0	4.5	278.36	164.501	61.6427	9.99832	9.65409	14.8237	17.2048	0.53512	0	0	0	0	0	0	0	0	0	0	0	0	0
05.500,00.000	25.5	5.5	-200	0	4.5	279.845	165.314	61.974	10.0628	9.77346	14.9286	17.2518	0.540368	0	0	0	0	0	0	0	0	0	0	0	0	0
05.500,00.000	25.6	5.5	-200	0	4.5	290.069	170.869	64.2699	10.4276	10.5291	15.6912	17.677	0.604566	0	0	0	0	0	0	0	0	0	0	0	0	0
05.500,00.000	25.7	5.5	-200	0	4.5	292.69	172.249	64.8677	10.5337	10.7254	15.9033	17.7731	0.637608	0	0	0	0	0	0	0	0	0	0	0	0	0
05.500,00.000	25.8	5.5	-200	0	4.5	297.844	175.082	66.0137	10.7013	11.0779	16.303	17.988	0.678258	0	0	0	0	0	0	0	0	0	0	0	0	0
05.500,00.000	25.9	5.5	-200	0	4.5	305.564	179.28	67.7666	10.9495	11.5971	16.9157	18.312	0.74348	0	0	0	0	0	0	0	0	0	0	0	0	0
05.500,00.000	26	5.5	-200	0	4.5	307.024	180.062	68.1056	10.9965	11.6941	17.0351	18.3696	0.761198	0	0	0	0	0	0	0	0	0	0	0	0	0
05.500,00.000	26.1	5.5	-200	0	4.5	311.445	182.506	69.0986	11.1257	11.9675	17.3885	18.5601	0.798606	0	0	0	0	0	0	0	0	0	0	0	0	0
05.500,00.000	26.2	5.5	-200	0	4.5	314.337	184.096	69.7543	11.2092	12.1428	17.6232	18.683	0.828656	0	0	0	0	0	0	0	0	0	0	0	0	0
05.500,00.000	26.3	5.5	-200	0	4.5	316.331	185.205	70.2017	11.2635	12.2578	17.7852	18.7705	0.847133	0	0	0	0	0	0	0	0	0	0	0	0	0
05.500,00.000	26.4	5.5	-200	0	4.5	321.327	187.618	71.4956	11.4394	12.5813	18.2679	19.0245	0.900259	0	0	0	0	0	0	0	0	0	0	0	0	0
05.500,00.000	26.5	5.5	-200	0	4.5	322.478	188.151	71.8243	11.4833	12.6525	18.3782	19.0708	0.917652	0	0	0	0	0	0	0	0	0	0	0	0	0
05.500,00.000	26.6	5.5	-200	0	4.5	325.931	189.754	72.81	11.6081	12.8541	18.7056	19.2429	0.957009	0	0	0	0	0	0	0	0	0	0	0	0	0
05.500,00.000	26.7	5.5	-200	0	4.5	332.435	192.72	74.6912	11.8421	13.2318	19.3404	19.5739	1.03515	0	0	0	0	0	0	0	0	0	0	0	0	0
05.500,00.000	26.8	5.5	-200	0	4.5	333.626	193.308	74.9649	11.8878	13.3051	19.4704	19.6331	1.05668	0	0	0	0	0	0	0	0	0	0	0	0	0
05.500,00.000	26.9	5.5	-200	0	4.5	338.783	195.723	76.3754	12.0632	13.5955	19.9973	19.9045	1.12398	0	0	0	0	0	0	0	0	0	0	0	0	0
05.500,00.000	27	5.5	-200	0	4.5	340.227	196.419	76.7581	12.1151	13.6807	20.1224	19.98	1.15175	0	0	0	0	0	0	0	0	0	0	0	0	0
05.500,00.000	27.1	5.5	-200	0	4.5	342.259	197.377	77.3496	12.1786	13.7869	20.3054	20.0819	1.18031	0	0	0	0	0	0	0	0	0	0	0	0	0
05.500,00.000	27.2	5.5	-200	0	4.5	343.927	198.158	77.8371	12.2292	13.8724	20.458	20.1657	1.20626	0	0	0	0	0	0	0	0	0	0	0	0	0
05.500,00.000	27.3	5.5	-200	0	4.5	345.33	198.828	78.2408	12.2689	13.9408	20.5883	20.2362	1.22763	0	0	0	0	0	0	0	0	0	0	0	0	0
05.500,00.000	27.4	5.5	-200	0	4.5	347.29	199.772	78.7957	12.3205	14.0311	20.7798	20.3335	1.25774	0	0	0	0	0	0	0	0	0	0	0	0	0
05.500,00.000	27.5	5.5	-200	0	4.5	347.929	200.082	78.9737	12.3367	14.0601	20.8419	20.3652	1.26928	0	0	0	0	0	0	0	0	0	0	0	0	0
05.500,00.000	27.6	5.5	-200	0	4.5	349.38	200.793	79.3825	12.3704	14.1234	20.9807	20.4368	1.29292	0	0	0	0	0	0	0	0	0	0	0	0	0
05.500,00.000	27.7	5.5	-200	0	4.5	350.775	201.494	79.765	12.4005	14.1828	21.1108	20.5043	1.31764	0	0	0	0	0	0	0	0	0	0	0	0	0
05.500,00.000	27.8	5.5	-200	0	4.5	352.048	202.143	80.1094	12.4254	14.2356	21.2298	20.5648	1.34012	0	0	0	0	0	0	0	0	0	0	0	0	0
05.500,00.000	27.9	5.5	-200	0	4.5	354.759	203.536	80.843	12.4731	14.3454	21.4819	20.6927	1.3877	0	0	0	0	0	0	0	0	0	0	0	0	0
05.500,00.000	28	5.5	-200	0	4.5	355.431	203.889	81.0163	12.4839	14.3716	21.5443	20.7237	1.40219	0	0	0	0	0	0	0	0	0	0	0	0	0
05.500,00.000	28.1	5.5	-200	0	4.5	357.257	204.857	81.5032	12.5076	14.4391	21.7092	20.8058	1.43481	0	0	0	0	0	0	0	0	0	0	0	0	0
05.500,00.000	28.2	5.5	-200	0	4.5	358.712	205.655	81.8781	12.5237	14.4903	21.833	20.8694	1.46229	0	0	0	0	0	0	0	0	0	0	0	0	0
05.500,00.000	28.3	5.5	-200	0	4.5	359.894	206.322	82.1785	12.5335	14.5291	21.9281	20.919	1.48312	0	0	0	0	0	0	0	0	0	0	0	0	0
05.500,00.000	28.4	5.5	-200	0	4.5	361.05	207.023	82.444	12.5393	14.5628	22.011	20.9638	1.50626	0	0	0	0	0	0	0	0	0	0	0	0	0
05.500,00.000	28.5	5.5	-200	0	4.5	365.987	209.941	83.6648	12.5556	14.705	22.3696	21.1584	1.59291	0	0	0	0	0	0	0	0	0	0	0	0	0
05.500,00.000	28.6	5.5	-200	0	4.5	374.176	215.157	85.5055	12.5674	14.9056	22.8778	21.4451	1.71707	0	0	0	0	0	0	0	0	0	0	0	0	0
05.500,00.000	28.7	5.5	-200	0	4.5	386.523	223.827	87.8148	12.5719	15.1398	23.4984	21.7963	1.8747	0	0	0	0	0	0	0	0	0	0	0	0	0
05.500,00.000	28.8	5.5	-200	0	4.5	388.27	225.088	88.1241	12.5719	15.1693	23.5803	21.8417	1.89544	0	0	0	0	0	0	0	0	0	0	0	0	0
05.500,00.000	28.9	5.5	-200	0	4.5	388.65	225.367	88.1916	12.5719	15.1742	23.5959	21.8503	1.89958	0	0	0	0	0	0	0	0	0	0	0	0	0
05.500,00.000	29	5.5	-200	0	4.5	396.255	230.968	89.5611	12.5719	15.2651	23.8968	22.013	1.97945	0	0	0	0	0	0	0	0	0	0	0	0	0
05.500,00.000	29.1	5.5	-200	0	4.5	399.958	233.719	90.2271	12.5719	15.3053	24.0331	22.0861	2.01599	0	0	0	0	0	0	0	0	0	0	0	0	0
05.500,00.000	29.2	5.5	-200	0	4.5	401.626	234.958	90.5376	12.5719	15.3211	24.0899	22.1155	2.0314	0	0	0	0	0	0	0	0	0	0	0	0	0
05.500,00.000	29.3	5.5	-200	0	4.5	403.336	236.241	90.8554	12.5719	15.3355	24.1434	22.1431	2.04637	0	0	0	0	0	0	0	0	0	0	0	0	0
05.500,00.000	29.4	5.5	-200	0	4.5	407.745	239.573	91.6729	12.5719	15.3678	24.2687	22.2073	2.0829	0	0	0	0	0	0	0	0	0	0	0	0	0
05.500,00.000	29.5	5.5	-200	0	4.5	408.78	240.357	91.8667	12.5719	15.3747	24.2966	22.2213	2.09111	0	0	0	0	0	0	0	0	0	0	0	0	0
05.500,00.000	29.6	5.5	-200	0	4.5	411.961	242.788	92.4483	12.585	15.3924	24.3738	22.2583	2.11439	0	0	0	0	0	0	0	0	0	0	0	0	0
05.500,00.000	29.7	5.5	-200	0	4.5	420.946	249.441	94.1877	12.7358	15.443	24.5952	22.3615	2.18135	0	0	0	0	0	0	0	0	0	0	0	0	0
05.500,00.000	29.8	5.5	-200	0	4.5	433.013	258.411	96.582	12.9211	15.5034	24.8572	22.4775	2.26063	0	0	0	0	0	0	0	0	0	0	0	0	0
05.500,00.000	29.9	5.5	-200	0	4.5	434.507	259.356	97.0377	12.9527	15.5106	24.8885	22.4909	2.27	0	0	0	0	0	0	0	0	0	0	0	0	0
05.500,00.000	30	5.5	-200	0	4.5	448.3	266.245	103.243	13.1435	15.5725	25.1494	22.5973	2.34853	0	0	0	0	0	0	0	0	0	0	0	0	0
05.500,00.000	30.1	5.5	-200	0	4.5	454.128	268.652	106.361	13.2366	15.5984	25.2585	22.6408	2.3812	0	0	0	0	0	0	0	0	0	0	0	0	0
05.500,00.000	30.2	5.5	-200	0	4.5	455.997	269.444	107.352	13.2603	15.6062	25.2902	22.6527	2.39071	0	0	0	0	0	0	0	0	0	0	0	0	0
05.500,00.000	30.3	5.5	-200	0	4.5	457.928	270.269	108.377	13.2837	15.6138	25.3209	22.6637	2.39993	0	0	0	0	0	0	0	0	0	0	0	0	0
05.500,00.000	30.4	5.5	-200	0	4.5	459.867	271.103	109.406	13.3059	15.6212	25.3497	22.6733	2.40853	0	0	0	0	0	0	0	0	0	0	0	0	0
05.500,00.000	30.5	5.5	-200	0	4.5	461.816	271.942	110.444	13.3271	15.6282	25.3766	22.6816	2.41657	0	0	0	0	0	0	0	0	0	0	0	0	0
05.500,00.000	30.6	5.5	-200	0	4.5	463.745	272.769	111.48	13.3475	15.635	25.4016	22.6886	2.42402	0	0	0	0	0	0	0	0	0	0	0	0	0
05.500,00.000	30.7	5.5	-200	0	4.5	473.987	276.761	117.369	13.4617	15.6723	25.5357	22.7229	2.46397	0	0	0	0	0	0	0	0	0	0	0	0	0
05.500,00.000	30.8	5.5	-200	0	4.5	487.379	282.886	124.193	13.5989	15.7177	25.6942	22.7603	2.51112	0.0173628	0	0	0	0	0	0	0	0	0	0	0	0
05.500,00.000	30.9	5.5	-200	0	4.5	488.537	283.557	124.568	13.6145	15.7229	25.7121	22.7643	2.51641	0.0819073	0	0	0	0	0	0	0	0	0	0	0	0
05.500,00.000	31	5.5	-200	0	4.5	500.253	290.665	128.368	13.7526	15.7698	25.864	22.7921	2.56025	0.481576	0	0	0	0	0	0	0	0	0	0	0	0
05.500,00.000	31.1	5.5	-200	0	4.5	505.141	293.693	129.849	13.8075	15.7886	25.9236	22.8022	2.57727	0.700097	0	0	0	0	0	0	0	0	0	0	0	0
05.500,00.000	31.2	5.5	-200	0	4.5	506.563	294.591	130.29	13.8211	15.7933	25.9376	22.8039	2.58114	0.745316	0	0	0	0	0	0	0	0	0	0	0	0
05.500,00.000	31.3	5.5	-200	0	4.5	508.053	295.544	130.744	13.8342	15.7978	25.9505	22.8048	2.58456	0.79256	0	0	0	0	0	0	0	0	0	0	0	0
05.500,00.000	31.4	5.5	-200	0	4.5	511.767	297.952	131.865	13.8626	15.8078	25.9772	22.8053	2.59121	0.905702	0	0	0	0	0	0	0	0	0	0	0	0
05.500,00.000	31.5	5.5	-200	0	4.5	512.653	298.517	132.141	13.869	15.8101	25.9831	22.8053	2.59259	0.935208	0	0	0	0	0	0	0	0	0	0	0	0
05.500,00.000	31.6	5.5	-200	0	4.5	515.38	300.296	132.963	13.8859	15.8162	25.9981	22.8053	2.59531	1.02028	0	0	0	0	0	0	0	0	0	0	0	0
05.500,00.000	31.7	5.5	-200	0	4.5	517.439	301.653	133.575	13.8972	15.8203	26.008	22.8053	2.59679	1.08345	0	0	0	0	0	0	0	0	0	0	0	0
05.500,00.000	31.8	5.5	-200	0	4.5	519.13	302.78	134.071	13.9052	15.8234	26.0148	22.8053	2.59755	1.13252	0	0	0	0	0	0	0	0	0	0	0	0
05.500,00.000	31.9	5.5	-200	0	4.5	528.054	308.943	136.502	13.9417	15.8374	26.0452	22.8053	2.59982	1.38049	0	0	0	0	0	0	0	0	0	0	0	0
05.500,00.000	32	5.5	-200	0	4.5	529.978	310.296	137.002	13.9487	15.8402	26.0512	22.8053	2.60014	1.43485	0	0	0	0	0	0	0	0	0	0	0	0
05.500,00.000	32.1	5.5	-200	0	4.5	536.075	314.612	138.598	13.9648	15.847	26.0651	22.8053	2.60015	1.58275	0	0	0	0	0	0	0	0	0	0	0	0
05.500,00.000	32.2	5.5	-200	0	4.5	539.428	316.989	139.476	13.9724	15.8504	26.0718	22.8053	2.60015	1.66329	0	0	0	0	0	0	0	0	0	0	0	0
05.500,00.000	32.3	5.5	-200	0	4.5	541.336	318.35	139.974	13.9753	15.8519	26.0745	22.8053	2.60015	1.70412	0	0	0	0	0	0	0	0	0	0	0	0
05.500,00.000	32.4	5.5	-200	0	4.5	544.395	320.537	140.777	13.9783	15.8537	26.0777	22.8053	2.60015	1.76567	0	0	0	0	0	0	0	0	0	0	0	0
05.500,00.000	32.5	5.5	-200	0	4.5	546.771	322.238	141.402	13.9795	15.8547	26.0797	22.8053	2.60015	1.81135	0	0	0	0	0	0	0	0	0	0	0	0
05.500,00.000	32.6	5.5	-200	0	4.5	548.834	323.705	141.958	13.9798	15.8553	26.0809	22.8053	2.60015	1.84931	0	0	0	0	0	0	0	0	0	0	0	0
05.500,00.000	32.7	5.5	-200	0	4.5	564.929	334.692	146.723	13.9798	15.8576	26.0876	22.8053	2.60015	2.1841	0	0	0	0	0	0	0	0	0	0	0	0
05.500,00.000	32.8	5.5	-200	0	4.5	571.815	339.445	148.724	13.9798	15.8579	26.0896	22.8053	2.60015	2.31243	0	0	0	0	0	0	0	0	0	0	0	0
05.500,00.000	32.9	5.5	-200	0	4.5	571.792	339.421	148.725	13.9798	15.8579	26.0896	22.8053	2.60015	2.31308	0	0	0	0	0	0	0	0	0	0	0	0
05.500,00.000	33	5.5	-200	0	4.5	589.59	351.304	154.192	13.9798	15.8579	26.0899	22.8053	2.60015	2.59627	0	0	0.16478	0	0	0	0	0	0	0	0	0
05.500,00.000	33.1	5.5	-200	0	4.5	597.155	356.268	156.129	13.9798	15.8579	26.0899	22.8053	2.60015	2.70794	0	0	0.717692	0	0	0	0	0	0	0	0	0
05.500,00.000	33.2	5.5	-200	0	4.5	599.744	357.974	156.804	13.9798	15.8579	26.0899	22.8053	2.60015	2.74024	0	0	0.892906	0	0	0	0	0	0	0	0	0
05.500,00.000	33.3	5.5	-200	0	4.5	602.103	359.534	157.421	13.9798	15.8579	26.0899	22.8053	2.60015	2.76748	0	0	1.04748	0	0	0	0	0	0	0	0	0
05.500,00.000	33.4	5.5	-200	0	4.5	608.817	363.993	159.183	13.9798	15.8579	26.0899	22.8053	2.60015	2.83732	0	0	1.4703	0	0	0	0	0	0	0	0	0
05.500,00.000	33.5	5.5	-200	0	4.5	610.311	364.986	159.574	13.9798	15.8579	26.0899	22.8053	2.60015	2.8526	0	0	1.56441	0	0	0	0	0	0	0	0	0
05.500,00.000	33.6	5.5	-200	0	4.5	619.15	370.617	162.066	13.9798	15.8579	26.0899	22.8053	2.60015	2.94396	0	0	2.19066	0	0	0	0	0	0	0	0	0
05.500,00.000	33.7	5.5	-200	0	4.5	628.967	377.006	164.755	13.9798	15.8579	26.0899	22.8053	2.60015	3.03386	0	0	2.83938	0	0	0	0	0	0	0	0	0
05.500,00.000	33.8	5.5	-200	0	4.5	635.548	381.198	166.665	13.9798	15.8579	26.0899	22.8053	2.60015	3.08869	0	0	3.26265	0	0	0	0	0	0	0	0	0
05.500,00.000	33.9	5.5	-200	0	4.5	636.038	381.511	166.807	13.9798	15.8579	26.0899	22.8053	2.60015	3.09258	0	0	3.29384	0	0	0	0	0	0	0	0	0
05.500,00.000	34	5.5	-200	0	4.5	636.299	381.679	166.883	13.9798	15.8579	26.0899	22.8053	2.60015	3.09441	0	0	3.30977	0	0	0	0	0	0	0	0	0
05.500,00.000	34.1	5.5	-200	0	4.5	645.832	387.748	169.701	13.9798	15.8579	26.0899	22.8053	2.60015	3.15708	7.28306e-14	0	3.35434	0.538624	0	0	0	0	0	0	0	0
05.500,00.000	34.2	5.5	-200	0	4.5	650.652	390.774	171.133	13.9798	15.8579	26.0899	22.8053	2.60015	3.18794	0.0340774	0	3.35434	0.836354	0	0	0	0	0	0	0	0
05.500,00.000	34.3	5.5	-200	0	4.5	653.177	392.403	171.849	13.9798	15.8579	26.0899	22.8053	2.60015	3.20203	0.0503071	0	3.35434	0.984308	0	0	0	0	0	0	0	0
05.500,00.000	34.4	5.5	-200	0	4.5	655.916	394.09	172.576	13.9798	15.8579	26.2381	22.8053	2.60015	3.21517	0.0660343	0	3.35434	1.13277	0	0	0	0	0	0	0	0
05.500,00.000	34.5	5.5	-200	0	4.5	658.752	395.83	173.308	13.9798	15.8579	26.4277	22.8053	2.60015	3.22731	0.0811894	0	3.35434	1.28113	0	0	0	0	0	0	0	0
05.500,00.000	34.6	5.5	-200	0	4.5	661.558	397.489	174.043	13.9798	15.8579	26.6416	22.8053	2.60015	3.2399	0.0976569	0	3.35434	1.44875	0	0	0	0	0	0	0	0
05.500,00.000	34.7	5.5	-200	0	4.5	699.893	420.896	183.893	13.9798	15.8579	29.255	22.8053	2.60015	3.38427	0.297819	0	3.35434	3.57083	0	0	0	0	0	0	0	0
05.500,00.000	34.8	5.5	-200	0	4.5	707.635	425.602	185.923	13.9798	15.8579	29.6482	22.9336	2.60015	3.4115	0.336573	0	3.35434	3.98751	0	0	0	0	0	0	0	0
05.500,00.000	34.9	5.5	-200	0	4.5	739.272	445.211	194.093	13.9798	15.8579	29.9933	24.6	2.60015	3.49967	0.477564	0	3.35434	5.60514	0	0	0	0	0	0	0	0
05.500,00.000	35	5.5	-200	0	4.5	748.31	450.685	196.272	14.3137	15.8579	29.9933	25.1488	2.60015	3.52268	0.515527	0	3.35434	6.04685	0	0	0	0	0	0	0	0
05.500,00.000	35.1	5.5	-200	0	4.5	763.338	459.984	199.874	14.846	15.8579	29.9933	25.9885	2.60015	3.55027	0.569291	0	3.35434	6.72064	0	0	0	0	0	0	0	0
05.500,00.000	35.2	5.5	-200	0	4.5	770.403	464.345	201.55	15.1072	15.8579	29.9933	26.3932	2.60015	3.56233	0.594552	0	3.35434	7.04527	0	0	0	0	0	0	0	0
05.500,00.000	35.3	5.5	-200	0	4.5	773.786	466.482	202.344	15.2202	15.8579	29.9933	26.573	2.60015	3.56642	0.605061	0	3.35434	7.18946	0	0	0	0	0	0	0	0
05.500,00.000	35.4	5.5	-200	0	4.5	777.31	468.727	203.172	15.3326	15.8579	29.9933	26.7536	2.60015	3.56954	0.615043	0	3.35434	7.33413	0	0	0	0	0	0	0	0
05.500,00.000	35.5	5.5	-200	0	4.5	780.951	471.076	204.016	15.4442	15.8579	29.9933	26.934	2.60015	3.57166	0.624467	0	3.35434	7.47888	0	0	0	0	0	0	0	0
05.500,00.000	35.6	5.5	-200	0	4.5	784.72	473.504	204.889	15.5604	15.8579	29.9933	27.1236	2.60015	3.57283	0.633793	0	3.35436	7.63132	0	0	0	0	0	0	0	0
05.500,00.000	35.7	5.5	-200	0	4.5	814.228	492.723	211.487	16.4595	15.8579	29.9933	28.6251	2.60015	3.57501	0.702847	0	3.36157	8.84235	0	0	0	0	0	0	0	0
05.500,00.000	35.8	5.5	-200	0	4.5	824.44	499.402	213.807	16.7531	15.8579	29.9933	29.1208	2.60015	3.57501	0.724721	0	3.36409	9.24198	0	0	0	0	0	0	0	0
05.500,00.000	35.9	5.5	-200	0	4.5	824.433	499.395	213.806	16.7539	15.8579	29.9933	29.1208	2.60015	3.57501	0.724721	0	3.36375	9.24198	0	0	0	0	0	0	0	0
05.500,00.000	36	5.5	-200	0	4.5	847.146	514.404	218.94	17.3311	15.8579	29.9939	30.1865	2.60015	3.57501	0.763355	0	3.39651	9.73448	0.363654	0	0	0	0	0	0	0
05.500,00.000	36.1	5.5	-200	0	4.5	859.447	522.673	221.587	17.638	15.8579	29.9975	30.7585	2.60015	3.57501	0.783108	0	3.41906	9.71599	0.841688	0	0	0	0	0	0	0
05.500,00.000	36.2	5.5	-200	0	4.5	863.769	525.595	222.499	17.7405	15.8579	30.0025	30.9594	2.60015	3.57501	0.789261	0	3.43128	9.71599	1.00224	0	0	0	0	0	0	0
05.500,00.000	36.3	5.5	-200	0	4.5	867.756	528.305	223.337	17.8293	15.8579	30.0098	31.1402	2.60015	3.57501	0.794192	0	3.44562	9.71599	1.14681	0	0	0	0	0	0	0
05.500,00.000	36.4	5.5	-200	0	4.5	878.673	535.667	225.687	18.062	15.8579	30.0367	31.6316	2.60015	3.57501	0.805976	0	3.49359	9.71599	1.54019	0	0	0	0	0	0	0
05.500,00.000	36.5	5.5	-200	0	4.5	880.986	537.249	226.16	18.1108	15.8579	30.0433	31.7367	2.60015	3.57501	0.808329	0	3.50452	9.716	1.62438	0	0	0	0	0	0	0
05.500,00.000	36.6	5.5	-200	0	4.5	888.492	542.36	227.73	18.2564	15.8579	30.0721	32.0699	2.60015	3.57501	0.814142	0	3.54865	9.71676	1.89114	0	0	0	0	0	0	0
05.500,00.000	36.7	5.5	-200	0	4.5	913.432	559.602	232.836	18.7659	15.8579	30.1924	32.8219	2.60015	3.57501	0.83174	0	3.76605	9.72239	2.86052	0	0	0	0	0	0	0
05.500,00.000	36.8	5.5	-200	0	4.5	926.657	568.765	235.928	19.0183	15.8579	30.2632	32.8225	2.60015	3.57501	0.839258	0	3.90078	9.73009	3.35651	0	0	0	0	0	0	0
05.500,00.000	36.9	5.5	-200	0	4.5	926.748	568.827	235.95	19.02	15.8579	30.2636	32.8225	2.60015	3.57501	0.839299	0	3.90196	9.73018	3.35986	0	0	0	0	0	0	0
05.500,00.000	37	5.5	-200	0	4.5	941.286	578.918	239.321	19.2613	15.8579	30.3635	32.8299	2.60015	3.57501	0.842392	0	4.07045	9.75518	3.89108	0	0	0	0	0	0	0
05.500,00.000	37.1	5.5	-200	0	4.5	952.03	586.42	241.742	19.4366	15.8579	30.4408	32.8393	2.60015	3.57501	0.84366	0	4.20804	9.77847	4.28808	0	0	0	0	0	0	0
05.500,00.000	37.2	5.5	-200	0	4.5	955.756	589.015	242.589	19.4944	15.8579	30.4711	32.8446	2.60015	3.57501	0.84371	0	4.25136	9.78913	4.42463	0	0	0	0	0	0	0
05.500,00.000	37.3	5.5	-200	0	4.5	960.191	592.097	243.601	19.5586	15.8579	30.5122	32.8536	2.60015	3.57501	0.84371	0	4.3026	9.80528	4.58481	0	0	0	0	0	0	0
05.500,00.000	37.4	5.5	-200	0	4.5	974.997	602.351	246.997	19.7596	15.8579	30.6592	32.8931	2.60015	3.57501	0.84371	0	4.47933	9.87048	5.11098	0	0	0	0	0	0	0
05.500,00.000	37.5	5.5	-200	0	4.5	977.785	604.281	247.626	19.7981	15.8579	30.687	32.902	2.60015	3.57501	0.84371	0	4.51581	9.88448	5.21409	0	0	0	0	0	0	0
05.500,00.000	37.6	5.5	-200	0	4.5	990.122	612.827	250.422	19.9441	15.8579	30.8237	32.9572	2.60015	3.57501	0.84371	0	4.67227	9.95879	5.64037	0	0	0	0	0	0	0
05.500,00.000	37.7	5.5	-200	0	4.5	1009.95	626.31	255.006	20.1803	15.8579	31.0587	33.0693	2.60015	3.57501	0.873202	0	4.94819	10.103	6.3646	0	0	0	0	0	0	0
05.500,00.000	37.8	5.5	-200	0	4.5	1015.18	629.848	256.231	20.2382	15.8579	31.1213	33.1027	2.60015	3.57501	0.888073	0	5.02234	10.1439	6.5498	0	0	0	0	0	0	0
05.500,00.000	37.9	5.5	-200	0	4.5	1015.16	629.844	256.22	20.2382	15.8579	31.1208	33.1027	2.60015	3.57501	0.888073	0	5.02276	10.1439	6.5498	0	0	0	0	0	0	0
05.500,00.000	38	5.5	-200	0	4.5	1023.49	635.384	258.212	20.3129	15.8579	31.2352	33.1841	2.60015	3.57501	0.908478	0	5.15108	10.2287	6.83722	0	0	0	0	0	0	0
05.500,00.000	38.1	5.5	-200	0	4.5	1032.1	640.885	260.511	20.3857	15.8579	31.3356	33.2768	2.60015	3.57501	0.928789	0	5.28904	10.3231	7.13473	0	0	0	0	0	0	0
05.500,00.000	38.2	5.5	-200	0	4.5	1034.27	642.27	261.083	20.4028	15.8579	31.3564	33.3028	2.60015	3.57501	0.933693	0	5.32491	10.3489	7.2099	0	0	0	0	0	0	0
05.500,00.000	38.3	5.5	-200	0	4.5	1037.86	644.548	262.038	20.4272	15.8579	31.4031	33.3534	2.60015	3.57501	0.941063	0	5.38922	10.3973	7.33372	0	0	0	0	0	0	0
05.500,00.000	38.4	5.5	-200	0	4.5	1051.03	652.49	265.882	20.5062	15.8579	31.581	33.5568	2.60015	3.57501	0.966088	0	5.64576	10.5872	7.784	0	0	0	0	0	0	0
05.500,00.000	38.5	5.5	-200	0	4.5	1053.66	654.031	266.695	20.5212	15.8579	31.6082	33.6	2.60015	3.57501	0.970972	0	5.69531	10.6272	7.87505	0	0	0	0	0	0	0
05.500,00.000	38.6	5.5	-200	0	4.5	1065.4	660.88	270.28	20.5738	15.8579	31.7778	33.8204	2.60015	3.57501	0.989811	0	5.94404	10.8261	8.27809	0	0	0	0	0	0	0
05.500,00.000	38.7	5.5	-200	0	4.5	1073.78	665.772	272.827	20.6079	15.8579	31.8964	33.9918	2.60015	3.57501	1.00243	0	6.10585	10.9777	8.56835	0	0	0	0	0	0	0
05.500,00.000	38.8	5.5	-200	0	4.5	1079.77	669.195	274.694	20.6283	15.8579	31.9901	34.1254	2.60015	3.57501	1.01031	0	6.2289	11.0929	8.7735	0	0	0	0	0	0	0
05.500,00.000	38.9	5.5	-200	0	4.5	1080.47	669.595	274.91	20.6305	15.8579	31.9992	34.142	2.60015	3.57501	1.01117	0	6.24069	11.1071	8.79775	0	0	0	0	0	0	0
05.500,00.000	39	5.5	-200	0	4.5	1082.29	670.615	275.486	20.6348	15.8579	32.0279	34.1908	2.60015	3.57501	1.0129	0	6.27799	11.1478	8.86015	0	0	0	0	0	0	0
05.500,00.000	39.1	5.5	-200	0	4.5	1089.07	674.383	277.617	20.6488	15.8579	32.1456	34.3853	2.60015	3.57501	1.01847	0	6.43112	11.3084	9.09464	0	0	0	0	0	0	0
05.500,00.000	39.2	5.5	-200	0	4.5	1093.26	676.814	278.782	20.6565	15.8579	32.2229	34.5319	2.60015	3.57501	1.02147	0	6.53307	11.4189	9.24794	0	0	0	0	0	0	0
05.500,00.000	39.3	5.5	-200	0	4.5	1095.45	678.048	279.408	20.6596	15.8579	32.2658	34.619	2.60015	3.57501	1.02259	0	6.58923	11.4795	9.32689	0	0	0	0	0	0	0
05.500,00.000	39.4	5.5	-200	0	4.5	1106.34	683.889	282.715	20.6696	15.8579	32.4991	35.0858	2.60015	3.57501	1.02579	0	6.89568	11.8045	9.46985	0.25206	0	0	0	0	0	0
05.500,00.000	39.5	5.5	-200	0	4.5	1108.47	684.962	283.432	20.6713	15.8579	32.5397	35.1849	2.60015	3.57501	1.02626	0	6.94737	11.8735	9.42105	0.382318	0	0	0	0	0	0
05.500,00.000	39.6	5.5	-200	0	4.5	1118.36	690.042	286.371	20.6726	15.8579	32.773	35.6947	2.63693	3.57501	1.02632	0	7.27321	12.2377	9.45466	0.742734	0	0	0	0	0	0
05.500,00.000	39.7	5.5	-200	0	4.5	1130.2	696.075	289.827	20.6726	15.8579	33.0501	36.3331	2.72395	3.57501	1.02632	0	7.67402	12.7044	9.45466	1.22456	0	0	0	0	0	0
05.500,00.000	39.8	5.5	-200	0	4.5	1131.64	696.793	290.25	20.6726	15.8579	33.0839	36.4219	2.73556	3.57501	1.02632	0	7.71838	12.7676	9.45466	1.28702	0	0	0	0	0	0
05.500,00.000	39.9	5.5	-200	0	4.5	1131.66	696.803	290.256	20.6726	15.8579	33.0844	36.4232	2.73573	3.57501	1.02632	0	7.71916	12.7686	9.45466	1.28785	0	0	0	0	0	0
05.500,00.000	40	5.5	-200	0	4.5	1131.72	696.83	290.272	20.6726	15.8579	33.0862	36.4271	2.73621	3.57501	1.02632	0	7.72143	12.7714	9.45466	1.29022	0	0	0	0	0	0
05.500,00.000	40.1	5.5	-200	0	4.5	1137.06	699.355	291.755	20.6726	15.8579	33.2534	36.819	2.78375	3.57501	1.02632	0	7.94303	13.0549	9.45466	1.51376	0	0	0	0	0	0
05.500,00.000	40.2	5.5	-200	0	4.5	1140.01	700.74	292.564	20.6726	15.8579	33.3427	37.0465	2.81101	3.57501	1.02632	0	8.06033	13.2201	9.45466	1.63906	0	0	0	0	0	0
05.500,00.000	40.3	5.5	-200	0	4.5	1141.96	701.626	293.101	20.6726	15.8579	33.4082	37.2045	2.82946	3.57501	1.02632	0	8.1457	13.3349	9.45466	1.7202	0	0	0	0	0	0
05.500,00.000	40.4	5.5	-200	0	4.5	1146.93	703.84	294.424	20.6726	15.8579	33.5827	37.6753	2.87808	3.57501	1.02632	0	8.37624	13.6438	9.45466	1.92677	0	0	0	0	0	0
05.500,00.000	40.5	5.5	-200	0	4.5	1147.98	704.31	294.69	20.6726	15.8579	33.6175	37.7854	2.88887	3.57501	1.02632	0	8.42082	13.7131	9.45469	1.97185	0	0	0	0	0	0
05.500,00.000	40.6	5.5	-200	0	4.5	1154.82	707.189	296.451	20.6726	15.8579	33.8196	38.5181	2.96259	3.57501	1.02632	0	8.82443	14.2034	9.45626	2.2684	0	0	0	0	0	0
05.500,00.000	40.7	5.5	-200	0	4.5	1162.68	710.469	298.434	20.6726	15.8579	34.0227	39.38	3.05007	3.57501	1.02632	0	9.31885	14.7978	9.45964	2.61435	0	0	0	0	0	0
05.500,00.000	40.8	5.5	-200	0	4.5	1163.64	710.855	298.672	20.6726	15.8579	34.0428	39.4919	3.07439	3.57501	1.02632	0	9.38619	14.8722	9.46038	2.65612	0	0	0	0	0	0
05.500,00.000	40.9	5.5	-200	0	4.5	1165.3	711.485	299.085	20.6726	15.8579	34.0946	39.6999	3.10749	3.57501	1.02632	0	9.49617	15.0098	9.46289	2.72758	0	0	0	0	0	0
05.500,00.000	41	5.5	-200	0	4.5	1165.66	711.615	299.17	20.6726	15.8579	34.1028	39.7522	3.11949	3.57501	1.02632	0	9.5219	15.0396	9.4635	2.74269	0	0	0	0	0	0
05.500,00.000	41.1	5.5	-200	0	4.5	1169.02	712.812	299.97	20.6726	15.8579	34.2146	40.2359	3.19839	3.57501	1.02632	0	9.7505	15.3461	9.47203	2.8873	0	0	0	0	0	0
05.500,00.000	41.2	5.5	-200	0	4.5	1171.18	713.595	300.487	20.6726	15.8579	34.2828	40.5753	3.2659	3.57501	1.02632	0	9.82898	15.556	9.47848	2.98306	0	0	0	0	0	0
05.500,00.000	41.3	5.5	-200	0	4.5	1173.64	714.438	301.064	20.6726	15.8579	34.3721	40.9679	3.32907	3.57501	1.02632	0	9.95736	15.8062	9.4874	3.09106	0	0	0	0	0	0
05.500,00.000	41.4	5.5	-200	0	4.5	1177.73	715.785	302.01	20.6726	15.8579	34.526	41.6293	3.44948	3.57501	1.02632	0	10.1823	16.239	9.50514	3.26987	0	0	0	0	0	0
05.500,00.000	41.5	5.5	-200	0	4.5	1178.49	716.036	302.18	20.6726	15.8579	34.5512	41.7618	3.48194	3.57501	1.02632	0	10.211	16.3221	9.50875	3.30338	0	0	0	0	0	0
05.500,00.000	41.6	5.5	-200	0	4.5	1188.05	718.901	304.309	20.6726	15.8579	34.9143	43.3945	3.85847	3.57501	1.02632	0	10.782	17.4579	9.56621	3.73296	0	0	0	0	0	0
05.500,00.000	41.7	5.5	-200	0	4.5	1190.1	719.507	304.756	20.6726	15.8579	34.9598	43.7711	3.98388	3.57501	1.02632	0	10.896	17.6928	9.57961	3.82672	0	0	0	0	0	0
05.500,00.000	41.8	5.5	-200	0	4.5	1191.24	719.81	305.003	20.6726	15.8579	35.0043	43.9824	4.0556	3.57501	1.02632	0	10.9661	17.8265	9.58838	3.87678	0	0	0	0	0	0
05.500,00.000	41.9	5.5	-200	0	4.5	1192.86	720.221	305.344	20.6726	15.8579	35.0636	44.2897	4.1602	3.57501	1.02632	0	11.0754	18.0226	9.60212	3.94774	0	0	0	0	0	0
05.500,00.000	42	5.5	-200	0	4.5	1193.15	720.294	305.405	20.6726	15.8579	35.0711	44.3495	4.17998	3.57501	1.02632	0	11.0964	18.0592	9.6048	3.96091	0	0	0	0	0	0