
label	time(d)	x	depth	z	radius	total	0-10	10-20	20-30	30-40	40-50	50-60	60-70	70-80	80-90	90-100	100-110	110-120	120-130	130-140	140-150	150-160	160-170	170-180	180-190	190-200
00.000,00.000	0	0	-200	0	4.5	0	0	0	0	0	0	0	0	0	0	0	0	0	0	0	0	0	0	0	0	0
00.000,00.000	0.1	0	-200	0	4.5	0.37949	0.37949	0	0	0	0	0	0	0	0	0	0	0	0	0	0	0	0	0	0	0
00.000,00.000	0.2	0	-200	0	4.5	0.761529	0.761529	0	0	0	0	0	0	0	0	0	0	0	0	0	0	0	0	0	0	0
00.000,00.000	0.3	0	-200	0	4.5	1.14632	1.14632	0	0	0	0	0	0	0	0	0	0	0	0	0	0	0	0	0	0	0
00.000,00.000	0.4	0	-200	0	4.5	1.53371	1.53371	0	0	0	0	0	0	0	0	0	0	0	0	0	0	0	0	0	0	0
00.000,00.000	0.5	0	-200	0	4.5	1.92307	1.92307	0	0	0	0	0	0	0	0	0	0	0	0	0	0	0	0	0	0	0
00.000,00.000	0.6	0	-200	0	4.5	2.31445	2.31445	0	0	0	0	0	0	0	0	0	0	0	0	0	0	0	0	0	0	0
00.000,00.000	0.7	0	-200	0	4.5	2.70815	2.70815	0	0	0	0	0	0	0	0	0	0	0	0	0	0	0	0	0	0	0
00.000,00.000	0.8	0	-200	0	4.5	3.10381	3.10381	0	0	0	0	0	0	0	0	0	0	0	0	0	0	0	0	0	0	0
00.000,00.000	0.9	0	-200	0	4.5	3.50171	3.50171	0	0	0	0	0	0	0	0	0	0	0	0	0	0	0	0	0	0	0
00.000,00.000	1	0	-200	0	4.5	3.90283	3.90283	0	0	0	0	0	0	0	0	0	0	0	0	0	0	0	0	0	0	0
00.000,00.000	1.1	0	-200	0	4.5	4.31434	4.31434	0	0	0	0	0	0	0	0	0	0	0	0	0	0	0	0	0	0	0
00.000,00.000	1.2	0	-200	0	4.5	4.73708	4.73708	0	0	0	0	0	0	0	0	0	0	0	0	0	0	0	0	0	0	0
00.000,00.000	1.3	0	-200	0	4.5	5.17098	5.17098	0	0	0	0	0	0	0	0	0	0	0	0	0	0	0	0	0	0	0
00.000,00.000	1.4	0	-200	0	4.5	5.61583	5.61583	0	0	0	0	0	0	0	0	0	0	0	0	0	0	0	0	0	0	0
00.000,00.000	1.5	0	-200	0	4.5	6.06993	6.06993	0	0	0	0	0	0	0	0	0	0	0	0	0	0	0	0	0	0	0
00.000,00.000	1.6	0	-200	0	4.5	6.53157	6.53157	0	0	0	0	0	0	0	0	0	0	0	0	0	0	0	0	0	0	0
00.000,00.000	1.7	0	-200	0	4.5	7.00424	7.00424	0	0	0	0	0	0	0	0	0	0	0	0	0	0	0	0	0	0	0
00.000,00.000	1.8	0	-200	0	4.5	7.49113	7.37119	0.119937	0	0	0	0	0	0	0	0	0	0	0	0	0	0	0	0	0	0
00.000,00.000	1.9	0	-200	0	4.5	7.99117	7.59823	0.392943	0	0	0	0	0	0	0	0	0	0	0	0	0	0	0	0	0	0
00.000,00.000	2	0	-200	0	4.5	8.50447	7.84005	0.664421	0	0	0	0	0	0	0	0	0	0	0	0	0	0	0	0	0	0
00.000,00.000	2.1	0	-200	0	4.5	9.0833	8.14737	0.935934	0	0	0	0	0	0	0	0	0	0	0	0	0	0	0	0	0	0
00.000,00.000	2.2	0	-200	0	4.5	9.77803	8.57025	1.20778	0	0	0	0	0	0	0	0	0	0	0	0	0	0	0	0	0	0
00.000,00.000	2.3	0	-200	0	4.5	10.587	9.10869	1.47835	0	0	0	0	0	0	0	0	0	0	0	0	0	0	0	0	0	0
00.000,00.000	2.4	0	-200	0	4.5	11.5104	9.7627	1.74773	0	0	0	0	0	0	0	0	0	0	0	0	0	0	0	0	0	0
00.000,00.000	2.5	0	-200	0	4.5	12.5487	10.5313	2.0174	0	0	0	0	0	0	0	0	0	0	0	0	0	0	0	0	0	0
00.000,00.000	2.6	0	-200	0	4.5	13.6987	11.412	2.28673	0	0	0	0	0	0	0	0	0	0	0	0	0	0	0	0	0	0
00.000,00.000	2.7	0	-200	0	4.5	14.9676	12.4124	2.55512	0	0	0	0	0	0	0	0	0	0	0	0	0	0	0	0	0	0
00.000,00.000	2.8	0	-200	0	4.5	16.3405	13.5177	2.82278	0	0	0	0	0	0	0	0	0	0	0	0	0	0	0	0	0	0
00.000,00.000	2.9	0	-200	0	4.5	17.839	14.7488	3.09022	0	0	0	0	0	0	0	0	0	0	0	0	0	0	0	0	0	0
00.000,00.000	3	0	-200	0	4.5	19.4583	16.1011	3.35724	0	0	0	0	0	0	0	0	0	0	0	0	0	0	0	0	0	0
00.000,00.000	3.1	0	-200	0	4.5	21.1338	17.5103	3.62349	0	0	0	0	0	0	0	0	0	0	0	0	0	0	0	0	0	0
00.000,00.000	3.2	0	-200	0	4.5	22.8085	18.9194	3.88914	0	0	0	0	0	0	0	0	0	0	0	0	0	0	0	0	0	0
00.000,00.000	3.3	0	-200	0	4.5	24.4801	20.3254	4.15475	0	0	0	0	0	0	0	0	0	0	0	0	0	0	0	0	0	0
00.000,00.000	3.4	0	-200	0	4.5	26.1525	21.7326	4.41984	0	0	0	0	0	0	0	0	0	0	0	0	0	0	0	0	0	0
00.000,00.000	3.5	0	-200	0	4.5	27.8168	23.133	4.68386	0	0	0	0	0	0	0	0	0	0	0	0	0	0	0	0	0	0
00.000,00.000	3.6	0	-200	0	4.5	29.4638	24.5169	4.94686	0	0	0	0	0	0	0	0	0	0	0	0	0	0	0	0	0	0
00.000,00.000	3.7	0	-200	0	4.5	31.1046	25.8947	5.20994	0	0	0	0	0	0	0	0	0	0	0	0	0	0	0	0	0	0
00.000,00.000	3.8	0	-200	0	4.5	32.7372	27.2648	5.47246	0	0	0	0	0	0	0	0	0	0	0	0	0	0	0	0	0	0
00.000,00.000	3.9	0	-200	0	4.5	34.3672	28.6331	5.73414	0	0	0	0	0	0	0	0	0	0	0	0	0	0	0	0	0	0
00.000,00.000	4	0	-200	0	4.5	35.9984	30.0029	5.99558	0	0	0	0	0	0	0	0	0	0	0	0	0	0	0	0	0	0
00.000,00.000	4.1	0	-200	0	4.5	37.6254	31.3688	6.25659	0	0	0	0	0	0	0	0	0	0	0	0	0	0	0	0	0	0
00.000,00.000	4.2	0	-200	0	4.5	39.2469	32.73	6.51698	0	0	0	0	0	0	0	0	0	0	0	0	0	0	0	0	0	0
00.000,00.000	4.3	0	-200	0	4.5	40.8647	34.0879	6.77677	0	0	0	0	0	0	0	0	0	0	0	0	0	0	0	0	0	0
00.000,00.000	4.4	0	-200	0	4.5	42.478	35.4419	7.03609	0	0	0	0	0	0	0	0	0	0	0	0	0	0	0	0	0	0
00.000,00.000	4.5	0	-200	0	4.5	44.0137	36.719	7.29473	0	0	0	0	0	0	0	0	0	0	0	0	0	0	0	0	0	0
00.000,00.000	4.6	0	-200	0	4.5	45.3163	37.7636	7.5527	0	0	0	0	0	0	0	0	0	0	0	0	0	0	0	0	0	0
00.000,00.000	4.7	0	-200	0	4.5	46.5982	38.7882	7.81008	0	0	0	0	0	0	0	0	0	0	0	0	0	0	0	0	0	0
00.000,00.000	4.8	0	-200	0	4.5	47.6255	39.5586	8.06695	0	0	0	0	0	0	0	0	0	0	0	0	0	0	0	0	0	0
00.000,00.000	4.9	0	-200	0	4.5	48.6474	40.1983	8.44913	0	0	0	0	0	0	0	0	0	0	0	0	0	0	0	0	0	0
00.000,00.000	5	0	-200	0	4.5	49.6657	40.6859	8.97984	0	0	0	0	0	0	0	0	0	0	0	0	0	0	0	0	0	0
00.000,00.000	5.1	0	-200	0	4.5	50.6839	40.7637	9.92015	0	0	0	0	0	0	0	0	0	0	0	0	0	0	0	0	0	0
00.000,00.000	5.2	0	-200	0	4.5	51.705	40.7913	10.9137	0	0	0	0	0	0	0	0	0	0	0	0	0	0	0	0	0	0
00.000,00.000	5.3	0	-200	0	4.5	52.7123	40.8257	11.8865	0	0	0	0	0	0	0	0	0	0	0	0	0	0	0	0	0	0
00.000,00.000	5.4	0	-200	0	4.5	53.4925	40.867	12.6255	0	0	0	0	0	0	0	0	0	0	0	0	0	0	0	0	0	0
00.000,00.000	5.5	0	-200	0	4.5	54.273	40.9106	13.3625	0	0	0	0	0	0	0	0	0	0	0	0	0	0	0	0	0	0
00.000,00.000	5.6	0	-200	0	4.5	55.0631	40.9623	14.1008	0	0	0	0	0	0	0	0	0	0	0	0	0	0	0	0	0	0
00.000,00.000	5.7	0	-200	0	4.5	55.8565	41.0194	14.8263	0.0108859	0	0	0	0	0	0	0	0	0	0	0	0	0	0	0	0	0
00.000,00.000	5.8	0	-200	0	4.5	56.4963	41.0853	15.1481	0.262947	0	0	0	0	0	0	0	0	0	0	0	0	0	0	0	0	0
00.000,00.000	5.9	0	-200	0	4.5	56.8544	41.1591	15.182	0.513241	0	0	0	0	0	0	0	0	0	0	0	0	0	0	0	0	0
00.000,00.000	6	0	-200	0	4.5	57.198	41.2407	15.1944	0.762809	0	0	0	0	0	0	0	0	0	0	0	0	0	0	0	0	0
00.000,00.000	6.1	0	-200	0	4.5	57.5369	41.3302	15.1946	1.01208	0	0	0	0	0	0	0	0	0	0	0	0	0	0	0	0	0
00.000,00.000	6.2	0	-200	0	4.5	57.884	41.4275	15.1957	1.26078	0	0	0	0	0	0	0	0	0	0	0	0	0	0	0	0	0
00.000,00.000	6.3	0	-200	0	4.5	58.2425	41.5347	15.1991	1.50874	0	0	0	0	0	0	0	0	0	0	0	0	0	0	0	0	0
00.000,00.000	6.4	0	-200	0	4.5	58.615	41.653	15.206	1.75605	0	0	0	0	0	0	0	0	0	0	0	0	0	0	0	0	0
00.000,00.000	6.5	0	-200	0	4.5	58.9941	41.7768	15.2148	2.00253	0	0	0	0	0	0	0	0	0	0	0	0	0	0	0	0	0
00.000,00.000	6.6	0	-200	0	4.5	59.3909	41.9153	15.227	2.24856	0	0	0	0	0	0	0	0	0	0	0	0	0	0	0	0	0
00.000,00.000	6.7	0	-200	0	4.5	59.8053	42.0681	15.2434	2.4938	0	0	0	0	0	0	0	0	0	0	0	0	0	0	0	0	0
00.000,00.000	6.8	0	-200	0	4.5	60.2439	42.2405	15.2649	2.73846	0	0	0	0	0	0	0	0	0	0	0	0	0	0	0	0	0
00.000,00.000	6.9	0	-200	0	4.5	60.7135	42.4395	15.2913	2.98276	0	0	0	0	0	0	0	0	0	0	0	0	0	0	0	0	0
00.000,00.000	7	0	-200	0	4.5	61.2181	42.6678	15.3238	3.22653	0	0	0	0	0	0	0	0	0	0	0	0	0	0	0	0	0
00.000,00.000	7.1	0	-200	0	4.5	61.7658	42.933	15.363	3.46973	0	0	0	0	0	0	0	0	0	0	0	0	0	0	0	0	0
00.000,00.000	7.2	0	-200	0	4.5	62.3633	43.2411	15.4098	3.71236	0	0	0	0	0	0	0	0	0	0	0	0	0	0	0	0	0
00.000,00.000	7.3	0	-200	0	4.5	63.0193	43.6021	15.4628	3.95443	0	0	0	0	0	0	0	0	0	0	0	0	0	0	0	0	0
00.000,00.000	7.4	0	-200	0	4.5	63.7351	44.0162	15.523	4.19591	0	0	0	0	0	0	0	0	0	0	0	0	0	0	0	0	0
00.000,00.000	7.5	0	-200	0	4.5	64.4979	44.4723	15.5891	4.43649	0	0	0	0	0	0	0	0	0	0	0	0	0	0	0	0	0
00.000,00.000	7.6	0	-200	0	4.5	65.332	44.9917	15.6639	4.67641	0	0	0	0	0	0	0	0	0	0	0	0	0	0	0	0	0
00.000,00.000	7.7	0	-200	0	4.5	66.2376	45.5761	15.7457	4.91577	0	0	0	0	0	0	0	0	0	0	0	0	0	0	0	0	0
00.000,00.000	7.8	0	-200	0	4.5	67.2197	46.2294	15.8356	5.15477	0	0	0	0	0	0	0	0	0	0	0	0	0	0	0	0	0
00.000,00.000	7.9	0	-200	0	4.5	68.2965	46.9694	15.9338	5.39331	0	0	0	0	0	0	0	0	0	0	0	0	0	0	0	0	0
00.000,00.000	8	0	-200	0	4.5	69.465	47.7939	16.0401	5.63113	0	0	0	0	0	0	0	0	0	0	0	0	0	0	0	0	0
00.000,00.000	8.1	0	-200	0	4.5	70.7355	48.7118	16.1552	5.86854	0	0	0	0	0	0	0	0	0	0	0	0	0	0	0	0	0
00.000,00.000	8.2	0	-200	0	4.5	72.1014	49.7172	16.2786	6.1056	0	0	0	0	0	0	0	0	0	0	0	0	0	0	0	0	0
00.000,00.000	8.3	0	-200	0	4.5	73.5692	50.8161	16.4111	6.34203	0	0	0	0	0	0	0	0	0	0	0	0	0	0	0	0	0
00.000,00.000	8.4	0	-200	0	4.5	75.139	52.0079	16.5533	6.57778	0	0	0	0	0	0	0	0	0	0	0	0	0	0	0	0	0
00.000,00.000	8.5	0	-200	0	4.5	76.7615	53.2469	16.7019	6.81275	0	0	0	0	0	0	0	0	0	0	0	0	0	0	0	0	0
00.000,00.000	8.6	0	-200	0	4.5	78.4881	54.5795	16.8613	7.04726	0	0	0	0	0	0	0	0	0	0	0	0	0	0	0	0	0
00.000,00.000	8.7	0	-200	0	4.5	80.3063	55.9947	17.0305	7.28117	0	0	0	0	0	0	0	0	0	0	0	0	0	0	0	0	0
00.000,00.000	8.8	0	-200	0	4.5	82.2205	57.4966	17.2093	7.51461	0	0	0	0	0	0	0	0	0	0	0	0	0	0	0	0	0
00.000,00.000	8.9	0	-200	0	4.5	84.2614	59.1144	17.3992	7.74775	0	0	0	0	0	0	0	0	0	0	0	0	0	0	0	0	0
00.000,00.000	9	0	-200	0	4.5	86.4064	60.8264	17.5998	7.98022	0	0	0	0	0	0	0	0	0	0	0	0	0	0	0	0	0
00.000,00.000	9.1	0	-200	0	4.5	88.6737	62.6509	17.8107	8.21211	0	0	0	0	0	0	0	0	0	0	0	0	0	0	0	0	0
00.000,00.000	9.2	0	-200	0	4.5	91.0738	64.5971	18.0332	8.44346	0	0	0	0	0	0	0	0	0	0	0	0	0	0	0	0	0
00.000,00.000	9.3	0	-200	0	4.5	93.6135	66.6716	18.2674	8.6744	0	0	0	0	0	0	0	0	0	0	0	0	0	0	0	0	0
00.000,00.000	9.4	0	-200	0	4.5	96.2944	68.8768	18.5139	8.90366	0	0	0	0	0	0	0	0	0	0	0	0	0	0	0	0	0
00.000,00.000	9.5	0	-200	0	4.5	98.8005	71.1259	18.7713	8.90328	0	0	0	0	0	0	0	0	0	0	0	0	0	0	0	0	0
00.000,00.000	9.6	0	-200	0	4.5	101.448	73.4988	19.0453	8.90372	0	0	0	0	0	0	0	0	0	0	0	0	0	0	0	0	0
00.000,00.000	9.7	0	-200	0	4.5	104.212	75.9717	19.3367	8.90379	0	0	0	0	0	0	0	0	0	0	0	0	0	0	0	0	0
00.000,00.000	9.8	0	-200	0	4.5	107.119	78.5647	19.6506	8.90379	0	0	0	0	0	0	0	0	0	0	0	0	0	0	0	0	0
00.000,00.000	9.9	0	-200	0	4.5	110.21	81.3134	19.9924	8.90379	0	0	0	0	0	0	0	0	0	0	0	0	0	0	0	0	0
00.000,00.000	10	0	-200	0	4.5	113.449	84.1853	20.36	8.90379	0	0	0	0	0	0	0	0	0	0	0	0	0	0	0	0	0
00.000,00.000	10.1	0	-200	0	4.5	116.859	87.196	20.759	8.90379	0	0	0	0	0	0	0	0	0	0	0	0	0	0	0	0	0
00.000,00.000	10.2	0	-200	0	4.5	120.45	90.3699	21.1766	8.90379	0	0	0	0	0	0	0	0	0	0	0	0	0	0	0	0	0
00.000,00.000	10.3	0	-200	0	4.5	124.229	93.7282	21.5972	8.90379	0	0	0	0	0	0	0	0	0	0	0	0	0	0	0	0	0
00.000,00.000	10.4	0	-200	0	4.5	128.193	97.2388	22.0506	8.90387	0	0	0	0	0	0	0	0	0	0	0	0	0	0	0	0	0
00.000,00.000	10.5	0	-200	0	4.5	132.208	100.771	22.5318	8.9053	0	0	0	0	0	0	0	0	0	0	0	0	0	0	0	0	0
00.000,00.000	10.6	0	-200	0	4.5	136.398	104.443	23.0474	8.90721	0	0	0	0	0	0	0	0	0	0	0	0	0	0	0	0	0
00.000,00.000	10.7	0	-200	0	4.5	140.733	108.228	23.5948	8.91061	0	0	0	0	0	0	0	0	0	0	0	0	0	0	0	0	0
00.000,00.000	10.8	0	-200	0	4.5	145.226	112.136	24.1745	8.91553	0	0	0	0	0	0	0	0	0	0	0	0	0	0	0	0	0
00.000,00.000	10.9	0	-200	0	4.5	149.94	116.229	24.7883	8.92279	0	0	0	0	0	0	0	0	0	0	0	0	0	0	0	0	0
00.000,00.000	11	0	-200	0	4.5	154.837	120.472	25.4313	8.93308	0	0	0	0	0	0	0	0	0	0	0	0	0	0	0	0	0
00.000,00.000	11.1	0	-200	0	4.5	159.932	124.882	26.1035	8.94581	0	0	0	0	0	0	0	0	0	0	0	0	0	0	0	0	0
00.000,00.000	11.2	0	-200	0	4.5	165.27	129.504	26.8041	8.96246	0	0	0	0	0	0	0	0	0	0	0	0	0	0	0	0	0
00.000,00.000	11.3	0	-200	0	4.5	170.88	134.364	27.5337	8.98287	0	0	0	0	0	0	0	0	0	0	0	0	0	0	0	0	0
00.000,00.000	11.4	0	-200	0	4.5	176.739	139.438	28.2931	9.00754	0	0	0	0	0	0	0	0	0	0	0	0	0	0	0	0	0
00.000,00.000	11.5	0	-200	0	4.5	182.659	144.55	29.0716	9.03731	0	0	0	0	0	0	0	0	0	0	0	0	0	0	0	0	0
00.000,00.000	11.6	0	-200	0	4.5	188.761	149.817	29.8726	9.07128	0	0	0	0	0	0	0	0	0	0	0	0	0	0	0	0	0
00.000,00.000	11.7	0	-200	0	4.5	195.01	155.199	30.7	9.11015	0	0	0	0	0	0	0	0	0	0	0	0	0	0	0	0	0
00.000,00.000	11.8	0	-200	0	4.5	201.444	160.733	31.5573	9.15353	0	0	0	0	0	0	0	0	0	0	0	0	0	0	0	0	0
00.000,00.000	11.9	0	-200	0	4.5	208.206	166.513	32.4906	9.20217	0	0	0	0	0	0	0	0	0	0	0	0	0	0	0	0	0
00.000,00.000	12	0	-200	0	4.5	215.229	172.511	33.4621	9.25537	0	0	0	0	0	0	0	0	0	0	0	0	0	0	0	0	0
00.000,00.000	12.1	0	-200	0	4.5	222.493	178.701	34.4777	9.31355	0	0	0	0	0	0	0	0	0	0	0	0	0	0	0	0	0
00.000,00.000	12.2	0	-200	0	4.5	229.936	185.033	35.5257	9.37731	0	0	0	0	0	0	0	0	0	0	0	0	0	0	0	0	0
00.000,00.000	12.3	0	-200	0	4.5	237.574	191.521	36.6073	9.44575	0	0	0	0	0	0	0	0	0	0	0	0	0	0	0	0	0
00.000,00.000	12.4	0	-200	0	4.5	245.375	198.13	37.7241	9.52056	0	0	0	0	0	0	0	0	0	0	0	0	0	0	0	0	0
00.000,00.000	12.5	0	-200	0	4.5	253.261	204.788	38.8719	9.60062	0	0	0	0	0	0	0	0	0	0	0	0	0	0	0	0	0
00.000,00.000	12.6	0	-200	0	4.5	261.627	211.826	40.1098	9.69212	0	0	0	0	0	0	0	0	0	0	0	0	0	0	0	0	0
00.000,00.000	12.7	0	-200	0	4.5	269.828	218.56	41.4801	9.78787	0	0	0	0	0	0	0	0	0	0	0	0	0	0	0	0	0
00.000,00.000	12.8	0	-200	0	4.5	277.502	224.417	43.2015	9.88353	0	0	0	0	0	0	0	0	0	0	0	0	0	0	0	0	0
00.000,00.000	12.9	0	-200	0	4.5	285.916	230.545	45.375	9.99545	0	0	0	0	0	0	0	0	0	0	0	0	0	0	0	0	0
00.000,00.000	13	0	-200	0	4.5	294.455	236.744	47.5965	10.1145	0	0	0	0	0	0	0	0	0	0	0	0	0	0	0	0	0
00.000,00.000	13.1	0	-200	0	4.5	303.09	243.03	49.8175	10.2428	0	0	0	0	0	0	0	0	0	0	0	0	0	0	0	0	0
00.000,00.000	13.2	0	-200	0	4.5	311.872	249.429	52.0634	10.3797	0	0	0	0	0	0	0	0	0	0	0	0	0	0	0	0	0
00.000,00.000	13.3	0	-200	0	4.5	320.837	255.969	54.3428	10.5257	0	0	0	0	0	0	0	0	0	0	0	0	0	0	0	0	0
00.000,00.000	13.4	0	-200	0	4.5	329.987	262.647	56.6587	10.6815	0	0	0	0	0	0	0	0	0	0	0	0	0	0	0	0	0
00.000,00.000	13.5	0	-200	0	4.5	339.225	269.372	59.0062	10.8468	0	0	0	0	0	0	0	0	0	0	0	0	0	0	0	0	0
00.000,00.000	13.6	0	-200	0	4.5	349.617	276.969	61.6036	11.0443	0	0	0	0	0	0	0	0	0	0	0	0	0	0	0	0	0
00.000,00.000	13.7	0	-200	0	4.5	358.995	283.847	63.9165	11.2317	0	0	0	0	0	0	0	0	0	0	0	0	0	0	0	0	0
00.000,00.000	13.8	0	-200	0	4.5	367.068	289.765	65.9032	11.4002	0	0	0	0	0	0	0	0	0	0	0	0	0	0	0	0	0
00.000,00.000	13.9	0	-200	0	4.5	377.052	297.093	68.3431	11.6157	0	0	0	0	0	0	0	0	0	0	0	0	0	0	0	0	0
00.000,00.000	14	0	-200	0	4.5	386.911	304.323	70.7514	11.8363	0	0	0	0	0	0	0	0	0	0	0	0	0	0	0	0	0
00.000,00.000	14.1	0	-200	0	4.5	396.677	311.487	73.1283	12.0618	0	0	0	0	0	0	0	0	0	0	0	0	0	0	0	0	0
00.000,00.000	14.2	0	-200	0	4.5	406.49	318.702	75.4898	12.2979	0	0	0	0	0	0	0	0	0	0	0	0	0	0	0	0	0
00.000,00.000	14.3	0	-200	0	4.5	416.336	325.943	77.8479	12.5453	0	0	0	0	0	0	0	0	0	0	0	0	0	0	0	0	0
00.000,00.000	14.4	0	-200	0	4.5	426.212	333.185	80.2226	12.8044	0	0	0	0	0	0	0	0	0	0	0	0	0	0	0	0	0
00.000,00.000	14.5	0	-200	0	4.5	436.768	340.884	82.7853	13.0984	0	0	0	0	0	0	0	0	0	0	0	0	0	0	0	0	0
00.000,00.000	14.6	0	-200	0	4.5	448.682	349.49	85.7462	13.4468	0	0	0	0	0	0	0	0	0	0	0	0	0	0	0	0	0
00.000,00.000	14.7	0	-200	0	4.5	457.963	356.115	88.1129	13.735	0	0	0	0	0	0	0	0	0	0	0	0	0	0	0	0	0
00.000,00.000	14.8	0	-200	0	4.5	465.582	361.512	90.0865	13.9834	0	0	0	0	0	0	0	0	0	0	0	0	0	0	0	0	0
00.000,00.000	14.9	0	-200	0	4.5	473.945	367.393	92.2832	14.2686	0	0	0	0	0	0	0	0	0	0	0	0	0	0	0	0	0
00.000,00.000	15	0	-200	0	4.5	484.05	374.455	94.9675	14.627	0	0	0	0	0	0	0	0	0	0	0	0	0	0	0	0	0
00.000,00.000	15.1	0	-200	0	4.5	493.476	381.012	97.4903	14.9739	0	0	0	0	0	0	0	0	0	0	0	0	0	0	0	0	0
00.000,00.000	15.2	0	-200	0	4.5	502.555	387.23	100.005	15.3205	0	0	0	0	0	0	0	0	0	0	0	0	0	0	0	0	0
00.000,00.000	15.3	0	-200	0	4.5	511.63	393.383	102.568	15.6782	0	0	0	0	0	0	0	0	0	0	0	0	0	0	0	0	0
00.000,00.000	15.4	0	-200	0	4.5	520.691	399.498	105.146	16.0466	0	0	0	0	0	0	0	0	0	0	0	0	0	0	0	0	0
00.000,00.000	15.5	0	-200	0	4.5	533.828	408.29	108.934	16.6046	0	0	0	0	0	0	0	0	0	0	0	0	0	0	0	0	0
00.000,00.000	15.6	0	-200	0	4.5	542.005	413.685	111.354	16.9661	0	0	0	0	0	0	0	0	0	0	0	0	0	0	0	0	0
00.000,00.000	15.7	0	-200	0	4.5	551.414	419.811	114.195	17.4071	0	0	0	0	0	0	0	0	0	0	0	0	0	0	0	0	0
00.000,00.000	15.8	0	-200	0	4.5	561.767	426.432	117.412	17.9231	0	0	0	0	0	0	0	0	0	0	0	0	0	0	0	0	0
00.000,00.000	15.9	0	-200	0	4.5	565.07	428.541	118.433	18.0958	0	0	0	0	0	0	0	0	0	0	0	0	0	0	0	0	0
00.000,00.000	16	0	-200	0	4.5	574.832	434.717	121.493	18.6215	0	0	0	0	0	0	0	0	0	0	0	0	0	0	0	0	0
00.000,00.000	16.1	0	-200	0	4.5	583.782	440.328	124.334	19.1204	0	0	0	0	0	0	0	0	0	0	0	0	0	0	0	0	0
00.000,00.000	16.2	0	-200	0	4.5	591.71	445.296	126.665	19.7487	0	0	0	0	0	0	0	0	0	0	0	0	0	0	0	0	0
00.000,00.000	16.3	0	-200	0	4.5	599.558	450.174	128.749	20.6351	0	0	0	0	0	0	0	0	0	0	0	0	0	0	0	0	0
00.000,00.000	16.4	0	-200	0	4.5	607.376	454.958	130.774	21.6435	0	0	0	0	0	0	0	0	0	0	0	0	0	0	0	0	0
00.000,00.000	16.5	0	-200	0	4.5	621.878	463.722	134.484	23.6726	0	0	0	0	0	0	0	0	0	0	0	0	0	0	0	0	0
00.000,00.000	16.6	0	-200	0	4.5	625.699	466.007	135.361	24.3305	0	0	0	0	0	0	0	0	0	0	0	0	0	0	0	0	0
00.000,00.000	16.7	0	-200	0	4.5	635.544	471.73	137.79	26.0232	0	0	0	0	0	0	0	0	0	0	0	0	0	0	0	0	0
00.000,00.000	16.8	0	-200	0	4.5	637.824	473.051	138.341	26.4319	0	0	0	0	0	0	0	0	0	0	0	0	0	0	0	0	0
00.000,00.000	16.9	0	-200	0	4.5	642.169	475.519	139.439	27.2105	0	0	0	0	0	0	0	0	0	0	0	0	0	0	0	0	0
00.000,00.000	17	0	-200	0	4.5	651.531	480.839	141.784	28.9074	0	0	0	0	0	0	0	0	0	0	0	0	0	0	0	0	0
00.000,00.000	17.1	0	-200	0	4.5	659.199	485.142	143.754	30.3027	0	0	0	0	0	0	0	0	0	0	0	0	0	0	0	0	0
00.000,00.000	17.2	0	-200	0	4.5	666.018	488.93	145.533	31.5542	0	0	0	0	0	0	0	0	0	0	0	0	0	0	0	0	0
00.000,00.000	17.3	0	-200	0	4.5	672.855	492.638	147.402	32.8148	0	0	0	0	0	0	0	0	0	0	0	0	0	0	0	0	0
00.000,00.000	17.4	0	-200	0	4.5	679.679	496.299	149.295	34.0843	0	0	0	0	0	0	0	0	0	0	0	0	0	0	0	0	0
00.000,00.000	17.5	0	-200	0	4.5	694.816	504.439	153.39	36.9875	0	0	0	0	0	0	0	0	0	0	0	0	0	0	0	0	0
00.000,00.000	17.6	0	-200	0	4.5	700.938	507.672	155.071	38.1949	0	0	0	0	0	0	0	0	0	0	0	0	0	0	0	0	0
00.000,00.000	17.7	0	-200	0	4.5	702.637	508.559	155.537	38.5413	0	0	0	0	0	0	0	0	0	0	0	0	0	0	0	0	0
00.000,00.000	17.8	0	-200	0	4.5	710.269	512.339	157.72	40.2096	0	0	0	0	0	0	0	0	0	0	0	0	0	0	0	0	0
00.000,00.000	17.9	0	-200	0	4.5	712.227	513.363	158.246	40.6181	0	0	0	0	0	0	0	0	0	0	0	0	0	0	0	0	0
00.000,00.000	18	0	-200	0	4.5	724.85	519.961	161.657	43.2324	0	0	0	0	0	0	0	0	0	0	0	0	0	0	0	0	0
00.000,00.000	18.1	0	-200	0	4.5	733.108	524.262	163.882	44.964	0	0	0	0	0	0	0	0	0	0	0	0	0	0	0	0	0
00.000,00.000	18.2	0	-200	0	4.5	739.266	527.436	165.587	46.2431	0	0	0	0	0	0	0	0	0	0	0	0	0	0	0	0	0
00.000,00.000	18.3	0	-200	0	4.5	745.504	530.654	167.306	47.5428	0	0	0	0	0	0	0	0	0	0	0	0	0	0	0	0	0
00.000,00.000	18.4	0	-200	0	4.5	751.711	533.851	169.022	48.8371	0	0	0	0	0	0	0	0	0	0	0	0	0	0	0	0	0
00.000,00.000	18.5	0	-200	0	4.5	772.958	544.476	175.101	53.3811	0	0	0	0	0	0	0	0	0	0	0	0	0	0	0	0	0
00.000,00.000	18.6	0	-200	0	4.5	777.205	546.648	176.344	54.2138	0	0	0	0	0	0	0	0	0	0	0	0	0	0	0	0	0
00.000,00.000	18.7	0	-200	0	4.5	817.434	563.729	189.31	64.3948	0	0	0	0	0	0	0	0	0	0	0	0	0	0	0	0	0
00.000,00.000	18.8	0	-200	0	4.5	827.842	568.49	192.653	66.6437	0.0547957	0	0	0	0	0	0	0	0	0	0	0	0	0	0	0	0
00.000,00.000	18.9	0	-200	0	4.5	843.749	575.05	198.083	69.7458	0.870551	0	0	0	0	0	0	0	0	0	0	0	0	0	0	0	0
00.000,00.000	19	0	-200	0	4.5	849.948	577.546	200.392	70.515	1.49533	0	0	0	0	0	0	0	0	0	0	0	0	0	0	0	0
00.000,00.000	19.1	0	-200	0	4.5	857.684	580.776	203.281	71.3789	2.24812	0	0	0	0	0	0	0	0	0	0	0	0	0	0	0	0
00.000,00.000	19.2	0	-200	0	4.5	864.82	583.94	205.933	71.8616	3.08512	0	0	0	0	0	0	0	0	0	0	0	0	0	0	0	0
00.000,00.000	19.3	0	-200	0	4.5	872.603	587.638	208.689	72.3588	3.91712	0	0	0	0	0	0	0	0	0	0	0	0	0	0	0	0
00.000,00.000	19.4	0	-200	0	4.5	879.272	590.6	211.256	72.7787	4.63661	0	0	0	0	0	0	0	0	0	0	0	0	0	0	0	0
00.000,00.000	19.5	0	-200	0	4.5	885.976	593.164	214.243	73.2023	5.36671	0	0	0	0	0	0	0	0	0	0	0	0	0	0	0	0
00.000,00.000	19.6	0	-200	0	4.5	917.812	602.441	230.221	75.6205	9.52926	0	0	0	0	0	0	0	0	0	0	0	0	0	0	0	0
00.000,00.000	19.7	0	-200	0	4.5	931.115	606.897	236.796	76.4631	10.9586	0	0	0	0	0	0	0	0	0	0	0	0	0	0	0	0
00.000,00.000	19.8	0	-200	0	4.5	931.143	606.902	236.819	76.4633	10.9586	0	0	0	0	0	0	0	0	0	0	0	0	0	0	0	0
00.000,00.000	19.9	0	-200	0	4.5	955.427	615.737	248.335	77.9955	13.3596	0	0	0	0	0	0	0	0	0	0	0	0	0	0	0	0
00.000,00.000	20	0	-200	0	4.5	962.172	617.921	251.772	78.44	14.0383	0	0	0	0	0	0	0	0	0	0	0	0	0	0	0	0
00.000,00.000	20.1	0	-200	0	4.5	986.624	625.512	264.419	80.2324	16.4614	0	0	0	0	0	0	0	0	0	0	0	0	0	0	0	0
00.000,00.000	20.2	0	-200	0	4.5	1000.56	630.528	271.113	81.2047	17.7185	0	0	0	0	0	0	0	0	0	0	0	0	0	0	0	0
00.000,00.000	20.3	0	-200	0	4.5	1008.42	633.397	274.823	81.7914	18.4046	0	0	0	0	0	0	0	0	0	0	0	0	0	0	0	0
00.000,00.000	20.4	0	-200	0	4.5	1016.39	636.267	278.63	82.4137	19.0838	0	0	0	0	0	0	0	0	0	0	0	0	0	0	0	0
00.000,00.000	20.5	0	-200	0	4.5	1024.61	639.285	282.489	83.0775	19.7621	0	0	0	0	0	0	0	0	0	0	0	0	0	0	0	0
00.000,00.000	20.6	0	-200	0	4.5	1063.08	652.389	300.397	86.9378	23.3536	0	0	0	0	0	0	0	0	0	0	0	0	0	0	0	0
00.000,00.000	20.7	0	-200	0	4.5	1077.45	657.632	306.876	88.4019	24.5386	0	0	0	0	0	0	0	0	0	0	0	0	0	0	0	0
00.000,00.000	20.8	0	-200	0	4.5	1077.53	657.66	306.911	88.4104	24.5449	0	0	0	0	0	0	0	0	0	0	0	0	0	0	0	0
00.000,00.000	20.9	0	-200	0	4.5	1088.55	662.014	311.599	89.5792	25.3596	0	0	0	0	0	0	0	0	0	0	0	0	0	0	0	0
00.000,00.000	21	0	-200	0	4.5	1093.16	663.786	313.594	90.0815	25.7011	0	0	0	0	0	0	0	0	0	0	0	0	0	0	0	0
00.000,00.000	21.1	0	-200	0	4.5	1113.41	671.72	322.184	92.3786	27.1285	0	0	0	0	0	0	0	0	0	0	0	0	0	0	0	0
00.000,00.000	21.2	0	-200	0	4.5	1127.23	677.19	327.811	94.1657	27.7897	0.273918	0	0	0	0	0	0	0	0	0	0	0	0	0	0	0
00.000,00.000	21.3	0	-200	0	4.5	1137.31	681.225	331.753	95.6031	28.2499	0.473504	0	0	0	0	0	0	0	0	0	0	0	0	0	0	0
00.000,00.000	21.4	0	-200	0	4.5	1147.67	685.421	335.751	97.1082	28.5189	0.867831	0	0	0	0	0	0	0	0	0	0	0	0	0	0	0
00.000,00.000	21.5	0	-200	0	4.5	1158.2	689.692	339.785	98.6757	28.7674	1.28185	0	0	0	0	0	0	0	0	0	0	0	0	0	0	0
00.000,00.000	21.6	0	-200	0	4.5	1168.59	693.806	343.755	100.299	29.022	1.70515	0	0	0	0	0	0	0	0	0	0	0	0	0	0	0
00.000,00.000	21.7	0	-200	0	4.5	1212.03	709.987	360.48	107.746	30.1827	3.63205	0	0	0	0	0	0	0	0	0	0	0	0	0	0	0
00.000,00.000	21.8	0	-200	0	4.5	1224.99	715.253	365.127	109.974	30.2489	4.38784	0	0	0	0	0	0	0	0	0	0	0	0	0	0	0
00.000,00.000	21.9	0	-200	0	4.5	1225.31	715.377	365.241	110.037	30.2507	4.40628	0	0	0	0	0	0	0	0	0	0	0	0	0	0	0
00.000,00.000	22	0	-200	0	4.5	1252.21	726.969	374.001	115.027	30.3978	5.81911	0	0	0	0	0	0	0	0	0	0	0	0	0	0	0
00.000,00.000	22.1	0	-200	0	4.5	1274.44	736.793	381.201	118.887	30.5334	7.03002	0	0	0	0	0	0	0	0	0	0	0	0	0	0	0
00.000,00.000	22.2	0	-200	0	4.5	1287.11	741.964	385.457	121.324	30.6244	7.73588	0	0	0	0	0	0	0	0	0	0	0	0	0	0	0
00.000,00.000	22.3	0	-200	0	4.5	1297.46	746.728	388.638	123.136	30.6979	8.25949	0	0	0	0	0	0	0	0	0	0	0	0	0	0	0
00.000,00.000	22.4	0	-200	0	4.5	1310.74	752.741	392.776	125.484	30.8186	8.92187	0	0	0	0	0	0	0	0	0	0	0	0	0	0	0
00.000,00.000	22.5	0	-200	0	4.5	1321.88	757.74	396.27	127.468	30.9299	9.46971	0	0	0	0	0	0	0	0	0	0	0	0	0	0	0
00.000,00.000	22.6	0	-200	0	4.5	1345.06	767.002	403.97	132.099	31.2205	10.7699	0	0	0	0	0	0	0	0	0	0	0	0	0	0	0
00.000,00.000	22.7	0	-200	0	4.5	1402.48	792.403	420.983	143.207	32.0006	13.8839	0	0	0	0	0	0	0	0	0	0	0	0	0	0	0
00.000,00.000	22.8	0	-200	0	4.5	1412.16	796.078	424.288	145.236	32.1456	14.4082	0	0	0	0	0	0	0	0	0	0	0	0	0	0	0
00.000,00.000	22.9	0	-200	0	4.5	1413.1	796.516	424.567	145.405	32.1611	14.4511	0	0	0	0	0	0	0	0	0	0	0	0	0	0	0
00.000,00.000	23	0	-200	0	4.5	1416.45	797.905	425.671	146.04	32.224	14.6065	0	0	0	0	0	0	0	0	0	0	0	0	0	0	0
00.000,00.000	23.1	0	-200	0	4.5	1443.41	808.766	434.79	151.208	32.7789	15.8618	0	0	0	0	0	0	0	0	0	0	0	0	0	0	0
00.000,00.000	23.2	0	-200	0	4.5	1461.16	816.708	440.324	154.356	33.1447	16.625	0	0	0	0	0	0	0	0	0	0	0	0	0	0	0
00.000,00.000	23.3	0	-200	0	4.5	1475.13	822.677	444.993	156.785	33.4673	17.2089	0	0	0	0	0	0	0	0	0	0	0	0	0	0	0
00.000,00.000	23.4	0	-200	0	4.5	1489.19	828.035	450.332	159.226	33.8179	17.7776	0	0	0	0	0	0	0	0	0	0	0	0	0	0	0
00.000,00.000	23.5	0	-200	0	4.5	1503.79	833.32	456.236	161.694	34.196	18.3423	0	0	0	0	0	0	0	0	0	0	0	0	0	0	0
00.000,00.000	23.6	0	-200	0	4.5	1533.66	843.113	468.505	167.235	35.1363	19.6684	0	0	0	0	0	0	0	0	0	0	0	0	0	0	0
00.000,00.000	23.7	0	-200	0	4.5	1591.55	864.254	491.353	177.09	36.908	21.9492	0	0	0	0	0	0	0	0	0	0	0	0	0	0	0
00.000,00.000	23.8	0	-200	0	4.5	1600.27	867.144	494.967	178.665	37.1895	22.3052	0	0	0	0	0	0	0	0	0	0	0	0	0	0	0
00.000,00.000	23.9	0	-200	0	4.5	1638.88	880.982	510.388	185.281	38.4931	23.7317	0	0	0	0	0	0	0	0	0	0	0	0	0	0	0
00.000,00.000	24	0	-200	0	4.5	1650.99	885.299	515.193	187.417	38.9082	24.1761	0	0	0	0	0	0	0	0	0	0	0	0	0	0	0
00.000,00.000	24.1	0	-200	0	4.5	1679.65	895.406	526.773	192.331	39.9721	25.1663	0	0	0	0	0	0	0	0	0	0	0	0	0	0	0
00.000,00.000	24.2	0	-200	0	4.5	1700.48	902.82	535.058	195.946	40.7728	25.7667	0.112905	0	0	0	0	0	0	0	0	0	0	0	0	0	0
00.000,00.000	24.3	0	-200	0	4.5	1717.01	908.733	541.643	198.775	41.4356	26.1275	0.29728	0	0	0	0	0	0	0	0	0	0	0	0	0	0
00.000,00.000	24.4	0	-200	0	4.5	1734.04	914.789	548.464	201.677	42.1397	26.4887	0.482677	0	0	0	0	0	0	0	0	0	0	0	0	0	0
00.000,00.000	24.5	0	-200	0	4.5	1751.43	920.869	555.509	204.641	42.8912	26.8426	0.674931	0	0	0	0	0	0	0	0	0	0	0	0	0	0
00.000,00.000	24.6	0	-200	0	4.5	1783.88	932.053	568.645	210.157	44.4551	27.2158	1.35617	0	0	0	0	0	0	0	0	0	0	0	0	0	0
00.000,00.000	24.7	0	-200	0	4.5	1808.36	940.426	578.64	214.207	45.7495	27.4636	1.87175	0	0	0	0	0	0	0	0	0	0	0	0	0	0
00.000,00.000	24.8	0	-200	0	4.5	1827.88	947.046	586.596	217.314	46.9851	27.6607	2.28141	0	0	0	0	0	0	0	0	0	0	0	0	0	0
00.000,00.000	24.9	0	-200	0	4.5	1831.31	948.229	587.989	217.85	47.1991	27.6938	2.35046	0	0	0	0	0	0	0	0	0	0	0	0	0	0
00.000,00.000	25	0	-200	0	4.5	1841.95	951.944	592.281	219.511	47.8694	27.7908	2.55299	0	0	0	0	0	0	0	0	0	0	0	0	0	0
00.000,00.000	25.1	0	-200	0	4.5	1873.22	962.832	604.893	224.422	49.8665	28.0715	3.13756	0	0	0	0	0	0	0	0	0	0	0	0	0	0
00.000,00.000	25.2	0	-200	0	4.5	1896.89	971.059	614.398	228.181	51.3951	28.2809	3.57115	0	0	0	0	0	0	0	0	0	0	0	0	0	0
00.000,00.000	25.3	0	-200	0	4.5	1917.27	978.127	622.544	231.47	52.7348	28.4604	3.93644	0	0	0	0	0	0	0	0	0	0	0	0	0	0
00.000,00.000	25.4	0	-200	0	4.5	1938.04	985.293	630.826	234.854	54.1203	28.4928	4.45196	0	0	0	0	0	0	0	0	0	0	0	0	0	0
00.000,00.000	25.5	0	-200	0	4.5	1959.05	992.534	639.107	238.355	55.5564	28.5165	4.98572	0	0	0	0	0	0	0	0	0	0	0	0	0	0
00.000,00.000	25.6	0	-200	0	4.5	1979.42	999.259	647.143	241.89	57.0506	28.5366	5.54287	0	0	0	0	0	0	0	0	0	0	0	0	0	0
00.000,00.000	25.7	0	-200	0	4.5	2068.75	1025.34	683.04	258.976	64.4567	28.6728	8.26861	0	0	0	0	0	0	0	0	0	0	0	0	0	0
00.000,00.000	25.8	0	-200	0	4.5	2088.47	1032.19	690.124	262.652	65.9813	28.7058	8.81412	0	0	0	0	0	0	0	0	0	0	0	0	0	0
00.000,00.000	25.9	0	-200	0	4.5	2089.5	1032.53	690.504	262.85	66.0641	28.7087	8.84196	0	0	0	0	0	0	0	0	0	0	0	0	0	0
00.000,00.000	26	0	-200	0	4.5	2140.16	1051.15	707.786	272.282	69.9574	28.865	10.1107	0	0	0	0	0	0	0	0	0	0	0	0	0	0
00.000,00.000	26.1	0	-200	0	4.5	2173.97	1063.51	719.03	278.782	72.6848	28.9868	10.9733	0	0	0	0	0	0	0	0	0	0	0	0	0	0
00.000,00.000	26.2	0	-200	0	4.5	2195.2	1070.74	726.289	283.038	74.5215	29.0856	11.5249	0	0	0	0	0	0	0	0	0	0	0	0	0	0
00.000,00.000	26.3	0	-200	0	4.5	2216.54	1078.74	733.154	287.117	76.2889	29.192	12.0421	0	0	0	0	0	0	0	0	0	0	0	0	0	0
00.000,00.000	26.4	0	-200	0	4.5	2239.21	1087.2	740.41	291.493	78.1999	29.3207	12.5856	0	0	0	0	0	0	0	0	0	0	0	0	0	0
00.000,00.000	26.5	0	-200	0	4.5	2261.91	1095.62	747.645	295.906	80.1436	29.4665	13.1249	0	0	0	0	0	0	0	0	0	0	0	0	0	0
00.000,00.000	26.6	0	-200	0	4.5	2303.33	1109.47	761.144	304.663	84.0407	29.7948	14.2107	0	0	0	0	0	0	0	0	0	0	0	0	0	0
00.000,00.000	26.7	0	-200	0	4.5	2375.26	1135.72	783.59	318.998	90.565	30.4011	15.9913	0	0	0	0	0	0	0	0	0	0	0	0	0	0
00.000,00.000	26.8	0	-200	0	4.5	2386.46	1138.86	787.838	321.314	91.6531	30.5072	16.2824	0	0	0	0	0	0	0	0	0	0	0	0	0	0
00.000,00.000	26.9	0	-200	0	4.5	2422.22	1151.38	799.859	328.102	94.8969	30.8681	17.1164	0	0	0	0	0	0	0	0	0	0	0	0	0	0
00.000,00.000	27	0	-200	0	4.5	2434.17	1155.26	804.076	330.412	96.0217	30.9964	17.4005	0	0	0	0	0	0	0	0	0	0	0	0	0	0
00.000,00.000	27.1	0	-200	0	4.5	2472.46	1167.14	817.928	337.819	99.8097	31.4671	18.2967	0	0	0	0	0	0	0	0	0	0	0	0	0	0
00.000,00.000	27.2	0	-200	0	4.5	2501.42	1176.54	827.985	343.359	102.727	31.8419	18.9677	0	0	0	0	0	0	0	0	0	0	0	0	0	0
00.000,00.000	27.3	0	-200	0	4.5	2524.71	1184.16	835.988	347.82	105.074	32.17	19.5006	0	0	0	0	0	0	0	0	0	0	0	0	0	0
00.000,00.000	27.4	0	-200	0	4.5	2548.28	1191.85	844.091	352.3	107.48	32.5235	20.0336	0	0	0	0	0	0	0	0	0	0	0	0	0	0
00.000,00.000	27.5	0	-200	0	4.5	2572.06	1199.62	852.256	356.779	109.936	32.9044	20.5653	0	0	0	0	0	0	0	0	0	0	0	0	0	0
00.000,00.000	27.6	0	-200	0	4.5	2613.52	1211.87	866.675	365.092	114.63	33.6748	21.5813	0	0	0	0	0	0	0	0	0	0	0	0	0	0
00.000,00.000	27.7	0	-200	0	4.5	2680.04	1233.52	888.922	377.578	121.962	34.936	23.1306	0	0	0	0	0	0	0	0	0	0	0	0	0	0
00.000,00.000	27.8	0	-200	0	4.5	2690.37	1236.56	892.475	379.593	123.195	35.1533	23.3868	0	0	0	0	0	0	0	0	0	0	0	0	0	0
00.000,00.000	27.9	0	-200	0	4.5	2714.67	1244.95	900.438	383.809	125.888	35.6615	23.9263	0	0	0	0	0	0	0	0	0	0	0	0	0	0
00.000,00.000	28	0	-200	0	4.5	2722.83	1247.63	903.209	385.211	126.832	35.8424	24.112	0	0	0	0	0	0	0	0	0	0	0	0	0	0
00.000,00.000	28.1	0	-200	0	4.5	2765.59	1261.22	917.864	392.665	131.889	36.8761	25.0733	0	0	0	0	0	0	0	0	0	0	0	0	0	0
00.000,00.000	28.2	0	-200	0	4.5	2797.47	1272.06	928.481	397.938	135.578	37.6496	25.6563	0.106186	0	0	0	0	0	0	0	0	0	0	0	0	0
00.000,00.000	28.3	0	-200	0	4.5	2822.43	1280.56	936.82	401.972	138.502	38.2861	26.0202	0.272222	0	0	0	0	0	0	0	0	0	0	0	0	0
00.000,00.000	28.4	0	-200	0	4.5	2847.41	1288.85	945.302	405.984	141.455	38.9952	26.3754	0.446576	0	0	0	0	0	0	0	0	0	0	0	0	0
00.000,00.000	28.5	0	-200	0	4.5	2872.85	1297.56	953.82	409.934	144.307	39.8827	26.7267	0.623045	0	0	0	0	0	0	0	0	0	0	0	0	0
00.000,00.000	28.6	0	-200	0	4.5	2934.51	1314.19	974.971	420.852	152.852	42.6762	27.5661	1.40055	0	0	0	0	0	0	0	0	0	0	0	0	0
00.000,00.000	28.7	0	-200	0	4.5	3066.03	1363.69	1014.23	439.51	168.656	48.0059	28.5262	3.41652	0	0	0	0	0	0	0	0	0	0	0	0	0
00.000,00.000	28.8	0	-200	0	4.5	3083.77	1368.97	1020.27	442.307	170.992	48.8415	28.6733	3.72122	0	0	0	0	0	0	0	0	0	0	0	0	0
00.000,00.000	28.9	0	-200	0	4.5	3085.2	1369.5	1020.71	442.5	171.167	48.9053	28.6842	3.74291	0	0	0	0	0	0	0	0	0	0	0	0	0
00.000,00.000	29	0	-200	0	4.5	3103.07	1375.76	1026.39	444.945	173.388	49.7444	28.8237	4.01225	0	0	0	0	0	0	0	0	0	0	0	0	0
00.000,00.000	29.1	0	-200	0	4.5	3157.11	1392.98	1044.68	452.464	180.41	52.4446	29.242	4.88013	0	0	0	0	0	0	0	0	0	0	0	0	0
00.000,00.000	29.2	0	-200	0	4.5	3188.64	1404.63	1054.37	456.574	184.265	53.9653	29.2588	5.57099	0	0	0	0	0	0	0	0	0	0	0	0	0
00.000,00.000	29.3	0	-200	0	4.5	3214.18	1413.97	1062.4	459.775	187.4	55.2277	29.2914	6.10936	0	0	0	0	0	0	0	0	0	0	0	0	0
00.000,00.000	29.4	0	-200	0	4.5	3239.91	1423.33	1070.59	462.94	190.55	56.5293	29.3308	6.64364	0	0	0	0	0	0	0	0	0	0	0	0	0
00.000,00.000	29.5	0	-200	0	4.5	3264.83	1432.66	1078.4	465.889	193.574	57.8095	29.3773	7.12157	0	0	0	0	0	0	0	0	0	0	0	0	0
00.000,00.000	29.6	0	-200	0	4.5	3290.08	1440.94	1086.56	469.164	197.106	59.3394	29.4431	7.52635	0	0	0	0	0	0	0	0	0	0	0	0	0
00.000,00.000	29.7	0	-200	0	4.5	3356.83	1462.56	1106.21	478.149	207.514	64.0083	29.6759	8.71633	0	0	0	0	0	0	0	0	0	0	0	0	0
00.000,00.000	29.8	0	-200	0	4.5	3476.72	1509.69	1138.93	492.287	223.683	71.4779	30.1179	10.5317	0	0	0	0	0	0	0	0	0	0	0	0	0
00.000,00.000	29.9	0	-200	0	4.5	3489.82	1514.5	1142.48	493.938	225.582	72.3932	30.1784	10.7515	0	0	0	0	0	0	0	0	0	0	0	0	0
00.000,00.000	30	0	-200	0	4.5	3604.09	1557.54	1174.09	507.25	241.596	80.2279	30.8589	12.5261	0	0	0	0	0	0	0	0	0	0	0	0	0
00.000,00.000	30.1	0	-200	0	4.5	3658.49	1579.01	1188.62	513.349	249.027	83.8952	31.2186	13.358	0	0	0	0	0	0	0	0	0	0	0	0	0
00.000,00.000	30.2	0	-200	0	4.5	3681.57	1588.04	1194.97	515.912	252.087	85.4557	31.4052	13.7013	0	0	0	0	0	0	0	0	0	0	0	0	0
00.000,00.000	30.3	0	-200	0	4.5	3704.32	1596.43	1201.6	518.376	255.17	87.0678	31.6232	14.0442	0	0	0	0	0	0	0	0	0	0	0	0	0
00.000,00.000	30.4	0	-200	0	4.5	3728.03	1605.65	1208.43	520.733	258.244	88.7155	31.869	14.3887	0	0	0	0	0	0	0	0	0	0	0	0	0
00.000,00.000	30.5	0	-200	0	4.5	3751.85	1614.7	1215.45	523.134	261.271	90.4229	32.146	14.7316	0	0	0	0	0	0	0	0	0	0	0	0	0
00.000,00.000	30.6	0	-200	0	4.5	3774.88	1622.8	1222.42	525.571	264.33	92.2169	32.4599	15.084	0	0	0	0	0	0	0	0	0	0	0	0	0
00.000,00.000	30.7	0	-200	0	4.5	3827.66	1642.79	1237.83	530.879	270.896	96.2003	33.2131	15.8492	0	0	0	0	0	0	0	0	0	0	0	0	0
00.000,00.000	30.8	0	-200	0	4.5	3838.12	1646.7	1240.73	532.012	272.217	97.0617	33.3808	16.0118	0	0	0	0	0	0	0	0	0	0	0	0	0
00.000,00.000	30.9	0	-200	0	4.5	3888.5	1664.74	1255	537.217	278.999	101.417	34.3143	16.8197	0	0	0	0	0	0	0	0	0	0	0	0	0
00.000,00.000	31	0	-200	0	4.5	3900.12	1668.84	1258.22	538.49	280.549	102.473	34.5433	17.008	0	0	0	0	0	0	0	0	0	0	0	0	0
00.000,00.000	31.1	0	-200	0	4.5	3928.26	1678.64	1266.26	541.532	284.253	105.021	35.1401	17.4113	0	0	0	0	0	0	0	0	0	0	0	0	0
00.000,00.000	31.2	0	-200	0	4.5	3960.83	1689.83	1275.65	545.124	288.494	108.159	35.8976	17.6695	0	0	0	0	0	0	0	0	0	0	0	0	0
00.000,00.000	31.3	0	-200	0	4.5	3985.11	1698.65	1282.35	547.786	291.515	110.477	36.477	17.8572	0	0	0	0	0	0	0	0	0	0	0	0	0
00.000,00.000	31.4	0	-200	0	4.5	4042.2	1720.5	1297.46	553.901	298.335	115.844	37.8778	18.2842	0	0	0	0	0	0	0	0	0	0	0	0	0
00.000,00.000	31.5	0	-200	0	4.5	4053.92	1725.13	1300.42	555.198	299.654	116.972	38.178	18.3727	0	0	0	0	0	0	0	0	0	0	0	0	0
00.000,00.000	31.6	0	-200	0	4.5	4100.62	1743.26	1312.45	560.074	305.003	121.573	39.5274	18.7289	0	0	0	0	0	0	0	0	0	0	0	0	0
00.000,00.000	31.7	0	-200	0	4.5	4173.54	1770.51	1331.72	568.076	313.159	128.54	42.2435	19.2911	0	0	0	0	0	0	0	0	0	0	0	0	0
00.000,00.000	31.8	0	-200	0	4.5	4261.98	1804.08	1354.71	577.068	322.896	137.313	45.8787	20.0384	0	0	0	0	0	0	0	0	0	0	0	0	0
00.000,00.000	31.9	0	-200	0	4.5	4274.28	1808.77	1357.83	578.431	324.176	138.519	46.4102	20.1433	0	0	0	0	0	0	0	0	0	0	0	0	0
00.000,00.000	32	0	-200	0	4.5	4275.46	1809.22	1358.12	578.561	324.301	138.638	46.4624	20.1532	0	0	0	0	0	0	0	0	0	0	0	0	0
00.000,00.000	32.1	0	-200	0	4.5	4357.93	1842.04	1378.06	587.272	332.537	146.919	50.2632	20.8379	0	0	0	0	0	0	0	0	0	0	0	0	0
00.000,00.000	32.2	0	-200	0	4.5	4424.12	1869.46	1393.27	594.472	338.851	153.297	53.3643	21.3679	0.0343328	0	0	0	0	0	0	0	0	0	0	0	0
00.000,00.000	32.3	0	-200	0	4.5	4432.99	1873.16	1395.31	595.451	339.663	154.134	53.7907	21.3764	0.104617	0	0	0	0	0	0	0	0	0	0	0	0
00.000,00.000	32.4	0	-200	0	4.5	4544.46	1920.94	1420.1	607.014	349.493	165.188	59.3194	21.5479	0.859086	0	0	0	0	0	0	0	0	0	0	0	0
00.000,00.000	32.5	0	-200	0	4.5	4569.36	1931.84	1425.65	609.603	351.501	167.71	60.5989	21.5939	0.859086	0	0	0	0	0	0	0	0	0	0	0	0
00.000,00.000	32.6	0	-200	0	4.5	4693.02	1984.69	1453.49	622.278	361.503	180.713	67.5022	21.9828	0.859086	0	0	0	0	0	0	0	0	0	0	0	0
00.000,00.000	32.7	0	-200	0	4.5	4719.23	1995.85	1459	625.115	363.598	183.603	69.1276	22.0844	0.859086	0	0	0	0	0	0	0	0	0	0	0	0
00.000,00.000	32.8	0	-200	0	4.5	4758.79	2012.72	1467.37	629.284	366.763	187.981	71.5042	22.299	0.859086	0	0	0	0	0	0	0	0	0	0	0	0
00.000,00.000	32.9	0	-200	0	4.5	4835.23	2046.25	1483.44	637.235	372.077	196.301	76.2645	22.801	0.859086	0	0	0	0	0	0	0	0	0	0	0	0
00.000,00.000	33	0	-200	0	4.5	4848.34	2052.04	1486.06	638.652	372.97	197.734	77.1288	22.8976	0.859086	0	0	0	0	0	0	0	0	0	0	0	0
00.000,00.000	33.1	0	-200	0	4.5	4877.54	2065.23	1491.77	641.697	374.982	200.835	79.0035	23.1576	0.859086	0	0	0	0	0	0	0	0	0	0	0	0
00.000,00.000	33.2	0	-200	0	4.5	4940.81	2094.74	1503.8	648.134	378.98	207.377	83.1334	23.7777	0.859086	0	0	0	0	0	0	0	0	0	0	0	0
00.000,00.000	33.3	0	-200	0	4.5	4983.76	2114.77	1512	652.483	381.602	211.819	85.9888	24.2422	0.859086	0	0	0	0	0	0	0	0	0	0	0	0
00.000,00.000	33.4	0	-200	0	4.5	4996.06	2120.66	1514.28	653.691	382.329	213.058	86.7974	24.3853	0.859086	0	0	0	0	0	0	0	0	0	0	0	0
00.000,00.000	33.5	0	-200	0	4.5	5014.08	2129.5	1517.57	655.418	383.295	214.844	87.9819	24.6145	0.859086	0	0	0	0	0	0	0	0	0	0	0	0
00.000,00.000	33.6	0	-200	0	4.5	5052.91	2148.17	1524.79	659.162	385.444	218.72	90.6112	25.1586	0.859086	0	0	0	0	0	0	0	0	0	0	0	0
00.000,00.000	33.7	0	-200	0	4.5	5104.73	2173.83	1534.2	664.118	388.079	223.756	93.9731	25.9146	0.859086	0	0	0	0	0	0	0	0	0	0	0	0
00.000,00.000	33.8	0	-200	0	4.5	5120.68	2181.5	1537.11	665.645	388.911	225.472	95.0175	26.1631	0.859086	0	0	0	0	0	0	0	0	0	0	0	0
00.000,00.000	33.9	0	-200	0	4.5	5120.94	2181.63	1537.16	665.67	388.924	225.499	95.0356	26.1675	0.859086	0	0	0	0	0	0	0	0	0	0	0	0
00.000,00.000	34	0	-200	0	4.5	5121.51	2181.9	1537.26	665.722	388.952	225.556	95.0759	26.1777	0.859086	0	0	0	0	0	0	0	0	0	0	0	0
00.000,00.000	34.1	0	-200	0	4.5	5173.72	2207.54	1546.6	670.56	391.567	230.544	98.8597	27.186	0.859086	0	0	0	0	0	0	0	0	0	0	0	0
00.000,00.000	34.2	0	-200	0	4.5	5192.34	2216.88	1549.91	672.248	392.474	232.223	100.16	27.5863	0.859086	0	0	0	0	0	0	0	0	0	0	0	0
00.000,00.000	34.3	0	-200	0	4.5	5227.2	2234.54	1555.97	675.302	394.093	235.401	102.695	28.3386	0.859086	0	0	0	0	0	0	0	0	0	0	0	0
00.000,00.000	34.4	0	-200	0	4.5	5254.01	2248.31	1560.65	677.593	395.34	237.735	104.583	28.9409	0.859086	0	0	0	0	0	0	0	0	0	0	0	0
00.000,00.000	34.5	0	-200	0	4.5	5272.75	2257.91	1563.84	679.185	396.224	239.384	105.975	29.3826	0.859086	0	0	0	0	0	0	0	0	0	0	0	0
00.000,00.000	34.6	0	-200	0	4.5	5308.54	2276.35	1569.94	682.182	397.784	242.519	108.65	30.2652	0.859086	0	0	0	0	0	0	0	0	0	0	0	0
00.000,00.000	34.7	0	-200	0	4.5	5365.05	2305.83	1579.57	686.762	400.341	247.12	112.624	31.9391	0.859086	0	0	0	0	0	0	0	0	0	0	0	0
00.000,00.000	34.8	0	-200	0	4.5	5373.82	2310.43	1581	687.43	400.761	247.846	113.199	32.2969	0.859086	0	0	0	0	0	0	0	0	0	0	0	0
00.000,00.000	34.9	0	-200	0	4.5	5374.34	2310.7	1581.08	687.468	400.783	247.888	113.235	32.3167	0.859086	0	0	0	0	0	0	0	0	0	0	0	0
00.000,00.000	35	0	-200	0	4.5	5407.33	2328.33	1586.24	689.902	402.288	250.489	115.691	33.5293	0.859086	0	0	0	0	0	0	0	0	0	0	0	0
00.000,00.000	35.1	0	-200	0	4.5	5417.35	2333.69	1587.79	690.627	402.776	251.277	116.42	33.9084	0.859086	0	0	0	0	0	0	0	0	0	0	0	0
00.000,00.000	35.2	0	-200	0	4.5	5434.06	2342.74	1590.31	691.816	403.51	252.59	117.685	34.5477	0.859086	0	0	0	0	0	0	0	0	0	0	0	0
00.000,00.000	35.3	0	-200	0	4.5	5458.86	2356.25	1594.03	693.58	404.634	254.429	119.533	35.5496	0.859086	0	0	0	0	0	0	0	0	0	0	0	0
00.000,00.000	35.4	0	-200	0	4.5	5492.5	2374.59	1599.05	695.922	406.203	256.939	122.072	36.8612	0.859086	0	0	0	0	0	0	0	0	0	0	0	0
00.000,00.000	35.5	0	-200	0	4.5	5501.92	2379.82	1600.46	696.564	406.641	257.616	122.731	37.2273	0.859086	0	0	0	0	0	0	0	0	0	0	0	0
00.000,00.000	35.6	0	-200	0	4.5	5537.28	2399.53	1605.74	698.934	408.197	260.049	125.361	38.6195	0.859086	0	0	0	0	0	0	0	0	0	0	0	0
00.000,00.000	35.7	0	-200	0	4.5	5564.4	2414.79	1609.85	700.771	409.415	261.831	127.188	39.7009	0.859086	0	0	0	0	0	0	0	0	0	0	0	0
00.000,00.000	35.8	0	-200	0	4.5	5575.19	2420.74	1611.44	701.484	409.899	262.545	128.037	40.1859	0.859086	0	0	0	0	0	0	0	0	0	0	0	0
00.000,00.000	35.9	0	-200	0	4.5	5587.99	2427.91	1613.33	702.338	410.492	263.355	128.97	40.7369	0.859086	0	0	0	0	0	0	0	0	0	0	0	0
00.000,00.000	36	0	-200	0	4.5	5612.01	2441.38	1616.81	703.888	411.584	264.856	130.8	41.8309	0.859086	0	0	0	0	0	0	0	0	0	0	0	0
00.000,00.000	36.1	0	-200	0	4.5	5623.12	2447.59	1618.4	704.602	412.088	265.523	131.698	42.3665	0.859086	0	0	0	0	0	0	0	0	0	0	0	0
00.000,00.000	36.2	0	-200	0	4.5	5639.62	2456.79	1620.7	705.633	412.852	266.524	133.1	43.1583	0.859086	0	0	0	0	0	0	0	0	0	0	0	0
00.000,00.000	36.3	0	-200	0	4.5	5663.89	2470.48	1624.11	707.197	413.975	267.936	135.004	44.3389	0.859086	0	0	0	0	0	0	0	0	0	0	0	0
00.000,00.000	36.4	0	-200	0	4.5	5688.05	2484.16	1627.43	708.706	415.087	269.294	136.932	45.5741	0.859086	0	0	0	0	0	0	0	0	0	0	0	0
00.000,00.000	36.5	0	-200	0	4.5	5694.53	2487.84	1628.32	709.105	415.374	269.667	137.466	45.8962	0.859086	0	0	0	0	0	0	0	0	0	0	0	0
00.000,00.000	36.6	0	-200	0	4.5	5721.59	2503.65	1632.04	710.711	416.571	271.049	139.49	47.2228	0.859086	0	0	0	0	0	0	0	0	0	0	0	0
00.000,00.000	36.7	0	-200	0	4.5	5737.07	2512.49	1634.12	711.612	417.255	271.878	140.824	48.0289	0.859086	0	0	0	0	0	0	0	0	0	0	0	0
00.000,00.000	36.8	0	-200	0	4.5	5753.01	2521.54	1636.17	712.5	417.945	272.711	142.316	48.9584	0.859086	0	0	0	0	0	0	0	0	0	0	0	0
00.000,00.000	36.9	0	-200	0	4.5	5770	2531.53	1638.37	713.469	418.723	273.579	143.613	49.8471	0.859086	0	0	0	0	0	0	0	0	0	0	0	0
00.000,00.000	37	0	-200	0	4.5	5786.55	2541.22	1640.45	714.365	419.473	274.435	144.959	50.7751	0.865685	0	0	0	0	0	0	0	0	0	0	0	0
00.000,00.000	37.1	0	-200	0	4.5	5803.01	2550.73	1642.45	715.229	420.184	275.253	146.472	51.8129	0.87286	0	0	0	0	0	0	0	0	0	0	0	0
00.000,00.000	37.2	0	-200	0	4.5	5820.3	2560.77	1644.51	716.093	420.951	276.101	148.107	52.8806	0.881242	0	0	0	0	0	0	0	0	0	0	0	0
00.000,00.000	37.3	0	-200	0	4.5	5836.2	2570.36	1646.42	716.884	421.678	276.859	149.318	53.7922	0.890329	0	0	0	0	0	0	0	0	0	0	0	0
00.000,00.000	37.4	0	-200	0	4.5	5851.82	2579.67	1648.26	717.622	422.379	277.594	150.56	54.8341	0.899822	0	0	0	0	0	0	0	0	0	0	0	0
00.000,00.000	37.5	0	-200	0	4.5	5867.67	2589	1650.06	718.351	423.077	278.327	151.996	55.9501	0.910236	0	0	0	0	0	0	0	0	0	0	0	0
00.000,00.000	37.6	0	-200	0	4.5	5883.08	2598.26	1651.82	719.055	423.765	279.03	153.376	56.8529	0.924678	0	0	0	0	0	0	0	0	0	0	0	0
00.000,00.000	37.7	0	-200	0	4.5	5897.92	2607.41	1653.48	719.728	424.441	279.681	154.483	57.7459	0.94955	0	0	0	0	0	0	0	0	0	0	0	0
00.000,00.000	37.8	0	-200	0	4.5	5912.89	2616.55	1655.06	720.37	425.106	280.324	155.652	58.8472	0.974461	0	0	0	0	0	0	0	0	0	0	0	0
00.000,00.000	37.9	0	-200	0	4.5	5928.07	2625.79	1656.59	720.999	425.772	280.994	156.946	59.9806	1.00109	0	0	0	0	0	0	0	0	0	0	0	0
00.000,00.000	38	0	-200	0	4.5	5942.81	2634.99	1658.04	721.601	426.44	281.642	158.172	60.8988	1.03204	0	0	0	0	0	0	0	0	0	0	0	0
00.000,00.000	38.1	0	-200	0	4.5	5957.27	2644.07	1659.45	722.182	427.1	282.267	159.266	61.8749	1.06275	0	0	0	0	0	0	0	0	0	0	0	0
00.000,00.000	38.2	0	-200	0	4.5	5971.81	2653.06	1660.83	722.727	427.743	282.911	160.403	63.0437	1.09492	0	0	0	0	0	0	0	0	0	0	0	0
00.000,00.000	38.3	0	-200	0	4.5	5986.27	2662.01	1662.15	723.228	428.366	283.557	161.627	64.2044	1.12963	0	0	0	0	0	0	0	0	0	0	0	0
00.000,00.000	38.4	0	-200	0	4.5	6000.23	2670.91	1663.41	723.698	428.974	284.171	162.745	65.1522	1.17203	0	0	0	0	0	0	0	0	0	0	0	0
00.000,00.000	38.5	0	-200	0	4.5	6013.91	2679.71	1664.6	724.144	429.566	284.746	163.74	66.184	1.21285	0	0	0	0	0	0	0	0	0	0	0	0
00.000,00.000	38.6	0	-200	0	4.5	6027.52	2688.38	1665.76	724.559	430.124	285.333	164.858	67.2501	1.25175	0	0	0	0	0	0	0	0	0	0	0	0
00.000,00.000	38.7	0	-200	0	4.5	6040.87	2696.89	1666.87	724.95	430.668	285.929	165.972	68.306	1.29264	0	0	0	0	0	0	0	0	0	0	0	0
00.000,00.000	38.8	0	-200	0	4.5	6053.76	2705.31	1667.9	725.32	431.196	286.488	166.878	69.3278	1.33802	0	0	0	0	0	0	0	0	0	0	0	0
00.000,00.000	38.9	0	-200	0	4.5	6066.56	2713.64	1668.92	725.674	431.705	287.055	167.773	70.4	1.38582	0	0	0	0	0	0	0	0	0	0	0	0
00.000,00.000	39	0	-200	0	4.5	6079.2	2721.83	1669.91	726.007	432.192	287.653	168.707	71.4649	1.43577	0	0	0	0	0	0	0	0	0	0	0	0
00.000,00.000	39.1	0	-200	0	4.5	6091.69	2729.89	1670.89	726.319	432.656	288.258	169.641	72.5444	1.48901	0	0	0	0	0	0	0	0	0	0	0	0
00.000,00.000	39.2	0	-200	0	4.5	6103.9	2737.82	1671.84	726.612	433.103	288.84	170.518	73.628	1.54183	0	0	0	0	0	0	0	0	0	0	0	0
00.000,00.000	39.3	0	-200	0	4.5	6115.84	2745.65	1672.71	726.883	433.528	289.412	171.331	74.7345	1.59169	0	0	0	0	0	0	0	0	0	0	0	0
00.000,00.000	39.4	0	-200	0	4.5	6127.55	2753.32	1673.56	727.134	433.932	290.014	172.142	75.8026	1.64419	0	0	0	0	0	0	0	0	0	0	0	0
00.000,00.000	39.5	0	-200	0	4.5	6139.01	2760.84	1674.37	727.365	434.313	290.594	172.931	76.8939	1.70772	0	0	0	0	0	0	0	0	0	0	0	0
00.000,00.000	39.6	0	-200	0	4.5	6150.12	2768.2	1675.14	727.581	434.67	291.116	173.646	78.0025	1.76733	0	0	0	0	0	0	0	0	0	0	0	0
00.000,00.000	39.7	0	-200	0	4.5	6160.82	2775.32	1675.86	727.776	435.02	291.644	174.3	79.0706	1.82662	0	0	0	0	0	0	0	0	0	0	0	0
00.000,00.000	39.8	0	-200	0	4.5	6171.37	2782.33	1676.58	727.952	435.352	292.183	174.961	80.1105	1.90423	0	0	0	0	0	0	0	0	0	0	0	0
00.000,00.000	39.9	0	-200	0	4.5	6181.82	2789.26	1677.25	728.111	435.67	292.74	175.607	81.1773	2.00498	0	0	0	0	0	0	0	0	0	0	0	0
00.000,00.000	40	0	-200	0	4.5	6192.07	2796.04	1677.89	728.251	435.969	293.304	176.242	82.2652	2.10799	0	0	0	0	0	0	0	0	0	0	0	0
00.000,00.000	40.1	0	-200	0	4.5	6202.09	2802.71	1678.51	728.377	436.252	293.873	176.846	83.3135	2.21755	0	0	0	0	0	0	0	0	0	0	0	0
00.000,00.000	40.2	0	-200	0	4.5	6211.8	2809.11	1679.15	728.487	436.521	294.432	177.423	84.3258	2.35408	0	0	0	0	0	0	0	0	0	0	0	0
00.000,00.000	40.3	0	-200	0	4.5	6221.29	2815.35	1679.79	728.587	436.786	294.975	177.961	85.3552	2.48293	0	0	0	0	0	0	0	0	0	0	0	0
00.000,00.000	40.4	0	-200	0	4.5	6230.52	2821.38	1680.44	728.675	437.039	295.522	178.479	86.4008	2.58581	0	0	0	0	0	0	0	0	0	0	0	0
00.000,00.000	40.5	0	-200	0	4.5	6239.42	2827.27	1681.04	728.75	437.274	296.045	178.955	87.3799	2.70871	0	0	0	0	0	0	0	0	0	0	0	0
00.000,00.000	40.6	0	-200	0	4.5	6248.01	2833	1681.62	728.814	437.489	296.531	179.403	88.3046	2.85678	0	0	0	0	0	0	0	0	0	0	0	0
00.000,00.000	40.7	0	-200	0	4.5	6256.3	2838.52	1682.17	728.868	437.688	297.01	179.822	89.2498	2.9762	0	0	0	0	0	0	0	0	0	0	0	0
00.000,00.000	40.8	0	-200	0	4.5	6264.35	2843.9	1682.71	728.91	437.872	297.493	180.229	90.1693	3.07178	0	0	0	0	0	0	0	0	0	0	0	0
00.000,00.000	40.9	0	-200	0	4.5	6272.21	2849.15	1683.22	728.946	438.043	297.981	180.634	91.0278	3.20096	0	0	0	0	0	0	0	0	0	0	0	0
00.000,00.000	41	0	-200	0	4.5	6279.85	2854.25	1683.72	728.976	438.201	298.469	181.022	91.8661	3.34531	0	0	0	0	0	0	0	0	0	0	0	0
00.000,00.000	41.1	0	-200	0	4.5	6287.22	2859.2	1684.2	729	438.347	298.942	181.376	92.7058	3.44953	0	0	0	0	0	0	0	0	0	0	0	0
00.000,00.000	41.2	0	-200	0	4.5	6294.33	2863.9	1684.76	729.02	438.482	299.401	181.722	93.4891	3.55266	0	0	0	0	0	0	0	0	0	0	0	0
00.000,00.000	41.3	0	-200	0	4.5	6301.27	2868.21	1685.55	729.035	438.605	299.853	182.073	94.249	3.69514	0	0	0	0	0	0	0	0	0	0	0	0
00.000,00.000	41.4	0	-200	0	4.5	6307.98	2872.36	1686.32	729.045	438.718	300.302	182.416	95.0175	3.80282	0	0	0	0	0	0	0	0	0	0	0	0
00.000,00.000	41.5	0	-200	0	4.5	6314.45	2876.35	1687.09	729.053	438.821	300.727	182.723	95.7759	3.9133	0	0	0	0	0	0	0	0	0	0	0	0
00.000,00.000	41.6	0	-200	0	4.5	6320.66	2880.17	1687.86	729.057	438.913	301.118	183.023	96.4762	4.05476	0	0	0	0	0	0	0	0	0	0	0	0
00.000,00.000	41.7	0	-200	0	4.5	6326.7	2883.81	1688.63	729.059	438.995	301.509	183.325	97.1658	4.20577	0	0	0	0	0	0	0	0	0	0	0	0
00.000,00.000	41.8	0	-200	0	4.5	6332.5	2887.09	1689.61	729.058	439.067	301.889	183.626	97.8443	4.31868	0	0	0	0	0	0	0	0	0	0	0	0
00.000,00.000	41.9	0	-200	0	4.5	6338.1	2890.12	1690.66	729.056	439.131	302.266	183.905	98.5155	4.44796	0	0	0	0	0	0	0	0	0	0	0	0
00.000,00.000	42	0	-200	0	4.5	6343.52	2893	1691.7	729.055	439.187	302.637	184.179	99.1526	4.61306	0	0	0	0	0	0	0	0	0	0	0	0