
label	time(d)	x	depth	z	radius	total	0-10	10-20	20-30	30-40	40-50	50-60	60-70	70-80	80-90	90-100	100-110	110-120	120-130	130-140	140-150	150-160	160-170	170-180	180-190	190-200
00.000,00.000	0	0	-200	0	4.5	0	0	0	0	0	0	0	0	0	0	0	0	0	0	0	0	0	0	0	0	0
00.000,00.000	0.1	0	-200	0	4.5	0.372517	0.372517	0	0	0	0	0	0	0	0	0	0	0	0	0	0	0	0	0	0	0
00.000,00.000	0.2	0	-200	0	4.5	0.749525	0.749525	0	0	0	0	0	0	0	0	0	0	0	0	0	0	0	0	0	0	0
00.000,00.000	0.3	0	-200	0	4.5	1.13144	1.13144	0	0	0	0	0	0	0	0	0	0	0	0	0	0	0	0	0	0	0
00.000,00.000	0.4	0	-200	0	4.5	1.51786	1.51786	0	0	0	0	0	0	0	0	0	0	0	0	0	0	0	0	0	0	0
00.000,00.000	0.5	0	-200	0	4.5	1.90713	1.90713	0	0	0	0	0	0	0	0	0	0	0	0	0	0	0	0	0	0	0
00.000,00.000	0.6	0	-200	0	4.5	2.29757	2.29757	0	0	0	0	0	0	0	0	0	0	0	0	0	0	0	0	0	0	0
00.000,00.000	0.7	0	-200	0	4.5	2.68965	2.68965	0	0	0	0	0	0	0	0	0	0	0	0	0	0	0	0	0	0	0
00.000,00.000	0.8	0	-200	0	4.5	3.08436	3.08436	0	0	0	0	0	0	0	0	0	0	0	0	0	0	0	0	0	0	0
00.000,00.000	0.9	0	-200	0	4.5	3.48254	3.48254	0	0	0	0	0	0	0	0	0	0	0	0	0	0	0	0	0	0	0
00.000,00.000	1	0	-200	0	4.5	3.88472	3.88472	0	0	0	0	0	0	0	0	0	0	0	0	0	0	0	0	0	0	0
00.000,00.000	1.1	0	-200	0	4.5	4.29858	4.29858	0	0	0	0	0	0	0	0	0	0	0	0	0	0	0	0	0	0	0
00.000,00.000	1.2	0	-200	0	4.5	4.72564	4.72564	0	0	0	0	0	0	0	0	0	0	0	0	0	0	0	0	0	0	0
00.000,00.000	1.3	0	-200	0	4.5	5.16552	5.16552	0	0	0	0	0	0	0	0	0	0	0	0	0	0	0	0	0	0	0
00.000,00.000	1.4	0	-200	0	4.5	5.61771	5.61771	0	0	0	0	0	0	0	0	0	0	0	0	0	0	0	0	0	0	0
00.000,00.000	1.5	0	-200	0	4.5	6.08135	6.08135	0	0	0	0	0	0	0	0	0	0	0	0	0	0	0	0	0	0	0
00.000,00.000	1.6	0	-200	0	4.5	6.55557	6.55557	0	0	0	0	0	0	0	0	0	0	0	0	0	0	0	0	0	0	0
00.000,00.000	1.7	0	-200	0	4.5	7.04726	7.04726	0	0	0	0	0	0	0	0	0	0	0	0	0	0	0	0	0	0	0
00.000,00.000	1.8	0	-200	0	4.5	7.55527	7.5321	0.0231679	0	0	0	0	0	0	0	0	0	0	0	0	0	0	0	0	0	0
00.000,00.000	1.9	0	-200	0	4.5	8.07947	7.7918	0.287665	0	0	0	0	0	0	0	0	0	0	0	0	0	0	0	0	0	0
00.000,00.000	2	0	-200	0	4.5	8.62138	8.06896	0.552419	0	0	0	0	0	0	0	0	0	0	0	0	0	0	0	0	0	0
00.000,00.000	2.1	0	-200	0	4.5	9.2347	8.41735	0.817353	0	0	0	0	0	0	0	0	0	0	0	0	0	0	0	0	0	0
00.000,00.000	2.2	0	-200	0	4.5	9.99338	8.90605	1.08732	0	0	0	0	0	0	0	0	0	0	0	0	0	0	0	0	0	0
00.000,00.000	2.3	0	-200	0	4.5	10.8897	9.52811	1.36157	0	0	0	0	0	0	0	0	0	0	0	0	0	0	0	0	0	0
00.000,00.000	2.4	0	-200	0	4.5	11.9169	10.2797	1.63719	0	0	0	0	0	0	0	0	0	0	0	0	0	0	0	0	0	0
00.000,00.000	2.5	0	-200	0	4.5	13.0723	11.1599	1.91234	0	0	0	0	0	0	0	0	0	0	0	0	0	0	0	0	0	0
00.000,00.000	2.6	0	-200	0	4.5	14.3541	12.1678	2.18626	0	0	0	0	0	0	0	0	0	0	0	0	0	0	0	0	0	0
00.000,00.000	2.7	0	-200	0	4.5	15.7636	13.3044	2.4592	0	0	0	0	0	0	0	0	0	0	0	0	0	0	0	0	0	0
00.000,00.000	2.8	0	-200	0	4.5	17.3038	14.5719	2.7319	0	0	0	0	0	0	0	0	0	0	0	0	0	0	0	0	0	0
00.000,00.000	2.9	0	-200	0	4.5	18.9795	15.9744	3.00508	0	0	0	0	0	0	0	0	0	0	0	0	0	0	0	0	0	0
00.000,00.000	3	0	-200	0	4.5	20.7918	17.5124	3.27935	0	0	0	0	0	0	0	0	0	0	0	0	0	0	0	0	0	0
00.000,00.000	3.1	0	-200	0	4.5	22.6706	19.1161	3.55449	0	0	0	0	0	0	0	0	0	0	0	0	0	0	0	0	0	0
00.000,00.000	3.2	0	-200	0	4.5	24.5401	20.7106	3.82952	0	0	0	0	0	0	0	0	0	0	0	0	0	0	0	0	0	0
00.000,00.000	3.3	0	-200	0	4.5	26.4039	22.2994	4.10449	0	0	0	0	0	0	0	0	0	0	0	0	0	0	0	0	0	0
00.000,00.000	3.4	0	-200	0	4.5	28.2557	23.8772	4.37844	0	0	0	0	0	0	0	0	0	0	0	0	0	0	0	0	0	0
00.000,00.000	3.5	0	-200	0	4.5	30.0911	25.4402	4.65096	0	0	0	0	0	0	0	0	0	0	0	0	0	0	0	0	0	0
00.000,00.000	3.6	0	-200	0	4.5	31.9097	26.988	4.92169	0	0	0	0	0	0	0	0	0	0	0	0	0	0	0	0	0	0
00.000,00.000	3.7	0	-200	0	4.5	33.714	28.5234	5.19064	0	0	0	0	0	0	0	0	0	0	0	0	0	0	0	0	0	0
00.000,00.000	3.8	0	-200	0	4.5	35.5084	30.0498	5.4586	0	0	0	0	0	0	0	0	0	0	0	0	0	0	0	0	0	0
00.000,00.000	3.9	0	-200	0	4.5	37.2981	31.5716	5.72649	0	0	0	0	0	0	0	0	0	0	0	0	0	0	0	0	0	0
00.000,00.000	4	0	-200	0	4.5	39.084	33.0893	5.99475	0	0	0	0	0	0	0	0	0	0	0	0	0	0	0	0	0	0
00.000,00.000	4.1	0	-200	0	4.5	40.8644	34.6014	6.26298	0	0	0	0	0	0	0	0	0	0	0	0	0	0	0	0	0	0
00.000,00.000	4.2	0	-200	0	4.5	42.6305	36.1004	6.53009	0	0	0	0	0	0	0	0	0	0	0	0	0	0	0	0	0	0
00.000,00.000	4.3	0	-200	0	4.5	44.1827	37.3866	6.79617	0	0	0	0	0	0	0	0	0	0	0	0	0	0	0	0	0	0
00.000,00.000	4.4	0	-200	0	4.5	45.6067	38.5458	7.0609	0	0	0	0	0	0	0	0	0	0	0	0	0	0	0	0	0	0
00.000,00.000	4.5	0	-200	0	4.5	46.7923	39.4691	7.32319	0	0	0	0	0	0	0	0	0	0	0	0	0	0	0	0	0	0
00.000,00.000	4.6	0	-200	0	4.5	47.8903	40.3075	7.58275	0	0	0	0	0	0	0	0	0	0	0	0	0	0	0	0	0	0
00.000,00.000	4.7	0	-200	0	4.5	48.975	40.9466	8.02835	0	0	0	0	0	0	0	0	0	0	0	0	0	0	0	0	0	0
00.000,00.000	4.8	0	-200	0	4.5	50.0483	41.3113	8.73703	0	0	0	0	0	0	0	0	0	0	0	0	0	0	0	0	0	0
00.000,00.000	4.9	0	-200	0	4.5	51.1129	41.3353	9.77762	0	0	0	0	0	0	0	0	0	0	0	0	0	0	0	0	0	0
00.000,00.000	5	0	-200	0	4.5	52.0912	41.3603	10.7309	0	0	0	0	0	0	0	0	0	0	0	0	0	0	0	0	0	0
00.000,00.000	5.1	0	-200	0	4.5	52.8925	41.3883	11.5042	0	0	0	0	0	0	0	0	0	0	0	0	0	0	0	0	0	0
00.000,00.000	5.2	0	-200	0	4.5	53.6917	41.422	12.2697	0	0	0	0	0	0	0	0	0	0	0	0	0	0	0	0	0	0
00.000,00.000	5.3	0	-200	0	4.5	54.2441	41.4613	12.7828	0	0	0	0	0	0	0	0	0	0	0	0	0	0	0	0	0	0
00.000,00.000	5.4	0	-200	0	4.5	54.7926	41.5079	13.2847	0	0	0	0	0	0	0	0	0	0	0	0	0	0	0	0	0	0
00.000,00.000	5.5	0	-200	0	4.5	55.2853	41.5605	13.7248	0	0	0	0	0	0	0	0	0	0	0	0	0	0	0	0	0	0
00.000,00.000	5.6	0	-200	0	4.5	55.5826	41.6203	13.9623	0	0	0	0	0	0	0	0	0	0	0	0	0	0	0	0	0	0
00.000,00.000	5.7	0	-200	0	4.5	55.8909	41.6872	14.2038	0	0	0	0	0	0	0	0	0	0	0	0	0	0	0	0	0	0
00.000,00.000	5.8	0	-200	0	4.5	56.205	41.7619	14.2279	0.215227	0	0	0	0	0	0	0	0	0	0	0	0	0	0	0	0	0
00.000,00.000	5.9	0	-200	0	4.5	56.5248	41.8443	14.2277	0.452834	0	0	0	0	0	0	0	0	0	0	0	0	0	0	0	0	0
00.000,00.000	6	0	-200	0	4.5	56.8548	41.9384	14.2277	0.688709	0	0	0	0	0	0	0	0	0	0	0	0	0	0	0	0	0
00.000,00.000	6.1	0	-200	0	4.5	57.1942	42.0429	14.2284	0.922939	0	0	0	0	0	0	0	0	0	0	0	0	0	0	0	0	0
00.000,00.000	6.2	0	-200	0	4.5	57.5513	42.1647	14.2302	1.15632	0	0	0	0	0	0	0	0	0	0	0	0	0	0	0	0	0
00.000,00.000	6.3	0	-200	0	4.5	57.9242	42.3014	14.2332	1.38962	0	0	0	0	0	0	0	0	0	0	0	0	0	0	0	0	0
00.000,00.000	6.4	0	-200	0	4.5	58.3203	42.4587	14.2389	1.62267	0	0	0	0	0	0	0	0	0	0	0	0	0	0	0	0	0
00.000,00.000	6.5	0	-200	0	4.5	58.7412	42.6389	14.2473	1.85502	0	0	0	0	0	0	0	0	0	0	0	0	0	0	0	0	0
00.000,00.000	6.6	0	-200	0	4.5	59.1917	42.8456	14.2596	2.08651	0	0	0	0	0	0	0	0	0	0	0	0	0	0	0	0	0
00.000,00.000	6.7	0	-200	0	4.5	59.6797	43.0855	14.2774	2.31668	0	0	0	0	0	0	0	0	0	0	0	0	0	0	0	0	0
00.000,00.000	6.8	0	-200	0	4.5	60.2049	43.3593	14.2999	2.54573	0	0	0	0	0	0	0	0	0	0	0	0	0	0	0	0	0
00.000,00.000	6.9	0	-200	0	4.5	60.7821	43.6788	14.3289	2.77439	0	0	0	0	0	0	0	0	0	0	0	0	0	0	0	0	0
00.000,00.000	7	0	-200	0	4.5	61.4183	44.051	14.3642	3.00311	0	0	0	0	0	0	0	0	0	0	0	0	0	0	0	0	0
00.000,00.000	7.1	0	-200	0	4.5	62.1187	44.4792	14.4078	3.23175	0	0	0	0	0	0	0	0	0	0	0	0	0	0	0	0	0
00.000,00.000	7.2	0	-200	0	4.5	62.8864	44.969	14.4583	3.45907	0	0	0	0	0	0	0	0	0	0	0	0	0	0	0	0	0
00.000,00.000	7.3	0	-200	0	4.5	63.7266	45.5257	14.5159	3.68498	0	0	0	0	0	0	0	0	0	0	0	0	0	0	0	0	0
00.000,00.000	7.4	0	-200	0	4.5	64.6473	46.1552	14.583	3.90916	0	0	0	0	0	0	0	0	0	0	0	0	0	0	0	0	0
00.000,00.000	7.5	0	-200	0	4.5	65.6493	46.8607	14.6577	4.13095	0	0	0	0	0	0	0	0	0	0	0	0	0	0	0	0	0
00.000,00.000	7.6	0	-200	0	4.5	66.7333	47.6435	14.7396	4.35014	0	0	0	0	0	0	0	0	0	0	0	0	0	0	0	0	0
00.000,00.000	7.7	0	-200	0	4.5	67.906	48.5092	14.8297	4.56699	0	0	0	0	0	0	0	0	0	0	0	0	0	0	0	0	0
00.000,00.000	7.8	0	-200	0	4.5	69.1779	49.4678	14.9284	4.7817	0	0	0	0	0	0	0	0	0	0	0	0	0	0	0	0	0
00.000,00.000	7.9	0	-200	0	4.5	70.5505	50.5209	15.0351	4.99456	0	0	0	0	0	0	0	0	0	0	0	0	0	0	0	0	0
00.000,00.000	8	0	-200	0	4.5	72.0287	51.6721	15.1509	5.2057	0	0	0	0	0	0	0	0	0	0	0	0	0	0	0	0	0
00.000,00.000	8.1	0	-200	0	4.5	73.6131	52.9223	15.2756	5.41522	0	0	0	0	0	0	0	0	0	0	0	0	0	0	0	0	0
00.000,00.000	8.2	0	-200	0	4.5	75.3051	54.2732	15.409	5.62293	0	0	0	0	0	0	0	0	0	0	0	0	0	0	0	0	0
00.000,00.000	8.3	0	-200	0	4.5	77.1047	55.7237	15.552	5.82897	0	0	0	0	0	0	0	0	0	0	0	0	0	0	0	0	0
00.000,00.000	8.4	0	-200	0	4.5	79.0129	57.2745	15.7048	6.03361	0	0	0	0	0	0	0	0	0	0	0	0	0	0	0	0	0
00.000,00.000	8.5	0	-200	0	4.5	81.0252	58.9227	15.8657	6.2367	0	0	0	0	0	0	0	0	0	0	0	0	0	0	0	0	0
00.000,00.000	8.6	0	-200	0	4.5	83.1406	60.6662	16.0363	6.43812	0	0	0	0	0	0	0	0	0	0	0	0	0	0	0	0	0
00.000,00.000	8.7	0	-200	0	4.5	85.3541	62.5009	16.2154	6.63782	0	0	0	0	0	0	0	0	0	0	0	0	0	0	0	0	0
00.000,00.000	8.8	0	-200	0	4.5	87.6758	64.4343	16.4057	6.83586	0	0	0	0	0	0	0	0	0	0	0	0	0	0	0	0	0
00.000,00.000	8.9	0	-200	0	4.5	90.1108	66.4733	16.6052	7.03231	0	0	0	0	0	0	0	0	0	0	0	0	0	0	0	0	0
00.000,00.000	9	0	-200	0	4.5	92.6699	68.6261	16.8164	7.22752	0	0	0	0	0	0	0	0	0	0	0	0	0	0	0	0	0
00.000,00.000	9.1	0	-200	0	4.5	95.3622	70.9	17.0406	7.42159	0	0	0	0	0	0	0	0	0	0	0	0	0	0	0	0	0
00.000,00.000	9.2	0	-200	0	4.5	98.2614	73.3623	17.2843	7.61478	0	0	0	0	0	0	0	0	0	0	0	0	0	0	0	0	0
00.000,00.000	9.3	0	-200	0	4.5	101.344	75.9805	17.5557	7.80795	0	0	0	0	0	0	0	0	0	0	0	0	0	0	0	0	0
00.000,00.000	9.4	0	-200	0	4.5	104.601	78.7488	17.8504	8.00197	0	0	0	0	0	0	0	0	0	0	0	0	0	0	0	0	0
00.000,00.000	9.5	0	-200	0	4.5	108.03	81.6593	18.1734	8.19705	0	0	0	0	0	0	0	0	0	0	0	0	0	0	0	0	0
00.000,00.000	9.6	0	-200	0	4.5	111.629	84.7137	18.5224	8.39297	0	0	0	0	0	0	0	0	0	0	0	0	0	0	0	0	0
00.000,00.000	9.7	0	-200	0	4.5	115.408	87.9253	18.8935	8.58958	0	0	0	0	0	0	0	0	0	0	0	0	0	0	0	0	0
00.000,00.000	9.8	0	-200	0	4.5	119.386	91.3042	19.2949	8.78718	0	0	0	0	0	0	0	0	0	0	0	0	0	0	0	0	0
00.000,00.000	9.9	0	-200	0	4.5	123.593	94.871	19.7352	8.98651	0	0	0	0	0	0	0	0	0	0	0	0	0	0	0	0	0
00.000,00.000	10	0	-200	0	4.5	128.031	98.627	20.2156	9.18863	0	0	0	0	0	0	0	0	0	0	0	0	0	0	0	0	0
00.000,00.000	10.1	0	-200	0	4.5	132.727	102.591	20.7423	9.39408	0	0	0	0	0	0	0	0	0	0	0	0	0	0	0	0	0
00.000,00.000	10.2	0	-200	0	4.5	137.515	106.622	21.2944	9.59892	0	0	0	0	0	0	0	0	0	0	0	0	0	0	0	0	0
00.000,00.000	10.3	0	-200	0	4.5	142.483	110.797	21.8838	9.8026	0	0	0	0	0	0	0	0	0	0	0	0	0	0	0	0	0
00.000,00.000	10.4	0	-200	0	4.5	147.61	115.1	22.5051	10.0047	0	0	0	0	0	0	0	0	0	0	0	0	0	0	0	0	0
00.000,00.000	10.5	0	-200	0	4.5	152.872	119.513	23.1544	10.0392	0.165357	0	0	0	0	0	0	0	0	0	0	0	0	0	0	0	0
00.000,00.000	10.6	0	-200	0	4.5	158.27	124.037	23.8317	10.039	0.362802	0	0	0	0	0	0	0	0	0	0	0	0	0	0	0	0
00.000,00.000	10.7	0	-200	0	4.5	163.81	128.677	24.5359	10.0391	0.557319	0	0	0	0	0	0	0	0	0	0	0	0	0	0	0	0
00.000,00.000	10.8	0	-200	0	4.5	169.515	133.47	25.2562	10.0391	0.749584	0	0	0	0	0	0	0	0	0	0	0	0	0	0	0	0
00.000,00.000	10.9	0	-200	0	4.5	175.416	138.43	26.007	10.0391	0.939892	0	0	0	0	0	0	0	0	0	0	0	0	0	0	0	0
00.000,00.000	11	0	-200	0	4.5	181.523	143.568	26.7874	10.0394	1.12861	0	0	0	0	0	0	0	0	0	0	0	0	0	0	0	0
00.000,00.000	11.1	0	-200	0	4.5	187.827	148.871	27.5995	10.0407	1.3159	0	0	0	0	0	0	0	0	0	0	0	0	0	0	0	0
00.000,00.000	11.2	0	-200	0	4.5	194.313	154.33	28.4388	10.0424	1.50206	0	0	0	0	0	0	0	0	0	0	0	0	0	0	0	0
00.000,00.000	11.3	0	-200	0	4.5	200.979	159.94	29.3058	10.0463	1.68712	0	0	0	0	0	0	0	0	0	0	0	0	0	0	0	0
00.000,00.000	11.4	0	-200	0	4.5	207.798	165.674	30.1998	10.0532	1.87068	0	0	0	0	0	0	0	0	0	0	0	0	0	0	0	0
00.000,00.000	11.5	0	-200	0	4.5	214.749	171.534	31.101	10.0618	2.05248	0	0	0	0	0	0	0	0	0	0	0	0	0	0	0	0
00.000,00.000	11.6	0	-200	0	4.5	221.823	177.515	32.0017	10.0739	2.23225	0	0	0	0	0	0	0	0	0	0	0	0	0	0	0	0
00.000,00.000	11.7	0	-200	0	4.5	229.036	183.614	32.9229	10.0886	2.41014	0	0	0	0	0	0	0	0	0	0	0	0	0	0	0	0
00.000,00.000	11.8	0	-200	0	4.5	236.405	189.822	33.8906	10.1065	2.58624	0	0	0	0	0	0	0	0	0	0	0	0	0	0	0	0
00.000,00.000	11.9	0	-200	0	4.5	243.96	196.174	34.8975	10.128	2.76047	0	0	0	0	0	0	0	0	0	0	0	0	0	0	0	0
00.000,00.000	12	0	-200	0	4.5	251.709	202.678	35.945	10.1526	2.9333	0	0	0	0	0	0	0	0	0	0	0	0	0	0	0	0
00.000,00.000	12.1	0	-200	0	4.5	259.634	209.325	37.0224	10.1812	3.10504	0	0	0	0	0	0	0	0	0	0	0	0	0	0	0	0
00.000,00.000	12.2	0	-200	0	4.5	267.737	216.119	38.1301	10.2131	3.27534	0	0	0	0	0	0	0	0	0	0	0	0	0	0	0	0
00.000,00.000	12.3	0	-200	0	4.5	275.978	223.014	39.2709	10.2487	3.44411	0	0	0	0	0	0	0	0	0	0	0	0	0	0	0	0
00.000,00.000	12.4	0	-200	0	4.5	284.332	230.024	40.4094	10.2873	3.61196	0	0	0	0	0	0	0	0	0	0	0	0	0	0	0	0
00.000,00.000	12.5	0	-200	0	4.5	292.796	237.06	41.6273	10.33	3.77882	0	0	0	0	0	0	0	0	0	0	0	0	0	0	0	0
00.000,00.000	12.6	0	-200	0	4.5	301.363	243.919	43.1247	10.3757	3.94434	0	0	0	0	0	0	0	0	0	0	0	0	0	0	0	0
00.000,00.000	12.7	0	-200	0	4.5	310.049	250.675	44.8389	10.426	4.10869	0	0	0	0	0	0	0	0	0	0	0	0	0	0	0	0
00.000,00.000	12.8	0	-200	0	4.5	318.827	257.397	46.6794	10.4796	4.27166	0	0	0	0	0	0	0	0	0	0	0	0	0	0	0	0
00.000,00.000	12.9	0	-200	0	4.5	327.739	264.02	48.7486	10.5372	4.43329	0	0	0	0	0	0	0	0	0	0	0	0	0	0	0	0
00.000,00.000	13	0	-200	0	4.5	336.825	270.73	50.9008	10.5996	4.59408	0	0	0	0	0	0	0	0	0	0	0	0	0	0	0	0
00.000,00.000	13.1	0	-200	0	4.5	346.078	277.543	53.1148	10.6664	4.75393	0	0	0	0	0	0	0	0	0	0	0	0	0	0	0	0
00.000,00.000	13.2	0	-200	0	4.5	355.498	284.492	55.3561	10.7382	4.91183	0	0	0	0	0	0	0	0	0	0	0	0	0	0	0	0
00.000,00.000	13.3	0	-200	0	4.5	365.189	291.649	57.6528	10.8164	5.07028	0	0	0	0	0	0	0	0	0	0	0	0	0	0	0	0
00.000,00.000	13.4	0	-200	0	4.5	375.046	298.952	59.9646	10.9003	5.22902	0	0	0	0	0	0	0	0	0	0	0	0	0	0	0	0
00.000,00.000	13.5	0	-200	0	4.5	384.975	306.332	62.2654	10.9895	5.3877	0	0	0	0	0	0	0	0	0	0	0	0	0	0	0	0
00.000,00.000	13.6	0	-200	0	4.5	394.987	313.768	64.5891	11.0842	5.54608	0	0	0	0	0	0	0	0	0	0	0	0	0	0	0	0
00.000,00.000	13.7	0	-200	0	4.5	405.076	321.268	66.92	11.1844	5.70418	0	0	0	0	0	0	0	0	0	0	0	0	0	0	0	0
00.000,00.000	13.8	0	-200	0	4.5	415.299	328.768	69.3786	11.2902	5.86194	0	0	0	0	0	0	0	0	0	0	0	0	0	0	0	0
00.000,00.000	13.9	0	-200	0	4.5	425.665	336.392	71.8488	11.4046	6.01962	0	0	0	0	0	0	0	0	0	0	0	0	0	0	0	0
00.000,00.000	14	0	-200	0	4.5	436.165	344.112	74.3497	11.5257	6.17729	0	0	0	0	0	0	0	0	0	0	0	0	0	0	0	0
00.000,00.000	14.1	0	-200	0	4.5	446.773	351.888	76.8942	11.6547	6.33549	0	0	0	0	0	0	0	0	0	0	0	0	0	0	0	0
00.000,00.000	14.2	0	-200	0	4.5	457.395	359.674	79.4332	11.7927	6.49607	0	0	0	0	0	0	0	0	0	0	0	0	0	0	0	0
00.000,00.000	14.3	0	-200	0	4.5	467.819	367.317	81.9129	11.9351	6.65413	0	0	0	0	0	0	0	0	0	0	0	0	0	0	0	0
00.000,00.000	14.4	0	-200	0	4.5	478.207	374.894	84.4164	12.0849	6.8115	0	0	0	0	0	0	0	0	0	0	0	0	0	0	0	0
00.000,00.000	14.5	0	-200	0	4.5	488.504	382.365	86.9294	12.2412	6.96824	0	0	0	0	0	0	0	0	0	0	0	0	0	0	0	0
00.000,00.000	14.6	0	-200	0	4.5	498.634	389.679	89.4272	12.4046	7.12377	0	0	0	0	0	0	0	0	0	0	0	0	0	0	0	0
00.000,00.000	14.7	0	-200	0	4.5	508.591	396.827	91.912	12.5739	7.27779	0	0	0	0	0	0	0	0	0	0	0	0	0	0	0	0
00.000,00.000	14.8	0	-200	0	4.5	518.317	403.785	94.3531	12.7492	7.42955	0	0	0	0	0	0	0	0	0	0	0	0	0	0	0	0
00.000,00.000	14.9	0	-200	0	4.5	527.928	410.601	96.8144	12.932	7.58075	0	0	0	0	0	0	0	0	0	0	0	0	0	0	0	0
00.000,00.000	15	0	-200	0	4.5	537.484	417.286	99.3446	13.1224	7.73103	0	0	0	0	0	0	0	0	0	0	0	0	0	0	0	0
00.000,00.000	15.1	0	-200	0	4.5	546.893	423.776	101.916	13.3205	7.88025	0	0	0	0	0	0	0	0	0	0	0	0	0	0	0	0
00.000,00.000	15.2	0	-200	0	4.5	556.228	430.136	104.537	13.5258	8.0285	0	0	0	0	0	0	0	0	0	0	0	0	0	0	0	0
00.000,00.000	15.3	0	-200	0	4.5	565.482	436.358	107.209	13.7388	8.17581	0	0	0	0	0	0	0	0	0	0	0	0	0	0	0	0
00.000,00.000	15.4	0	-200	0	4.5	574.57	442.42	109.867	13.9608	8.32221	0	0	0	0	0	0	0	0	0	0	0	0	0	0	0	0
00.000,00.000	15.5	0	-200	0	4.5	583.496	448.294	112.545	14.189	8.46756	0	0	0	0	0	0	0	0	0	0	0	0	0	0	0	0
00.000,00.000	15.6	0	-200	0	4.5	593.04	454.481	115.491	14.4447	8.62404	0	0	0	0	0	0	0	0	0	0	0	0	0	0	0	0
00.000,00.000	15.7	0	-200	0	4.5	602.296	460.376	118.435	14.7067	8.77851	0	0	0	0	0	0	0	0	0	0	0	0	0	0	0	0
00.000,00.000	15.8	0	-200	0	4.5	610.382	465.454	121.066	14.948	8.9147	0	0	0	0	0	0	0	0	0	0	0	0	0	0	0	0
00.000,00.000	15.9	0	-200	0	4.5	618.834	470.736	123.63	15.4087	9.05902	0	0	0	0	0	0	0	0	0	0	0	0	0	0	0	0
00.000,00.000	16	0	-200	0	4.5	627.012	475.81	126.048	15.9531	9.20028	0	0	0	0	0	0	0	0	0	0	0	0	0	0	0	0
00.000,00.000	16.1	0	-200	0	4.5	634.967	480.655	128.481	16.4936	9.33805	0	0	0	0	0	0	0	0	0	0	0	0	0	0	0	0
00.000,00.000	16.2	0	-200	0	4.5	642.908	485.421	130.966	17.0462	9.47554	0	0	0	0	0	0	0	0	0	0	0	0	0	0	0	0
00.000,00.000	16.3	0	-200	0	4.5	650.758	490.006	133.431	17.7083	9.61236	0	0	0	0	0	0	0	0	0	0	0	0	0	0	0	0
00.000,00.000	16.4	0	-200	0	4.5	658.423	494.358	135.791	18.5255	9.74848	0	0	0	0	0	0	0	0	0	0	0	0	0	0	0	0
00.000,00.000	16.5	0	-200	0	4.5	666.471	498.874	138.295	19.4086	9.89375	0	0	0	0	0	0	0	0	0	0	0	0	0	0	0	0
00.000,00.000	16.6	0	-200	0	4.5	678.035	505.218	142.096	20.6236	10.0919	0.00570429	0	0	0	0	0	0	0	0	0	0	0	0	0	0	0
00.000,00.000	16.7	0	-200	0	4.5	682.644	507.681	143.667	21.113	10.083	0.0998977	0	0	0	0	0	0	0	0	0	0	0	0	0	0	0
00.000,00.000	16.8	0	-200	0	4.5	684.888	508.882	144.422	21.3597	10.086	0.138895	0	0	0	0	0	0	0	0	0	0	0	0	0	0	0
00.000,00.000	16.9	0	-200	0	4.5	693.624	513.488	147.274	22.4719	10.0926	0.296903	0	0	0	0	0	0	0	0	0	0	0	0	0	0	0
00.000,00.000	17	0	-200	0	4.5	701.283	517.404	149.715	23.6274	10.0892	0.446339	0	0	0	0	0	0	0	0	0	0	0	0	0	0	0
00.000,00.000	17.1	0	-200	0	4.5	708.013	520.846	151.85	24.6529	10.0898	0.574784	0	0	0	0	0	0	0	0	0	0	0	0	0	0	0
00.000,00.000	17.2	0	-200	0	4.5	714.694	524.266	153.945	25.6891	10.0902	0.703178	0	0	0	0	0	0	0	0	0	0	0	0	0	0	0
00.000,00.000	17.3	0	-200	0	4.5	721.396	527.618	156.12	26.7359	10.0903	0.831279	0	0	0	0	0	0	0	0	0	0	0	0	0	0	0
00.000,00.000	17.4	0	-200	0	4.5	728.004	530.906	158.253	27.7952	10.0905	0.95887	0	0	0	0	0	0	0	0	0	0	0	0	0	0	0
00.000,00.000	17.5	0	-200	0	4.5	736.866	535.264	161.141	29.2377	10.0924	1.13048	0	0	0	0	0	0	0	0	0	0	0	0	0	0	0
00.000,00.000	17.6	0	-200	0	4.5	747.397	540.425	164.555	30.9854	10.0947	1.33627	0	0	0	0	0	0	0	0	0	0	0	0	0	0	0
00.000,00.000	17.7	0	-200	0	4.5	750.105	541.736	165.447	31.4367	10.0957	1.3895	0	0	0	0	0	0	0	0	0	0	0	0	0	0	0
00.000,00.000	17.8	0	-200	0	4.5	751.351	542.345	165.842	31.6524	10.0964	1.41438	0	0	0	0	0	0	0	0	0	0	0	0	0	0	0
00.000,00.000	17.9	0	-200	0	4.5	758.663	545.943	168.15	32.9077	10.1014	1.56101	0	0	0	0	0	0	0	0	0	0	0	0	0	0	0
00.000,00.000	18	0	-200	0	4.5	766.029	549.573	170.483	34.1469	10.1086	1.71698	0	0	0	0	0	0	0	0	0	0	0	0	0	0	0
00.000,00.000	18.1	0	-200	0	4.5	772.285	552.671	172.439	35.2171	10.116	1.84286	0	0	0	0	0	0	0	0	0	0	0	0	0	0	0
00.000,00.000	18.2	0	-200	0	4.5	778.353	555.697	174.306	36.2612	10.1245	1.96453	0	0	0	0	0	0	0	0	0	0	0	0	0	0	0
00.000,00.000	18.3	0	-200	0	4.5	784.415	558.744	176.142	37.3085	10.1347	2.08559	0	0	0	0	0	0	0	0	0	0	0	0	0	0	0
00.000,00.000	18.4	0	-200	0	4.5	790.482	561.812	177.958	38.3591	10.147	2.20587	0	0	0	0	0	0	0	0	0	0	0	0	0	0	0
00.000,00.000	18.5	0	-200	0	4.5	800.456	566.91	180.86	40.1108	10.1696	2.40448	0	0	0	0	0	0	0	0	0	0	0	0	0	0	0
00.000,00.000	18.6	0	-200	0	4.5	810.832	572.23	183.874	41.9262	10.1959	2.60586	0	0	0	0	0	0	0	0	0	0	0	0	0	0	0
00.000,00.000	18.7	0	-200	0	4.5	812.511	573.092	184.36	42.2187	10.2006	2.63924	0	0	0	0	0	0	0	0	0	0	0	0	0	0	0
00.000,00.000	18.8	0	-200	0	4.5	813.021	573.36	184.5	42.3088	10.2023	2.64931	0	0	0	0	0	0	0	0	0	0	0	0	0	0	0
00.000,00.000	18.9	0	-200	0	4.5	819.259	576.684	186.177	43.4037	10.2244	2.77041	0	0	0	0	0	0	0	0	0	0	0	0	0	0	0
00.000,00.000	19	0	-200	0	4.5	827.461	581.112	188.34	44.8267	10.2553	2.9271	0	0	0	0	0	0	0	0	0	0	0	0	0	0	0
00.000,00.000	19.1	0	-200	0	4.5	834.095	584.722	190.062	45.9751	10.2827	3.05278	0	0	0	0	0	0	0	0	0	0	0	0	0	0	0
00.000,00.000	19.2	0	-200	0	4.5	840.226	588.074	191.637	47.0371	10.3097	3.16828	0	0	0	0	0	0	0	0	0	0	0	0	0	0	0
00.000,00.000	19.3	0	-200	0	4.5	846.355	591.445	193.192	48.0975	10.3385	3.2828	0	0	0	0	0	0	0	0	0	0	0	0	0	0	0
00.000,00.000	19.4	0	-200	0	4.5	852.488	594.836	194.728	49.1588	10.3697	3.39663	0	0	0	0	0	0	0	0	0	0	0	0	0	0	0
00.000,00.000	19.5	0	-200	0	4.5	858.613	598.218	196.259	50.2233	10.4028	3.51048	0	0	0	0	0	0	0	0	0	0	0	0	0	0	0
00.000,00.000	19.6	0	-200	0	4.5	870.672	604.923	199.279	52.2623	10.4727	3.73471	0	0	0	0	0	0	0	0	0	0	0	0	0	0	0
00.000,00.000	19.7	0	-200	0	4.5	883.034	610.934	203.277	54.3102	10.5499	3.96291	0	0	0	0	0	0	0	0	0	0	0	0	0	0	0
00.000,00.000	19.8	0	-200	0	4.5	884.982	611.844	203.947	54.6295	10.5624	3.99855	0	0	0	0	0	0	0	0	0	0	0	0	0	0	0
00.000,00.000	19.9	0	-200	0	4.5	887.737	613.102	204.93	55.0743	10.5818	4.04805	0	0	0	0	0	0	0	0	0	0	0	0	0	0	0
00.000,00.000	20	0	-200	0	4.5	898.58	617.822	209.054	56.8025	10.6611	4.24007	0	0	0	0	0	0	0	0	0	0	0	0	0	0	0
00.000,00.000	20.1	0	-200	0	4.5	906.457	621.191	212.123	57.902	10.8631	4.37769	0	0	0	0	0	0	0	0	0	0	0	0	0	0	0
00.000,00.000	20.2	0	-200	0	4.5	912.908	623.814	214.803	58.7102	11.0936	4.48709	0	0	0	0	0	0	0	0	0	0	0	0	0	0	0
00.000,00.000	20.3	0	-200	0	4.5	919.442	626.498	217.514	59.5002	11.3347	4.5953	0	0	0	0	0	0	0	0	0	0	0	0	0	0	0
00.000,00.000	20.4	0	-200	0	4.5	926.09	629.265	220.256	60.2883	11.5779	4.70318	0	0	0	0	0	0	0	0	0	0	0	0	0	0	0
00.000,00.000	20.5	0	-200	0	4.5	933.341	632.311	223.224	61.1411	11.8451	4.82028	0	0	0	0	0	0	0	0	0	0	0	0	0	0	0
00.000,00.000	20.6	0	-200	0	4.5	957.69	642.811	232.989	63.9336	12.7496	5.20659	0	0	0	0	0	0	0	0	0	0	0	0	0	0	0
00.000,00.000	20.7	0	-200	0	4.5	963.129	645.103	235.235	64.4129	13.0869	5.29186	0	0	0	0	0	0	0	0	0	0	0	0	0	0	0
00.000,00.000	20.8	0	-200	0	4.5	967.747	647.121	237.084	64.811	13.3689	5.36271	0	0	0	0	0	0	0	0	0	0	0	0	0	0	0
00.000,00.000	20.9	0	-200	0	4.5	968.854	647.606	237.528	64.9047	13.4356	5.37938	0	0	0	0	0	0	0	0	0	0	0	0	0	0	0
00.000,00.000	21	0	-200	0	4.5	979.188	652.191	241.669	65.753	14.0444	5.53004	0	0	0	0	0	0	0	0	0	0	0	0	0	0	0
00.000,00.000	21.1	0	-200	0	4.5	993.088	658.551	247.081	66.8763	14.8495	5.72974	0	0	0	0	0	0	0	0	0	0	0	0	0	0	0
00.000,00.000	21.2	0	-200	0	4.5	1002.04	662.697	250.54	67.5874	15.3595	5.8558	0	0	0	0	0	0	0	0	0	0	0	0	0	0	0
00.000,00.000	21.3	0	-200	0	4.5	1009.77	666.313	253.516	68.1914	15.7918	5.9621	0	0	0	0	0	0	0	0	0	0	0	0	0	0	0
00.000,00.000	21.4	0	-200	0	4.5	1017.67	670.025	256.555	68.7965	16.226	6.06839	0	0	0	0	0	0	0	0	0	0	0	0	0	0	0
00.000,00.000	21.5	0	-200	0	4.5	1047.12	683.97	267.777	70.743	18.1644	6.4654	0	0	0	0	0	0	0	0	0	0	0	0	0	0	0
00.000,00.000	21.6	0	-200	0	4.5	1053.4	686.975	270.181	71.0675	18.63	6.54908	0	0	0	0	0	0	0	0	0	0	0	0	0	0	0
00.000,00.000	21.7	0	-200	0	4.5	1088.96	704.214	283.586	72.9252	21.2185	7.01405	0	0	0	0	0	0	0	0	0	0	0	0	0	0	0
00.000,00.000	21.8	0	-200	0	4.5	1095.96	707.643	286.242	73.2338	21.7304	7.10649	0	0	0	0	0	0	0	0	0	0	0	0	0	0	0
00.000,00.000	21.9	0	-200	0	4.5	1097.96	708.632	287.001	73.3299	21.8703	7.13144	0	0	0	0	0	0	0	0	0	0	0	0	0	0	0
00.000,00.000	22	0	-200	0	4.5	1100.64	709.942	288.023	73.4558	22.0539	7.16408	0	0	0	0	0	0	0	0	0	0	0	0	0	0	0
00.000,00.000	22.1	0	-200	0	4.5	1121.88	720.509	295.945	74.5423	23.4659	7.4132	0	0	0	0	0	0	0	0	0	0	0	0	0	0	0
00.000,00.000	22.2	0	-200	0	4.5	1135.1	727.266	300.443	75.4749	24.3465	7.56909	0	0	0	0	0	0	0	0	0	0	0	0	0	0	0
00.000,00.000	22.3	0	-200	0	4.5	1144.19	731.96	303.204	76.4024	24.9491	7.67493	0	0	0	0	0	0	0	0	0	0	0	0	0	0	0
00.000,00.000	22.4	0	-200	0	4.5	1153.5	736.823	305.951	77.386	25.5584	7.78137	0	0	0	0	0	0	0	0	0	0	0	0	0	0	0
00.000,00.000	22.5	0	-200	0	4.5	1175.62	748.285	312.476	79.7972	27.0218	8.03657	0	0	0	0	0	0	0	0	0	0	0	0	0	0	0
00.000,00.000	22.6	0	-200	0	4.5	1206.75	764.419	321.774	83.1156	29.0488	8.39066	0	0	0	0	0	0	0	0	0	0	0	0	0	0	0
00.000,00.000	22.7	0	-200	0	4.5	1211.76	767.009	323.304	83.6262	29.3698	8.44666	0	0	0	0	0	0	0	0	0	0	0	0	0	0	0
00.000,00.000	22.8	0	-200	0	4.5	1212.47	767.378	323.521	83.7008	29.4146	8.45439	0	0	0	0	0	0	0	0	0	0	0	0	0	0	0
00.000,00.000	22.9	0	-200	0	4.5	1213.38	767.848	323.8	83.7954	29.4709	8.46399	0	0	0	0	0	0	0	0	0	0	0	0	0	0	0
00.000,00.000	23	0	-200	0	4.5	1229.74	776.325	328.842	85.4784	30.4628	8.63166	0	0	0	0	0	0	0	0	0	0	0	0	0	0	0
00.000,00.000	23.1	0	-200	0	4.5	1249.82	786.726	335.065	87.5295	31.6668	8.83517	0	0	0	0	0	0	0	0	0	0	0	0	0	0	0
00.000,00.000	23.2	0	-200	0	4.5	1262.32	793.186	338.957	88.8108	32.4088	8.95987	0	0	0	0	0	0	0	0	0	0	0	0	0	0	0
00.000,00.000	23.3	0	-200	0	4.5	1273.1	798.735	342.308	89.9453	33.0444	9.06595	0	0	0	0	0	0	0	0	0	0	0	0	0	0	0
00.000,00.000	23.4	0	-200	0	4.5	1284.05	804.152	345.758	91.2773	33.6861	9.17233	0	0	0	0	0	0	0	0	0	0	0	0	0	0	0
00.000,00.000	23.5	0	-200	0	4.5	1314.92	818.153	356.643	95.0987	35.5443	9.4795	0	0	0	0	0	0	0	0	0	0	0	0	0	0	0
00.000,00.000	23.6	0	-200	0	4.5	1357.09	834.423	374.413	100.286	38.0736	9.8172	0.0816466	0	0	0	0	0	0	0	0	0	0	0	0	0	0
00.000,00.000	23.7	0	-200	0	4.5	1363.33	836.792	377.111	101.022	38.4442	9.76018	0.19996	0	0	0	0	0	0	0	0	0	0	0	0	0	0
00.000,00.000	23.8	0	-200	0	4.5	1421.46	858.706	402.347	108.013	41.8717	9.81817	0.704094	0	0	0	0	0	0	0	0	0	0	0	0	0	0
00.000,00.000	23.9	0	-200	0	4.5	1443.36	866.997	411.928	110.552	43.1451	9.82279	0.915092	0	0	0	0	0	0	0	0	0	0	0	0	0	0
00.000,00.000	24	0	-200	0	4.5	1444.72	867.519	412.519	110.711	43.2106	9.83383	0.927573	0	0	0	0	0	0	0	0	0	0	0	0	0	0
00.000,00.000	24.1	0	-200	0	4.5	1465.5	875.499	421.558	113.13	44.2024	9.99908	1.1143	0	0	0	0	0	0	0	0	0	0	0	0	0	0
00.000,00.000	24.2	0	-200	0	4.5	1480.95	881.439	428.293	114.974	44.8175	10.1692	1.2518	0	0	0	0	0	0	0	0	0	0	0	0	0	0
00.000,00.000	24.3	0	-200	0	4.5	1493.22	886.184	433.619	116.453	45.3004	10.301	1.35824	0	0	0	0	0	0	0	0	0	0	0	0	0	0
00.000,00.000	24.4	0	-200	0	4.5	1505.78	891.069	439.056	117.91	45.8445	10.4325	1.465	0	0	0	0	0	0	0	0	0	0	0	0	0	0
00.000,00.000	24.5	0	-200	0	4.5	1522.48	897.499	446.287	119.883	46.5877	10.6095	1.60942	0	0	0	0	0	0	0	0	0	0	0	0	0	0
00.000,00.000	24.6	0	-200	0	4.5	1569.26	915.878	466.071	125.622	48.5639	11.11	2.01735	0	0	0	0	0	0	0	0	0	0	0	0	0	0
00.000,00.000	24.7	0	-200	0	4.5	1579.93	920.123	470.539	126.942	48.9905	11.2242	2.1111	0	0	0	0	0	0	0	0	0	0	0	0	0	0
00.000,00.000	24.8	0	-200	0	4.5	1580.92	920.522	470.949	127.064	49.0314	11.2343	2.11936	0	0	0	0	0	0	0	0	0	0	0	0	0	0
00.000,00.000	24.9	0	-200	0	4.5	1582.21	921.046	471.482	127.224	49.0839	11.2473	2.1299	0	0	0	0	0	0	0	0	0	0	0	0	0	0
00.000,00.000	25	0	-200	0	4.5	1606.51	930.981	481.462	130.197	50.0187	11.5274	2.32121	0	0	0	0	0	0	0	0	0	0	0	0	0	0
00.000,00.000	25.1	0	-200	0	4.5	1628.81	940.117	490.572	132.835	50.8397	11.9463	2.49535	0	0	0	0	0	0	0	0	0	0	0	0	0	0
00.000,00.000	25.2	0	-200	0	4.5	1643.74	946.36	496.52	134.507	51.5296	12.2142	2.61107	0	0	0	0	0	0	0	0	0	0	0	0	0	0
00.000,00.000	25.3	0	-200	0	4.5	1657.74	952.265	502.037	135.925	52.3334	12.4589	2.71768	0	0	0	0	0	0	0	0	0	0	0	0	0	0
00.000,00.000	25.4	0	-200	0	4.5	1671.75	958.309	507.388	137.381	53.1414	12.7096	2.82443	0	0	0	0	0	0	0	0	0	0	0	0	0	0
00.000,00.000	25.5	0	-200	0	4.5	1686.3	964.525	512.93	138.937	53.9936	12.9784	2.93713	0	0	0	0	0	0	0	0	0	0	0	0	0	0
00.000,00.000	25.6	0	-200	0	4.5	1721.96	979.771	526.446	142.82	56.0756	13.6328	3.21267	0	0	0	0	0	0	0	0	0	0	0	0	0	0
00.000,00.000	25.7	0	-200	0	4.5	1742.82	988.794	534.192	145.192	57.262	14.0074	3.37079	0	0	0	0	0	0	0	0	0	0	0	0	0	0
00.000,00.000	25.8	0	-200	0	4.5	1745	989.75	534.946	145.487	57.3852	14.0463	3.3872	0	0	0	0	0	0	0	0	0	0	0	0	0	0
00.000,00.000	25.9	0	-200	0	4.5	1746.59	990.467	535.497	145.677	57.4746	14.0742	3.39889	0	0	0	0	0	0	0	0	0	0	0	0	0	0
00.000,00.000	26	0	-200	0	4.5	1773.71	1002.78	544.913	148.909	58.9751	14.5399	3.59324	0	0	0	0	0	0	0	0	0	0	0	0	0	0
00.000,00.000	26.1	0	-200	0	4.5	1793.55	1011.82	551.736	151.324	60.0643	14.8787	3.73485	0	0	0	0	0	0	0	0	0	0	0	0	0	0
00.000,00.000	26.2	0	-200	0	4.5	1808.71	1018.75	556.936	153.191	60.8952	15.0973	3.84161	0	0	0	0	0	0	0	0	0	0	0	0	0	0
00.000,00.000	26.3	0	-200	0	4.5	1823.81	1025.76	562.17	154.982	61.7136	15.2338	3.94823	0	0	0	0	0	0	0	0	0	0	0	0	0	0
00.000,00.000	26.4	0	-200	0	4.5	1839	1032.87	567.45	156.718	62.5354	15.3732	4.05492	0	0	0	0	0	0	0	0	0	0	0	0	0	0
00.000,00.000	26.5	0	-200	0	4.5	1854.56	1040	572.872	158.585	63.3815	15.5541	4.16825	0	0	0	0	0	0	0	0	0	0	0	0	0	0
00.000,00.000	26.6	0	-200	0	4.5	1910.95	1066.04	592.273	165.471	66.125	16.468	4.57671	0	0	0	0	0	0	0	0	0	0	0	0	0	0
00.000,00.000	26.7	0	-200	0	4.5	1922.98	1071.58	596.444	166.967	66.6521	16.6741	4.664	0	0	0	0	0	0	0	0	0	0	0	0	0	0
00.000,00.000	26.8	0	-200	0	4.5	1931.72	1075.62	599.409	168.077	67.0628	16.8219	4.72626	0	0	0	0	0	0	0	0	0	0	0	0	0	0
00.000,00.000	26.9	0	-200	0	4.5	1933.99	1076.7	600.17	168.362	67.162	16.8588	4.74173	0	0	0	0	0	0	0	0	0	0	0	0	0	0
00.000,00.000	27	0	-200	0	4.5	1953.89	1086.07	606.818	170.922	68.0323	17.1754	4.8734	0	0	0	0	0	0	0	0	0	0	0	0	0	0
00.000,00.000	27.1	0	-200	0	4.5	1985.16	1100.16	617.8	175.049	69.3959	17.6718	5.08017	0	0	0	0	0	0	0	0	0	0	0	0	0	0
00.000,00.000	27.2	0	-200	0	4.5	2004.75	1108.82	624.755	177.737	70.2431	17.982	5.20881	0	0	0	0	0	0	0	0	0	0	0	0	0	0
00.000,00.000	27.3	0	-200	0	4.5	2021.26	1116.07	630.657	180.023	70.9552	18.2392	5.31517	0	0	0	0	0	0	0	0	0	0	0	0	0	0
00.000,00.000	27.4	0	-200	0	4.5	2038.06	1123.49	636.589	182.391	71.6748	18.4985	5.42199	0	0	0	0	0	0	0	0	0	0	0	0	0	0
00.000,00.000	27.5	0	-200	0	4.5	2055.12	1130.84	642.611	184.92	72.4417	18.7756	5.53543	0	0	0	0	0	0	0	0	0	0	0	0	0	0
00.000,00.000	27.6	0	-200	0	4.5	2126.17	1160.45	668.233	195.742	75.7656	19.9558	6.01851	0	0	0	0	0	0	0	0	0	0	0	0	0	0
00.000,00.000	27.7	0	-200	0	4.5	2146.17	1168.78	675.538	198.742	76.6828	20.2797	6.15134	0	0	0	0	0	0	0	0	0	0	0	0	0	0
00.000,00.000	27.8	0	-200	0	4.5	2147.37	1169.27	675.975	198.925	76.7379	20.299	6.15917	0	0	0	0	0	0	0	0	0	0	0	0	0	0
00.000,00.000	27.9	0	-200	0	4.5	2149.23	1170.08	676.631	199.197	76.8178	20.3271	6.17039	0	0	0	0	0	0	0	0	0	0	0	0	0	0
00.000,00.000	28	0	-200	0	4.5	2176.84	1182.08	686.347	203.333	77.9898	20.7474	6.33687	0	0	0	0	0	0	0	0	0	0	0	0	0	0
00.000,00.000	28.1	0	-200	0	4.5	2206	1194.92	696.212	207.889	79.2531	21.2034	6.51606	0	0	0	0	0	0	0	0	0	0	0	0	0	0
00.000,00.000	28.2	0	-200	0	4.5	2225.95	1203.91	702.852	210.966	80.0798	21.5068	6.63299	0	0	0	0	0	0	0	0	0	0	0	0	0	0
00.000,00.000	28.3	0	-200	0	4.5	2244.33	1212.23	708.925	213.814	80.8377	21.7835	6.73755	0	0	0	0	0	0	0	0	0	0	0	0	0	0
00.000,00.000	28.4	0	-200	0	4.5	2263.03	1220.72	715.072	216.71	81.6213	22.0625	6.8409	0	0	0	0	0	0	0	0	0	0	0	0	0	0
00.000,00.000	28.5	0	-200	0	4.5	2282	1229.27	721.287	219.7	82.4406	22.3565	6.94776	0	0	0	0	0	0	0	0	0	0	0	0	0	0
00.000,00.000	28.6	0	-200	0	4.5	2330.7	1251.24	737.053	227.43	84.633	23.1262	7.22238	0	0	0	0	0	0	0	0	0	0	0	0	0	0
00.000,00.000	28.7	0	-200	0	4.5	2363.6	1266.55	747.392	232.538	86.0844	23.6372	7.40163	0	0	0	0	0	0	0	0	0	0	0	0	0	0
00.000,00.000	28.8	0	-200	0	4.5	2367.03	1268.15	748.458	233.077	86.2341	23.6909	7.42015	0	0	0	0	0	0	0	0	0	0	0	0	0	0
00.000,00.000	28.9	0	-200	0	4.5	2370.65	1269.88	749.569	233.626	86.3849	23.7449	7.43807	0	0	0	0	0	0	0	0	0	0	0	0	0	0
00.000,00.000	29	0	-200	0	4.5	2408.12	1287.63	761.237	239.375	87.9574	24.3036	7.61991	0	0	0	0	0	0	0	0	0	0	0	0	0	0
00.000,00.000	29.1	0	-200	0	4.5	2434.29	1299.92	769.508	243.356	89.0633	24.6964	7.74567	0	0	0	0	0	0	0	0	0	0	0	0	0	0
00.000,00.000	29.2	0	-200	0	4.5	2454.68	1309.58	775.917	246.418	89.9264	24.9984	7.83965	0	0	0	0	0	0	0	0	0	0	0	0	0	0
00.000,00.000	29.3	0	-200	0	4.5	2475.5	1319.44	782.443	249.566	90.806	25.3061	7.93321	0	0	0	0	0	0	0	0	0	0	0	0	0	0
00.000,00.000	29.4	0	-200	0	4.5	2496.53	1329.38	789.054	252.755	91.7063	25.6179	8.02587	0	0	0	0	0	0	0	0	0	0	0	0	0	0
00.000,00.000	29.5	0	-200	0	4.5	2517.82	1339.22	795.819	256.059	92.6514	25.9464	8.12143	0	0	0	0	0	0	0	0	0	0	0	0	0	0
00.000,00.000	29.6	0	-200	0	4.5	2573.7	1364.9	813.405	264.97	95.2006	26.8431	8.37646	0	0	0	0	0	0	0	0	0	0	0	0	0	0
00.000,00.000	29.7	0	-200	0	4.5	2620.51	1386.98	827.848	272.217	97.2984	27.5815	8.58301	0	0	0	0	0	0	0	0	0	0	0	0	0	0
00.000,00.000	29.8	0	-200	0	4.5	2625.77	1389.43	829.516	273.022	97.5355	27.6648	8.60593	0	0	0	0	0	0	0	0	0	0	0	0	0	0
00.000,00.000	29.9	0	-200	0	4.5	2629.14	1391.07	830.551	273.51	97.679	27.7148	8.61912	0	0	0	0	0	0	0	0	0	0	0	0	0	0
00.000,00.000	30	0	-200	0	4.5	2666.32	1408.79	842.226	278.987	99.2834	28.2707	8.76286	0	0	0	0	0	0	0	0	0	0	0	0	0	0
00.000,00.000	30.1	0	-200	0	4.5	2699.22	1424.04	852.783	283.96	100.758	28.7796	8.89203	0	0	0	0	0	0	0	0	0	0	0	0	0	0
00.000,00.000	30.2	0	-200	0	4.5	2722.74	1435.37	860.104	287.389	101.665	29.2408	8.97863	0	0	0	0	0	0	0	0	0	0	0	0	0	0
00.000,00.000	30.3	0	-200	0	4.5	2745.96	1446.42	867.405	290.802	102.569	29.7074	9.06316	0	0	0	0	0	0	0	0	0	0	0	0	0	0
00.000,00.000	30.4	0	-200	0	4.5	2769.1	1457.41	874.699	294.2	103.468	30.1749	9.14497	0	0	0	0	0	0	0	0	0	0	0	0	0	0
00.000,00.000	30.5	0	-200	0	4.5	2792.5	1468.38	882.041	297.748	104.425	30.6713	9.23007	0	0	0	0	0	0	0	0	0	0	0	0	0	0
00.000,00.000	30.6	0	-200	0	4.5	2844.08	1492.33	898.219	305.695	106.428	31.9897	9.41998	0	0	0	0	0	0	0	0	0	0	0	0	0	0
00.000,00.000	30.7	0	-200	0	4.5	2891.91	1515.08	912.979	312.9	108.179	33.1863	9.59109	0	0	0	0	0	0	0	0	0	0	0	0	0	0
00.000,00.000	30.8	0	-200	0	4.5	2898.24	1518.12	914.935	313.851	108.415	33.3039	9.61369	0	0	0	0	0	0	0	0	0	0	0	0	0	0
00.000,00.000	30.9	0	-200	0	4.5	2902.34	1520.01	916.263	314.483	108.574	33.3891	9.62793	0	0	0	0	0	0	0	0	0	0	0	0	0	0
00.000,00.000	31	0	-200	0	4.5	2947.42	1542.39	929.879	320.866	110.186	34.3239	9.65584	0.11253	0	0	0	0	0	0	0	0	0	0	0	0	0
00.000,00.000	31.1	0	-200	0	4.5	2978.11	1557.08	939.478	325.346	111.362	34.9801	9.63386	0.2344	0	0	0	0	0	0	0	0	0	0	0	0	0
00.000,00.000	31.2	0	-200	0	4.5	3000.83	1567.74	946.743	328.684	112.251	35.4763	9.63386	0.306619	0	0	0	0	0	0	0	0	0	0	0	0	0
00.000,00.000	31.3	0	-200	0	4.5	3025.37	1580.12	954.152	331.981	113.143	35.9682	9.63386	0.376685	0	0	0	0	0	0	0	0	0	0	0	0	0
00.000,00.000	31.4	0	-200	0	4.5	3051	1592.7	962.155	335.487	114.118	36.4522	9.63386	0.450439	0	0	0	0	0	0	0	0	0	0	0	0	0
00.000,00.000	31.5	0	-200	0	4.5	3079.34	1606.24	971.251	339.506	115.27	36.9073	9.63386	0.535037	0	0	0	0	0	0	0	0	0	0	0	0	0
00.000,00.000	31.6	0	-200	0	4.5	3158.65	1643.61	997.572	350.371	118.5	38.2012	9.63386	0.764919	0	0	0	0	0	0	0	0	0	0	0	0	0
00.000,00.000	31.7	0	-200	0	4.5	3176.91	1652.13	1003.69	352.878	119.254	38.5068	9.63386	0.817279	0	0	0	0	0	0	0	0	0	0	0	0	0
00.000,00.000	31.8	0	-200	0	4.5	3178.38	1652.81	1004.19	353.076	119.315	38.5308	9.63386	0.821239	0	0	0	0	0	0	0	0	0	0	0	0	0
00.000,00.000	31.9	0	-200	0	4.5	3181.82	1654.4	1005.38	353.538	119.457	38.586	9.63386	0.830084	0	0	0	0	0	0	0	0	0	0	0	0	0
00.000,00.000	32	0	-200	0	4.5	3231.29	1676.82	1022.84	360.158	121.532	39.3517	9.63386	0.953096	0	0	0	0	0	0	0	0	0	0	0	0	0
00.000,00.000	32.1	0	-200	0	4.5	3265.89	1692.36	1035.15	364.806	123.052	39.8503	9.63386	1.03791	0	0	0	0	0	0	0	0	0	0	0	0	0
00.000,00.000	32.2	0	-200	0	4.5	3291.95	1704.07	1044.3	368.406	124.206	40.2418	9.63386	1.1006	0	0	0	0	0	0	0	0	0	0	0	0	0
00.000,00.000	32.3	0	-200	0	4.5	3317.71	1715.69	1053.21	372.01	125.373	40.6333	9.63386	1.16182	0	0	0	0	0	0	0	0	0	0	0	0	0
00.000,00.000	32.4	0	-200	0	4.5	3343.47	1727.32	1062.08	375.618	126.569	40.9438	9.71859	1.22186	0	0	0	0	0	0	0	0	0	0	0	0	0
00.000,00.000	32.5	0	-200	0	4.5	3369.33	1738.9	1071	379.262	127.811	41.2587	9.81369	1.28236	0	0	0	0	0	0	0	0	0	0	0	0	0
00.000,00.000	32.6	0	-200	0	4.5	3430.04	1766.16	1091.71	387.842	130.829	42.0065	10.0658	1.4242	0	0	0	0	0	0	0	0	0	0	0	0	0
00.000,00.000	32.7	0	-200	0	4.5	3480.77	1789.15	1108.69	395.041	133.424	42.6402	10.2784	1.54171	0	0	0	0	0	0	0	0	0	0	0	0	0
00.000,00.000	32.8	0	-200	0	4.5	3486.91	1791.94	1110.75	395.916	133.741	42.7125	10.3041	1.55565	0	0	0	0	0	0	0	0	0	0	0	0	0
00.000,00.000	32.9	0	-200	0	4.5	3502.63	1799.19	1115.87	398.128	134.573	42.9083	10.369	1.58972	0	0	0	0	0	0	0	0	0	0	0	0	0
00.000,00.000	33	0	-200	0	4.5	3548.8	1820.53	1130.79	404.691	137.041	43.4985	10.5606	1.6882	0	0	0	0	0	0	0	0	0	0	0	0	0
00.000,00.000	33.1	0	-200	0	4.5	3579.95	1834.91	1140.84	409.126	138.733	43.8932	10.6908	1.75375	0	0	0	0	0	0	0	0	0	0	0	0	0
00.000,00.000	33.2	0	-200	0	4.5	3605.04	1846.53	1148.9	412.671	140.132	44.207	10.7957	1.80518	0	0	0	0	0	0	0	0	0	0	0	0	0
00.000,00.000	33.3	0	-200	0	4.5	3630.2	1858.26	1156.86	416.23	141.563	44.5243	10.9011	1.85559	0	0	0	0	0	0	0	0	0	0	0	0	0
00.000,00.000	33.4	0	-200	0	4.5	3655.39	1870.13	1164.71	419.76	143.026	44.8452	11.007	1.90493	0	0	0	0	0	0	0	0	0	0	0	0	0
00.000,00.000	33.5	0	-200	0	4.5	3680.59	1882.07	1172.42	423.31	144.544	45.1785	11.1161	1.95456	0	0	0	0	0	0	0	0	0	0	0	0	0
00.000,00.000	33.6	0	-200	0	4.5	3763.12	1921.62	1196.92	434.947	149.717	46.3119	11.4835	2.11712	0	0	0	0	0	0	0	0	0	0	0	0	0
00.000,00.000	33.7	0	-200	0	4.5	3785.18	1932.48	1203.16	438.065	151.125	46.6131	11.583	2.16043	0	0	0	0	0	0	0	0	0	0	0	0	0
00.000,00.000	33.8	0	-200	0	4.5	3786.44	1933.1	1203.52	438.236	151.205	46.6304	11.5885	2.16274	0	0	0	0	0	0	0	0	0	0	0	0	0
00.000,00.000	33.9	0	-200	0	4.5	3790.82	1935.3	1204.73	438.83	151.488	46.6905	11.6076	2.17051	0	0	0	0	0	0	0	0	0	0	0	0	0
00.000,00.000	34	0	-200	0	4.5	3838.99	1959.47	1218.26	445.227	154.604	47.3571	11.8155	2.25278	0	0	0	0	0	0	0	0	0	0	0	0	0
00.000,00.000	34.1	0	-200	0	4.5	3871.96	1976.19	1227.38	449.531	156.78	47.8183	11.9595	2.30834	0	0	0	0	0	0	0	0	0	0	0	0	0
00.000,00.000	34.2	0	-200	0	4.5	3897.1	1989.23	1234.15	452.699	158.43	48.1682	12.067	2.34845	0	0	0	0	0	0	0	0	0	0	0	0	0
00.000,00.000	34.3	0	-200	0	4.5	3923.15	2002.89	1241.09	455.924	160.15	48.5309	12.1777	2.38845	0	0	0	0	0	0	0	0	0	0	0	0	0
00.000,00.000	34.4	0	-200	0	4.5	3949.21	2016.62	1247.98	459.11	161.893	48.8967	12.2886	2.42725	0	0	0	0	0	0	0	0	0	0	0	0	0
00.000,00.000	34.5	0	-200	0	4.5	3975.58	2030.67	1254.84	462.258	163.671	49.2693	12.4011	2.46545	0	0	0	0	0	0	0	0	0	0	0	0	0
00.000,00.000	34.6	0	-200	0	4.5	4027.4	2058.54	1268.23	468.282	167.179	50.0037	12.6219	2.53788	0	0	0	0	0	0	0	0	0	0	0	0	0
00.000,00.000	34.7	0	-200	0	4.5	4053.82	2072.9	1274.96	471.276	168.994	50.3073	12.8077	2.57403	0	0	0	0	0	0	0	0	0	0	0	0	0
00.000,00.000	34.8	0	-200	0	4.5	4056.66	2074.46	1275.66	471.593	169.192	50.3354	12.8327	2.57781	0	0	0	0	0	0	0	0	0	0	0	0	0
00.000,00.000	34.9	0	-200	0	4.5	4091.64	2093.72	1284.32	475.524	171.643	50.7175	13.0984	2.62153	0	0	0	0	0	0	0	0	0	0	0	0	0
00.000,00.000	35	0	-200	0	4.5	4126.03	2112.84	1292.75	479.236	174.088	51.0825	13.3743	2.66346	0	0	0	0	0	0	0	0	0	0	0	0	0
00.000,00.000	35.1	0	-200	0	4.5	4153.5	2128.21	1299.4	482.16	176.061	51.3801	13.589	2.69554	0	0	0	0	0	0	0	0	0	0	0	0	0
00.000,00.000	35.2	0	-200	0	4.5	4180.32	2143.32	1305.77	485.004	178.022	51.6749	13.7989	2.72581	0	0	0	0	0	0	0	0	0	0	0	0	0
00.000,00.000	35.3	0	-200	0	4.5	4207.09	2158.53	1311.97	487.827	180.012	51.9744	14.0094	2.75496	0	0	0	0	0	0	0	0	0	0	0	0	0
00.000,00.000	35.4	0	-200	0	4.5	4233.82	2173.87	1318.01	490.638	182.025	52.2779	14.2206	2.78301	0	0	0	0	0	0	0	0	0	0	0	0	0
00.000,00.000	35.5	0	-200	0	4.5	4260.65	2189.44	1323.91	493.409	184.069	52.5872	14.4354	2.81034	0	0	0	0	0	0	0	0	0	0	0	0	0
00.000,00.000	35.6	0	-200	0	4.5	4289.43	2206.33	1330.1	496.308	186.257	52.923	14.6684	2.8387	0	0	0	0	0	0	0	0	0	0	0	0	0
00.000,00.000	35.7	0	-200	0	4.5	4329.41	2229.98	1338.58	500.27	189.311	53.395	14.9947	2.87662	0	0	0	0	0	0	0	0	0	0	0	0	0
00.000,00.000	35.8	0	-200	0	4.5	4337.39	2234.77	1340.23	501.034	189.925	53.4918	15.0613	2.88415	0	0	0	0	0	0	0	0	0	0	0	0	0
00.000,00.000	35.9	0	-200	0	4.5	4369.26	2253.89	1346.74	504.106	192.412	53.875	15.3232	2.91164	0	0	0	0	0	0	0	0	0	0	0	0	0
00.000,00.000	36	0	-200	0	4.5	4398.35	2271.54	1352.53	506.846	194.703	54.2296	15.5651	2.93597	0	0	0	0	0	0	0	0	0	0	0	0	0
00.000,00.000	36.1	0	-200	0	4.5	4424.41	2287.44	1357.67	509.252	196.752	54.5494	15.7826	2.95662	0	0	0	0	0	0	0	0	0	0	0	0	0
00.000,00.000	36.2	0	-200	0	4.5	4450.39	2303.48	1362.67	511.582	198.811	54.8734	16.0015	2.97629	0	0	0	0	0	0	0	0	0	0	0	0	0
00.000,00.000	36.3	0	-200	0	4.5	4476.21	2319.54	1367.53	513.844	200.876	55.2023	16.2214	2.9949	0	0	0	0	0	0	0	0	0	0	0	0	0
00.000,00.000	36.4	0	-200	0	4.5	4501.9	2335.59	1372.33	516.04	202.948	55.5371	16.4426	3.01246	0	0	0	0	0	0	0	0	0	0	0	0	0
00.000,00.000	36.5	0	-200	0	4.5	4527.52	2351.74	1377.01	518.158	205.032	55.8769	16.6666	3.02912	0	0	0	0	0	0	0	0	0	0	0	0	0
00.000,00.000	36.6	0	-200	0	4.5	4552.69	2367.71	1381.57	520.17	207.091	56.2178	16.8899	3.04461	0	0	0	0	0	0	0	0	0	0	0	0	0
00.000,00.000	36.7	0	-200	0	4.5	4585.45	2388.63	1387.42	522.732	209.758	56.6681	17.183	3.06343	0	0	0	0	0	0	0	0	0	0	0	0	0
00.000,00.000	36.8	0	-200	0	4.5	4599.49	2397.7	1389.86	523.787	210.897	56.8668	17.3106	3.07111	0	0	0	0	0	0	0	0	0	0	0	0	0
00.000,00.000	36.9	0	-200	0	4.5	4625.98	2414.87	1394.42	525.754	213.057	57.2418	17.5497	3.084	0	0	0	0	0	0	0	0	0	0	0	0	0
00.000,00.000	37	0	-200	0	4.5	4652.25	2432.03	1398.87	527.641	215.193	57.622	17.7898	3.09591	0	0	0	0	0	0	0	0	0	0	0	0	0
00.000,00.000	37.1	0	-200	0	4.5	4677.01	2448.28	1403.04	529.381	217.203	57.9845	18.0164	3.10604	0	0	0	0	0	0	0	0	0	0	0	0	0
00.000,00.000	37.2	0	-200	0	4.5	4701.67	2464.6	1407.1	531.066	219.199	58.3464	18.241	3.11508	0	0	0	0	0	0	0	0	0	0	0	0	0
00.000,00.000	37.3	0	-200	0	4.5	4726.42	2481.09	1411.14	532.693	221.202	58.7166	18.4657	3.1231	0	0	0	0	0	0	0	0	0	0	0	0	0
00.000,00.000	37.4	0	-200	0	4.5	4751.16	2497.64	1415.13	534.277	223.193	59.0932	18.6896	3.13007	0	0	0	0	0	0	0	0	0	0	0	0	0
00.000,00.000	37.5	0	-200	0	4.5	4775.9	2514.35	1419.02	535.816	225.183	59.4777	18.9136	3.136	0	0	0	0	0	0	0	0	0	0	0	0	0
00.000,00.000	37.6	0	-200	0	4.5	4800.28	2530.94	1422.76	537.28	227.151	59.8649	19.135	3.14083	0	0	0	0	0	0	0	0	0	0	0	0	0
00.000,00.000	37.7	0	-200	0	4.5	4824.47	2547.54	1426.39	538.673	229.113	60.2569	19.3545	3.14458	0	0	0	0	0	0	0	0	0	0	0	0	0
00.000,00.000	37.8	0	-200	0	4.5	4848.72	2564.22	1429.99	540.05	231.082	60.657	19.573	3.14726	0	0	0	0	0	0	0	0	0	0	0	0	0
00.000,00.000	37.9	0	-200	0	4.5	4872.92	2580.9	1433.56	541.398	233.062	61.0644	19.7904	3.14887	0	0	0	0	0	0	0	0	0	0	0	0	0
00.000,00.000	38	0	-200	0	4.5	4897.03	2597.59	1437.06	542.696	235.047	61.4798	20.0066	3.1494	0	0	0	0	0	0	0	0	0	0	0	0	0
00.000,00.000	38.1	0	-200	0	4.5	4921.35	2614.42	1440.61	543.99	237.055	61.9066	20.2233	3.1494	0	0	0	0	0	0	0	0	0	0	0	0	0
00.000,00.000	38.2	0	-200	0	4.5	4945.48	2631.13	1444.13	545.238	239.064	62.3403	20.4384	3.1494	0	0	0	0	0	0	0	0	0	0	0	0	0
00.000,00.000	38.3	0	-200	0	4.5	4969.26	2647.83	1447.31	546.464	241.073	62.7824	20.6521	3.1494	0	0	0	0	0	0	0	0	0	0	0	0	0
00.000,00.000	38.4	0	-200	0	4.5	4993.13	2664.58	1450.56	547.67	243.076	63.2329	20.8648	3.1494	0	0	0	0	0	0	0	0	0	0	0	0	0
00.000,00.000	38.5	0	-200	0	4.5	5016.92	2681.33	1453.77	548.84	245.058	63.6934	21.0766	3.1494	0	0	0	0	0	0	0	0	0	0	0	0	0
00.000,00.000	38.6	0	-200	0	4.5	5040.62	2698.1	1456.94	549.946	247.023	64.1643	21.2892	3.1494	0	0	0	0	0	0	0	0	0	0	0	0	0
00.000,00.000	38.7	0	-200	0	4.5	5068.54	2717.92	1460.67	551.197	249.34	64.7332	21.5398	3.1494	0	0	0	0	0	0	0	0	0	0	0	0	0
00.000,00.000	38.8	0	-200	0	4.5	5085.19	2729.77	1462.85	551.919	250.725	65.0807	21.6898	3.1494	0	0	0	0	0	0	0	0	0	0	0	0	0
00.000,00.000	38.9	0	-200	0	4.5	5109.37	2747.05	1466.01	552.931	252.737	65.5957	21.9059	3.1494	0	0	0	0	0	0	0	0	0	0	0	0	0
00.000,00.000	39	0	-200	0	4.5	5133.39	2764.29	1469.11	553.873	254.734	66.12	22.1211	3.1494	0	0	0	0	0	0	0	0	0	0	0	0	0
00.000,00.000	39.1	0	-200	0	4.5	5156.47	2780.91	1472.07	554.722	256.66	66.6341	22.3272	3.1494	0	0	0	0	0	0	0	0	0	0	0	0	0
00.000,00.000	39.2	0	-200	0	4.5	5179.55	2797.54	1475.03	555.556	258.58	67.1587	22.5326	3.1494	0	0	0	0	0	0	0	0	0	0	0	0	0
00.000,00.000	39.3	0	-200	0	4.5	5202.53	2814.18	1477.92	556.352	260.496	67.6937	22.7372	3.1494	0	0	0	0	0	0	0	0	0	0	0	0	0
00.000,00.000	39.4	0	-200	0	4.5	5225.48	2830.59	1481.05	557.126	262.39	68.2387	22.941	3.1494	0	0	0	0	0	0	0	0	0	0	0	0	0
00.000,00.000	39.5	0	-200	0	4.5	5248.4	2846.67	1484.5	557.862	264.28	68.7927	23.1455	3.1494	0	0	0	0	0	0	0	0	0	0	0	0	0
00.000,00.000	39.6	0	-200	0	4.5	5270.98	2862.38	1488.08	558.548	266.125	69.3481	23.3477	3.1494	0	0	0	0	0	0	0	0	0	0	0	0	0
00.000,00.000	39.7	0	-200	0	4.5	5293.37	2877.8	1491.82	559.195	267.944	69.9128	23.5483	3.1494	0	0	0	0	0	0	0	0	0	0	0	0	0
00.000,00.000	39.8	0	-200	0	4.5	5315.57	2892.92	1495.7	559.814	269.752	70.4891	23.7479	3.1494	0	0	0	0	0	0	0	0	0	0	0	0	0
00.000,00.000	39.9	0	-200	0	4.5	5337.61	2907.62	1499.88	560.403	271.531	71.0804	23.9462	3.1494	0	0	0	0	0	0	0	0	0	0	0	0	0
00.000,00.000	40	0	-200	0	4.5	5359.36	2921.76	1504.37	560.968	273.284	71.6838	24.1429	3.1494	0	0	0	0	0	0	0	0	0	0	0	0	0
00.000,00.000	40.1	0	-200	0	4.5	5381.03	2935.76	1508.93	561.513	275.03	72.3109	24.3396	3.1494	0	0	0	0	0	0	0	0	0	0	0	0	0
00.000,00.000	40.2	0	-200	0	4.5	5402.22	2948.92	1513.9	562.021	276.746	72.9512	24.5343	3.1494	0	0	0	0	0	0	0	0	0	0	0	0	0
00.000,00.000	40.3	0	-200	0	4.5	5422.93	2961.51	1519.02	562.492	278.429	73.6016	24.727	3.1494	0	0	0	0	0	0	0	0	0	0	0	0	0
00.000,00.000	40.4	0	-200	0	4.5	5443.25	2973.64	1524.27	562.927	280.081	74.261	24.9178	3.1494	0	0	0	0	0	0	0	0	0	0	0	0	0
00.000,00.000	40.5	0	-200	0	4.5	5463.36	2985.52	1529.56	563.377	281.707	74.9327	25.108	3.1494	0	0	0	0	0	0	0	0	0	0	0	0	0
00.000,00.000	40.6	0	-200	0	4.5	5482.8	2996.98	1534.68	563.817	283.272	75.6059	25.295	3.1494	0	0	0	0	0	0	0	0	0	0	0	0	0
00.000,00.000	40.7	0	-200	0	4.5	5501.69	3008.15	1539.56	564.256	284.806	76.2855	25.4811	3.1494	0	0	0	0	0	0	0	0	0	0	0	0	0
00.000,00.000	40.8	0	-200	0	4.5	5519.65	3018.79	1544.17	564.685	286.256	76.947	25.6596	3.1494	0	0	0	0	0	0	0	0	0	0	0	0	0
00.000,00.000	40.9	0	-200	0	4.5	5537.59	3029.19	1548.99	565.099	287.699	77.63	25.8401	3.1494	0	0	0	0	0	0	0	0	0	0	0	0	0
00.000,00.000	41	0	-200	0	4.5	5555.09	3039.16	1553.8	565.513	289.131	78.3167	26.0185	3.1494	0	0	0	0	0	0	0	0	0	0	0	0	0
00.000,00.000	41.1	0	-200	0	4.5	5572.19	3048.84	1558.53	565.931	290.548	79.0031	26.1939	3.1494	0	0	0	0	0	0	0	0	0	0	0	0	0
00.000,00.000	41.2	0	-200	0	4.5	5588.92	3058.23	1563.2	566.328	291.942	79.6927	26.3669	3.1494	0	0	0	0	0	0	0	0	0	0	0	0	0
00.000,00.000	41.3	0	-200	0	4.5	5605.28	3067.35	1567.85	566.704	293.313	80.3836	26.5371	3.1494	0	0	0	0	0	0	0	0	0	0	0	0	0
00.000,00.000	41.4	0	-200	0	4.5	5621.23	3076.14	1572.45	567.057	294.652	81.0774	26.7045	3.1494	0	0	0	0	0	0	0	0	0	0	0	0	0
00.000,00.000	41.5	0	-200	0	4.5	5636.89	3084.69	1577.02	567.404	295.978	81.7772	26.8709	3.1494	0	0	0	0	0	0	0	0	0	0	0	0	0
00.000,00.000	41.6	0	-200	0	4.5	5655.37	3094.69	1582.48	567.791	297.569	82.6279	27.0697	3.1494	0	0	0	0	0	0	0	0	0	0	0	0	0
00.000,00.000	41.7	0	-200	0	4.5	5677.4	3106.57	1588.99	568.234	299.464	83.6814	27.3087	3.1494	0	0	0	0	0	0	0	0	0	0	0	0	0
00.000,00.000	41.8	0	-200	0	4.5	5681.46	3108.73	1590.19	568.322	299.825	83.8859	27.3544	3.1494	0	0	0	0	0	0	0	0	0	0	0	0	0
00.000,00.000	41.9	0	-200	0	4.5	5696.76	3116.8	1594.82	568.605	301.18	84.6737	27.5241	3.1494	0	0	0	0	0	0	0	0	0	0	0	0	0
00.000,00.000	42	0	-200	0	4.5	5712.64	3124.98	1599.74	568.895	302.638	85.5272	27.7043	3.1494	0	0	0	0	0	0	0	0	0	0	0	0	0