
label	time(d)	x	depth	z	radius	total	0-10	10-20	20-30	30-40	40-50	50-60	60-70	70-80	80-90	90-100	100-110	110-120	120-130	130-140	140-150	150-160	160-170	170-180	180-190	190-200
05.500,00.000	0	5.5	-200	0	4.5	0	0	0	0	0	0	0	0	0	0	0	0	0	0	0	0	0	0	0	0	0
05.500,00.000	0.1	5.5	-200	0	4.5	0	0	0	0	0	0	0	0	0	0	0	0	0	0	0	0	0	0	0	0	0
05.500,00.000	0.2	5.5	-200	0	4.5	0	0	0	0	0	0	0	0	0	0	0	0	0	0	0	0	0	0	0	0	0
05.500,00.000	0.3	5.5	-200	0	4.5	0	0	0	0	0	0	0	0	0	0	0	0	0	0	0	0	0	0	0	0	0
05.500,00.000	0.4	5.5	-200	0	4.5	0	0	0	0	0	0	0	0	0	0	0	0	0	0	0	0	0	0	0	0	0
05.500,00.000	0.5	5.5	-200	0	4.5	0	0	0	0	0	0	0	0	0	0	0	0	0	0	0	0	0	0	0	0	0
05.500,00.000	0.6	5.5	-200	0	4.5	0	0	0	0	0	0	0	0	0	0	0	0	0	0	0	0	0	0	0	0	0
05.500,00.000	0.7	5.5	-200	0	4.5	0	0	0	0	0	0	0	0	0	0	0	0	0	0	0	0	0	0	0	0	0
05.500,00.000	0.8	5.5	-200	0	4.5	0	0	0	0	0	0	0	0	0	0	0	0	0	0	0	0	0	0	0	0	0
05.500,00.000	0.9	5.5	-200	0	4.5	0	0	0	0	0	0	0	0	0	0	0	0	0	0	0	0	0	0	0	0	0
05.500,00.000	1	5.5	-200	0	4.5	0	0	0	0	0	0	0	0	0	0	0	0	0	0	0	0	0	0	0	0	0
05.500,00.000	1.1	5.5	-200	0	4.5	0	0	0	0	0	0	0	0	0	0	0	0	0	0	0	0	0	0	0	0	0
05.500,00.000	1.2	5.5	-200	0	4.5	0	0	0	0	0	0	0	0	0	0	0	0	0	0	0	0	0	0	0	0	0
05.500,00.000	1.3	5.5	-200	0	4.5	0	0	0	0	0	0	0	0	0	0	0	0	0	0	0	0	0	0	0	0	0
05.500,00.000	1.4	5.5	-200	0	4.5	0	0	0	0	0	0	0	0	0	0	0	0	0	0	0	0	0	0	0	0	0
05.500,00.000	1.5	5.5	-200	0	4.5	0	0	0	0	0	0	0	0	0	0	0	0	0	0	0	0	0	0	0	0	0
05.500,00.000	1.6	5.5	-200	0	4.5	0	0	0	0	0	0	0	0	0	0	0	0	0	0	0	0	0	0	0	0	0
05.500,00.000	1.7	5.5	-200	0	4.5	0	0	0	0	0	0	0	0	0	0	0	0	0	0	0	0	0	0	0	0	0
05.500,00.000	1.8	5.5	-200	0	4.5	0	0	0	0	0	0	0	0	0	0	0	0	0	0	0	0	0	0	0	0	0
05.500,00.000	1.9	5.5	-200	0	4.5	0	0	0	0	0	0	0	0	0	0	0	0	0	0	0	0	0	0	0	0	0
05.500,00.000	2	5.5	-200	0	4.5	0	0	0	0	0	0	0	0	0	0	0	0	0	0	0	0	0	0	0	0	0
05.500,00.000	2.1	5.5	-200	0	4.5	0	0	0	0	0	0	0	0	0	0	0	0	0	0	0	0	0	0	0	0	0
05.500,00.000	2.2	5.5	-200	0	4.5	0	0	0	0	0	0	0	0	0	0	0	0	0	0	0	0	0	0	0	0	0
05.500,00.000	2.3	5.5	-200	0	4.5	0	0	0	0	0	0	0	0	0	0	0	0	0	0	0	0	0	0	0	0	0
05.500,00.000	2.4	5.5	-200	0	4.5	0	0	0	0	0	0	0	0	0	0	0	0	0	0	0	0	0	0	0	0	0
05.500,00.000	2.5	5.5	-200	0	4.5	0	0	0	0	0	0	0	0	0	0	0	0	0	0	0	0	0	0	0	0	0
05.500,00.000	2.6	5.5	-200	0	4.5	0	0	0	0	0	0	0	0	0	0	0	0	0	0	0	0	0	0	0	0	0
05.500,00.000	2.7	5.5	-200	0	4.5	0	0	0	0	0	0	0	0	0	0	0	0	0	0	0	0	0	0	0	0	0
05.500,00.000	2.8	5.5	-200	0	4.5	0	0	0	0	0	0	0	0	0	0	0	0	0	0	0	0	0	0	0	0	0
05.500,00.000	2.9	5.5	-200	0	4.5	0	0	0	0	0	0	0	0	0	0	0	0	0	0	0	0	0	0	0	0	0
05.500,00.000	3	5.5	-200	0	4.5	3.55271e-15	3.55271e-15	0	0	0	0	0	0	0	0	0	0	0	0	0	0	0	0	0	0	0
05.500,00.000	3.1	5.5	-200	0	4.5	0.268605	0.268605	0	0	0	0	0	0	0	0	0	0	0	0	0	0	0	0	0	0	0
05.500,00.000	3.2	5.5	-200	0	4.5	0.537405	0.537405	0	0	0	0	0	0	0	0	0	0	0	0	0	0	0	0	0	0	0
05.500,00.000	3.3	5.5	-200	0	4.5	0.807515	0.807515	0	0	0	0	0	0	0	0	0	0	0	0	0	0	0	0	0	0	0
05.500,00.000	3.4	5.5	-200	0	4.5	1.07935	1.07935	0	0	0	0	0	0	0	0	0	0	0	0	0	0	0	0	0	0	0
05.500,00.000	3.5	5.5	-200	0	4.5	1.35024	1.35024	0	0	0	0	0	0	0	0	0	0	0	0	0	0	0	0	0	0	0
05.500,00.000	3.6	5.5	-200	0	4.5	1.61828	1.61828	0	0	0	0	0	0	0	0	0	0	0	0	0	0	0	0	0	0	0
05.500,00.000	3.7	5.5	-200	0	4.5	1.8869	1.8869	0	0	0	0	0	0	0	0	0	0	0	0	0	0	0	0	0	0	0
05.500,00.000	3.8	5.5	-200	0	4.5	2.15694	2.15694	0	0	0	0	0	0	0	0	0	0	0	0	0	0	0	0	0	0	0
05.500,00.000	3.9	5.5	-200	0	4.5	2.42715	2.42715	0	0	0	0	0	0	0	0	0	0	0	0	0	0	0	0	0	0	0
05.500,00.000	4	5.5	-200	0	4.5	2.69736	2.69736	0	0	0	0	0	0	0	0	0	0	0	0	0	0	0	0	0	0	0
05.500,00.000	4.1	5.5	-200	0	4.5	2.96745	2.96745	0	0	0	0	0	0	0	0	0	0	0	0	0	0	0	0	0	0	0
05.500,00.000	4.2	5.5	-200	0	4.5	3.23885	3.23885	0	0	0	0	0	0	0	0	0	0	0	0	0	0	0	0	0	0	0
05.500,00.000	4.3	5.5	-200	0	4.5	3.51065	3.51065	0	0	0	0	0	0	0	0	0	0	0	0	0	0	0	0	0	0	0
05.500,00.000	4.4	5.5	-200	0	4.5	3.78224	3.78224	0	0	0	0	0	0	0	0	0	0	0	0	0	0	0	0	0	0	0
05.500,00.000	4.5	5.5	-200	0	4.5	4.0532	4.0532	0	0	0	0	0	0	0	0	0	0	0	0	0	0	0	0	0	0	0
05.500,00.000	4.6	5.5	-200	0	4.5	4.32367	4.32367	0	0	0	0	0	0	0	0	0	0	0	0	0	0	0	0	0	0	0
05.500,00.000	4.7	5.5	-200	0	4.5	4.59407	4.48412	0.109947	0	0	0	0	0	0	0	0	0	0	0	0	0	0	0	0	0	0
05.500,00.000	4.8	5.5	-200	0	4.5	4.86384	4.48389	0.379943	0	0	0	0	0	0	0	0	0	0	0	0	0	0	0	0	0	0
05.500,00.000	4.9	5.5	-200	0	4.5	5.13293	4.48384	0.649096	0	0	0	0	0	0	0	0	0	0	0	0	0	0	0	0	0	0
05.500,00.000	5	5.5	-200	0	4.5	5.40207	4.48384	0.918236	0	0	0	0	0	0	0	0	0	0	0	0	0	0	0	0	0	0
05.500,00.000	5.1	5.5	-200	0	4.5	5.67164	4.48384	1.1878	0	0	0	0	0	0	0	0	0	0	0	0	0	0	0	0	0	0
05.500,00.000	5.2	5.5	-200	0	4.5	5.94085	4.48384	1.45701	0	0	0	0	0	0	0	0	0	0	0	0	0	0	0	0	0	0
05.500,00.000	5.3	5.5	-200	0	4.5	6.20949	4.48384	1.72565	0	0	0	0	0	0	0	0	0	0	0	0	0	0	0	0	0	0
05.500,00.000	5.4	5.5	-200	0	4.5	6.47772	4.48384	1.99388	0	0	0	0	0	0	0	0	0	0	0	0	0	0	0	0	0	0
05.500,00.000	5.5	5.5	-200	0	4.5	6.74557	4.48384	2.26174	0	0	0	0	0	0	0	0	0	0	0	0	0	0	0	0	0	0
05.500,00.000	5.6	5.5	-200	0	4.5	7.01381	4.48384	2.52997	0	0	0	0	0	0	0	0	0	0	0	0	0	0	0	0	0	0
05.500,00.000	5.7	5.5	-200	0	4.5	7.28022	4.48384	2.79639	0	0	0	0	0	0	0	0	0	0	0	0	0	0	0	0	0	0
05.500,00.000	5.8	5.5	-200	0	4.5	7.54618	4.48384	3.06234	0	0	0	0	0	0	0	0	0	0	0	0	0	0	0	0	0	0
05.500,00.000	5.9	5.5	-200	0	4.5	7.81337	4.48384	3.32953	0	0	0	0	0	0	0	0	0	0	0	0	0	0	0	0	0	0
05.500,00.000	6	5.5	-200	0	4.5	8.07987	4.48384	3.59604	0	0	0	0	0	0	0	0	0	0	0	0	0	0	0	0	0	0
05.500,00.000	6.1	5.5	-200	0	4.5	8.34559	4.48384	3.86175	0	0	0	0	0	0	0	0	0	0	0	0	0	0	0	0	0	0
05.500,00.000	6.2	5.5	-200	0	4.5	8.61093	4.48384	4.1271	0	0	0	0	0	0	0	0	0	0	0	0	0	0	0	0	0	0
05.500,00.000	6.3	5.5	-200	0	4.5	8.87648	4.48384	4.39264	0	0	0	0	0	0	0	0	0	0	0	0	0	0	0	0	0	0
05.500,00.000	6.4	5.5	-200	0	4.5	9.14133	4.48384	4.65749	0	0	0	0	0	0	0	0	0	0	0	0	0	0	0	0	0	0
05.500,00.000	6.5	5.5	-200	0	4.5	9.40501	4.48384	4.92117	0	0	0	0	0	0	0	0	0	0	0	0	0	0	0	0	0	0
05.500,00.000	6.6	5.5	-200	0	4.5	9.66819	4.48384	5.18435	0	0	0	0	0	0	0	0	0	0	0	0	0	0	0	0	0	0
05.500,00.000	6.7	5.5	-200	0	4.5	9.93141	4.48384	5.44757	0	0	0	0	0	0	0	0	0	0	0	0	0	0	0	0	0	0
05.500,00.000	6.8	5.5	-200	0	4.5	10.1941	4.48384	5.71023	0	0	0	0	0	0	0	0	0	0	0	0	0	0	0	0	0	0
05.500,00.000	6.9	5.5	-200	0	4.5	10.456	4.48384	5.97218	0	0	0	0	0	0	0	0	0	0	0	0	0	0	0	0	0	0
05.500,00.000	7	5.5	-200	0	4.5	10.7176	4.48384	6.23372	0	0	0	0	0	0	0	0	0	0	0	0	0	0	0	0	0	0
05.500,00.000	7.1	5.5	-200	0	4.5	10.9793	4.48394	6.49532	0	0	0	0	0	0	0	0	0	0	0	0	0	0	0	0	0	0
05.500,00.000	7.2	5.5	-200	0	4.5	11.242	4.48556	6.75639	0	0	0	0	0	0	0	0	0	0	0	0	0	0	0	0	0	0
05.500,00.000	7.3	5.5	-200	0	4.5	11.505	4.4882	7.01675	0	0	0	0	0	0	0	0	0	0	0	0	0	0	0	0	0	0
05.500,00.000	7.4	5.5	-200	0	4.5	11.7689	4.49206	7.27681	0	0	0	0	0	0	0	0	0	0	0	0	0	0	0	0	0	0
05.500,00.000	7.5	5.5	-200	0	4.5	12.0339	4.49778	7.5361	0	0	0	0	0	0	0	0	0	0	0	0	0	0	0	0	0	0
05.500,00.000	7.6	5.5	-200	0	4.5	12.3012	4.50613	7.79512	0	0	0	0	0	0	0	0	0	0	0	0	0	0	0	0	0	0
05.500,00.000	7.7	5.5	-200	0	4.5	12.5713	4.51781	8.05349	0	0	0	0	0	0	0	0	0	0	0	0	0	0	0	0	0	0
05.500,00.000	7.8	5.5	-200	0	4.5	12.8448	4.53332	8.31151	0	0	0	0	0	0	0	0	0	0	0	0	0	0	0	0	0	0
05.500,00.000	7.9	5.5	-200	0	4.5	13.1251	4.55564	8.56946	0	0	0	0	0	0	0	0	0	0	0	0	0	0	0	0	0	0
05.500,00.000	8	5.5	-200	0	4.5	13.4099	4.58301	8.82688	0	0	0	0	0	0	0	0	0	0	0	0	0	0	0	0	0	0
05.500,00.000	8.1	5.5	-200	0	4.5	13.7015	4.61777	9.08376	0	0	0	0	0	0	0	0	0	0	0	0	0	0	0	0	0	0
05.500,00.000	8.2	5.5	-200	0	4.5	14	4.65982	9.34014	0	0	0	0	0	0	0	0	0	0	0	0	0	0	0	0	0	0
05.500,00.000	8.3	5.5	-200	0	4.5	14.3071	4.71084	9.59625	0	0	0	0	0	0	0	0	0	0	0	0	0	0	0	0	0	0
05.500,00.000	8.4	5.5	-200	0	4.5	14.6223	4.7705	9.85179	0	0	0	0	0	0	0	0	0	0	0	0	0	0	0	0	0	0
05.500,00.000	8.5	5.5	-200	0	4.5	14.9436	4.83755	10.106	0	0	0	0	0	0	0	0	0	0	0	0	0	0	0	0	0	0
05.500,00.000	8.6	5.5	-200	0	4.5	15.2736	4.91377	10.3598	0	0	0	0	0	0	0	0	0	0	0	0	0	0	0	0	0	0
05.500,00.000	8.7	5.5	-200	0	4.5	15.6115	4.99803	10.5186	0.0948971	0	0	0	0	0	0	0	0	0	0	0	0	0	0	0	0	0
05.500,00.000	8.8	5.5	-200	0	4.5	15.958	5.09153	10.5179	0.348529	0	0	0	0	0	0	0	0	0	0	0	0	0	0	0	0	0
05.500,00.000	8.9	5.5	-200	0	4.5	16.3154	5.19652	10.5176	0.601238	0	0	0	0	0	0	0	0	0	0	0	0	0	0	0	0	0
05.500,00.000	9	5.5	-200	0	4.5	16.6823	5.31025	10.519	0.853047	0	0	0	0	0	0	0	0	0	0	0	0	0	0	0	0	0
05.500,00.000	9.1	5.5	-200	0	4.5	17.0607	5.43316	10.5229	1.10462	0	0	0	0	0	0	0	0	0	0	0	0	0	0	0	0	0
05.500,00.000	9.2	5.5	-200	0	4.5	17.4489	5.565	10.5284	1.35546	0	0	0	0	0	0	0	0	0	0	0	0	0	0	0	0	0
05.500,00.000	9.3	5.5	-200	0	4.5	17.8481	5.70553	10.5371	1.60553	0	0	0	0	0	0	0	0	0	0	0	0	0	0	0	0	0
05.500,00.000	9.4	5.5	-200	0	4.5	18.2593	5.85452	10.5497	1.85504	0	0	0	0	0	0	0	0	0	0	0	0	0	0	0	0	0
05.500,00.000	9.5	5.5	-200	0	4.5	18.6777	6.00746	10.5666	2.10367	0	0	0	0	0	0	0	0	0	0	0	0	0	0	0	0	0
05.500,00.000	9.6	5.5	-200	0	4.5	19.1086	6.16832	10.5886	2.35168	0	0	0	0	0	0	0	0	0	0	0	0	0	0	0	0	0
05.500,00.000	9.7	5.5	-200	0	4.5	19.55	6.33585	10.6153	2.59887	0	0	0	0	0	0	0	0	0	0	0	0	0	0	0	0	0
05.500,00.000	9.8	5.5	-200	0	4.5	20.0037	6.51018	10.648	2.84558	0	0	0	0	0	0	0	0	0	0	0	0	0	0	0	0	0
05.500,00.000	9.9	5.5	-200	0	4.5	20.4721	6.69271	10.6875	3.09195	0	0	0	0	0	0	0	0	0	0	0	0	0	0	0	0	0
05.500,00.000	10	5.5	-200	0	4.5	20.9556	6.88185	10.7361	3.33764	0	0	0	0	0	0	0	0	0	0	0	0	0	0	0	0	0
05.500,00.000	10.1	5.5	-200	0	4.5	21.4524	7.07808	10.7917	3.58269	0	0	0	0	0	0	0	0	0	0	0	0	0	0	0	0	0
05.500,00.000	10.2	5.5	-200	0	4.5	21.9653	7.28172	10.8563	3.82729	0	0	0	0	0	0	0	0	0	0	0	0	0	0	0	0	0
05.500,00.000	10.3	5.5	-200	0	4.5	22.4949	7.49298	10.9306	4.07132	0	0	0	0	0	0	0	0	0	0	0	0	0	0	0	0	0
05.500,00.000	10.4	5.5	-200	0	4.5	23.0408	7.71197	11.0142	4.3147	0	0	0	0	0	0	0	0	0	0	0	0	0	0	0	0	0
05.500,00.000	10.5	5.5	-200	0	4.5	23.5973	7.93256	11.1077	4.55707	0	0	0	0	0	0	0	0	0	0	0	0	0	0	0	0	0
05.500,00.000	10.6	5.5	-200	0	4.5	24.1718	8.1607	11.2123	4.79887	0	0	0	0	0	0	0	0	0	0	0	0	0	0	0	0	0
05.500,00.000	10.7	5.5	-200	0	4.5	24.7626	8.39506	11.3274	5.04019	0	0	0	0	0	0	0	0	0	0	0	0	0	0	0	0	0
05.500,00.000	10.8	5.5	-200	0	4.5	25.3712	8.63661	11.4536	5.28095	0	0	0	0	0	0	0	0	0	0	0	0	0	0	0	0	0
05.500,00.000	10.9	5.5	-200	0	4.5	26.0015	8.88808	11.5923	5.52113	0	0	0	0	0	0	0	0	0	0	0	0	0	0	0	0	0
05.500,00.000	11	5.5	-200	0	4.5	26.6496	9.14784	11.7411	5.76065	0	0	0	0	0	0	0	0	0	0	0	0	0	0	0	0	0
05.500,00.000	11.1	5.5	-200	0	4.5	27.3171	9.41674	11.9007	5.99967	0	0	0	0	0	0	0	0	0	0	0	0	0	0	0	0	0
05.500,00.000	11.2	5.5	-200	0	4.5	28.006	9.69669	12.071	6.2383	0	0	0	0	0	0	0	0	0	0	0	0	0	0	0	0	0
05.500,00.000	11.3	5.5	-200	0	4.5	28.7185	9.99013	12.2522	6.47621	0	0	0	0	0	0	0	0	0	0	0	0	0	0	0	0	0
05.500,00.000	11.4	5.5	-200	0	4.5	29.4549	10.2972	12.4444	6.71339	0	0	0	0	0	0	0	0	0	0	0	0	0	0	0	0	0
05.500,00.000	11.5	5.5	-200	0	4.5	30.203	10.6093	12.6441	6.94965	0	0	0	0	0	0	0	0	0	0	0	0	0	0	0	0	0
05.500,00.000	11.6	5.5	-200	0	4.5	30.9741	10.9318	12.8567	7.1857	0	0	0	0	0	0	0	0	0	0	0	0	0	0	0	0	0
05.500,00.000	11.7	5.5	-200	0	4.5	31.7629	11.2627	13.0793	7.42092	0	0	0	0	0	0	0	0	0	0	0	0	0	0	0	0	0
05.500,00.000	11.8	5.5	-200	0	4.5	32.5731	11.6034	13.3142	7.65544	0	0	0	0	0	0	0	0	0	0	0	0	0	0	0	0	0
05.500,00.000	11.9	5.5	-200	0	4.5	33.4088	11.9581	13.561	7.88971	0	0	0	0	0	0	0	0	0	0	0	0	0	0	0	0	0
05.500,00.000	12	5.5	-200	0	4.5	34.2933	12.3481	13.8209	8.12435	0	0	0	0	0	0	0	0	0	0	0	0	0	0	0	0	0
05.500,00.000	12.1	5.5	-200	0	4.5	35.2275	12.7746	14.0942	8.35872	0	0	0	0	0	0	0	0	0	0	0	0	0	0	0	0	0
05.500,00.000	12.2	5.5	-200	0	4.5	36.1875	13.2138	14.3822	8.59152	0	0	0	0	0	0	0	0	0	0	0	0	0	0	0	0	0
05.500,00.000	12.3	5.5	-200	0	4.5	37.1937	13.6839	14.6863	8.82345	0	0	0	0	0	0	0	0	0	0	0	0	0	0	0	0	0
05.500,00.000	12.4	5.5	-200	0	4.5	38.2465	14.2035	14.9879	9.05514	0	0	0	0	0	0	0	0	0	0	0	0	0	0	0	0	0
05.500,00.000	12.5	5.5	-200	0	4.5	39.3714	14.7902	15.2915	9.28966	0	0	0	0	0	0	0	0	0	0	0	0	0	0	0	0	0
05.500,00.000	12.6	5.5	-200	0	4.5	40.6835	15.469	15.6583	9.55608	0	0	0	0	0	0	0	0	0	0	0	0	0	0	0	0	0
05.500,00.000	12.7	5.5	-200	0	4.5	41.8873	16.1056	15.9931	9.7886	0	0	0	0	0	0	0	0	0	0	0	0	0	0	0	0	0
05.500,00.000	12.8	5.5	-200	0	4.5	42.9451	16.6602	16.2969	9.98801	0	0	0	0	0	0	0	0	0	0	0	0	0	0	0	0	0
05.500,00.000	12.9	5.5	-200	0	4.5	44.2182	17.3254	16.6721	10.0897	0.130974	0	0	0	0	0	0	0	0	0	0	0	0	0	0	0	0
05.500,00.000	13	5.5	-200	0	4.5	45.5989	18.0695	17.072	10.0869	0.370532	0	0	0	0	0	0	0	0	0	0	0	0	0	0	0	0
05.500,00.000	13.1	5.5	-200	0	4.5	46.9731	18.8066	17.4799	10.0865	0.60008	0	0	0	0	0	0	0	0	0	0	0	0	0	0	0	0
05.500,00.000	13.2	5.5	-200	0	4.5	48.3887	19.5716	17.9036	10.0865	0.827003	0	0	0	0	0	0	0	0	0	0	0	0	0	0	0	0
05.500,00.000	13.3	5.5	-200	0	4.5	49.8347	20.3471	18.3473	10.0868	1.05341	0	0	0	0	0	0	0	0	0	0	0	0	0	0	0	0
05.500,00.000	13.4	5.5	-200	0	4.5	51.3222	21.1421	18.8119	10.0886	1.27962	0	0	0	0	0	0	0	0	0	0	0	0	0	0	0	0
05.500,00.000	13.5	5.5	-200	0	4.5	52.977	22.0191	19.3377	10.0939	1.52631	0	0	0	0	0	0	0	0	0	0	0	0	0	0	0	0
05.500,00.000	13.6	5.5	-200	0	4.5	54.856	23.0076	19.9471	10.1016	1.79968	0	0	0	0	0	0	0	0	0	0	0	0	0	0	0	0
05.500,00.000	13.7	5.5	-200	0	4.5	56.4347	23.8301	20.4678	10.112	2.0247	0	0	0	0	0	0	0	0	0	0	0	0	0	0	0	0
05.500,00.000	13.8	5.5	-200	0	4.5	57.7489	24.5095	20.9078	10.1237	2.20785	0	0	0	0	0	0	0	0	0	0	0	0	0	0	0	0
05.500,00.000	13.9	5.5	-200	0	4.5	59.2867	25.3013	21.4287	10.1406	2.41621	0	0	0	0	0	0	0	0	0	0	0	0	0	0	0	0
05.500,00.000	14	5.5	-200	0	4.5	61.1232	26.2447	22.0555	10.1645	2.65854	0	0	0	0	0	0	0	0	0	0	0	0	0	0	0	0
05.500,00.000	14.1	5.5	-200	0	4.5	62.8963	27.1524	22.6658	10.1914	2.88669	0	0	0	0	0	0	0	0	0	0	0	0	0	0	0	0
05.500,00.000	14.2	5.5	-200	0	4.5	64.6592	28.0444	23.284	10.2223	3.10854	0	0	0	0	0	0	0	0	0	0	0	0	0	0	0	0
05.500,00.000	14.3	5.5	-200	0	4.5	66.4566	28.8841	23.9834	10.2594	3.32967	0	0	0	0	0	0	0	0	0	0	0	0	0	0	0	0
05.500,00.000	14.4	5.5	-200	0	4.5	68.2828	29.7259	24.7053	10.3016	3.55003	0	0	0	0	0	0	0	0	0	0	0	0	0	0	0	0
05.500,00.000	14.5	5.5	-200	0	4.5	70.8427	30.8976	25.7211	10.3679	3.8561	0	0	0	0	0	0	0	0	0	0	0	0	0	0	0	0
05.500,00.000	14.6	5.5	-200	0	4.5	73.0935	31.9129	26.6277	10.4314	4.12145	0	0	0	0	0	0	0	0	0	0	0	0	0	0	0	0
05.500,00.000	14.7	5.5	-200	0	4.5	75.1627	32.8213	27.4876	10.4948	4.35895	0	0	0	0	0	0	0	0	0	0	0	0	0	0	0	0
05.500,00.000	14.8	5.5	-200	0	4.5	77.2767	33.7418	28.3704	10.5653	4.59926	0	0	0	0	0	0	0	0	0	0	0	0	0	0	0	0
05.500,00.000	14.9	5.5	-200	0	4.5	78.3458	34.1989	28.824	10.6036	4.71934	0	0	0	0	0	0	0	0	0	0	0	0	0	0	0	0
05.500,00.000	15	5.5	-200	0	4.5	80.7315	35.222	29.83	10.6972	4.98222	0	0	0	0	0	0	0	0	0	0	0	0	0	0	0	0
05.500,00.000	15.1	5.5	-200	0	4.5	82.9292	36.1541	30.7652	10.7896	5.22039	0	0	0	0	0	0	0	0	0	0	0	0	0	0	0	0
05.500,00.000	15.2	5.5	-200	0	4.5	84.9355	36.9887	31.63	10.8809	5.43589	0	0	0	0	0	0	0	0	0	0	0	0	0	0	0	0
05.500,00.000	15.3	5.5	-200	0	4.5	86.9551	37.8121	32.5118	10.9801	5.6511	0	0	0	0	0	0	0	0	0	0	0	0	0	0	0	0
05.500,00.000	15.4	5.5	-200	0	4.5	88.9858	38.6222	33.4106	11.087	5.86609	0	0	0	0	0	0	0	0	0	0	0	0	0	0	0	0
05.500,00.000	15.5	5.5	-200	0	4.5	93.3705	40.3223	35.3809	11.3387	6.32849	0	0	0	0	0	0	0	0	0	0	0	0	0	0	0	0
05.500,00.000	15.6	5.5	-200	0	4.5	94.2482	40.6583	35.7785	11.3908	6.42066	0	0	0	0	0	0	0	0	0	0	0	0	0	0	0	0
05.500,00.000	15.7	5.5	-200	0	4.5	96.084	41.3255	36.6314	11.5123	6.61478	0	0	0	0	0	0	0	0	0	0	0	0	0	0	0	0
05.500,00.000	15.8	5.5	-200	0	4.5	96.5019	41.4754	36.8269	11.5409	6.65869	0	0	0	0	0	0	0	0	0	0	0	0	0	0	0	0
05.500,00.000	15.9	5.5	-200	0	4.5	98.0951	42.0169	37.5905	11.6618	6.82597	0	0	0	0	0	0	0	0	0	0	0	0	0	0	0	0
05.500,00.000	16	5.5	-200	0	4.5	100.945	42.9241	39.0092	11.8885	7.12267	0	0	0	0	0	0	0	0	0	0	0	0	0	0	0	0
05.500,00.000	16.1	5.5	-200	0	4.5	103.208	43.6147	40.1571	12.0784	7.35732	0	0	0	0	0	0	0	0	0	0	0	0	0	0	0	0
05.500,00.000	16.2	5.5	-200	0	4.5	105.241	44.2136	41.2005	12.2597	7.56737	0	0	0	0	0	0	0	0	0	0	0	0	0	0	0	0
05.500,00.000	16.3	5.5	-200	0	4.5	107.275	44.7745	42.2729	12.4505	7.77707	0	0	0	0	0	0	0	0	0	0	0	0	0	0	0	0
05.500,00.000	16.4	5.5	-200	0	4.5	109.31	45.3119	43.3587	12.6529	7.98632	0	0	0	0	0	0	0	0	0	0	0	0	0	0	0	0
05.500,00.000	16.5	5.5	-200	0	4.5	115.581	46.8536	46.8003	13.3057	8.62149	0	0	0	0	0	0	0	0	0	0	0	0	0	0	0	0
05.500,00.000	16.6	5.5	-200	0	4.5	116.896	47.1138	47.5941	13.4397	8.748	0	0	0	0	0	0	0	0	0	0	0	0	0	0	0	0
05.500,00.000	16.7	5.5	-200	0	4.5	127.605	49.4091	53.7951	14.6181	9.78231	0	0	0	0	0	0	0	0	0	0	0	0	0	0	0	0
05.500,00.000	16.8	5.5	-200	0	4.5	130.097	49.8775	55.2951	14.9037	9.91522	0.105727	0	0	0	0	0	0	0	0	0	0	0	0	0	0	0
05.500,00.000	16.9	5.5	-200	0	4.5	136.522	51.1253	59.0574	15.7085	10.0117	0.618543	0	0	0	0	0	0	0	0	0	0	0	0	0	0	0
05.500,00.000	17	5.5	-200	0	4.5	140.147	51.8238	61.1813	16.1759	10.0117	0.954208	0	0	0	0	0	0	0	0	0	0	0	0	0	0	0
05.500,00.000	17.1	5.5	-200	0	4.5	142.35	52.2357	62.4661	16.4798	10.0117	1.15707	0	0	0	0	0	0	0	0	0	0	0	0	0	0	0
05.500,00.000	17.2	5.5	-200	0	4.5	144.568	52.6551	63.7463	16.7969	10.0118	1.35814	0	0	0	0	0	0	0	0	0	0	0	0	0	0	0
05.500,00.000	17.3	5.5	-200	0	4.5	146.797	53.0805	65.0179	17.1278	10.0129	1.55749	0	0	0	0	0	0	0	0	0	0	0	0	0	0	0
05.500,00.000	17.4	5.5	-200	0	4.5	149.026	53.4928	66.2868	17.475	10.0145	1.75684	0	0	0	0	0	0	0	0	0	0	0	0	0	0	0
05.500,00.000	17.5	5.5	-200	0	4.5	157.225	54.9579	70.9347	18.8165	10.0257	2.49064	0	0	0	0	0	0	0	0	0	0	0	0	0	0	0
05.500,00.000	17.6	5.5	-200	0	4.5	158.862	55.2341	71.8717	19.0903	10.0287	2.63671	0	0	0	0	0	0	0	0	0	0	0	0	0	0	0
05.500,00.000	17.7	5.5	-200	0	4.5	169.623	56.9867	77.9291	21.0206	10.0687	3.61803	0	0	0	0	0	0	0	0	0	0	0	0	0	0	0
05.500,00.000	17.8	5.5	-200	0	4.5	172.096	57.4065	79.2939	21.4749	10.0802	3.84059	0	0	0	0	0	0	0	0	0	0	0	0	0	0	0
05.500,00.000	17.9	5.5	-200	0	4.5	180.432	58.7158	83.8517	23.1076	10.1556	4.60174	0	0	0	0	0	0	0	0	0	0	0	0	0	0	0
05.500,00.000	18	5.5	-200	0	4.5	184.516	59.3315	86.085	23.9313	10.1978	4.97046	0	0	0	0	0	0	0	0	0	0	0	0	0	0	0
05.500,00.000	18.1	5.5	-200	0	4.5	186.352	59.5979	87.0755	24.3162	10.2269	5.13561	0	0	0	0	0	0	0	0	0	0	0	0	0	0	0
05.500,00.000	18.2	5.5	-200	0	4.5	188.688	59.9255	88.3208	24.8246	10.2709	5.3465	0	0	0	0	0	0	0	0	0	0	0	0	0	0	0
05.500,00.000	18.3	5.5	-200	0	4.5	191.198	60.2983	89.6124	25.3876	10.3269	5.57278	0	0	0	0	0	0	0	0	0	0	0	0	0	0	0
05.500,00.000	18.4	5.5	-200	0	4.5	193.202	60.5698	90.6486	25.8507	10.3796	5.75335	0	0	0	0	0	0	0	0	0	0	0	0	0	0	0
05.500,00.000	18.5	5.5	-200	0	4.5	205.07	62.0319	96.782	28.691	10.7417	6.82312	0	0	0	0	0	0	0	0	0	0	0	0	0	0	0
05.500,00.000	18.6	5.5	-200	0	4.5	207.456	62.4062	97.9294	29.2657	10.8193	7.03526	0	0	0	0	0	0	0	0	0	0	0	0	0	0	0
05.500,00.000	18.7	5.5	-200	0	4.5	235.341	65.5397	111.409	35.9024	13.0322	9.45731	0	0	0	0	0	0	0	0	0	0	0	0	0	0	0
05.500,00.000	18.8	5.5	-200	0	4.5	242.271	66.3706	114.261	37.5007	14.1093	9.59174	0.438053	0	0	0	0	0	0	0	0	0	0	0	0	0	0
05.500,00.000	18.9	5.5	-200	0	4.5	251.693	67.4527	118.173	39.7845	15.5179	9.65449	1.11031	0	0	0	0	0	0	0	0	0	0	0	0	0	0
05.500,00.000	19	5.5	-200	0	4.5	257.958	68.1434	120.778	41.3375	16.4555	9.65995	1.58375	0	0	0	0	0	0	0	0	0	0	0	0	0	0
05.500,00.000	19.1	5.5	-200	0	4.5	260.624	68.4242	121.891	42.0044	16.8589	9.66492	1.78106	0	0	0	0	0	0	0	0	0	0	0	0	0	0
05.500,00.000	19.2	5.5	-200	0	4.5	263.086	68.6804	122.929	42.6189	17.2292	9.67071	1.95707	0	0	0	0	0	0	0	0	0	0	0	0	0	0
05.500,00.000	19.3	5.5	-200	0	4.5	265.659	68.9414	124.027	43.259	17.5876	9.70841	2.136	0	0	0	0	0	0	0	0	0	0	0	0	0	0
05.500,00.000	19.4	5.5	-200	0	4.5	268.307	69.2055	125.169	43.9126	17.7686	9.93682	2.31439	0	0	0	0	0	0	0	0	0	0	0	0	0	0
05.500,00.000	19.5	5.5	-200	0	4.5	271.12	69.4918	126.36	44.6149	17.9721	10.1792	2.50189	0	0	0	0	0	0	0	0	0	0	0	0	0	0
05.500,00.000	19.6	5.5	-200	0	4.5	273.741	69.7483	127.465	45.2761	18.173	10.4036	2.67529	0	0	0	0	0	0	0	0	0	0	0	0	0	0
05.500,00.000	19.7	5.5	-200	0	4.5	276.403	70.0054	128.586	45.9513	18.3826	10.6299	2.84774	0	0	0	0	0	0	0	0	0	0	0	0	0	0
05.500,00.000	19.8	5.5	-200	0	4.5	279.177	70.26	129.751	46.6647	18.6093	10.8661	3.02636	0	0	0	0	0	0	0	0	0	0	0	0	0	0
05.500,00.000	19.9	5.5	-200	0	4.5	294.053	71.5333	135.962	50.5627	19.8691	12.1417	3.98376	0	0	0	0	0	0	0	0	0	0	0	0	0	0
05.500,00.000	20	5.5	-200	0	4.5	297.133	71.8088	137.233	51.3691	20.1374	12.4043	4.17979	0	0	0	0	0	0	0	0	0	0	0	0	0	0
05.500,00.000	20.1	5.5	-200	0	4.5	306.728	72.6234	141.162	53.933	20.9962	13.2329	4.78079	0	0	0	0	0	0	0	0	0	0	0	0	0	0
05.500,00.000	20.2	5.5	-200	0	4.5	311.98	73.1346	143.274	55.3193	21.4722	13.6778	5.10164	0	0	0	0	0	0	0	0	0	0	0	0	0	0
05.500,00.000	20.3	5.5	-200	0	4.5	314.897	73.412	144.446	56.095	21.7397	13.9278	5.27598	0	0	0	0	0	0	0	0	0	0	0	0	0	0
05.500,00.000	20.4	5.5	-200	0	4.5	321.232	74.0373	146.961	57.7855	22.3286	14.472	5.64787	0	0	0	0	0	0	0	0	0	0	0	0	0	0
05.500,00.000	20.5	5.5	-200	0	4.5	322.701	74.193	147.58	58.1302	22.4666	14.5981	5.73285	0	0	0	0	0	0	0	0	0	0	0	0	0	0
05.500,00.000	20.6	5.5	-200	0	4.5	327.28	74.6237	149.483	59.2578	22.9107	15.0069	5.99837	0	0	0	0	0	0	0	0	0	0	0	0	0	0
05.500,00.000	20.7	5.5	-200	0	4.5	330.988	75.0018	151.022	60.1415	23.2757	15.338	6.20965	0	0	0	0	0	0	0	0	0	0	0	0	0	0
05.500,00.000	20.8	5.5	-200	0	4.5	334.109	75.3083	152.287	60.9172	23.5893	15.6218	6.3853	0	0	0	0	0	0	0	0	0	0	0	0	0	0
05.500,00.000	20.9	5.5	-200	0	4.5	349.873	76.834	158.577	64.9178	25.2068	17.0782	7.25931	0	0	0	0	0	0	0	0	0	0	0	0	0	0
05.500,00.000	21	5.5	-200	0	4.5	353.237	77.1747	160.002	65.6962	25.5459	17.3799	7.43815	0	0	0	0	0	0	0	0	0	0	0	0	0	0
05.500,00.000	21.1	5.5	-200	0	4.5	363.439	78.1961	164.181	68.1218	26.6244	18.337	7.97794	0	0	0	0	0	0	0	0	0	0	0	0	0	0
05.500,00.000	21.2	5.5	-200	0	4.5	369.15	78.77	166.496	69.4876	27.2391	18.8786	8.27895	0	0	0	0	0	0	0	0	0	0	0	0	0	0
05.500,00.000	21.3	5.5	-200	0	4.5	372.483	79.0994	167.819	70.3001	27.6076	19.2039	8.45287	0	0	0	0	0	0	0	0	0	0	0	0	0	0
05.500,00.000	21.4	5.5	-200	0	4.5	380.346	79.9203	170.829	72.2454	28.5013	19.9886	8.86144	0	0	0	0	0	0	0	0	0	0	0	0	0	0
05.500,00.000	21.5	5.5	-200	0	4.5	382.129	80.1352	171.486	72.6827	28.7058	20.166	8.82453	0.128053	0	0	0	0	0	0	0	0	0	0	0	0	0
05.500,00.000	21.6	5.5	-200	0	4.5	387.814	80.786	173.557	74.097	29.3905	20.7444	8.85404	0.385019	0	0	0	0	0	0	0	0	0	0	0	0	0
05.500,00.000	21.7	5.5	-200	0	4.5	408.004	83.0343	180.748	79.2206	31.877	22.8517	8.88393	1.3879	0	0	0	0	0	0	0	0	0	0	0	0	0
05.500,00.000	21.8	5.5	-200	0	4.5	414.823	83.9448	183.125	80.8846	32.7224	23.3596	9.06919	1.71749	0	0	0	0	0	0	0	0	0	0	0	0	0
05.500,00.000	21.9	5.5	-200	0	4.5	414.971	83.9632	183.176	80.921	32.7413	23.369	9.07534	1.72449	0	0	0	0	0	0	0	0	0	0	0	0	0
05.500,00.000	22	5.5	-200	0	4.5	415.94	84.0896	183.506	81.1576	32.8699	23.42	9.12771	1.76921	0	0	0	0	0	0	0	0	0	0	0	0	0
05.500,00.000	22.1	5.5	-200	0	4.5	426.482	85.389	187.23	83.6903	34.253	24.0636	9.61055	2.24516	0	0	0	0	0	0	0	0	0	0	0	0	0
05.500,00.000	22.2	5.5	-200	0	4.5	432.718	86.1118	189.549	85.1318	35.074	24.4238	9.91026	2.51696	0	0	0	0	0	0	0	0	0	0	0	0	0
05.500,00.000	22.3	5.5	-200	0	4.5	436.515	86.5252	190.952	86.0137	35.5905	24.6565	10.0952	2.68205	0	0	0	0	0	0	0	0	0	0	0	0	0
05.500,00.000	22.4	5.5	-200	0	4.5	450.082	87.9653	195.797	89.2102	37.5325	25.5401	10.7614	3.27516	0	0	0	0	0	0	0	0	0	0	0	0	0
05.500,00.000	22.5	5.5	-200	0	4.5	453.642	88.2643	197.167	90.045	38.0457	25.7672	10.9293	3.42357	0	0	0	0	0	0	0	0	0	0	0	0	0
05.500,00.000	22.6	5.5	-200	0	4.5	460.903	88.9509	199.764	91.7757	39.1235	26.275	11.283	3.73092	0	0	0	0	0	0	0	0	0	0	0	0	0
05.500,00.000	22.7	5.5	-200	0	4.5	485.029	91.0414	208.269	97.587	42.8335	28.0313	12.4927	4.77379	0	0	0	0	0	0	0	0	0	0	0	0	0
05.500,00.000	22.8	5.5	-200	0	4.5	507.976	93.0007	216.472	103.054	46.3684	29.7383	13.6218	5.7215	0	0	0	0	0	0	0	0	0	0	0	0	0
05.500,00.000	22.9	5.5	-200	0	4.5	510.197	93.1838	217.269	103.578	46.7225	29.9043	13.7291	5.81021	0	0	0	0	0	0	0	0	0	0	0	0	0
05.500,00.000	23	5.5	-200	0	4.5	539.936	95.758	227.633	110.754	51.3637	32.256	15.2051	6.96616	0	0	0	0	0	0	0	0	0	0	0	0	0
05.500,00.000	23.1	5.5	-200	0	4.5	552.785	96.9388	232.119	113.948	53.4087	33.2892	15.8451	7.23662	0	0	0	0	0	0	0	0	0	0	0	0	0
05.500,00.000	23.2	5.5	-200	0	4.5	557.12	97.337	233.607	115.07	54.1055	33.6618	16.0714	7.26773	0	0	0	0	0	0	0	0	0	0	0	0	0
05.500,00.000	23.3	5.5	-200	0	4.5	561.686	97.7613	235.149	116.253	54.8498	34.0688	16.3142	7.28964	0	0	0	0	0	0	0	0	0	0	0	0	0
05.500,00.000	23.4	5.5	-200	0	4.5	570.563	98.5702	238.299	118.464	56.2851	34.8708	16.7853	7.28964	0	0	0	0	0	0	0	0	0	0	0	0	0
05.500,00.000	23.5	5.5	-200	0	4.5	572.601	98.7612	239.085	118.948	56.6525	35.0599	16.8051	7.28964	0	0	0	0	0	0	0	0	0	0	0	0	0
05.500,00.000	23.6	5.5	-200	0	4.5	591.604	100.497	245.921	123.807	60.015	36.8726	17.202	7.28964	0	0	0	0	0	0	0	0	0	0	0	0	0
05.500,00.000	23.7	5.5	-200	0	4.5	596.244	100.951	247.627	124.95	60.8298	37.3182	17.2785	7.28964	0	0	0	0	0	0	0	0	0	0	0	0	0
05.500,00.000	23.8	5.5	-200	0	4.5	596.693	100.993	247.787	125.062	60.9103	37.3641	17.287	7.28964	0	0	0	0	0	0	0	0	0	0	0	0	0
05.500,00.000	23.9	5.5	-200	0	4.5	612.587	102.458	253.368	129.008	63.807	39.047	17.6108	7.28964	0	0	0	0	0	0	0	0	0	0	0	0	0
05.500,00.000	24	5.5	-200	0	4.5	616.66	102.861	254.822	129.95	64.5846	39.4558	17.6966	7.28964	0	0	0	0	0	0	0	0	0	0	0	0	0
05.500,00.000	24.1	5.5	-200	0	4.5	627.902	103.945	258.679	132.674	66.6792	40.6827	17.9529	7.28964	0	0	0	0	0	0	0	0	0	0	0	0	0
05.500,00.000	24.2	5.5	-200	0	4.5	635.142	104.667	261.144	134.376	67.9646	41.575	18.1251	7.28964	0	0	0	0	0	0	0	0	0	0	0	0	0
05.500,00.000	24.3	5.5	-200	0	4.5	640.209	105.237	262.788	135.556	68.8923	42.1947	18.2508	7.28964	0	0	0	0	0	0	0	0	0	0	0	0	0
05.500,00.000	24.4	5.5	-200	0	4.5	645.312	105.805	264.423	136.756	69.8162	42.8378	18.3834	7.28964	0	0	0	0	0	0	0	0	0	0	0	0	0
05.500,00.000	24.5	5.5	-200	0	4.5	650.418	106.365	266.032	137.957	70.7505	43.5009	18.5225	7.28964	0	0	0	0	0	0	0	0	0	0	0	0	0
05.500,00.000	24.6	5.5	-200	0	4.5	655.538	106.901	267.649	139.146	71.7001	44.1837	18.6687	7.28964	0	0	0	0	0	0	0	0	0	0	0	0	0
05.500,00.000	24.7	5.5	-200	0	4.5	660.574	107.412	269.219	140.304	72.6533	44.876	18.8196	7.28965	0	0	0	0	0	0	0	0	0	0	0	0	0
05.500,00.000	24.8	5.5	-200	0	4.5	665.678	107.919	270.787	141.478	73.629	45.5966	18.9786	7.29012	0	0	0	0	0	0	0	0	0	0	0	0	0
05.500,00.000	24.9	5.5	-200	0	4.5	683.763	109.739	276.165	145.576	77.0641	48.1677	19.5527	7.49848	0	0	0	0	0	0	0	0	0	0	0	0	0
05.500,00.000	25	5.5	-200	0	4.5	687.686	110.146	277.299	146.482	77.7706	48.7121	19.6753	7.60172	0	0	0	0	0	0	0	0	0	0	0	0	0
05.500,00.000	25.1	5.5	-200	0	4.5	699.911	111.49	280.217	149.665	80.0209	50.4956	20.0861	7.93565	0	0	0	0	0	0	0	0	0	0	0	0	0
05.500,00.000	25.2	5.5	-200	0	4.5	708.15	112.64	282.017	151.874	81.4555	51.6496	20.3593	8.15534	0	0	0	0	0	0	0	0	0	0	0	0	0
05.500,00.000	25.3	5.5	-200	0	4.5	713.86	113.562	283.199	153.368	82.42	52.4451	20.555	8.31112	0	0	0	0	0	0	0	0	0	0	0	0	0
05.500,00.000	25.4	5.5	-200	0	4.5	722.69	115.15	284.971	155.619	83.8515	53.6738	20.8684	8.55635	0	0	0	0	0	0	0	0	0	0	0	0	0
05.500,00.000	25.5	5.5	-200	0	4.5	727.062	115.95	285.839	156.726	84.5623	54.2807	21.026	8.67826	0	0	0	0	0	0	0	0	0	0	0	0	0
05.500,00.000	25.6	5.5	-200	0	4.5	727.063	115.952	285.846	156.729	84.5546	54.2771	21.026	8.67826	0	0	0	0	0	0	0	0	0	0	0	0	0
05.500,00.000	25.7	5.5	-200	0	4.5	727.129	115.964	285.858	156.745	84.5659	54.2872	21.0286	8.68028	0	0	0	0	0	0	0	0	0	0	0	0	0
05.500,00.000	25.8	5.5	-200	0	4.5	761.208	122.533	291.653	165.092	90.1289	59.5557	22.4873	9.75779	0	0	0	0	0	0	0	0	0	0	0	0	0
05.500,00.000	25.9	5.5	-200	0	4.5	772.684	124.982	293.64	167.939	91.793	61.1938	23.0002	10.1357	0	0	0	0	0	0	0	0	0	0	0	0	0
05.500,00.000	26	5.5	-200	0	4.5	773.132	125.079	293.712	168.046	91.8616	61.2616	23.0217	10.1511	0	0	0	0	0	0	0	0	0	0	0	0	0
05.500,00.000	26.1	5.5	-200	0	4.5	774.087	125.289	293.859	168.273	92.0046	61.4043	23.0708	10.1854	0	0	0	0	0	0	0	0	0	0	0	0	0
05.500,00.000	26.2	5.5	-200	0	4.5	775.008	125.493	294	168.491	92.1411	61.5436	23.1194	10.2191	0	0	0	0	0	0	0	0	0	0	0	0	0
05.500,00.000	26.3	5.5	-200	0	4.5	775.495	125.599	294.073	168.603	92.2135	61.6219	23.1464	10.2373	0	0	0	0	0	0	0	0	0	0	0	0	0
05.500,00.000	26.4	5.5	-200	0	4.5	775.573	125.617	294.085	168.622	92.2246	61.6335	23.1509	10.2403	0	0	0	0	0	0	0	0	0	0	0	0	0
05.500,00.000	26.5	5.5	-200	0	4.5	775.909	125.691	294.133	168.696	92.2739	61.6906	23.1713	10.2537	0	0	0	0	0	0	0	0	0	0	0	0	0
05.500,00.000	26.6	5.5	-200	0	4.5	776.39	125.795	294.2	168.804	92.3415	61.7734	23.2019	10.2737	0	0	0	0	0	0	0	0	0	0	0	0	0
05.500,00.000	26.7	5.5	-200	0	4.5	793.949	129.652	296.679	172.63	94.7834	64.8021	24.3794	11.0224	0	0	0	0	0	0	0	0	0	0	0	0	0
05.500,00.000	26.8	5.5	-200	0	4.5	803.741	131.213	298.837	174.756	96.0883	66.3479	25.051	11.4473	0	0	0	0	0	0	0	0	0	0	0	0	0
05.500,00.000	26.9	5.5	-200	0	4.5	817.713	133.548	301.751	177.625	97.9653	68.7324	26.0195	12.0724	0	0	0	0	0	0	0	0	0	0	0	0	0
05.500,00.000	27	5.5	-200	0	4.5	820.686	134.02	302.47	178.242	98.3504	69.1914	26.2022	12.2102	0	0	0	0	0	0	0	0	0	0	0	0	0
05.500,00.000	27.1	5.5	-200	0	4.5	830.584	135.34	304.937	180.186	99.6336	70.8979	26.9077	12.6817	0	0	0	0	0	0	0	0	0	0	0	0	0
05.500,00.000	27.2	5.5	-200	0	4.5	835.552	135.99	306.213	181.158	100.279	71.7296	27.2579	12.9256	0	0	0	0	0	0	0	0	0	0	0	0	0
05.500,00.000	27.3	5.5	-200	0	4.5	836.41	136.102	306.43	181.322	100.388	71.8773	27.3219	12.9692	0	0	0	0	0	0	0	0	0	0	0	0	0
05.500,00.000	27.4	5.5	-200	0	4.5	836.505	136.115	306.454	181.34	100.4	71.8929	27.3289	12.9742	0	0	0	0	0	0	0	0	0	0	0	0	0
05.500,00.000	27.5	5.5	-200	0	4.5	867.562	140.062	314.158	186.966	104.184	77.3303	30.1873	14.6753	0	0	0	0	0	0	0	0	0	0	0	0	0
05.500,00.000	27.6	5.5	-200	0	4.5	877.958	141.519	316.879	188.864	105.384	78.9971	31.093	15.2225	0	0	0	0	0	0	0	0	0	0	0	0	0
05.500,00.000	27.7	5.5	-200	0	4.5	878.404	141.579	316.993	188.943	105.434	79.0772	31.1362	15.242	0	0	0	0	0	0	0	0	0	0	0	0	0
05.500,00.000	27.8	5.5	-200	0	4.5	891.621	143.345	320.423	190.925	107.188	81.4778	32.4697	15.7916	0	0	0	0	0	0	0	0	0	0	0	0	0
05.500,00.000	27.9	5.5	-200	0	4.5	895.437	143.903	321.307	191.491	107.785	82.1362	32.8809	15.9329	0	0	0	0	0	0	0	0	0	0	0	0	0
05.500,00.000	28	5.5	-200	0	4.5	895.856	143.961	321.406	191.547	107.85	82.2144	32.9286	15.9494	0	0	0	0	0	0	0	0	0	0	0	0	0
05.500,00.000	28.1	5.5	-200	0	4.5	896.304	144.023	321.511	191.605	107.918	82.2981	32.9816	15.9678	0	0	0	0	0	0	0	0	0	0	0	0	0
05.500,00.000	28.2	5.5	-200	0	4.5	896.691	144.075	321.601	191.653	107.977	82.3709	33.0294	15.9847	0	0	0	0	0	0	0	0	0	0	0	0	0
05.500,00.000	28.3	5.5	-200	0	4.5	897.024	144.12	321.679	191.693	108.027	82.4342	33.0723	16.0001	0	0	0	0	0	0	0	0	0	0	0	0	0
05.500,00.000	28.4	5.5	-200	0	4.5	897.074	144.127	321.69	191.699	108.034	82.4431	33.079	16.0025	0	0	0	0	0	0	0	0	0	0	0	0	0
05.500,00.000	28.5	5.5	-200	0	4.5	926.183	148.202	328.34	194.784	112.38	87.9647	37.0104	17.5011	0	0	0	0	0	0	0	0	0	0	0	0	0
05.500,00.000	28.6	5.5	-200	0	4.5	938.778	150.151	331.154	196.106	114.305	90.2366	38.6522	18.1734	0	0	0	0	0	0	0	0	0	0	0	0	0
05.500,00.000	28.7	5.5	-200	0	4.5	972.7	155.775	338.271	199.417	119.296	96.5059	43.3648	20.0702	0	0	0	0	0	0	0	0	0	0	0	0	0
05.500,00.000	28.8	5.5	-200	0	4.5	979.905	157.316	339.839	200.07	120.352	97.7137	44.1577	20.4555	0	0	0	0	0	0	0	0	0	0	0	0	0
05.500,00.000	28.9	5.5	-200	0	4.5	991.056	159.677	342.261	200.983	121.902	99.5685	45.5793	21.0843	0	0	0	0	0	0	0	0	0	0	0	0	0
05.500,00.000	29	5.5	-200	0	4.5	1000.25	161.769	344.298	201.706	123.178	100.974	46.7138	21.609	0	0	0	0	0	0	0	0	0	0	0	0	0
05.500,00.000	29.1	5.5	-200	0	4.5	1006.94	163.402	345.61	202.323	124.083	101.953	47.5706	21.9985	0	0	0	0	0	0	0	0	0	0	0	0	0
05.500,00.000	29.2	5.5	-200	0	4.5	1012.1	164.69	346.503	202.909	124.777	102.699	48.2059	22.3125	0	0	0	0	0	0	0	0	0	0	0	0	0
05.500,00.000	29.3	5.5	-200	0	4.5	1016.74	165.893	347.285	203.434	125.386	103.358	48.7846	22.602	0	0	0	0	0	0	0	0	0	0	0	0	0
05.500,00.000	29.4	5.5	-200	0	4.5	1031.14	169.726	349.779	204.992	127.199	105.317	50.616	23.506	0	0	0	0	0	0	0	0	0	0	0	0	0
05.500,00.000	29.5	5.5	-200	0	4.5	1039.22	171.931	351.221	205.853	128.191	106.406	51.6231	23.9946	0	0	0	0	0	0	0	0	0	0	0	0	0
05.500,00.000	29.6	5.5	-200	0	4.5	1044.03	173.215	352.052	206.354	128.78	107.057	52.2637	24.3052	0	0	0	0	0	0	0	0	0	0	0	0	0
05.500,00.000	29.7	5.5	-200	0	4.5	1048.65	174.194	352.806	206.873	129.404	107.765	52.9577	24.6488	0	0	0	0	0	0	0	0	0	0	0	0	0
05.500,00.000	29.8	5.5	-200	0	4.5	1092.9	187.317	360.043	210.76	134.568	113.648	58.9296	27.6363	0	0	0	0	0	0	0	0	0	0	0	0	0
05.500,00.000	29.9	5.5	-200	0	4.5	1100.62	188.946	361.982	211.236	135.286	114.984	60.0194	28.1688	0	0	0	0	0	0	0	0	0	0	0	0	0
05.500,00.000	30	5.5	-200	0	4.5	1101.98	189.178	362.406	211.315	135.394	115.219	60.1995	28.2714	0	0	0	0	0	0	0	0	0	0	0	0	0
05.500,00.000	30.1	5.5	-200	0	4.5	1117.66	191.92	367.186	212.207	136.632	117.912	62.2924	29.509	0	0	0	0	0	0	0	0	0	0	0	0	0
05.500,00.000	30.2	5.5	-200	0	4.5	1125.75	193.293	369.764	212.677	137.243	119.354	63.3079	30.1114	0	0	0	0	0	0	0	0	0	0	0	0	0
05.500,00.000	30.3	5.5	-200	0	4.5	1130.33	194.064	371.231	212.937	137.577	120.149	63.8982	30.4732	0	0	0	0	0	0	0	0	0	0	0	0	0
05.500,00.000	30.4	5.5	-200	0	4.5	1153.29	197.957	378.685	214.314	139.177	124.006	66.8325	32.3193	0	0	0	0	0	0	0	0	0	0	0	0	0
05.500,00.000	30.5	5.5	-200	0	4.5	1164.15	199.825	382.195	215	139.92	125.844	68.2	33.1673	0	0	0	0	0	0	0	0	0	0	0	0	0
05.500,00.000	30.6	5.5	-200	0	4.5	1168.88	200.585	383.687	215.295	140.238	126.671	68.8365	33.5716	0	0	0	0	0	0	0	0	0	0	0	0	0
05.500,00.000	30.7	5.5	-200	0	4.5	1173.4	201.357	385.115	215.573	140.529	127.433	69.4385	33.9512	0	0	0	0	0	0	0	0	0	0	0	0	0
05.500,00.000	30.8	5.5	-200	0	4.5	1178.11	202.104	386.642	215.867	140.829	128.224	70.0793	34.3634	0	0	0	0	0	0	0	0	0	0	0	0	0
05.500,00.000	30.9	5.5	-200	0	4.5	1189.31	203.977	390.186	216.552	141.525	130.072	71.6196	35.3801	0	0	0	0	0	0	0	0	0	0	0	0	0
05.500,00.000	31	5.5	-200	0	4.5	1190.9	204.249	390.696	216.65	141.628	130.33	71.8264	35.5167	0	0	0	0	0	0	0	0	0	0	0	0	0
05.500,00.000	31.1	5.5	-200	0	4.5	1199.83	205.676	393.666	217.223	142.174	131.722	73.0236	36.3453	0	0	0	0	0	0	0	0	0	0	0	0	0
05.500,00.000	31.2	5.5	-200	0	4.5	1203.33	206.293	394.797	217.481	142.386	132.254	73.4898	36.6323	0	0	0	0	0	0	0	0	0	0	0	0	0
05.500,00.000	31.3	5.5	-200	0	4.5	1203.73	206.363	394.925	217.507	142.409	132.311	73.5425	36.6681	0	0	0	0	0	0	0	0	0	0	0	0	0
05.500,00.000	31.4	5.5	-200	0	4.5	1203.79	206.374	394.945	217.512	142.413	132.321	73.5509	36.6732	0	0	0	0	0	0	0	0	0	0	0	0	0
05.500,00.000	31.5	5.5	-200	0	4.5	1204.01	206.417	395.018	217.527	142.424	132.351	73.5797	36.6943	0	0	0	0	0	0	0	0	0	0	0	0	0
05.500,00.000	31.6	5.5	-200	0	4.5	1204.06	206.426	395.035	217.53	142.427	132.358	73.587	36.6991	0	0	0	0	0	0	0	0	0	0	0	0	0
05.500,00.000	31.7	5.5	-200	0	4.5	1234.39	212.519	404.45	219.69	143.955	136.443	77.5895	39.7436	0.00287193	0	0	0	0	0	0	0	0	0	0	0	0
05.500,00.000	31.8	5.5	-200	0	4.5	1258.25	216.538	410.091	222.793	145.307	140.035	81.1448	42.3331	0.0026397	0	0	0	0	0	0	0	0	0	0	0	0
05.500,00.000	31.9	5.5	-200	0	4.5	1274.07	219.671	413.907	224.791	146.297	142.199	83.2871	43.912	0.00262666	0	0	0	0	0	0	0	0	0	0	0	0
05.500,00.000	32	5.5	-200	0	4.5	1275.3	219.913	414.206	224.953	146.38	142.373	83.4455	44.0291	0.00260825	0	0	0	0	0	0	0	0	0	0	0	0
05.500,00.000	32.1	5.5	-200	0	4.5	1302.19	225.534	420.041	229.007	147.995	145.934	86.9836	46.6883	0.0026563	0	0	0	0	0	0	0	0	0	0	0	0
05.500,00.000	32.2	5.5	-200	0	4.5	1313.91	228.088	422.274	231.041	148.697	147.536	88.4504	47.8232	0.00253628	0	0	0	0	0	0	0	0	0	0	0	0
05.500,00.000	32.3	5.5	-200	0	4.5	1318.48	229.161	423.147	231.824	148.95	148.106	89.0241	48.2697	0.00254755	0	0	0	0	0	0	0	0	0	0	0	0
05.500,00.000	32.4	5.5	-200	0	4.5	1347.9	236.569	428.751	236.766	150.542	150.987	93.1319	51.1484	0.00263681	0	0	0	0	0	0	0	0	0	0	0	0
05.500,00.000	32.5	5.5	-200	0	4.5	1356.74	238.841	430.47	238.278	151.016	151.731	94.3956	52.0053	0.00263681	0	0	0	0	0	0	0	0	0	0	0	0
05.500,00.000	32.6	5.5	-200	0	4.5	1363.1	240.308	431.775	239.373	151.369	152.261	95.3557	52.6522	0.00263681	0	0	0	0	0	0	0	0	0	0	0	0
05.500,00.000	32.7	5.5	-200	0	4.5	1391.15	246.906	437.058	244.07	153.122	154.819	99.2756	55.9012	0.00263681	0	0	0	0	0	0	0	0	0	0	0	0
05.500,00.000	32.8	5.5	-200	0	4.5	1400.54	249.086	438.916	245.757	153.725	155.632	100.437	56.9488	0.0395736	0	0	0	0	0	0	0	0	0	0	0	0
05.500,00.000	32.9	5.5	-200	0	4.5	1400.5	249.066	438.914	245.692	153.791	155.629	100.428	56.9422	0.0395736	0	0	0	0	0	0	0	0	0	0	0	0
05.500,00.000	33	5.5	-200	0	4.5	1426.91	255.483	444.224	249.279	156.673	157.701	103.579	59.8269	0.146042	0	0	0	0	0	0	0	0	0	0	0	0
05.500,00.000	33.1	5.5	-200	0	4.5	1439.43	258.514	446.751	250.868	158.139	158.694	105.06	61.2082	0.19749	0	0	0	0	0	0	0	0	0	0	0	0
05.500,00.000	33.2	5.5	-200	0	4.5	1444.13	259.712	447.72	251.464	158.667	159.046	105.602	61.6992	0.216773	0	0	0	0	0	0	0	0	0	0	0	0
05.500,00.000	33.3	5.5	-200	0	4.5	1448.73	260.881	448.682	252.059	159.18	159.373	106.127	62.1921	0.235971	0	0	0	0	0	0	0	0	0	0	0	0
05.500,00.000	33.4	5.5	-200	0	4.5	1467.46	265.788	452.633	254.472	161.231	160.633	108.219	64.1673	0.31547	0	0	0	0	0	0	0	0	0	0	0	0
05.500,00.000	33.5	5.5	-200	0	4.5	1471.74	266.884	453.57	255.006	161.713	160.921	108.698	64.6118	0.334304	0	0	0	0	0	0	0	0	0	0	0	0
05.500,00.000	33.6	5.5	-200	0	4.5	1484.89	269.863	456.313	256.72	163.256	161.819	110.322	66.1809	0.414676	0	0	0	0	0	0	0	0	0	0	0	0
05.500,00.000	33.7	5.5	-200	0	4.5	1503.93	274.297	460.425	258.453	165.937	163.186	112.642	68.4507	0.536888	0	0	0	0	0	0	0	0	0	0	0	0
05.500,00.000	33.8	5.5	-200	0	4.5	1513.78	276.64	462.632	259.328	167.18	163.92	113.842	69.636	0.602651	0	0	0	0	0	0	0	0	0	0	0	0
05.500,00.000	33.9	5.5	-200	0	4.5	1514.07	276.709	462.702	259.355	167.204	163.942	113.878	69.6717	0.605889	0	0	0	0	0	0	0	0	0	0	0	0
05.500,00.000	34	5.5	-200	0	4.5	1514.39	276.792	462.778	259.385	167.238	163.964	113.917	69.7106	0.609309	0	0	0	0	0	0	0	0	0	0	0	0
05.500,00.000	34.1	5.5	-200	0	4.5	1528.36	280.368	466.08	260.695	168.668	164.866	115.536	71.3854	0.760411	0	0	0	0	0	0	0	0	0	0	0	0
05.500,00.000	34.2	5.5	-200	0	4.5	1536.24	282.362	467.999	261.448	169.441	165.362	116.452	72.3321	0.849275	0	0	0	0	0	0	0	0	0	0	0	0
05.500,00.000	34.3	5.5	-200	0	4.5	1540.83	283.547	469.115	261.895	169.883	165.634	116.981	72.8744	0.899979	0	0	0	0	0	0	0	0	0	0	0	0
05.500,00.000	34.4	5.5	-200	0	4.5	1545.52	284.766	470.266	262.351	170.335	165.904	117.517	73.4274	0.952979	0	0	0	0	0	0	0	0	0	0	0	0
05.500,00.000	34.5	5.5	-200	0	4.5	1550.24	285.999	471.444	262.814	170.785	166.165	118.047	73.9767	1.00809	0	0	0	0	0	0	0	0	0	0	0	0
05.500,00.000	34.6	5.5	-200	0	4.5	1558.01	288.042	473.274	263.595	171.539	166.593	118.945	74.9111	1.11017	0	0	0	0	0	0	0	0	0	0	0	0
05.500,00.000	34.7	5.5	-200	0	4.5	1591.7	296.421	481.43	266.939	174.721	168.345	122.909	79.0743	1.58446	0.27397	0	0	0	0	0	0	0	0	0	0	0
05.500,00.000	34.8	5.5	-200	0	4.5	1597.92	298.045	482.933	267.49	175.21	168.663	123.658	79.8386	1.69301	0.386919	0	0	0	0	0	0	0	0	0	0	0
05.500,00.000	34.9	5.5	-200	0	4.5	1597.93	298.049	482.937	267.491	175.211	168.663	123.66	79.8403	1.69322	0.387064	0	0	0	0	0	0	0	0	0	0	0
05.500,00.000	35	5.5	-200	0	4.5	1613.12	302.087	486.706	269.055	176.194	169.452	125.406	81.7022	1.94651	0.566682	0	0	0	0	0	0	0	0	0	0	0
05.500,00.000	35.1	5.5	-200	0	4.5	1626.3	305.539	490.019	270.505	176.958	170.133	126.883	83.3258	2.21134	0.724701	0	0	0	0	0	0	0	0	0	0	0
05.500,00.000	35.2	5.5	-200	0	4.5	1630.88	306.781	491.137	271	177.226	170.365	127.387	83.8825	2.32209	0.775168	0	0	0	0	0	0	0	0	0	0	0
05.500,00.000	35.3	5.5	-200	0	4.5	1635.6	308.073	492.313	271.527	177.504	170.598	127.889	84.4373	2.43391	0.8242	0	0	0	0	0	0	0	0	0	0	0
05.500,00.000	35.4	5.5	-200	0	4.5	1649.68	311.924	495.826	273.12	178.329	171.267	129.346	86.1129	2.79536	0.964254	0	0	0	0	0	0	0	0	0	0	0
05.500,00.000	35.5	5.5	-200	0	4.5	1652.43	312.712	496.47	273.38	178.497	171.398	129.643	86.4508	2.8818	0.992124	0	0	0	0	0	0	0	0	0	0	0
05.500,00.000	35.6	5.5	-200	0	4.5	1663.66	315.911	499.134	274.679	179.175	171.907	130.775	87.7729	3.20517	1.09735	0	0	0	0	0	0	0	0	0	0	0
05.500,00.000	35.7	5.5	-200	0	4.5	1674.76	318.962	501.805	275.829	179.877	172.407	131.956	89.1552	3.56058	1.20753	0	0	0	0	0	0	0	0	0	0	0
05.500,00.000	35.8	5.5	-200	0	4.5	1692.56	323.606	506.182	277.936	181.045	173.222	133.749	91.2806	4.16399	1.37113	0	0	0	0	0	0	0	0	0	0	0
05.500,00.000	35.9	5.5	-200	0	4.5	1695.14	324.322	506.806	278.184	181.221	173.34	134.009	91.6008	4.26408	1.39506	0	0	0	0	0	0	0	0	0	0	0
05.500,00.000	36	5.5	-200	0	4.5	1709.95	328.368	510.439	279.838	182.259	173.999	135.422	93.3286	4.7798	1.51883	0	0	0	0	0	0	0	0	0	0	0
05.500,00.000	36.1	5.5	-200	0	4.5	1719.12	330.906	512.717	280.842	182.904	174.395	136.278	94.3755	5.11419	1.59304	0	0	0	0	0	0	0	0	0	0	0
05.500,00.000	36.2	5.5	-200	0	4.5	1723.95	332.219	513.919	281.415	183.252	174.601	136.719	94.9035	5.29741	1.62972	0	0	0	0	0	0	0	0	0	0	0
05.500,00.000	36.3	5.5	-200	0	4.5	1730.27	333.969	515.495	282.147	183.72	174.871	137.292	95.5685	5.53385	1.67541	0	0	0	0	0	0	0	0	0	0	0
05.500,00.000	36.4	5.5	-200	0	4.5	1742.97	337.493	518.718	283.665	184.669	175.398	138.395	96.8669	6.00181	1.76251	0	0	0	0	0	0	0	0	0	0	0
05.500,00.000	36.5	5.5	-200	0	4.5	1745.41	338.211	519.351	283.921	184.85	175.495	138.605	97.0995	6.09527	1.77844	0	0	0	0	0	0	0	0	0	0	0
05.500,00.000	36.6	5.5	-200	0	4.5	1773.19	346.633	526.127	286.854	186.967	176.598	140.896	99.9428	7.21232	1.96249	0	0	0	0	0	0	0	0	0	0	0
05.500,00.000	36.7	5.5	-200	0	4.5	1779.14	348.397	527.582	287.426	187.451	176.85	141.412	100.537	7.4886	2.00147	0	0	0	0	0	0	0	0	0	0	0
05.500,00.000	36.8	5.5	-200	0	4.5	1781.2	349.015	528.089	287.656	187.616	176.935	141.567	100.735	7.57305	2.0136	0	0	0	0	0	0	0	0	0	0	0
05.500,00.000	36.9	5.5	-200	0	4.5	1785.42	350.268	529.143	288.131	187.966	177.112	141.882	101.129	7.74745	2.03735	0	0	0	0	0	0	0	0	0	0	0
05.500,00.000	37	5.5	-200	0	4.5	1786.61	350.621	529.444	288.256	188.069	177.167	141.973	101.238	7.80077	2.04397	0	0	0	0	0	0	0	0	0	0	0
05.500,00.000	37.1	5.5	-200	0	4.5	1792.95	352.481	531.058	289.013	188.607	177.449	142.398	101.806	8.05815	2.0757	0	0	0	0	0	0	0	0	0	0	0
05.500,00.000	37.2	5.5	-200	0	4.5	1801.17	354.923	533.158	289.98	189.292	177.819	142.951	102.535	8.39968	2.11538	0	0	0	0	0	0	0	0	0	0	0
05.500,00.000	37.3	5.5	-200	0	4.5	1803.62	355.647	533.784	290.252	189.499	177.936	143.116	102.749	8.50548	2.1269	0	0	0	0	0	0	0	0	0	0	0
05.500,00.000	37.4	5.5	-200	0	4.5	1807.99	356.866	534.945	290.806	189.885	178.144	143.388	103.124	8.68821	2.14582	0	0	0	0	0	0	0	0	0	0	0
05.500,00.000	37.5	5.5	-200	0	4.5	1812.67	358.199	536.178	291.396	190.308	178.367	143.671	103.503	8.88344	2.1647	0	0	0	0	0	0	0	0	0	0	0
05.500,00.000	37.6	5.5	-200	0	4.5	1817.79	359.711	537.523	292.048	190.764	178.608	143.958	103.903	9.09424	2.18385	0	0	0	0	0	0	0	0	0	0	0
05.500,00.000	37.7	5.5	-200	0	4.5	1836.85	365.365	542.575	294.44	192.545	179.515	144.981	105.321	9.86093	2.24913	0	0	0	0	0	0	0	0	0	0	0
05.500,00.000	37.8	5.5	-200	0	4.5	1840.32	366.444	543.469	294.837	192.85	179.689	145.17	105.578	10.022	2.26111	0	0	0	0	0	0	0	0	0	0	0
05.500,00.000	37.9	5.5	-200	0	4.5	1861.95	373.02	549.144	297.508	194.899	180.769	146.228	107.068	10.9862	2.32412	0	0	0	0	0	0	0	0	0	0	0
05.500,00.000	38	5.5	-200	0	4.5	1867.09	374.588	550.434	298.14	195.378	181.039	146.484	107.417	11.2671	2.3461	0	0	0	0	0	0	0	0	0	0	0
05.500,00.000	38.1	5.5	-200	0	4.5	1879.62	378.42	553.715	299.761	196.504	181.674	147.03	108.239	11.8611	2.41609	0	0	0	0	0	0	0	0	0	0	0
05.500,00.000	38.2	5.5	-200	0	4.5	1887.56	380.828	555.725	300.739	197.245	182.195	147.369	108.738	12.2497	2.47463	0	0	0	0	0	0	0	0	0	0	0
05.500,00.000	38.3	5.5	-200	0	4.5	1891.01	381.861	556.601	301.155	197.578	182.455	147.502	108.963	12.3853	2.50502	0	0	0	0	0	0	0	0	0	0	0
05.500,00.000	38.4	5.5	-200	0	4.5	1902.7	385.363	559.633	302.651	198.704	183.302	147.906	109.699	12.8455	2.60139	0	0	0	0	0	0	0	0	0	0	0
05.500,00.000	38.5	5.5	-200	0	4.5	1905.1	386.052	560.266	302.939	198.932	183.489	147.985	109.86	12.9375	2.63626	0	0	0	0	0	0	0	0	0	0	0
05.500,00.000	38.6	5.5	-200	0	4.5	1915.83	389.373	563.033	304.209	199.938	184.253	148.328	110.546	13.3815	2.76669	0	0	0	0	0	0	0	0	0	0	0
05.500,00.000	38.7	5.5	-200	0	4.5	1923.53	391.562	565.13	305.17	200.713	184.787	148.577	111.034	13.6925	2.86709	0	0	0	0	0	0	0	0	0	0	0
05.500,00.000	38.8	5.5	-200	0	4.5	1925.27	392.049	565.602	305.392	200.887	184.919	148.63	111.14	13.7631	2.88933	0	0	0	0	0	0	0	0	0	0	0
05.500,00.000	38.9	5.5	-200	0	4.5	1925.86	392.214	565.761	305.472	200.95	184.965	148.648	111.173	13.7863	2.89637	0	0	0	0	0	0	0	0	0	0	0
05.500,00.000	39	5.5	-200	0	4.5	1929.66	393.245	566.79	305.993	201.357	185.264	148.751	111.381	13.9321	2.94222	0	0	0	0	0	0	0	0	0	0	0
05.500,00.000	39.1	5.5	-200	0	4.5	1934.46	394.553	568.132	306.664	201.824	185.642	148.871	111.648	14.1177	3.00342	0	0	0	0	0	0	0	0	0	0	0
05.500,00.000	39.2	5.5	-200	0	4.5	1938.99	395.674	569.494	307.3	202.276	186.005	148.982	111.895	14.298	3.06026	0	0	0	0	0	0	0	0	0	0	0
05.500,00.000	39.3	5.5	-200	0	4.5	1944.06	396.877	571.036	308.047	202.815	186.411	149.1	112.157	14.4934	3.12338	0	0	0	0	0	0	0	0	0	0	0
05.500,00.000	39.4	5.5	-200	0	4.5	1951.35	398.588	573.261	309.12	203.596	187.002	149.257	112.523	14.7716	3.22783	0	0	0	0	0	0	0	0	0	0	0
05.500,00.000	39.5	5.5	-200	0	4.5	1953.97	399.192	574.064	309.519	203.877	187.216	149.312	112.653	14.8703	3.27189	0	0	0	0	0	0	0	0	0	0	0
05.500,00.000	39.6	5.5	-200	0	4.5	1963.36	401.406	576.946	310.869	204.844	187.995	149.501	113.113	15.251	3.43578	0	0	0	0	0	0	0	0	0	0	0
05.500,00.000	39.7	5.5	-200	0	4.5	1965.81	401.983	577.705	311.222	205.094	188.182	149.547	113.232	15.3647	3.48293	0	0	0	0	0	0	0	0	0	0	0
05.500,00.000	39.8	5.5	-200	0	4.5	1969.2	402.75	578.729	311.729	205.467	188.487	149.613	113.387	15.5003	3.54269	0	0	0	0	0	0	0	0	0	0	0
05.500,00.000	39.9	5.5	-200	0	4.5	1973.23	403.647	579.935	312.342	205.921	188.848	149.688	113.566	15.6669	3.61482	0	0	0	0	0	0	0	0	0	0	0
05.500,00.000	40	5.5	-200	0	4.5	1976.24	404.235	580.92	312.81	206.254	189.118	149.741	113.697	15.7924	3.66931	0	0	0	0	0	0	0	0	0	0	0
05.500,00.000	40.1	5.5	-200	0	4.5	1980.67	405.031	582.41	313.517	206.761	189.531	149.815	113.882	15.9747	3.74837	0	0	0	0	0	0	0	0	0	0	0
05.500,00.000	40.2	5.5	-200	0	4.5	1985.34	405.827	583.982	314.287	207.315	189.974	149.891	114.068	16.1682	3.8316	0	0	0	0	0	0	0	0	0	0	0
05.500,00.000	40.3	5.5	-200	0	4.5	1988.88	406.418	585.17	314.886	207.742	190.305	149.949	114.203	16.3144	3.89342	0	0	0	0	0	0	0	0	0	0	0
05.500,00.000	40.4	5.5	-200	0	4.5	1992.36	406.988	586.346	315.518	208.125	190.63	150.003	114.331	16.4604	3.95386	0	0	0	0	0	0	0	0	0	0	0
05.500,00.000	40.5	5.5	-200	0	4.5	1995.89	407.546	587.524	316.158	208.554	190.969	150.056	114.454	16.6086	4.0146	0	0	0	0	0	0	0	0	0	0	0
05.500,00.000	40.6	5.5	-200	0	4.5	1999.26	408.079	588.649	316.794	208.941	191.293	150.107	114.57	16.7529	4.07444	0	0	0	0	0	0	0	0	0	0	0
05.500,00.000	40.7	5.5	-200	0	4.5	2002.55	408.574	589.721	317.432	209.349	191.625	150.155	114.675	16.8931	4.13107	0	0	0	0	0	0	0	0	0	0	0
05.500,00.000	40.8	5.5	-200	0	4.5	2005.87	409.052	590.782	318.098	209.776	191.97	150.201	114.775	17.0326	4.18697	0	0	0	0	0	0	0	0	0	0	0
05.500,00.000	40.9	5.5	-200	0	4.5	2009.1	409.502	591.814	318.769	210.178	192.304	150.247	114.869	17.1716	4.24103	0	0	0	0	0	0	0	0	0	0	0
05.500,00.000	41	5.5	-200	0	4.5	2012.24	409.925	592.809	319.433	210.585	192.637	150.292	114.957	17.3071	4.29295	0	0	0	0	0	0	0	0	0	0	0
05.500,00.000	41.1	5.5	-200	0	4.5	2015.37	410.324	593.787	320.111	211.016	192.915	150.393	115.039	17.4405	4.34317	0	0	0	0	0	0	0	0	0	0	0
05.500,00.000	41.2	5.5	-200	0	4.5	2018.43	410.694	594.73	320.791	211.453	193.13	150.55	115.116	17.5779	4.39143	0	0	0	0	0	0	0	0	0	0	0
05.500,00.000	41.3	5.5	-200	0	4.5	2021.48	411.034	595.648	321.471	211.871	193.379	150.703	115.188	17.7474	4.43753	0	0	0	0	0	0	0	0	0	0	0
05.500,00.000	41.4	5.5	-200	0	4.5	2024.55	411.346	596.539	322.143	212.326	193.696	150.856	115.255	17.9048	4.48164	0	0	0	0	0	0	0	0	0	0	0
05.500,00.000	41.5	5.5	-200	0	4.5	2027.51	411.634	597.403	322.805	212.76	194.007	151.007	115.318	18.0574	4.52376	0	0	0	0	0	0	0	0	0	0	0
05.500,00.000	41.6	5.5	-200	0	4.5	2030.4	411.9	598.247	323.467	213.182	194.306	151.151	115.376	18.2033	4.56404	0	0	0	0	0	0	0	0	0	0	0
05.500,00.000	41.7	5.5	-200	0	4.5	2033.17	412.141	599.054	324.102	213.609	194.594	151.298	115.43	18.3421	4.60175	0	0	0	0	0	0	0	0	0	0	0
05.500,00.000	41.8	5.5	-200	0	4.5	2035.89	412.361	599.855	324.717	214.037	194.882	151.442	115.48	18.4746	4.63757	0	0	0	0	0	0	0	0	0	0	0
05.500,00.000	41.9	5.5	-200	0	4.5	2038.49	412.561	600.632	325.325	214.428	195.164	151.586	115.527	18.5967	4.6714	0	0	0	0	0	0	0	0	0	0	0
05.500,00.000	42	5.5	-200	0	4.5	2041.08	412.746	601.388	325.941	214.84	195.442	151.732	115.57	18.7156	4.70355	0	0	0	0	0	0	0	0	0	0	0