
label	time(d)	x	depth	z	radius	total	0-10	10-20	20-30	30-40	40-50	50-60	60-70	70-80	80-90	90-100	100-110	110-120	120-130	130-140	140-150	150-160	160-170	170-180	180-190	190-200
00.000,00.000	0	0	-200	0	4.5	0	0	0	0	0	0	0	0	0	0	0	0	0	0	0	0	0	0	0	0	0
00.000,00.000	0.1	0	-200	0	4.5	0.37949	0.37949	0	0	0	0	0	0	0	0	0	0	0	0	0	0	0	0	0	0	0
00.000,00.000	0.2	0	-200	0	4.5	0.761527	0.761527	0	0	0	0	0	0	0	0	0	0	0	0	0	0	0	0	0	0	0
00.000,00.000	0.3	0	-200	0	4.5	1.14629	1.14629	0	0	0	0	0	0	0	0	0	0	0	0	0	0	0	0	0	0	0
00.000,00.000	0.4	0	-200	0	4.5	1.53366	1.53366	0	0	0	0	0	0	0	0	0	0	0	0	0	0	0	0	0	0	0
00.000,00.000	0.5	0	-200	0	4.5	1.92317	1.92317	0	0	0	0	0	0	0	0	0	0	0	0	0	0	0	0	0	0	0
00.000,00.000	0.6	0	-200	0	4.5	2.31464	2.31464	0	0	0	0	0	0	0	0	0	0	0	0	0	0	0	0	0	0	0
00.000,00.000	0.7	0	-200	0	4.5	2.70824	2.70824	0	0	0	0	0	0	0	0	0	0	0	0	0	0	0	0	0	0	0
00.000,00.000	0.8	0	-200	0	4.5	3.10392	3.10392	0	0	0	0	0	0	0	0	0	0	0	0	0	0	0	0	0	0	0
00.000,00.000	0.9	0	-200	0	4.5	3.50189	3.50189	0	0	0	0	0	0	0	0	0	0	0	0	0	0	0	0	0	0	0
00.000,00.000	1	0	-200	0	4.5	3.90291	3.90291	0	0	0	0	0	0	0	0	0	0	0	0	0	0	0	0	0	0	0
00.000,00.000	1.1	0	-200	0	4.5	4.3145	4.3145	0	0	0	0	0	0	0	0	0	0	0	0	0	0	0	0	0	0	0
00.000,00.000	1.2	0	-200	0	4.5	4.73764	4.73764	0	0	0	0	0	0	0	0	0	0	0	0	0	0	0	0	0	0	0
00.000,00.000	1.3	0	-200	0	4.5	5.17215	5.17215	0	0	0	0	0	0	0	0	0	0	0	0	0	0	0	0	0	0	0
00.000,00.000	1.4	0	-200	0	4.5	5.61775	5.61775	0	0	0	0	0	0	0	0	0	0	0	0	0	0	0	0	0	0	0
00.000,00.000	1.5	0	-200	0	4.5	6.07273	6.07273	0	0	0	0	0	0	0	0	0	0	0	0	0	0	0	0	0	0	0
00.000,00.000	1.6	0	-200	0	4.5	6.53529	6.53529	0	0	0	0	0	0	0	0	0	0	0	0	0	0	0	0	0	0	0
00.000,00.000	1.7	0	-200	0	4.5	7.0101	7.0101	0	0	0	0	0	0	0	0	0	0	0	0	0	0	0	0	0	0	0
00.000,00.000	1.8	0	-200	0	4.5	7.49901	7.36431	0.134691	0	0	0	0	0	0	0	0	0	0	0	0	0	0	0	0	0	0
00.000,00.000	1.9	0	-200	0	4.5	8.00093	7.59342	0.407509	0	0	0	0	0	0	0	0	0	0	0	0	0	0	0	0	0	0
00.000,00.000	2	0	-200	0	4.5	8.51677	7.83775	0.67902	0	0	0	0	0	0	0	0	0	0	0	0	0	0	0	0	0	0
00.000,00.000	2.1	0	-200	0	4.5	9.09892	8.14828	0.95064	0	0	0	0	0	0	0	0	0	0	0	0	0	0	0	0	0	0
00.000,00.000	2.2	0	-200	0	4.5	9.79841	8.57624	1.22217	0	0	0	0	0	0	0	0	0	0	0	0	0	0	0	0	0	0
00.000,00.000	2.3	0	-200	0	4.5	10.614	9.12136	1.4926	0	0	0	0	0	0	0	0	0	0	0	0	0	0	0	0	0	0
00.000,00.000	2.4	0	-200	0	4.5	11.5467	9.78411	1.76263	0	0	0	0	0	0	0	0	0	0	0	0	0	0	0	0	0	0
00.000,00.000	2.5	0	-200	0	4.5	12.5954	10.5631	2.03234	0	0	0	0	0	0	0	0	0	0	0	0	0	0	0	0	0	0
00.000,00.000	2.6	0	-200	0	4.5	13.7572	11.4557	2.30157	0	0	0	0	0	0	0	0	0	0	0	0	0	0	0	0	0	0
00.000,00.000	2.7	0	-200	0	4.5	15.0402	12.4703	2.56984	0	0	0	0	0	0	0	0	0	0	0	0	0	0	0	0	0	0
00.000,00.000	2.8	0	-200	0	4.5	16.4289	13.5917	2.83723	0	0	0	0	0	0	0	0	0	0	0	0	0	0	0	0	0	0
00.000,00.000	2.9	0	-200	0	4.5	17.9469	14.8417	3.10523	0	0	0	0	0	0	0	0	0	0	0	0	0	0	0	0	0	0
00.000,00.000	3	0	-200	0	4.5	19.5868	16.2144	3.37244	0	0	0	0	0	0	0	0	0	0	0	0	0	0	0	0	0	0
00.000,00.000	3.1	0	-200	0	4.5	21.282	17.6436	3.63838	0	0	0	0	0	0	0	0	0	0	0	0	0	0	0	0	0	0
00.000,00.000	3.2	0	-200	0	4.5	22.9765	19.0725	3.90401	0	0	0	0	0	0	0	0	0	0	0	0	0	0	0	0	0	0
00.000,00.000	3.3	0	-200	0	4.5	24.6702	20.5006	4.16963	0	0	0	0	0	0	0	0	0	0	0	0	0	0	0	0	0	0
00.000,00.000	3.4	0	-200	0	4.5	26.3621	21.9279	4.43423	0	0	0	0	0	0	0	0	0	0	0	0	0	0	0	0	0	0
00.000,00.000	3.5	0	-200	0	4.5	28.0459	23.348	4.69789	0	0	0	0	0	0	0	0	0	0	0	0	0	0	0	0	0	0
00.000,00.000	3.6	0	-200	0	4.5	29.7116	24.7505	4.96108	0	0	0	0	0	0	0	0	0	0	0	0	0	0	0	0	0	0
00.000,00.000	3.7	0	-200	0	4.5	31.373	26.1492	5.22387	0	0	0	0	0	0	0	0	0	0	0	0	0	0	0	0	0	0
00.000,00.000	3.8	0	-200	0	4.5	33.0285	27.5427	5.48578	0	0	0	0	0	0	0	0	0	0	0	0	0	0	0	0	0	0
00.000,00.000	3.9	0	-200	0	4.5	34.6786	28.9313	5.74726	0	0	0	0	0	0	0	0	0	0	0	0	0	0	0	0	0	0
00.000,00.000	4	0	-200	0	4.5	36.3282	30.3197	6.0085	0	0	0	0	0	0	0	0	0	0	0	0	0	0	0	0	0	0
00.000,00.000	4.1	0	-200	0	4.5	37.9756	31.7062	6.26942	0	0	0	0	0	0	0	0	0	0	0	0	0	0	0	0	0	0
00.000,00.000	4.2	0	-200	0	4.5	39.6177	33.0884	6.52932	0	0	0	0	0	0	0	0	0	0	0	0	0	0	0	0	0	0
00.000,00.000	4.3	0	-200	0	4.5	41.2533	34.4647	6.78861	0	0	0	0	0	0	0	0	0	0	0	0	0	0	0	0	0	0
00.000,00.000	4.4	0	-200	0	4.5	42.8838	35.8362	7.04762	0	0	0	0	0	0	0	0	0	0	0	0	0	0	0	0	0	0
00.000,00.000	4.5	0	-200	0	4.5	44.5036	36.8988	7.60481	0	0	0	0	0	0	0	0	0	0	0	0	0	0	0	0	0	0
00.000,00.000	4.6	0	-200	0	4.5	46.1135	37.9355	8.17808	0	0	0	0	0	0	0	0	0	0	0	0	0	0	0	0	0	0
00.000,00.000	4.7	0	-200	0	4.5	47.6218	38.7616	8.86022	0	0	0	0	0	0	0	0	0	0	0	0	0	0	0	0	0	0
00.000,00.000	4.8	0	-200	0	4.5	48.7846	39.2413	9.54323	0	0	0	0	0	0	0	0	0	0	0	0	0	0	0	0	0	0
00.000,00.000	4.9	0	-200	0	4.5	49.7863	39.7181	10.0682	0	0	0	0	0	0	0	0	0	0	0	0	0	0	0	0	0	0
00.000,00.000	5	0	-200	0	4.5	50.7835	40.191	10.5925	0	0	0	0	0	0	0	0	0	0	0	0	0	0	0	0	0	0
00.000,00.000	5.1	0	-200	0	4.5	51.7791	40.6624	11.1167	0	0	0	0	0	0	0	0	0	0	0	0	0	0	0	0	0	0
00.000,00.000	5.2	0	-200	0	4.5	52.776	40.9875	11.7885	0	0	0	0	0	0	0	0	0	0	0	0	0	0	0	0	0	0
00.000,00.000	5.3	0	-200	0	4.5	53.5273	41.2001	12.3272	0	0	0	0	0	0	0	0	0	0	0	0	0	0	0	0	0	0
00.000,00.000	5.4	0	-200	0	4.5	54.2796	41.2116	13.068	0	0	0	0	0	0	0	0	0	0	0	0	0	0	0	0	0	0
00.000,00.000	5.5	0	-200	0	4.5	55.0304	41.2255	13.805	0	0	0	0	0	0	0	0	0	0	0	0	0	0	0	0	0	0
00.000,00.000	5.6	0	-200	0	4.5	55.6001	41.243	14.2943	0.0628492	0	0	0	0	0	0	0	0	0	0	0	0	0	0	0	0	0
00.000,00.000	5.7	0	-200	0	4.5	56.0887	41.2626	14.5123	0.313733	0	0	0	0	0	0	0	0	0	0	0	0	0	0	0	0	0
00.000,00.000	5.8	0	-200	0	4.5	56.5823	41.2849	14.7335	0.563847	0	0	0	0	0	0	0	0	0	0	0	0	0	0	0	0	0
00.000,00.000	5.9	0	-200	0	4.5	57.0745	41.3109	14.9499	0.813604	0	0	0	0	0	0	0	0	0	0	0	0	0	0	0	0	0
00.000,00.000	6	0	-200	0	4.5	57.5686	41.3401	15.1656	1.06277	0	0	0	0	0	0	0	0	0	0	0	0	0	0	0	0	0
00.000,00.000	6.1	0	-200	0	4.5	58.0668	41.3739	15.3814	1.31147	0	0	0	0	0	0	0	0	0	0	0	0	0	0	0	0	0
00.000,00.000	6.2	0	-200	0	4.5	58.5133	41.4121	15.5417	1.55941	0	0	0	0	0	0	0	0	0	0	0	0	0	0	0	0	0
00.000,00.000	6.3	0	-200	0	4.5	58.8389	41.4549	15.5772	1.80679	0	0	0	0	0	0	0	0	0	0	0	0	0	0	0	0	0
00.000,00.000	6.4	0	-200	0	4.5	59.1517	41.5034	15.5946	2.05364	0	0	0	0	0	0	0	0	0	0	0	0	0	0	0	0	0
00.000,00.000	6.5	0	-200	0	4.5	59.4531	41.5555	15.5981	2.29952	0	0	0	0	0	0	0	0	0	0	0	0	0	0	0	0	0
00.000,00.000	6.6	0	-200	0	4.5	59.7627	41.6152	15.6028	2.54471	0	0	0	0	0	0	0	0	0	0	0	0	0	0	0	0	0
00.000,00.000	6.7	0	-200	0	4.5	60.0798	41.6815	15.6091	2.7892	0	0	0	0	0	0	0	0	0	0	0	0	0	0	0	0	0
00.000,00.000	6.8	0	-200	0	4.5	60.4112	41.7601	15.6178	3.03339	0	0	0	0	0	0	0	0	0	0	0	0	0	0	0	0	0
00.000,00.000	6.9	0	-200	0	4.5	60.7568	41.851	15.6287	3.27706	0	0	0	0	0	0	0	0	0	0	0	0	0	0	0	0	0
00.000,00.000	7	0	-200	0	4.5	61.1188	41.9563	15.6424	3.5201	0	0	0	0	0	0	0	0	0	0	0	0	0	0	0	0	0
00.000,00.000	7.1	0	-200	0	4.5	61.5017	42.0794	15.6598	3.7625	0	0	0	0	0	0	0	0	0	0	0	0	0	0	0	0	0
00.000,00.000	7.2	0	-200	0	4.5	61.9085	42.2236	15.6805	4.00443	0	0	0	0	0	0	0	0	0	0	0	0	0	0	0	0	0
00.000,00.000	7.3	0	-200	0	4.5	62.3404	42.3901	15.7045	4.24587	0	0	0	0	0	0	0	0	0	0	0	0	0	0	0	0	0
00.000,00.000	7.4	0	-200	0	4.5	62.7987	42.5801	15.7321	4.48651	0	0	0	0	0	0	0	0	0	0	0	0	0	0	0	0	0
00.000,00.000	7.5	0	-200	0	4.5	63.2762	42.7875	15.7623	4.72629	0	0	0	0	0	0	0	0	0	0	0	0	0	0	0	0	0
00.000,00.000	7.6	0	-200	0	4.5	63.783	43.0212	15.7961	4.96564	0	0	0	0	0	0	0	0	0	0	0	0	0	0	0	0	0
00.000,00.000	7.7	0	-200	0	4.5	64.3216	43.2837	15.8334	5.20448	0	0	0	0	0	0	0	0	0	0	0	0	0	0	0	0	0
00.000,00.000	7.8	0	-200	0	4.5	64.8952	43.5787	15.8738	5.44266	0	0	0	0	0	0	0	0	0	0	0	0	0	0	0	0	0
00.000,00.000	7.9	0	-200	0	4.5	65.5132	43.9151	15.9178	5.68034	0	0	0	0	0	0	0	0	0	0	0	0	0	0	0	0	0
00.000,00.000	8	0	-200	0	4.5	66.172	44.2885	15.966	5.91757	0	0	0	0	0	0	0	0	0	0	0	0	0	0	0	0	0
00.000,00.000	8.1	0	-200	0	4.5	66.8779	44.7059	16.0178	6.15425	0	0	0	0	0	0	0	0	0	0	0	0	0	0	0	0	0
00.000,00.000	8.2	0	-200	0	4.5	67.6337	45.1681	16.0752	6.39033	0	0	0	0	0	0	0	0	0	0	0	0	0	0	0	0	0
00.000,00.000	8.3	0	-200	0	4.5	68.4427	45.678	16.1388	6.62595	0	0	0	0	0	0	0	0	0	0	0	0	0	0	0	0	0
00.000,00.000	8.4	0	-200	0	4.5	69.3035	46.2336	16.2089	6.86092	0	0	0	0	0	0	0	0	0	0	0	0	0	0	0	0	0
00.000,00.000	8.5	0	-200	0	4.5	70.1968	46.8177	16.284	7.09501	0	0	0	0	0	0	0	0	0	0	0	0	0	0	0	0	0
00.000,00.000	8.6	0	-200	0	4.5	71.1445	47.4496	16.3662	7.32875	0	0	0	0	0	0	0	0	0	0	0	0	0	0	0	0	0
00.000,00.000	8.7	0	-200	0	4.5	72.139	48.1227	16.4546	7.56173	0	0	0	0	0	0	0	0	0	0	0	0	0	0	0	0	0
00.000,00.000	8.8	0	-200	0	4.5	73.1863	48.8421	16.55	7.7942	0	0	0	0	0	0	0	0	0	0	0	0	0	0	0	0	0
00.000,00.000	8.9	0	-200	0	4.5	74.2962	49.6173	16.6524	8.02639	0	0	0	0	0	0	0	0	0	0	0	0	0	0	0	0	0
00.000,00.000	9	0	-200	0	4.5	75.4603	50.4399	16.7625	8.25793	0	0	0	0	0	0	0	0	0	0	0	0	0	0	0	0	0
00.000,00.000	9.1	0	-200	0	4.5	76.6921	51.3216	16.8816	8.48884	0	0	0	0	0	0	0	0	0	0	0	0	0	0	0	0	0
00.000,00.000	9.2	0	-200	0	4.5	78.0019	52.2733	17.0092	8.71928	0	0	0	0	0	0	0	0	0	0	0	0	0	0	0	0	0
00.000,00.000	9.3	0	-200	0	4.5	79.3902	53.2949	17.1462	8.94913	0	0	0	0	0	0	0	0	0	0	0	0	0	0	0	0	0
00.000,00.000	9.4	0	-200	0	4.5	80.859	54.387	17.2935	9.17838	0	0	0	0	0	0	0	0	0	0	0	0	0	0	0	0	0
00.000,00.000	9.5	0	-200	0	4.5	82.3693	55.512	17.4505	9.40687	0	0	0	0	0	0	0	0	0	0	0	0	0	0	0	0	0
00.000,00.000	9.6	0	-200	0	4.5	83.96	56.7052	17.6199	9.63487	0	0	0	0	0	0	0	0	0	0	0	0	0	0	0	0	0
00.000,00.000	9.7	0	-200	0	4.5	85.6232	57.9589	17.8021	9.86225	0	0	0	0	0	0	0	0	0	0	0	0	0	0	0	0	0
00.000,00.000	9.8	0	-200	0	4.5	87.3647	59.2779	17.9976	10.037	0.0521584	0	0	0	0	0	0	0	0	0	0	0	0	0	0	0	0
00.000,00.000	9.9	0	-200	0	4.5	89.203	60.6798	18.2076	10.037	0.278606	0	0	0	0	0	0	0	0	0	0	0	0	0	0	0	0
00.000,00.000	10	0	-200	0	4.5	91.124	62.1518	18.4309	10.0369	0.504371	0	0	0	0	0	0	0	0	0	0	0	0	0	0	0	0
00.000,00.000	10.1	0	-200	0	4.5	93.1412	63.7057	18.6691	10.0369	0.72947	0	0	0	0	0	0	0	0	0	0	0	0	0	0	0	0
00.000,00.000	10.2	0	-200	0	4.5	95.2578	65.3465	18.9202	10.0369	0.954194	0	0	0	0	0	0	0	0	0	0	0	0	0	0	0	0
00.000,00.000	10.3	0	-200	0	4.5	97.4728	67.0728	19.1846	10.0369	1.17843	0	0	0	0	0	0	0	0	0	0	0	0	0	0	0	0
00.000,00.000	10.4	0	-200	0	4.5	99.793	68.891	19.462	10.0379	1.4021	0	0	0	0	0	0	0	0	0	0	0	0	0	0	0	0
00.000,00.000	10.5	0	-200	0	4.5	102.151	70.7388	19.7485	10.0392	1.62477	0	0	0	0	0	0	0	0	0	0	0	0	0	0	0	0
00.000,00.000	10.6	0	-200	0	4.5	104.606	72.6595	20.0588	10.0411	1.84689	0	0	0	0	0	0	0	0	0	0	0	0	0	0	0	0
00.000,00.000	10.7	0	-200	0	4.5	107.146	74.651	20.3816	10.0449	2.06865	0	0	0	0	0	0	0	0	0	0	0	0	0	0	0	0
00.000,00.000	10.8	0	-200	0	4.5	109.783	76.7268	20.7165	10.0495	2.28989	0	0	0	0	0	0	0	0	0	0	0	0	0	0	0	0
00.000,00.000	10.9	0	-200	0	4.5	112.549	78.917	21.0654	10.0557	2.51055	0	0	0	0	0	0	0	0	0	0	0	0	0	0	0	0
00.000,00.000	11	0	-200	0	4.5	115.421	81.1995	21.427	10.0637	2.73056	0	0	0	0	0	0	0	0	0	0	0	0	0	0	0	0
00.000,00.000	11.1	0	-200	0	4.5	118.408	83.5817	21.8029	10.0734	2.95015	0	0	0	0	0	0	0	0	0	0	0	0	0	0	0	0
00.000,00.000	11.2	0	-200	0	4.5	121.536	86.0881	22.1928	10.0862	3.16926	0	0	0	0	0	0	0	0	0	0	0	0	0	0	0	0
00.000,00.000	11.3	0	-200	0	4.5	124.822	88.7333	22.5996	10.1012	3.38781	0	0	0	0	0	0	0	0	0	0	0	0	0	0	0	0
00.000,00.000	11.4	0	-200	0	4.5	128.254	91.5053	23.0248	10.1186	3.6058	0	0	0	0	0	0	0	0	0	0	0	0	0	0	0	0
00.000,00.000	11.5	0	-200	0	4.5	131.748	94.3092	23.4778	10.1382	3.82287	0	0	0	0	0	0	0	0	0	0	0	0	0	0	0	0
00.000,00.000	11.6	0	-200	0	4.5	135.365	97.2081	23.9565	10.1607	4.03952	0	0	0	0	0	0	0	0	0	0	0	0	0	0	0	0
00.000,00.000	11.7	0	-200	0	4.5	139.073	100.183	24.4485	10.1855	4.25564	0	0	0	0	0	0	0	0	0	0	0	0	0	0	0	0
00.000,00.000	11.8	0	-200	0	4.5	142.893	103.252	24.9572	10.2127	4.47115	0	0	0	0	0	0	0	0	0	0	0	0	0	0	0	0
00.000,00.000	11.9	0	-200	0	4.5	146.872	106.459	25.4845	10.2422	4.6863	0	0	0	0	0	0	0	0	0	0	0	0	0	0	0	0
00.000,00.000	12	0	-200	0	4.5	151.013	109.804	26.0337	10.2745	4.90177	0	0	0	0	0	0	0	0	0	0	0	0	0	0	0	0
00.000,00.000	12.1	0	-200	0	4.5	155.293	113.262	26.605	10.3092	5.11755	0	0	0	0	0	0	0	0	0	0	0	0	0	0	0	0
00.000,00.000	12.2	0	-200	0	4.5	159.632	116.774	27.1808	10.3461	5.33153	0	0	0	0	0	0	0	0	0	0	0	0	0	0	0	0
00.000,00.000	12.3	0	-200	0	4.5	164.056	120.351	27.7755	10.3851	5.54469	0	0	0	0	0	0	0	0	0	0	0	0	0	0	0	0
00.000,00.000	12.4	0	-200	0	4.5	168.566	124.008	28.3728	10.4277	5.75722	0	0	0	0	0	0	0	0	0	0	0	0	0	0	0	0
00.000,00.000	12.5	0	-200	0	4.5	173.155	127.733	28.9769	10.4729	5.97203	0	0	0	0	0	0	0	0	0	0	0	0	0	0	0	0
00.000,00.000	12.6	0	-200	0	4.5	178.445	132.001	29.6984	10.5286	6.21684	0	0	0	0	0	0	0	0	0	0	0	0	0	0	0	0
00.000,00.000	12.7	0	-200	0	4.5	183.113	135.459	30.6434	10.5802	6.43053	0	0	0	0	0	0	0	0	0	0	0	0	0	0	0	0
00.000,00.000	12.8	0	-200	0	4.5	187.168	138.339	31.5884	10.6271	6.61335	0	0	0	0	0	0	0	0	0	0	0	0	0	0	0	0
00.000,00.000	12.9	0	-200	0	4.5	192.016	141.656	32.8492	10.6856	6.82516	0	0	0	0	0	0	0	0	0	0	0	0	0	0	0	0
00.000,00.000	13	0	-200	0	4.5	197.044	145.101	34.1509	10.749	7.04246	0	0	0	0	0	0	0	0	0	0	0	0	0	0	0	0
00.000,00.000	13.1	0	-200	0	4.5	201.969	148.497	35.4051	10.8141	7.25285	0	0	0	0	0	0	0	0	0	0	0	0	0	0	0	0
00.000,00.000	13.2	0	-200	0	4.5	206.94	151.718	36.8794	10.8823	7.46105	0	0	0	0	0	0	0	0	0	0	0	0	0	0	0	0
00.000,00.000	13.3	0	-200	0	4.5	212.008	155.015	38.3701	10.9543	7.6684	0	0	0	0	0	0	0	0	0	0	0	0	0	0	0	0
00.000,00.000	13.4	0	-200	0	4.5	217.163	158.379	39.8788	11.0299	7.87567	0	0	0	0	0	0	0	0	0	0	0	0	0	0	0	0
00.000,00.000	13.5	0	-200	0	4.5	222.787	162.04	41.5284	11.1161	8.10205	0	0	0	0	0	0	0	0	0	0	0	0	0	0	0	0
00.000,00.000	13.6	0	-200	0	4.5	229.074	166.151	43.3531	11.217	8.35294	0	0	0	0	0	0	0	0	0	0	0	0	0	0	0	0
00.000,00.000	13.7	0	-200	0	4.5	234.271	169.56	44.8474	11.3038	8.55925	0	0	0	0	0	0	0	0	0	0	0	0	0	0	0	0
00.000,00.000	13.8	0	-200	0	4.5	238.518	172.354	46.0587	11.3778	8.72725	0	0	0	0	0	0	0	0	0	0	0	0	0	0	0	0
00.000,00.000	13.9	0	-200	0	4.5	243.435	175.54	47.5104	11.466	8.91834	0	0	0	0	0	0	0	0	0	0	0	0	0	0	0	0
00.000,00.000	14	0	-200	0	4.5	249.234	179.313	49.2064	11.5737	9.14076	0	0	0	0	0	0	0	0	0	0	0	0	0	0	0	0
00.000,00.000	14.1	0	-200	0	4.5	254.74	182.9	50.8079	11.6793	9.35284	0	0	0	0	0	0	0	0	0	0	0	0	0	0	0	0
00.000,00.000	14.2	0	-200	0	4.5	260.137	186.41	52.385	11.7864	9.5562	0	0	0	0	0	0	0	0	0	0	0	0	0	0	0	0
00.000,00.000	14.3	0	-200	0	4.5	265.506	189.788	54.0609	11.8984	9.75909	0	0	0	0	0	0	0	0	0	0	0	0	0	0	0	0
00.000,00.000	14.4	0	-200	0	4.5	270.869	193.16	55.7331	12.0147	9.96136	0	0	0	0	0	0	0	0	0	0	0	0	0	0	0	0
00.000,00.000	14.5	0	-200	0	4.5	278.239	197.778	58.0441	12.1819	10.0829	0.151704	0	0	0	0	0	0	0	0	0	0	0	0	0	0	0
00.000,00.000	14.6	0	-200	0	4.5	284.605	201.747	60.0473	12.3333	10.0829	0.395083	0	0	0	0	0	0	0	0	0	0	0	0	0	0	0
00.000,00.000	14.7	0	-200	0	4.5	290.293	205.273	61.8492	12.4745	10.0829	0.612877	0	0	0	0	0	0	0	0	0	0	0	0	0	0	0
00.000,00.000	14.8	0	-200	0	4.5	296.022	208.81	63.672	12.6234	10.0829	0.833281	0	0	0	0	0	0	0	0	0	0	0	0	0	0	0
00.000,00.000	14.9	0	-200	0	4.5	298.885	210.573	64.5847	12.7008	10.0829	0.943482	0	0	0	0	0	0	0	0	0	0	0	0	0	0	0
00.000,00.000	15	0	-200	0	4.5	305.093	214.45	66.4976	12.8784	10.0829	1.18473	0	0	0	0	0	0	0	0	0	0	0	0	0	0	0
00.000,00.000	15.1	0	-200	0	4.5	310.65	217.865	68.2543	13.045	10.083	1.40324	0	0	0	0	0	0	0	0	0	0	0	0	0	0	0
00.000,00.000	15.2	0	-200	0	4.5	315.633	220.81	69.9369	13.2016	10.0839	1.6009	0	0	0	0	0	0	0	0	0	0	0	0	0	0	0
00.000,00.000	15.3	0	-200	0	4.5	320.561	223.695	71.6187	13.3637	10.0854	1.79819	0	0	0	0	0	0	0	0	0	0	0	0	0	0	0
00.000,00.000	15.4	0	-200	0	4.5	325.407	226.534	73.2587	13.5314	10.0874	1.99539	0	0	0	0	0	0	0	0	0	0	0	0	0	0	0
00.000,00.000	15.5	0	-200	0	4.5	335.67	232.505	76.7484	13.9047	10.0932	2.41944	0	0	0	0	0	0	0	0	0	0	0	0	0	0	0
00.000,00.000	15.6	0	-200	0	4.5	337.676	233.68	77.4171	13.9805	10.0947	2.50403	0	0	0	0	0	0	0	0	0	0	0	0	0	0	0
00.000,00.000	15.7	0	-200	0	4.5	341.843	236.025	78.8898	14.1471	10.0994	2.68223	0	0	0	0	0	0	0	0	0	0	0	0	0	0	0
00.000,00.000	15.8	0	-200	0	4.5	342.77	236.553	79.209	14.1855	10.1005	2.72254	0	0	0	0	0	0	0	0	0	0	0	0	0	0	0
00.000,00.000	15.9	0	-200	0	4.5	346.27	238.484	80.465	14.3378	10.1064	2.87616	0	0	0	0	0	0	0	0	0	0	0	0	0	0	0
00.000,00.000	16	0	-200	0	4.5	352.415	241.805	82.6584	14.6838	10.1194	3.14859	0	0	0	0	0	0	0	0	0	0	0	0	0	0	0
00.000,00.000	16.1	0	-200	0	4.5	357.266	244.401	84.1443	15.2152	10.1309	3.37481	0	0	0	0	0	0	0	0	0	0	0	0	0	0	0
00.000,00.000	16.2	0	-200	0	4.5	361.604	246.724	85.4788	15.69	10.1428	3.56774	0	0	0	0	0	0	0	0	0	0	0	0	0	0	0
00.000,00.000	16.3	0	-200	0	4.5	365.916	249.013	86.8119	16.1745	10.1561	3.7603	0	0	0	0	0	0	0	0	0	0	0	0	0	0	0
00.000,00.000	16.4	0	-200	0	4.5	370.209	251.287	88.0553	16.7408	10.1735	3.95246	0	0	0	0	0	0	0	0	0	0	0	0	0	0	0
00.000,00.000	16.5	0	-200	0	4.5	383.15	258.01	91.4345	18.9752	10.2335	4.49706	0	0	0	0	0	0	0	0	0	0	0	0	0	0	0
00.000,00.000	16.6	0	-200	0	4.5	385.717	259.296	92.1321	19.4289	10.2465	4.61318	0	0	0	0	0	0	0	0	0	0	0	0	0	0	0
00.000,00.000	16.7	0	-200	0	4.5	405.483	269.168	97.2953	23.1534	10.3775	5.48854	0	0	0	0	0	0	0	0	0	0	0	0	0	0	0
00.000,00.000	16.8	0	-200	0	4.5	410.167	271.443	98.5189	24.0865	10.4105	5.70809	0	0	0	0	0	0	0	0	0	0	0	0	0	0	0
00.000,00.000	16.9	0	-200	0	4.5	421.823	277.088	101.131	26.8215	10.5149	6.26813	0	0	0	0	0	0	0	0	0	0	0	0	0	0	0
00.000,00.000	17	0	-200	0	4.5	428.603	280.454	102.572	28.4217	10.578	6.57735	0	0	0	0	0	0	0	0	0	0	0	0	0	0	0
00.000,00.000	17.1	0	-200	0	4.5	432.701	282.488	103.429	29.3974	10.6224	6.76403	0	0	0	0	0	0	0	0	0	0	0	0	0	0	0
00.000,00.000	17.2	0	-200	0	4.5	436.782	284.519	104.273	30.3706	10.6705	6.94937	0	0	0	0	0	0	0	0	0	0	0	0	0	0	0
00.000,00.000	17.3	0	-200	0	4.5	440.891	286.557	105.137	31.3413	10.7233	7.13293	0	0	0	0	0	0	0	0	0	0	0	0	0	0	0
00.000,00.000	17.4	0	-200	0	4.5	445.029	288.604	106.009	32.3172	10.7831	7.31647	0	0	0	0	0	0	0	0	0	0	0	0	0	0	0
00.000,00.000	17.5	0	-200	0	4.5	460.338	296.138	109.396	35.8404	11.0204	7.94322	0	0	0	0	0	0	0	0	0	0	0	0	0	0	0
00.000,00.000	17.6	0	-200	0	4.5	463.393	297.609	110.124	36.512	11.0698	8.078	0	0	0	0	0	0	0	0	0	0	0	0	0	0	0
00.000,00.000	17.7	0	-200	0	4.5	482.345	306.13	114.653	41.2088	11.4447	8.9077	0	0	0	0	0	0	0	0	0	0	0	0	0	0	0
00.000,00.000	17.8	0	-200	0	4.5	486.924	308.302	115.734	42.2409	11.5337	9.11318	0	0	0	0	0	0	0	0	0	0	0	0	0	0	0
00.000,00.000	17.9	0	-200	0	4.5	501.272	314.563	119.121	45.8463	11.9419	9.51514	0.284945	0	0	0	0	0	0	0	0	0	0	0	0	0	0
00.000,00.000	18	0	-200	0	4.5	508.378	317.757	120.729	47.1162	12.6323	9.51113	0.631824	0	0	0	0	0	0	0	0	0	0	0	0	0	0
00.000,00.000	18.1	0	-200	0	4.5	512.16	319.709	121.507	47.7055	12.9411	9.51467	0.782349	0	0	0	0	0	0	0	0	0	0	0	0	0	0
00.000,00.000	18.2	0	-200	0	4.5	517.184	322.39	122.493	48.4635	13.3435	9.51467	0.979416	0	0	0	0	0	0	0	0	0	0	0	0	0	0
00.000,00.000	18.3	0	-200	0	4.5	522.293	324.99	123.536	49.2768	13.7843	9.51467	1.1914	0	0	0	0	0	0	0	0	0	0	0	0	0	0
00.000,00.000	18.4	0	-200	0	4.5	526.443	327.05	124.447	49.8526	14.2168	9.51467	1.36094	0	0	0	0	0	0	0	0	0	0	0	0	0	0
00.000,00.000	18.5	0	-200	0	4.5	551.001	338.711	130.395	52.5467	17.5456	9.51538	2.28685	0	0	0	0	0	0	0	0	0	0	0	0	0	0
00.000,00.000	18.6	0	-200	0	4.5	555.971	340.955	131.717	53.0441	18.251	9.51609	2.48798	0	0	0	0	0	0	0	0	0	0	0	0	0	0
00.000,00.000	18.7	0	-200	0	4.5	604.472	359.081	145.853	59.1314	26.2035	9.55019	4.65336	0	0	0	0	0	0	0	0	0	0	0	0	0	0
00.000,00.000	18.8	0	-200	0	4.5	617.59	363.28	150.725	60.1116	28.7014	9.562	5.20967	0	0	0	0	0	0	0	0	0	0	0	0	0	0
00.000,00.000	18.9	0	-200	0	4.5	638.185	369.686	159.592	61.4937	31.9102	9.6018	5.90227	0	0	0	0	0	0	0	0	0	0	0	0	0	0
00.000,00.000	19	0	-200	0	4.5	650.489	372.8	165.284	62.4205	33.9869	9.63397	6.3634	0	0	0	0	0	0	0	0	0	0	0	0	0	0
00.000,00.000	19.1	0	-200	0	4.5	655.764	374.13	167.74	62.8298	34.8568	9.65161	6.55559	0	0	0	0	0	0	0	0	0	0	0	0	0	0
00.000,00.000	19.2	0	-200	0	4.5	660.591	375.362	169.979	63.2143	35.6381	9.67121	6.72697	0	0	0	0	0	0	0	0	0	0	0	0	0	0
00.000,00.000	19.3	0	-200	0	4.5	665.613	376.653	172.302	63.6247	36.4064	9.72489	6.90126	0	0	0	0	0	0	0	0	0	0	0	0	0	0
00.000,00.000	19.4	0	-200	0	4.5	670.721	377.973	174.657	64.0557	36.9886	9.97133	7.07497	0	0	0	0	0	0	0	0	0	0	0	0	0	0
00.000,00.000	19.5	0	-200	0	4.5	676.106	379.344	177.137	64.529	37.6063	10.233	7.25755	0	0	0	0	0	0	0	0	0	0	0	0	0	0
00.000,00.000	19.6	0	-200	0	4.5	681.043	380.574	179.402	64.982	38.1822	10.4767	7.4264	0	0	0	0	0	0	0	0	0	0	0	0	0	0
00.000,00.000	19.7	0	-200	0	4.5	685.975	381.875	181.57	65.4535	38.7607	10.722	7.59429	0	0	0	0	0	0	0	0	0	0	0	0	0	0
00.000,00.000	19.8	0	-200	0	4.5	690.949	383.163	183.716	65.9579	39.3647	10.9793	7.76824	0	0	0	0	0	0	0	0	0	0	0	0	0	0
00.000,00.000	19.9	0	-200	0	4.5	717.009	389.819	194.823	68.6834	42.6179	12.3646	8.70072	0	0	0	0	0	0	0	0	0	0	0	0	0	0
00.000,00.000	20	0	-200	0	4.5	722.519	391.294	197.145	69.2494	43.2188	12.7199	8.89164	0	0	0	0	0	0	0	0	0	0	0	0	0	0
00.000,00.000	20.1	0	-200	0	4.5	740.637	396.473	204.607	71.1468	44.7608	14.1726	9.05821	0.418402	0	0	0	0	0	0	0	0	0	0	0	0	0
00.000,00.000	20.2	0	-200	0	4.5	750.468	399.28	208.673	72.1844	45.5319	15.0094	9.05821	0.730623	0	0	0	0	0	0	0	0	0	0	0	0	0
00.000,00.000	20.3	0	-200	0	4.5	756.078	400.944	210.964	72.7777	45.9639	15.4693	9.05821	0.900202	0	0	0	0	0	0	0	0	0	0	0	0	0
00.000,00.000	20.4	0	-200	0	4.5	768.418	404.678	215.514	74.54	46.9075	16.4578	9.05821	1.26213	0	0	0	0	0	0	0	0	0	0	0	0	0
00.000,00.000	20.5	0	-200	0	4.5	771.256	405.528	216.544	74.9722	47.1255	16.6844	9.05821	1.34482	0	0	0	0	0	0	0	0	0	0	0	0	0
00.000,00.000	20.6	0	-200	0	4.5	780.241	408.338	219.674	76.3404	47.8263	17.4006	9.05821	1.60306	0	0	0	0	0	0	0	0	0	0	0	0	0
00.000,00.000	20.7	0	-200	0	4.5	787.618	410.674	222.246	77.462	48.3954	17.9733	9.05821	1.80858	0	0	0	0	0	0	0	0	0	0	0	0	0
00.000,00.000	20.8	0	-200	0	4.5	793.866	412.689	224.388	78.4151	48.8815	18.4539	9.05821	1.97955	0	0	0	0	0	0	0	0	0	0	0	0	0
00.000,00.000	20.9	0	-200	0	4.5	825.136	423.074	234.772	83.1859	51.356	20.8591	9.05854	2.83067	0	0	0	0	0	0	0	0	0	0	0	0	0
00.000,00.000	21	0	-200	0	4.5	831.774	425.311	237.025	84.1491	51.8734	21.3521	9.05904	3.00468	0	0	0	0	0	0	0	0	0	0	0	0	0
00.000,00.000	21.1	0	-200	0	4.5	853.159	432.839	244.051	87.2953	53.5208	22.8567	9.06601	3.53005	0	0	0	0	0	0	0	0	0	0	0	0	0
00.000,00.000	21.2	0	-200	0	4.5	865.215	437.042	247.947	89.1809	54.4395	23.7124	9.07094	3.82276	0	0	0	0	0	0	0	0	0	0	0	0	0
00.000,00.000	21.3	0	-200	0	4.5	872.453	439.635	249.986	90.561	54.8691	24.334	9.07524	3.99189	0	0	0	0	0	0	0	0	0	0	0	0	0
00.000,00.000	21.4	0	-200	0	4.5	889.918	446.006	254.712	94.0039	55.8871	25.8321	9.08858	4.38908	0	0	0	0	0	0	0	0	0	0	0	0	0
00.000,00.000	21.5	0	-200	0	4.5	893.834	447.429	255.734	94.8149	56.1074	26.1787	9.09201	4.47767	0	0	0	0	0	0	0	0	0	0	0	0	0
00.000,00.000	21.6	0	-200	0	4.5	906.4	452.056	258.995	97.3669	56.8463	27.2736	9.10655	4.75625	0	0	0	0	0	0	0	0	0	0	0	0	0
00.000,00.000	21.7	0	-200	0	4.5	946.303	465.405	269.232	106.018	59.542	31.1765	9.16706	5.76218	0	0	0	0	0	0	0	0	0	0	0	0	0
00.000,00.000	21.8	0	-200	0	4.5	960.683	470.884	272.907	108.751	60.4445	32.2398	9.37459	6.08282	0	0	0	0	0	0	0	0	0	0	0	0	0
00.000,00.000	21.9	0	-200	0	4.5	960.998	470.996	272.992	108.813	60.4652	32.2605	9.38134	6.08964	0	0	0	0	0	0	0	0	0	0	0	0	0
00.000,00.000	22	0	-200	0	4.5	963.173	471.84	273.563	109.212	60.6046	32.3814	9.43822	6.13308	0	0	0	0	0	0	0	0	0	0	0	0	0
00.000,00.000	22.1	0	-200	0	4.5	986.369	480.673	279.756	113.493	62.1303	33.7476	9.97298	6.59562	0	0	0	0	0	0	0	0	0	0	0	0	0
00.000,00.000	22.2	0	-200	0	4.5	999.689	485.519	283.485	115.982	63.0302	34.5095	10.3039	6.85975	0	0	0	0	0	0	0	0	0	0	0	0	0
00.000,00.000	22.3	0	-200	0	4.5	1008.17	488.735	285.807	117.524	63.6028	34.977	10.5075	7.0202	0	0	0	0	0	0	0	0	0	0	0	0	0
00.000,00.000	22.4	0	-200	0	4.5	1039.23	500.552	294.496	122.909	65.7577	36.6705	11.2452	7.59625	0	0	0	0	0	0	0	0	0	0	0	0	0
00.000,00.000	22.5	0	-200	0	4.5	1046.9	503.379	296.843	123.907	66.5073	37.0961	11.431	7.74048	0	0	0	0	0	0	0	0	0	0	0	0	0
00.000,00.000	22.6	0	-200	0	4.5	1062.84	509.172	301.588	126.107	68.1211	37.9918	11.821	8.03911	0	0	0	0	0	0	0	0	0	0	0	0	0
00.000,00.000	22.7	0	-200	0	4.5	1108.8	523.624	315.509	132.888	73.568	40.1697	13.9909	9.05151	0	0	0	0	0	0	0	0	0	0	0	0	0
00.000,00.000	22.8	0	-200	0	4.5	1158.41	542.892	328.985	139.647	78.7123	42.0048	16.193	9.501	0.472221	0	0	0	0	0	0	0	0	0	0	0	0
00.000,00.000	22.9	0	-200	0	4.5	1162.92	544.438	330.346	140.309	79.1865	42.1809	16.4004	9.501	0.558374	0	0	0	0	0	0	0	0	0	0	0	0
00.000,00.000	23	0	-200	0	4.5	1224.31	560.939	353.117	149.63	85.6835	44.5979	19.1578	9.501	1.68008	0	0	0	0	0	0	0	0	0	0	0	0
00.000,00.000	23.1	0	-200	0	4.5	1250.28	567.331	363.046	153.782	88.469	45.6518	20.3385	9.50149	2.15814	0	0	0	0	0	0	0	0	0	0	0	0
00.000,00.000	23.2	0	-200	0	4.5	1259.57	569.712	366.543	155.231	89.501	46.0281	20.7399	9.50289	2.318	0	0	0	0	0	0	0	0	0	0	0	0
00.000,00.000	23.3	0	-200	0	4.5	1269.54	572.31	370.259	156.78	90.6105	46.4345	21.1619	9.50468	2.48437	0	0	0	0	0	0	0	0	0	0	0	0
00.000,00.000	23.4	0	-200	0	4.5	1289.11	577.626	377.462	159.763	92.7598	47.2286	21.9607	9.50926	2.79607	0	0	0	0	0	0	0	0	0	0	0	0
00.000,00.000	23.5	0	-200	0	4.5	1293.63	578.844	379.127	160.461	93.2619	47.4151	22.1453	9.51047	2.86767	0	0	0	0	0	0	0	0	0	0	0	0
00.000,00.000	23.6	0	-200	0	4.5	1333.01	589.046	393.272	166.598	97.9691	49.2	23.8696	9.52555	3.53069	0	0	0	0	0	0	0	0	0	0	0	0
00.000,00.000	23.7	0	-200	0	4.5	1343.17	591.964	396.814	168.15	99.0861	49.659	24.2788	9.52971	3.68701	0	0	0	0	0	0	0	0	0	0	0	0
00.000,00.000	23.8	0	-200	0	4.5	1344.19	592.257	397.173	168.304	99.2005	49.7043	24.3189	9.53025	3.70218	0	0	0	0	0	0	0	0	0	0	0	0
00.000,00.000	23.9	0	-200	0	4.5	1382.09	603.772	410.284	173.829	103.331	51.3407	25.7467	9.55305	4.23731	0	0	0	0	0	0	0	0	0	0	0	0
00.000,00.000	24	0	-200	0	4.5	1391.95	606.753	413.738	175.283	104.371	51.6341	26.2432	9.55943	4.37372	0	0	0	0	0	0	0	0	0	0	0	0
00.000,00.000	24.1	0	-200	0	4.5	1420.23	615.654	423.509	179.42	107.24	52.5655	27.3537	9.74296	4.74058	0	0	0	0	0	0	0	0	0	0	0	0
00.000,00.000	24.2	0	-200	0	4.5	1438.78	621.45	429.932	182.2	109.118	53.1279	27.9479	10.0287	4.9777	0	0	0	0	0	0	0	0	0	0	0	0
00.000,00.000	24.3	0	-200	0	4.5	1452.03	625.737	434.442	184.143	110.342	53.6392	28.3606	10.227	5.14059	0	0	0	0	0	0	0	0	0	0	0	0
00.000,00.000	24.4	0	-200	0	4.5	1465.65	630.217	439.013	186.141	111.489	54.2763	28.7778	10.4272	5.30398	0	0	0	0	0	0	0	0	0	0	0	0
00.000,00.000	24.5	0	-200	0	4.5	1479.39	634.845	443.548	188.179	112.647	54.8805	29.1976	10.6287	5.46721	0	0	0	0	0	0	0	0	0	0	0	0
00.000,00.000	24.6	0	-200	0	4.5	1493.15	639.559	448.094	190.232	113.808	55.3696	29.6213	10.8327	5.6315	0	0	0	0	0	0	0	0	0	0	0	0
00.000,00.000	24.7	0	-200	0	4.5	1506.94	644.429	452.471	192.316	114.962	55.8915	30.0412	11.034	5.79261	0	0	0	0	0	0	0	0	0	0	0	0
00.000,00.000	24.8	0	-200	0	4.5	1520.73	649.484	456.549	194.456	116.154	56.4249	30.4692	11.2396	5.95579	0	0	0	0	0	0	0	0	0	0	0	0
00.000,00.000	24.9	0	-200	0	4.5	1569.1	667.379	470.67	201.942	120.384	58.2833	31.9621	11.9576	6.52211	0	0	0	0	0	0	0	0	0	0	0	0
00.000,00.000	25	0	-200	0	4.5	1579.23	671.244	473.456	203.564	121.262	58.6819	32.2744	12.1071	6.63941	0	0	0	0	0	0	0	0	0	0	0	0
00.000,00.000	25.1	0	-200	0	4.5	1612.83	684.217	482.378	209.159	124.246	59.9716	33.2691	12.5797	7.00561	0	0	0	0	0	0	0	0	0	0	0	0
00.000,00.000	25.2	0	-200	0	4.5	1634.6	692.727	487.976	212.843	126.218	60.8027	33.9164	12.8721	7.24219	0	0	0	0	0	0	0	0	0	0	0	0
00.000,00.000	25.3	0	-200	0	4.5	1649.69	698.736	491.886	215.442	127.597	61.3875	34.2993	12.9337	7.40358	0	0	0	0	0	0	0	0	0	0	0	0
00.000,00.000	25.4	0	-200	0	4.5	1673.11	708.19	497.884	219.552	129.737	62.3072	34.7038	13.0887	7.65021	0	0	0	0	0	0	0	0	0	0	0	0
00.000,00.000	25.5	0	-200	0	4.5	1684.69	712.847	500.835	221.583	130.741	62.762	34.8987	13.2512	7.77162	0	0	0	0	0	0	0	0	0	0	0	0
00.000,00.000	25.6	0	-200	0	4.5	1684.64	712.845	500.826	221.587	130.696	62.7588	34.8862	13.2709	7.77162	0	0	0	0	0	0	0	0	0	0	0	0
00.000,00.000	25.7	0	-200	0	4.5	1684.82	712.919	500.871	221.619	130.711	62.7665	34.89	13.2717	7.77347	0	0	0	0	0	0	0	0	0	0	0	0
00.000,00.000	25.8	0	-200	0	4.5	1778.92	751.623	524.202	237.975	139.124	66.8233	36.8332	13.6	8.73526	0	0	0	0	0	0	0	0	0	0	0	0
00.000,00.000	25.9	0	-200	0	4.5	1810.18	764.507	531.701	243.483	142.001	68.2656	37.4749	13.6803	8.9405	0.126341	0	0	0	0	0	0	0	0	0	0	0
00.000,00.000	26	0	-200	0	4.5	1811.46	765.048	532.011	243.698	142.117	68.3228	37.501	13.6838	8.94469	0.134849	0	0	0	0	0	0	0	0	0	0	0
00.000,00.000	26.1	0	-200	0	4.5	1814.25	766.231	532.676	244.163	142.367	68.45	37.5595	13.6921	8.94891	0.158018	0	0	0	0	0	0	0	0	0	0	0
00.000,00.000	26.2	0	-200	0	4.5	1816.95	767.376	533.326	244.609	142.609	68.5753	37.6168	13.7004	8.95204	0.181273	0	0	0	0	0	0	0	0	0	0	0
00.000,00.000	26.3	0	-200	0	4.5	1818.4	767.992	533.675	244.845	142.741	68.6426	37.648	13.705	8.95568	0.191474	0	0	0	0	0	0	0	0	0	0	0
00.000,00.000	26.4	0	-200	0	4.5	1818.63	768.093	533.732	244.883	142.762	68.6536	37.6532	13.7058	8.95548	0.193922	0	0	0	0	0	0	0	0	0	0	0
00.000,00.000	26.5	0	-200	0	4.5	1819.65	768.529	533.978	245.045	142.857	68.7018	37.6761	13.7095	8.95832	0.200663	0	0	0	0	0	0	0	0	0	0	0
00.000,00.000	26.6	0	-200	0	4.5	1821.11	769.141	534.326	245.28	142.995	68.7735	37.7102	13.7151	8.96161	0.211474	0	0	0	0	0	0	0	0	0	0	0
00.000,00.000	26.7	0	-200	0	4.5	1876.19	792.702	547.451	253.903	148.053	71.4639	38.9966	13.9321	9.04468	0.641066	0	0	0	0	0	0	0	0	0	0	0
00.000,00.000	26.8	0	-200	0	4.5	1906.28	803.613	556.381	258.706	150.842	72.9789	39.7256	14.0571	9.04468	0.927733	0	0	0	0	0	0	0	0	0	0	0
00.000,00.000	26.9	0	-200	0	4.5	1947.6	818.318	568.5	265.329	154.863	75.1724	40.7927	14.2442	9.04468	1.3333	0	0	0	0	0	0	0	0	0	0	0
00.000,00.000	27	0	-200	0	4.5	1956.52	821.505	571.079	266.754	155.741	75.6565	41.0288	14.2861	9.04468	1.42148	0	0	0	0	0	0	0	0	0	0	0
00.000,00.000	27.1	0	-200	0	4.5	1986.26	832.033	579.759	271.434	158.71	77.2979	41.8372	14.4331	9.04468	1.71112	0	0	0	0	0	0	0	0	0	0	0
00.000,00.000	27.2	0	-200	0	4.5	2000.88	837.32	583.736	273.786	160.226	78.1423	42.2554	14.51	9.04468	1.85856	0	0	0	0	0	0	0	0	0	0	0
00.000,00.000	27.3	0	-200	0	4.5	2003.45	838.249	584.437	274.192	160.493	78.2916	42.3303	14.5241	9.04468	1.88418	0	0	0	0	0	0	0	0	0	0	0
00.000,00.000	27.4	0	-200	0	4.5	2003.73	838.355	584.514	274.237	160.523	78.3086	42.3389	14.5258	9.04468	1.88707	0	0	0	0	0	0	0	0	0	0	0
00.000,00.000	27.5	0	-200	0	4.5	2098.49	872.592	610.457	288.769	170.464	83.967	45.2666	15.0968	9.04489	2.8314	0	0	0	0	0	0	0	0	0	0	0
00.000,00.000	27.6	0	-200	0	4.5	2128.21	883.127	618.818	293.161	173.646	85.728	46.2477	15.289	9.04533	3.14558	0	0	0	0	0	0	0	0	0	0	0
00.000,00.000	27.7	0	-200	0	4.5	2129.57	883.622	619.195	293.36	173.79	85.8104	46.2931	15.2979	9.04544	3.15928	0	0	0	0	0	0	0	0	0	0	0
00.000,00.000	27.8	0	-200	0	4.5	2170.18	898.217	630.405	298.898	178.471	88.2968	47.6909	15.5768	9.04977	3.57114	0	0	0	0	0	0	0	0	0	0	0
00.000,00.000	27.9	0	-200	0	4.5	2182.31	902.574	633.709	300.457	179.974	89.0521	48.1286	15.6645	9.05128	3.69888	0	0	0	0	0	0	0	0	0	0	0
00.000,00.000	28	0	-200	0	4.5	2183.7	903.082	634.09	300.632	180.143	89.1385	48.1784	15.6745	9.05152	3.71272	0	0	0	0	0	0	0	0	0	0	0
00.000,00.000	28.1	0	-200	0	4.5	2185.22	903.635	634.504	300.819	180.327	89.2329	48.2333	15.6857	9.05182	3.7276	0	0	0	0	0	0	0	0	0	0	0
00.000,00.000	28.2	0	-200	0	4.5	2186.56	904.125	634.873	300.981	180.489	89.3167	48.2826	15.6958	9.05212	3.74051	0	0	0	0	0	0	0	0	0	0	0
00.000,00.000	28.3	0	-200	0	4.5	2187.73	904.559	635.196	301.12	180.631	89.391	48.3265	15.7048	9.05243	3.75167	0	0	0	0	0	0	0	0	0	0	0
00.000,00.000	28.4	0	-200	0	4.5	2187.92	904.625	635.248	301.141	180.653	89.4025	48.3335	15.7063	9.05248	3.75341	0	0	0	0	0	0	0	0	0	0	0
00.000,00.000	28.5	0	-200	0	4.5	2291.79	943.862	662.359	313.187	193.461	96.1319	52.2268	16.7553	9.08767	4.7241	0	0	0	0	0	0	0	0	0	0	0
00.000,00.000	28.6	0	-200	0	4.5	2331.12	956.878	672.659	318.204	198.941	98.9896	53.6251	17.5634	9.10535	5.15791	0	0	0	0	0	0	0	0	0	0	0
00.000,00.000	28.7	0	-200	0	4.5	2432.11	990.751	697.343	331.108	213.315	106.805	57.5327	19.7823	9.16665	6.30621	0	0	0	0	0	0	0	0	0	0	0
00.000,00.000	28.8	0	-200	0	4.5	2453.92	999.077	702.497	333.57	216.125	108.387	58.3243	20.2252	9.17994	6.53022	0	0	0	0	0	0	0	0	0	0	0
00.000,00.000	28.9	0	-200	0	4.5	2489.2	1012.72	710.939	337.436	220.551	110.92	59.6161	20.9379	9.208	6.8697	0	0	0	0	0	0	0	0	0	0	0
00.000,00.000	29	0	-200	0	4.5	2518.74	1024.61	717.977	340.532	224.104	113.012	60.6006	21.5275	9.23333	7.14389	0	0	0	0	0	0	0	0	0	0	0
00.000,00.000	29.1	0	-200	0	4.5	2540.87	1033.83	723.199	342.728	226.7	114.539	61.3254	21.9619	9.25443	7.33843	0	0	0	0	0	0	0	0	0	0	0
00.000,00.000	29.2	0	-200	0	4.5	2558.21	1041.03	727.274	344.42	228.748	115.754	61.9125	22.3086	9.27291	7.48844	0	0	0	0	0	0	0	0	0	0	0
00.000,00.000	29.3	0	-200	0	4.5	2574.12	1047.84	730.936	345.901	230.589	116.86	62.453	22.6264	9.29156	7.62098	0	0	0	0	0	0	0	0	0	0	0
00.000,00.000	29.4	0	-200	0	4.5	2623.76	1069.59	742.293	350.28	236.172	120.283	64.1493	23.6183	9.3571	8.01918	0	0	0	0	0	0	0	0	0	0	0
00.000,00.000	29.5	0	-200	0	4.5	2651	1081.55	748.495	352.518	239.225	122.244	65.0644	24.1805	9.4775	8.23955	0	0	0	0	0	0	0	0	0	0	0
00.000,00.000	29.6	0	-200	0	4.5	2667.21	1088.49	752.153	353.851	241.076	123.434	65.6426	24.53	9.6662	8.3718	0	0	0	0	0	0	0	0	0	0	0
00.000,00.000	29.7	0	-200	0	4.5	2681.77	1094.01	755.315	355.144	243.032	124.693	66.2717	24.9176	9.87775	8.42485	0.0910692	0	0	0	0	0	0	0	0	0	0
00.000,00.000	29.8	0	-200	0	4.5	2834.4	1165.29	787.661	365.828	258.861	135.504	71.7049	28.1887	11.6862	8.51284	1.1633	0	0	0	0	0	0	0	0	0	0
00.000,00.000	29.9	0	-200	0	4.5	2858.39	1174.73	793.502	367.622	261.395	137.718	72.704	28.7979	12.0231	8.51284	1.37677	0	0	0	0	0	0	0	0	0	0
00.000,00.000	30	0	-200	0	4.5	2862.71	1176.35	794.687	367.931	261.817	138.128	72.8825	28.9067	12.0832	8.51284	1.4126	0	0	0	0	0	0	0	0	0	0
00.000,00.000	30.1	0	-200	0	4.5	2913.59	1195.93	808.514	371.762	266.699	142.425	74.9645	30.1752	12.785	8.51284	1.82285	0	0	0	0	0	0	0	0	0	0
00.000,00.000	30.2	0	-200	0	4.5	2939.81	1205.87	816.134	373.657	269.133	144.423	76.054	30.8388	13.1528	8.51284	2.03367	0	0	0	0	0	0	0	0	0	0
00.000,00.000	30.3	0	-200	0	4.5	2954.4	1211.55	820.156	374.747	270.506	145.523	76.6723	31.2167	13.3628	8.51284	2.14983	0	0	0	0	0	0	0	0	0	0
00.000,00.000	30.4	0	-200	0	4.5	3027.98	1240.89	840.497	380.227	277.288	150.836	79.5512	33.0447	14.4186	8.51323	2.71509	0	0	0	0	0	0	0	0	0	0
00.000,00.000	30.5	0	-200	0	4.5	3061.68	1254.37	849.841	382.781	280.383	153.207	80.8298	33.8566	14.9205	8.51412	2.97948	0	0	0	0	0	0	0	0	0	0
00.000,00.000	30.6	0	-200	0	4.5	3075.44	1259.55	853.518	383.948	281.741	154.274	81.4275	34.234	15.1471	8.51521	3.09487	0	0	0	0	0	0	0	0	0	0
00.000,00.000	30.7	0	-200	0	4.5	3089.46	1265.41	857.044	385.061	283.018	155.254	81.9994	34.5919	15.363	8.5167	3.2019	0	0	0	0	0	0	0	0	0	0
00.000,00.000	30.8	0	-200	0	4.5	3103.16	1270.72	860.53	386.251	284.365	156.29	82.6145	34.9637	15.5947	8.51879	3.31366	0	0	0	0	0	0	0	0	0	0
00.000,00.000	30.9	0	-200	0	4.5	3137.28	1285.28	868.445	389.08	287.515	158.761	84.0903	35.8495	16.1574	8.52501	3.57843	0	0	0	0	0	0	0	0	0	0
00.000,00.000	31	0	-200	0	4.5	3141.83	1287.15	869.569	389.489	287.934	159.073	84.2788	35.9548	16.2361	8.526	3.61491	0	0	0	0	0	0	0	0	0	0
00.000,00.000	31.1	0	-200	0	4.5	3168.12	1297.7	876.203	391.8	290.333	160.961	85.4411	36.6365	16.6878	8.53506	3.81601	0	0	0	0	0	0	0	0	0	0
00.000,00.000	31.2	0	-200	0	4.5	3178.1	1302.05	878.631	392.636	291.127	161.638	85.85	36.8737	16.8607	8.53883	3.89225	0	0	0	0	0	0	0	0	0	0
00.000,00.000	31.3	0	-200	0	4.5	3179.25	1302.54	878.912	392.733	291.223	161.718	85.9007	36.9015	16.883	8.53938	3.90064	0	0	0	0	0	0	0	0	0	0
00.000,00.000	31.4	0	-200	0	4.5	3179.43	1302.62	878.956	392.748	291.237	161.73	85.9081	36.9038	16.8883	8.53947	3.90197	0	0	0	0	0	0	0	0	0	0
00.000,00.000	31.5	0	-200	0	4.5	3180.12	1302.94	879.115	392.801	291.291	161.775	85.9375	36.9181	16.9025	8.53987	3.90649	0	0	0	0	0	0	0	0	0	0
00.000,00.000	31.6	0	-200	0	4.5	3180.26	1302.99	879.151	392.814	291.302	161.785	85.9441	36.92	16.9072	8.53998	3.90761	0	0	0	0	0	0	0	0	0	0
00.000,00.000	31.7	0	-200	0	4.5	3274.29	1347.86	899.496	399.797	298.376	167.655	90.0885	38.5656	19.1507	8.76992	4.52723	0	0	0	0	0	0	0	0	0	0
00.000,00.000	31.8	0	-200	0	4.5	3335.6	1372.05	913.465	405.175	303.855	172.615	93.3045	39.8704	20.4565	9.7436	5.06246	0	0	0	0	0	0	0	0	0	0
00.000,00.000	31.9	0	-200	0	4.5	3378.25	1390.52	922.967	408.759	307.225	175.723	95.3772	40.6823	21.2691	10.3448	5.38419	0	0	0	0	0	0	0	0	0	0
00.000,00.000	32	0	-200	0	4.5	3381.49	1391.87	923.693	409.056	307.471	175.969	95.5347	40.7587	21.334	10.3925	5.4094	0	0	0	0	0	0	0	0	0	0
00.000,00.000	32.1	0	-200	0	4.5	3453.52	1423.24	939.803	415.134	312.87	181.075	99.1375	42.2266	22.7184	11.3983	5.92051	0	0	0	0	0	0	0	0	0	0
00.000,00.000	32.2	0	-200	0	4.5	3484.31	1436.67	946.673	417.834	315.045	183.174	100.676	42.9306	23.3285	11.8413	6.14277	0	0	0	0	0	0	0	0	0	0
00.000,00.000	32.3	0	-200	0	4.5	3497.01	1442.66	949.37	418.84	315.926	183.961	101.281	43.1823	23.5621	12.0103	6.22448	0	0	0	0	0	0	0	0	0	0
00.000,00.000	32.4	0	-200	0	4.5	3578.99	1482.01	966.899	425.118	321.346	188.895	105.195	44.6343	25.0666	13.0952	6.73351	0	0	0	0	0	0	0	0	0	0
00.000,00.000	32.5	0	-200	0	4.5	3603.11	1493.88	972.03	427.011	322.702	190.357	106.305	44.986	25.5273	13.4267	6.88755	0	0	0	0	0	0	0	0	0	0
00.000,00.000	32.6	0	-200	0	4.5	3619.61	1501.37	975.683	428.36	323.785	191.402	107.188	45.2859	25.8687	13.6713	6.99599	0	0	0	0	0	0	0	0	0	0
00.000,00.000	32.7	0	-200	0	4.5	3694.27	1536.57	990.196	434.349	328.647	196.263	111.383	46.7854	27.6095	14.9221	7.53756	0	0	0	0	0	0	0	0	0	0
00.000,00.000	32.8	0	-200	0	4.5	3718.99	1548.13	995.175	436.399	330.238	197.906	112.637	47.2783	28.1842	15.3284	7.71018	0	0	0	0	0	0	0	0	0	0
00.000,00.000	32.9	0	-200	0	4.5	3718.88	1548.09	995.148	436.396	330.218	197.912	112.604	47.2834	28.1846	15.3284	7.71018	0	0	0	0	0	0	0	0	0	0
00.000,00.000	33	0	-200	0	4.5	3789.94	1582.82	1008.96	441.962	334.715	202.265	116.226	48.6075	29.794	16.4423	8.14862	0	0	0	0	0	0	0	0	0	0
00.000,00.000	33.1	0	-200	0	4.5	3823.62	1599.57	1015.36	444.652	336.845	204.316	117.775	49.2464	30.5239	16.9767	8.35577	0	0	0	0	0	0	0	0	0	0
00.000,00.000	33.2	0	-200	0	4.5	3836.53	1606.14	1017.78	445.655	337.619	205.036	118.409	49.4841	30.8023	17.1738	8.42906	0	0	0	0	0	0	0	0	0	0
00.000,00.000	33.3	0	-200	0	4.5	3849.36	1612.77	1020.13	446.652	338.38	205.723	119.043	49.7204	31.08	17.3672	8.49869	0	0	0	0	0	0	0	0	0	0
00.000,00.000	33.4	0	-200	0	4.5	3902.42	1640.72	1029.64	450.67	341.426	208.416	121.681	50.6974	32.2309	18.157	8.77341	0	0	0	0	0	0	0	0	0	0
00.000,00.000	33.5	0	-200	0	4.5	3914.59	1647.21	1031.71	451.654	342.128	209.053	122.229	50.9304	32.495	18.3428	8.83713	0	0	0	0	0	0	0	0	0	0
00.000,00.000	33.6	0	-200	0	4.5	3949.89	1664.96	1037.89	454.416	344.273	210.959	124.236	51.7109	33.4335	18.9074	9.11249	0	0	0	0	0	0	0	0	0	0
00.000,00.000	33.7	0	-200	0	4.5	4000.67	1691.38	1046.6	458.297	347.185	213.471	126.974	52.81	34.604	19.277	9.79363	0.279404	0	0	0	0	0	0	0	0	0
00.000,00.000	33.8	0	-200	0	4.5	4027.58	1705.28	1051.15	460.335	348.859	214.832	128.471	53.3971	34.9967	19.6954	10.1399	0.420714	0	0	0	0	0	0	0	0	0
00.000,00.000	33.9	0	-200	0	4.5	4028.39	1705.7	1051.28	460.399	348.909	214.873	128.506	53.4166	35.0067	19.7104	10.1504	0.424938	0	0	0	0	0	0	0	0	0
00.000,00.000	34	0	-200	0	4.5	4029.3	1706.2	1051.43	460.464	348.965	214.915	128.555	53.4366	35.0211	19.7239	10.1616	0.429254	0	0	0	0	0	0	0	0	0
00.000,00.000	34.1	0	-200	0	4.5	4068.54	1727.5	1057.79	463.273	351.306	216.601	130.606	54.2957	35.6505	20.2778	10.6341	0.607191	0	0	0	0	0	0	0	0	0
00.000,00.000	34.2	0	-200	0	4.5	4090.45	1739.42	1061.31	464.919	352.618	217.503	131.674	54.8258	36.0013	20.5838	10.8986	0.705327	0	0	0	0	0	0	0	0	0
00.000,00.000	34.3	0	-200	0	4.5	4103.29	1746.48	1063.36	465.834	353.36	218.006	132.339	55.1308	36.2061	20.7658	11.0489	0.759311	0	0	0	0	0	0	0	0	0
00.000,00.000	34.4	0	-200	0	4.5	4116.54	1753.82	1065.48	466.761	354.102	218.512	133.018	55.4481	36.4221	20.9533	11.2018	0.812849	0	0	0	0	0	0	0	0	0
00.000,00.000	34.5	0	-200	0	4.5	4129.91	1761.29	1067.61	467.692	354.824	219.023	133.699	55.7707	36.6413	21.142	11.3541	0.864726	0	0	0	0	0	0	0	0	0
00.000,00.000	34.6	0	-200	0	4.5	4151.93	1773.44	1071.14	469.239	356.014	219.856	134.844	56.3304	37.0301	21.4711	11.6162	0.951468	0	0	0	0	0	0	0	0	0
00.000,00.000	34.7	0	-200	0	4.5	4240.02	1819.99	1085.93	475.666	360.916	223.14	139.642	58.8403	38.7989	22.9705	12.7958	1.33115	0	0	0	0	0	0	0	0	0
00.000,00.000	34.8	0	-200	0	4.5	4256.25	1828.65	1088.68	476.918	361.82	223.726	140.395	59.3345	39.0864	23.2287	13.014	1.4006	0	0	0	0	0	0	0	0	0
00.000,00.000	34.9	0	-200	0	4.5	4256.29	1828.67	1088.68	476.921	361.822	223.727	140.397	59.3356	39.0872	23.2294	13.0145	1.40075	0	0	0	0	0	0	0	0	0
00.000,00.000	35	0	-200	0	4.5	4297.46	1850.73	1095.3	479.847	364.24	225.182	142.591	60.6434	39.8825	23.9417	13.5433	1.55564	0	0	0	0	0	0	0	0	0
00.000,00.000	35.1	0	-200	0	4.5	4331.96	1869.09	1100.86	482.363	366.316	226.364	144.336	61.8679	40.5259	24.5553	13.9921	1.68443	0	0	0	0	0	0	0	0	0
00.000,00.000	35.2	0	-200	0	4.5	4344.04	1875.6	1102.8	483.228	367.037	226.748	144.909	62.3189	40.7552	24.771	14.1469	1.7274	0	0	0	0	0	0	0	0	0
00.000,00.000	35.3	0	-200	0	4.5	4356.47	1882.36	1104.76	484.098	367.767	227.128	145.53	62.7661	41.0027	24.9927	14.3018	1.76862	0	0	0	0	0	0	0	0	0
00.000,00.000	35.4	0	-200	0	4.5	4393.48	1902.68	1110.54	486.677	369.883	228.231	147.32	64.1008	41.7504	25.6585	14.7569	1.88531	0	0	0	0	0	0	0	0	0
00.000,00.000	35.5	0	-200	0	4.5	4400.8	1906.69	1111.68	487.204	370.294	228.448	147.637	64.4115	41.8891	25.7943	14.8486	1.90842	0	0	0	0	0	0	0	0	0
00.000,00.000	35.6	0	-200	0	4.5	4430.79	1923.59	1116.21	489.24	371.909	229.255	148.988	65.538	42.51	26.349	15.2102	1.99413	0	0	0	0	0	0	0	0	0
00.000,00.000	35.7	0	-200	0	4.5	4460.1	1939.48	1120.93	491.325	373.431	230.02	150.33	66.7385	43.2115	26.9516	15.598	2.08307	0	0	0	0	0	0	0	0	0
00.000,00.000	35.8	0	-200	0	4.5	4506.62	1964.53	1128.29	494.647	375.889	231.243	152.667	68.6389	44.4097	27.9017	16.193	2.21325	0	0	0	0	0	0	0	0	0
00.000,00.000	35.9	0	-200	0	4.5	4513.47	1968.21	1129.39	495.144	376.23	231.423	152.99	68.9516	44.5733	28.0447	16.2813	2.23218	0	0	0	0	0	0	0	0	0
00.000,00.000	36	0	-200	0	4.5	4551.59	1988.89	1135.32	497.776	378.202	232.388	154.951	70.6095	45.508	28.8586	16.763	2.32764	0	0	0	0	0	0	0	0	0
00.000,00.000	36.1	0	-200	0	4.5	4574.48	2001.56	1138.81	499.282	379.358	232.972	156.092	71.67	45.9326	29.3627	17.0578	2.38431	0	0	0	0	0	0	0	0	0
00.000,00.000	36.2	0	-200	0	4.5	4586.45	2008.24	1140.6	500.054	379.958	233.261	156.68	72.2236	46.1809	29.6303	17.2094	2.41174	0	0	0	0	0	0	0	0	0
00.000,00.000	36.3	0	-200	0	4.5	4602.07	2017	1142.92	501.046	380.75	233.618	157.446	72.9325	46.5245	29.9803	17.4059	2.44522	0	0	0	0	0	0	0	0	0
00.000,00.000	36.4	0	-200	0	4.5	4633.07	2034.49	1147.57	502.98	382.303	234.284	158.889	74.3395	47.2302	30.681	17.7947	2.50766	0	0	0	0	0	0	0	0	0
00.000,00.000	36.5	0	-200	0	4.5	4638.62	2037.65	1148.4	503.314	382.592	234.379	159.136	74.6145	47.3397	30.8084	17.8672	2.51895	0	0	0	0	0	0	0	0	0
00.000,00.000	36.6	0	-200	0	4.5	4705.21	2076.18	1158.25	507.222	385.573	235.466	162	77.7134	48.9169	32.4854	18.7041	2.6991	0	0	0	0	0	0	0	0	0
00.000,00.000	36.7	0	-200	0	4.5	4718.95	2084.04	1160.36	507.994	386.191	235.68	162.642	78.424	49.1616	32.8373	18.5911	3.03042	0	0	0	0	0	0	0	0	0
00.000,00.000	36.8	0	-200	0	4.5	4723.77	2086.87	1161.06	508.257	386.397	235.752	162.846	78.658	49.273	32.9647	18.6004	3.09336	0	0	0	0	0	0	0	0	0
00.000,00.000	36.9	0	-200	0	4.5	4733.58	2092.65	1162.48	508.778	386.807	235.895	163.274	79.1298	49.4939	33.2289	18.6108	3.22973	0	0	0	0	0	0	0	0	0
00.000,00.000	37	0	-200	0	4.5	4736.31	2094.26	1162.88	508.922	386.915	235.935	163.393	79.2684	49.546	33.3043	18.6034	3.2792	0	0	0	0	0	0	0	0	0
00.000,00.000	37.1	0	-200	0	4.5	4750.79	2102.94	1164.92	509.655	387.519	236.132	163.952	79.9783	49.8882	33.719	18.622	3.47397	0	0	0	0	0	0	0	0	0
00.000,00.000	37.2	0	-200	0	4.5	4769.58	2114.2	1167.55	510.592	388.289	236.378	164.696	80.9304	50.3175	34.2642	18.6294	3.74209	0	0	0	0	0	0	0	0	0
00.000,00.000	37.3	0	-200	0	4.5	4775.12	2117.5	1168.33	510.871	388.513	236.448	164.919	81.2174	50.4394	34.4296	18.6318	3.82212	0	0	0	0	0	0	0	0	0
00.000,00.000	37.4	0	-200	0	4.5	4784.78	2123.2	1169.71	511.339	388.923	236.57	165.294	81.7271	50.6777	34.7359	18.6369	3.9608	0	0	0	0	0	0	0	0	0
00.000,00.000	37.5	0	-200	0	4.5	4794.78	2129.12	1171.13	511.831	389.334	236.692	165.69	82.2556	50.9207	35.0604	18.6426	4.10446	0	0	0	0	0	0	0	0	0
00.000,00.000	37.6	0	-200	0	4.5	4805.61	2135.58	1172.68	512.352	389.77	236.818	166.086	82.8071	51.1882	35.4186	18.6494	4.25747	0	0	0	0	0	0	0	0	0
00.000,00.000	37.7	0	-200	0	4.5	4845.45	2159.44	1178.4	514.221	391.371	237.254	167.557	84.7903	52.1764	36.5384	18.897	4.80772	0	0	0	0	0	0	0	0	0
00.000,00.000	37.8	0	-200	0	4.5	4852.72	2163.81	1179.44	514.583	391.641	237.329	167.806	85.1688	52.3459	36.6948	18.9941	4.91116	0	0	0	0	0	0	0	0	0
00.000,00.000	37.9	0	-200	0	4.5	4897.41	2190.87	1185.69	516.538	393.371	237.79	169.344	87.4089	53.5939	37.7457	19.553	5.51138	0	0	0	0	0	0	0	0	0
00.000,00.000	38	0	-200	0	4.5	4907.88	2197.24	1187.16	517.023	393.731	237.913	169.672	87.9592	53.8494	37.9851	19.6899	5.65641	0	0	0	0	0	0	0	0	0
00.000,00.000	38.1	0	-200	0	4.5	4933.52	2213.05	1190.7	518.075	394.67	238.164	170.394	89.2679	54.5946	38.588	20.0232	5.99496	0	0	0	0	0	0	0	0	0
00.000,00.000	38.2	0	-200	0	4.5	4949.31	2222.78	1192.89	518.729	395.238	238.323	170.832	90.0861	55.0393	38.9562	20.234	6.20672	0	0	0	0	0	0	0	0	0
00.000,00.000	38.3	0	-200	0	4.5	4955.93	2226.86	1193.81	518.989	395.473	238.384	171.019	90.4214	55.2341	39.1196	20.3238	6.29476	0	0	0	0	0	0	0	0	0
00.000,00.000	38.4	0	-200	0	4.5	4978.04	2240.57	1196.88	519.804	396.253	238.58	171.604	91.544	55.9142	39.6811	20.6306	6.58836	0	0	0	0	0	0	0	0	0
00.000,00.000	38.5	0	-200	0	4.5	4982.42	2243.27	1197.52	519.974	396.401	238.639	171.697	91.7717	56.0342	39.7744	20.6938	6.64836	0	0	0	0	0	0	0	0	0
00.000,00.000	38.6	0	-200	0	4.5	5003.04	2256.21	1200.36	520.677	397.091	238.835	172.134	92.7764	56.6905	40.3286	21.0037	6.93501	0	0	0	0	0	0	0	0	0
00.000,00.000	38.7	0	-200	0	4.5	5017.37	2265.14	1202.45	521.14	397.569	238.98	172.441	93.4503	57.1289	40.7109	21.23	7.14069	0	0	0	0	0	0	0	0	0
00.000,00.000	38.8	0	-200	0	4.5	5020.56	2267.11	1202.91	521.237	397.673	239.013	172.509	93.6103	57.2334	40.8011	21.2814	7.18589	0	0	0	0	0	0	0	0	0
00.000,00.000	38.9	0	-200	0	4.5	5021.62	2267.77	1203.05	521.268	397.707	239.023	172.533	93.661	57.2696	40.8336	21.2989	7.20084	0	0	0	0	0	0	0	0	0
00.000,00.000	39	0	-200	0	4.5	5028.26	2271.85	1204.06	521.451	397.916	239.083	172.67	93.9801	57.5015	41.0424	21.4126	7.29531	0	0	0	0	0	0	0	0	0
00.000,00.000	39.1	0	-200	0	4.5	5036.76	2276.99	1205.42	521.675	398.179	239.164	172.832	94.4101	57.7993	41.3104	21.5617	7.417	0	0	0	0	0	0	0	0	0
00.000,00.000	39.2	0	-200	0	4.5	5044.63	2281.65	1206.79	521.871	398.416	239.237	172.98	94.8086	58.0819	41.5679	21.7032	7.5298	0	0	0	0	0	0	0	0	0
00.000,00.000	39.3	0	-200	0	4.5	5053.17	2286.69	1208.31	522.072	398.663	239.297	173.141	95.2159	58.4006	41.8612	21.8617	7.65309	0	0	0	0	0	0	0	0	0
00.000,00.000	39.4	0	-200	0	4.5	5065.33	2293.86	1210.47	522.343	399.003	239.383	173.368	95.8207	58.8639	42.2923	22.0935	7.82974	0	0	0	0	0	0	0	0	0
00.000,00.000	39.5	0	-200	0	4.5	5069.61	2296.41	1211.24	522.433	399.115	239.415	173.441	96.0274	59.0274	42.4329	22.1775	7.89268	0	0	0	0	0	0	0	0	0
00.000,00.000	39.6	0	-200	0	4.5	5085.35	2305.67	1214.14	522.741	399.537	239.502	173.696	96.7604	59.6473	43.0192	22.5052	8.13397	0	0	0	0	0	0	0	0	0
00.000,00.000	39.7	0	-200	0	4.5	5089.26	2307.75	1215.09	522.817	399.631	239.526	173.755	96.9565	59.8054	43.1504	22.5924	8.197	0	0	0	0	0	0	0	0	0
00.000,00.000	39.8	0	-200	0	4.5	5094.68	2310.62	1216.37	522.911	399.772	239.558	173.835	97.2083	60.0413	43.3717	22.7156	8.28259	0	0	0	0	0	0	0	0	0
00.000,00.000	39.9	0	-200	0	4.5	5101.06	2313.82	1218.04	523.016	399.931	239.599	173.923	97.5081	60.3322	43.6343	22.8665	8.38401	0	0	0	0	0	0	0	0	0
00.000,00.000	40	0	-200	0	4.5	5105.71	2316.1	1219.3	523.09	400.045	239.63	173.986	97.7322	60.5478	43.8339	22.9828	8.46024	0	0	0	0	0	0	0	0	0
00.000,00.000	40.1	0	-200	0	4.5	5112.48	2319.38	1221.17	523.192	400.207	239.672	174.074	98.0548	60.855	44.1409	23.1591	8.57255	0	0	0	0	0	0	0	0	0
00.000,00.000	40.2	0	-200	0	4.5	5119.46	2322.73	1223.14	523.292	400.371	239.716	174.158	98.3755	61.1897	44.4464	23.3495	8.69102	0	0	0	0	0	0	0	0	0
00.000,00.000	40.3	0	-200	0	4.5	5124.75	2325.22	1224.63	523.363	400.49	239.799	174.222	98.6169	61.45	44.6753	23.4972	8.78079	0	0	0	0	0	0	0	0	0
00.000,00.000	40.4	0	-200	0	4.5	5129.98	2327.64	1226.11	523.43	400.604	239.925	174.281	98.8513	61.7012	44.915	23.6496	8.87058	0	0	0	0	0	0	0	0	0
00.000,00.000	40.5	0	-200	0	4.5	5135.24	2330.05	1227.6	523.493	400.715	240.061	174.335	99.085	61.9644	45.1596	23.8084	8.96209	0	0	0	0	0	0	0	0	0
00.000,00.000	40.6	0	-200	0	4.5	5140.35	2332.28	1229.22	523.547	400.818	240.186	174.384	99.2964	62.2059	45.3981	23.9688	9.05373	0	0	0	0	0	0	0	0	0
00.000,00.000	40.7	0	-200	0	4.5	5145.25	2334.19	1230.94	523.596	400.913	240.318	174.429	99.5051	62.4572	45.6362	24.1287	9.1419	0	0	0	0	0	0	0	0	0
00.000,00.000	40.8	0	-200	0	4.5	5150.12	2335.97	1232.75	523.643	401.004	240.482	174.467	99.7025	62.6992	45.8807	24.2927	9.23035	0	0	0	0	0	0	0	0	0
00.000,00.000	40.9	0	-200	0	4.5	5154.85	2337.66	1234.54	523.686	401.089	240.636	174.502	99.8927	62.9411	46.1323	24.4598	9.31702	0	0	0	0	0	0	0	0	0
00.000,00.000	41	0	-200	0	4.5	5159.45	2339.26	1236.28	523.728	401.169	240.789	174.534	100.078	63.1946	46.3808	24.6264	9.4019	0	0	0	0	0	0	0	0	0
00.000,00.000	41.1	0	-200	0	4.5	5163.94	2340.76	1238.05	523.768	401.243	240.887	174.62	100.258	63.4491	46.6289	24.7959	9.48582	0	0	0	0	0	0	0	0	0
00.000,00.000	41.2	0	-200	0	4.5	5168.27	2342.08	1239.87	523.807	401.311	240.922	174.76	100.422	63.6848	46.8806	24.9677	9.56802	0	0	0	0	0	0	0	0	0
00.000,00.000	41.3	0	-200	0	4.5	5172.49	2343.24	1241.75	523.843	401.375	240.957	174.898	100.58	63.9246	47.1343	25.1401	9.64865	0	0	0	0	0	0	0	0	0
00.000,00.000	41.4	0	-200	0	4.5	5176.57	2344.28	1243.63	523.877	401.432	240.99	175.033	100.732	64.1701	47.382	25.3135	9.72785	0	0	0	0	0	0	0	0	0
00.000,00.000	41.5	0	-200	0	4.5	5180.53	2345.24	1245.49	523.909	401.485	241.021	175.167	100.878	64.4155	47.6297	25.4894	9.8056	0	0	0	0	0	0	0	0	0
00.000,00.000	41.6	0	-200	0	4.5	5184.35	2346.13	1247.33	523.939	401.533	241.051	175.295	101.008	64.6426	47.8734	25.6646	9.88231	0	0	0	0	0	0	0	0	0
00.000,00.000	41.7	0	-200	0	4.5	5187.99	2346.92	1249.11	523.967	401.575	241.079	175.422	101.136	64.8759	48.1085	25.8378	9.95651	0	0	0	0	0	0	0	0	0
00.000,00.000	41.8	0	-200	0	4.5	5191.43	2347.66	1250.76	523.997	401.614	241.106	175.546	101.256	65.1028	48.3468	26.0136	10.0296	0	0	0	0	0	0	0	0	0
00.000,00.000	41.9	0	-200	0	4.5	5194.81	2348.34	1252.38	524.04	401.649	241.133	175.669	101.37	65.3337	48.5944	26.1935	10.1012	0	0	0	0	0	0	0	0	0
00.000,00.000	42	0	-200	0	4.5	5198.11	2348.96	1254	524.08	401.681	241.158	175.793	101.481	65.5665	48.8369	26.3761	10.1719	0	0	0	0	0	0	0	0	0