
label	time(d)	x	depth	z	radius	total	0-10	10-20	20-30	30-40	40-50	50-60	60-70	70-80	80-90	90-100	100-110	110-120	120-130	130-140	140-150	150-160	160-170	170-180	180-190	190-200
00.000,00.000	0	0	-200	0	4.5	0	0	0	0	0	0	0	0	0	0	0	0	0	0	0	0	0	0	0	0	0
00.000,00.000	0.1	0	-200	0	4.5	0.37949	0.37949	0	0	0	0	0	0	0	0	0	0	0	0	0	0	0	0	0	0	0
00.000,00.000	0.2	0	-200	0	4.5	0.761529	0.761529	0	0	0	0	0	0	0	0	0	0	0	0	0	0	0	0	0	0	0
00.000,00.000	0.3	0	-200	0	4.5	1.14632	1.14632	0	0	0	0	0	0	0	0	0	0	0	0	0	0	0	0	0	0	0
00.000,00.000	0.4	0	-200	0	4.5	1.53371	1.53371	0	0	0	0	0	0	0	0	0	0	0	0	0	0	0	0	0	0	0
00.000,00.000	0.5	0	-200	0	4.5	1.92307	1.92307	0	0	0	0	0	0	0	0	0	0	0	0	0	0	0	0	0	0	0
00.000,00.000	0.6	0	-200	0	4.5	2.31445	2.31445	0	0	0	0	0	0	0	0	0	0	0	0	0	0	0	0	0	0	0
00.000,00.000	0.7	0	-200	0	4.5	2.70815	2.70815	0	0	0	0	0	0	0	0	0	0	0	0	0	0	0	0	0	0	0
00.000,00.000	0.8	0	-200	0	4.5	3.10381	3.10381	0	0	0	0	0	0	0	0	0	0	0	0	0	0	0	0	0	0	0
00.000,00.000	0.9	0	-200	0	4.5	3.50171	3.50171	0	0	0	0	0	0	0	0	0	0	0	0	0	0	0	0	0	0	0
00.000,00.000	1	0	-200	0	4.5	3.90283	3.90283	0	0	0	0	0	0	0	0	0	0	0	0	0	0	0	0	0	0	0
00.000,00.000	1.1	0	-200	0	4.5	4.31035	4.31035	0	0	0	0	0	0	0	0	0	0	0	0	0	0	0	0	0	0	0
00.000,00.000	1.2	0	-200	0	4.5	4.72351	4.72351	0	0	0	0	0	0	0	0	0	0	0	0	0	0	0	0	0	0	0
00.000,00.000	1.3	0	-200	0	4.5	5.14233	5.14233	0	0	0	0	0	0	0	0	0	0	0	0	0	0	0	0	0	0	0
00.000,00.000	1.4	0	-200	0	4.5	5.5667	5.5667	0	0	0	0	0	0	0	0	0	0	0	0	0	0	0	0	0	0	0
00.000,00.000	1.5	0	-200	0	4.5	5.99531	5.99531	0	0	0	0	0	0	0	0	0	0	0	0	0	0	0	0	0	0	0
00.000,00.000	1.6	0	-200	0	4.5	6.42626	6.42626	0	0	0	0	0	0	0	0	0	0	0	0	0	0	0	0	0	0	0
00.000,00.000	1.7	0	-200	0	4.5	6.86289	6.86289	0	0	0	0	0	0	0	0	0	0	0	0	0	0	0	0	0	0	0
00.000,00.000	1.8	0	-200	0	4.5	7.30837	7.17749	0.130872	0	0	0	0	0	0	0	0	0	0	0	0	0	0	0	0	0	0
00.000,00.000	1.9	0	-200	0	4.5	7.76179	7.35807	0.403728	0	0	0	0	0	0	0	0	0	0	0	0	0	0	0	0	0	0
00.000,00.000	2	0	-200	0	4.5	8.22349	7.54836	0.675133	0	0	0	0	0	0	0	0	0	0	0	0	0	0	0	0	0	0
00.000,00.000	2.1	0	-200	0	4.5	8.726	7.77924	0.946758	0	0	0	0	0	0	0	0	0	0	0	0	0	0	0	0	0	0
00.000,00.000	2.2	0	-200	0	4.5	9.30006	8.08162	1.21844	0	0	0	0	0	0	0	0	0	0	0	0	0	0	0	0	0	0
00.000,00.000	2.3	0	-200	0	4.5	9.94402	8.45516	1.48886	0	0	0	0	0	0	0	0	0	0	0	0	0	0	0	0	0	0
00.000,00.000	2.4	0	-200	0	4.5	10.6585	8.90021	1.75829	0	0	0	0	0	0	0	0	0	0	0	0	0	0	0	0	0	0
00.000,00.000	2.5	0	-200	0	4.5	11.4439	9.41586	2.02805	0	0	0	0	0	0	0	0	0	0	0	0	0	0	0	0	0	0
00.000,00.000	2.6	0	-200	0	4.5	12.2976	10.0002	2.29735	0	0	0	0	0	0	0	0	0	0	0	0	0	0	0	0	0	0
00.000,00.000	2.7	0	-200	0	4.5	13.2228	10.6572	2.5656	0	0	0	0	0	0	0	0	0	0	0	0	0	0	0	0	0	0
00.000,00.000	2.8	0	-200	0	4.5	14.2126	11.3798	2.83278	0	0	0	0	0	0	0	0	0	0	0	0	0	0	0	0	0	0
00.000,00.000	2.9	0	-200	0	4.5	15.2795	12.1789	3.10059	0	0	0	0	0	0	0	0	0	0	0	0	0	0	0	0	0	0
00.000,00.000	3	0	-200	0	4.5	16.4206	13.0529	3.36771	0	0	0	0	0	0	0	0	0	0	0	0	0	0	0	0	0	0
00.000,00.000	3.1	0	-200	0	4.5	17.5937	13.9601	3.6336	0	0	0	0	0	0	0	0	0	0	0	0	0	0	0	0	0	0
00.000,00.000	3.2	0	-200	0	4.5	18.7637	14.8645	3.89912	0	0	0	0	0	0	0	0	0	0	0	0	0	0	0	0	0	0
00.000,00.000	3.3	0	-200	0	4.5	19.932	15.7671	4.16492	0	0	0	0	0	0	0	0	0	0	0	0	0	0	0	0	0	0
00.000,00.000	3.4	0	-200	0	4.5	21.0964	16.6668	4.4296	0	0	0	0	0	0	0	0	0	0	0	0	0	0	0	0	0	0
00.000,00.000	3.5	0	-200	0	4.5	22.2536	17.5604	4.69323	0	0	0	0	0	0	0	0	0	0	0	0	0	0	0	0	0	0
00.000,00.000	3.6	0	-200	0	4.5	23.3972	18.441	4.9562	0	0	0	0	0	0	0	0	0	0	0	0	0	0	0	0	0	0
00.000,00.000	3.7	0	-200	0	4.5	24.5342	19.3152	5.21903	0	0	0	0	0	0	0	0	0	0	0	0	0	0	0	0	0	0
00.000,00.000	3.8	0	-200	0	4.5	25.6645	20.1835	5.48097	0	0	0	0	0	0	0	0	0	0	0	0	0	0	0	0	0	0
00.000,00.000	3.9	0	-200	0	4.5	26.7912	21.0488	5.7424	0	0	0	0	0	0	0	0	0	0	0	0	0	0	0	0	0	0
00.000,00.000	4	0	-200	0	4.5	27.9166	21.9129	6.00374	0	0	0	0	0	0	0	0	0	0	0	0	0	0	0	0	0	0
00.000,00.000	4.1	0	-200	0	4.5	29.0368	22.7723	6.26456	0	0	0	0	0	0	0	0	0	0	0	0	0	0	0	0	0	0
00.000,00.000	4.2	0	-200	0	4.5	30.152	23.6274	6.52459	0	0	0	0	0	0	0	0	0	0	0	0	0	0	0	0	0	0
00.000,00.000	4.3	0	-200	0	4.5	31.263	24.4791	6.78397	0	0	0	0	0	0	0	0	0	0	0	0	0	0	0	0	0	0
00.000,00.000	4.4	0	-200	0	4.5	32.3685	25.3254	7.04303	0	0	0	0	0	0	0	0	0	0	0	0	0	0	0	0	0	0
00.000,00.000	4.5	0	-200	0	4.5	33.4663	26.1649	7.30132	0	0	0	0	0	0	0	0	0	0	0	0	0	0	0	0	0	0
00.000,00.000	4.6	0	-200	0	4.5	34.3999	26.8412	7.55874	0	0	0	0	0	0	0	0	0	0	0	0	0	0	0	0	0	0
00.000,00.000	4.7	0	-200	0	4.5	35.2184	27.231	7.98738	0	0	0	0	0	0	0	0	0	0	0	0	0	0	0	0	0	0
00.000,00.000	4.8	0	-200	0	4.5	36.0338	27.4976	8.53625	0	0	0	0	0	0	0	0	0	0	0	0	0	0	0	0	0	0
00.000,00.000	4.9	0	-200	0	4.5	36.8472	27.7645	9.08275	0	0	0	0	0	0	0	0	0	0	0	0	0	0	0	0	0	0
00.000,00.000	5	0	-200	0	4.5	37.4006	28.031	9.36961	0	0	0	0	0	0	0	0	0	0	0	0	0	0	0	0	0	0
00.000,00.000	5.1	0	-200	0	4.5	37.9312	28.1998	9.73141	0	0	0	0	0	0	0	0	0	0	0	0	0	0	0	0	0	0
00.000,00.000	5.2	0	-200	0	4.5	38.459	28.238	10.221	0	0	0	0	0	0	0	0	0	0	0	0	0	0	0	0	0	0
00.000,00.000	5.3	0	-200	0	4.5	38.991	28.2795	10.7115	0	0	0	0	0	0	0	0	0	0	0	0	0	0	0	0	0	0
00.000,00.000	5.4	0	-200	0	4.5	39.5274	28.3283	11.1991	0	0	0	0	0	0	0	0	0	0	0	0	0	0	0	0	0	0
00.000,00.000	5.5	0	-200	0	4.5	40.0639	28.3798	11.6841	0	0	0	0	0	0	0	0	0	0	0	0	0	0	0	0	0	0
00.000,00.000	5.6	0	-200	0	4.5	40.6092	28.439	12.1702	0	0	0	0	0	0	0	0	0	0	0	0	0	0	0	0	0	0
00.000,00.000	5.7	0	-200	0	4.5	40.9811	28.5027	12.2592	0.219248	0	0	0	0	0	0	0	0	0	0	0	0	0	0	0	0	0
00.000,00.000	5.8	0	-200	0	4.5	41.3029	28.5741	12.2599	0.46896	0	0	0	0	0	0	0	0	0	0	0	0	0	0	0	0	0
00.000,00.000	5.9	0	-200	0	4.5	41.6327	28.6538	12.26	0.718884	0	0	0	0	0	0	0	0	0	0	0	0	0	0	0	0	0
00.000,00.000	6	0	-200	0	4.5	41.9672	28.7388	12.2602	0.968199	0	0	0	0	0	0	0	0	0	0	0	0	0	0	0	0	0
00.000,00.000	6.1	0	-200	0	4.5	42.3083	28.83	12.2612	1.21703	0	0	0	0	0	0	0	0	0	0	0	0	0	0	0	0	0
00.000,00.000	6.2	0	-200	0	4.5	42.6574	28.9277	12.2645	1.46519	0	0	0	0	0	0	0	0	0	0	0	0	0	0	0	0	0
00.000,00.000	6.3	0	-200	0	4.5	43.0144	29.0329	12.2687	1.7128	0	0	0	0	0	0	0	0	0	0	0	0	0	0	0	0	0
00.000,00.000	6.4	0	-200	0	4.5	43.3847	29.1497	12.2752	1.9598	0	0	0	0	0	0	0	0	0	0	0	0	0	0	0	0	0
00.000,00.000	6.5	0	-200	0	4.5	43.76	29.2702	12.2842	2.20569	0	0	0	0	0	0	0	0	0	0	0	0	0	0	0	0	0
00.000,00.000	6.6	0	-200	0	4.5	44.1568	29.4079	12.2975	2.45145	0	0	0	0	0	0	0	0	0	0	0	0	0	0	0	0	0
00.000,00.000	6.7	0	-200	0	4.5	44.5673	29.5569	12.314	2.69638	0	0	0	0	0	0	0	0	0	0	0	0	0	0	0	0	0
00.000,00.000	6.8	0	-200	0	4.5	45.0008	29.7243	12.3357	2.94082	0	0	0	0	0	0	0	0	0	0	0	0	0	0	0	0	0
00.000,00.000	6.9	0	-200	0	4.5	45.4657	29.9173	12.3636	3.18483	0	0	0	0	0	0	0	0	0	0	0	0	0	0	0	0	0
00.000,00.000	7	0	-200	0	4.5	45.9597	30.1339	12.3977	3.42818	0	0	0	0	0	0	0	0	0	0	0	0	0	0	0	0	0
00.000,00.000	7.1	0	-200	0	4.5	46.491	30.3823	12.4378	3.6709	0	0	0	0	0	0	0	0	0	0	0	0	0	0	0	0	0
00.000,00.000	7.2	0	-200	0	4.5	47.0681	30.67	12.4851	3.91301	0	0	0	0	0	0	0	0	0	0	0	0	0	0	0	0	0
00.000,00.000	7.3	0	-200	0	4.5	47.6926	30.9975	12.5402	4.15481	0	0	0	0	0	0	0	0	0	0	0	0	0	0	0	0	0
00.000,00.000	7.4	0	-200	0	4.5	48.3704	31.3688	12.6055	4.39607	0	0	0	0	0	0	0	0	0	0	0	0	0	0	0	0	0
00.000,00.000	7.5	0	-200	0	4.5	49.0826	31.7704	12.6761	4.63603	0	0	0	0	0	0	0	0	0	0	0	0	0	0	0	0	0
00.000,00.000	7.6	0	-200	0	4.5	49.8562	32.2235	12.7571	4.87559	0	0	0	0	0	0	0	0	0	0	0	0	0	0	0	0	0
00.000,00.000	7.7	0	-200	0	4.5	50.6806	32.7198	12.8461	5.11473	0	0	0	0	0	0	0	0	0	0	0	0	0	0	0	0	0
00.000,00.000	7.8	0	-200	0	4.5	51.5657	33.2679	12.9441	5.35364	0	0	0	0	0	0	0	0	0	0	0	0	0	0	0	0	0
00.000,00.000	7.9	0	-200	0	4.5	52.5206	33.8763	13.0524	5.59194	0	0	0	0	0	0	0	0	0	0	0	0	0	0	0	0	0
00.000,00.000	8	0	-200	0	4.5	53.5367	34.5372	13.17	5.82951	0	0	0	0	0	0	0	0	0	0	0	0	0	0	0	0	0
00.000,00.000	8.1	0	-200	0	4.5	54.6229	35.2595	13.2966	6.06674	0	0	0	0	0	0	0	0	0	0	0	0	0	0	0	0	0
00.000,00.000	8.2	0	-200	0	4.5	55.7762	36.039	13.4336	6.30354	0	0	0	0	0	0	0	0	0	0	0	0	0	0	0	0	0
00.000,00.000	8.3	0	-200	0	4.5	56.9986	36.8782	13.5807	6.5397	0	0	0	0	0	0	0	0	0	0	0	0	0	0	0	0	0
00.000,00.000	8.4	0	-200	0	4.5	58.2949	37.7811	13.7385	6.77537	0	0	0	0	0	0	0	0	0	0	0	0	0	0	0	0	0
00.000,00.000	8.5	0	-200	0	4.5	59.6206	38.7093	13.9012	7.01001	0	0	0	0	0	0	0	0	0	0	0	0	0	0	0	0	0
00.000,00.000	8.6	0	-200	0	4.5	61.0335	39.7108	14.0782	7.24446	0	0	0	0	0	0	0	0	0	0	0	0	0	0	0	0	0
00.000,00.000	8.7	0	-200	0	4.5	62.5036	40.7547	14.2708	7.47811	0	0	0	0	0	0	0	0	0	0	0	0	0	0	0	0	0
00.000,00.000	8.8	0	-200	0	4.5	64.0592	41.867	14.4808	7.7114	0	0	0	0	0	0	0	0	0	0	0	0	0	0	0	0	0
00.000,00.000	8.9	0	-200	0	4.5	65.7066	43.0512	14.7111	7.94428	0	0	0	0	0	0	0	0	0	0	0	0	0	0	0	0	0
00.000,00.000	9	0	-200	0	4.5	67.4284	44.2927	14.959	8.17665	0	0	0	0	0	0	0	0	0	0	0	0	0	0	0	0	0
00.000,00.000	9.1	0	-200	0	4.5	69.2394	45.6045	15.2265	8.40852	0	0	0	0	0	0	0	0	0	0	0	0	0	0	0	0	0
00.000,00.000	9.2	0	-200	0	4.5	71.1465	46.9942	15.5126	8.63973	0	0	0	0	0	0	0	0	0	0	0	0	0	0	0	0	0
00.000,00.000	9.3	0	-200	0	4.5	73.1544	48.4654	15.8187	8.87032	0	0	0	0	0	0	0	0	0	0	0	0	0	0	0	0	0
00.000,00.000	9.4	0	-200	0	4.5	75.263	50.0179	16.1446	9.10044	0	0	0	0	0	0	0	0	0	0	0	0	0	0	0	0	0
00.000,00.000	9.5	0	-200	0	4.5	77.3973	51.6071	16.4604	9.32979	0	0	0	0	0	0	0	0	0	0	0	0	0	0	0	0	0
00.000,00.000	9.6	0	-200	0	4.5	79.6433	53.2911	16.7934	9.55883	0	0	0	0	0	0	0	0	0	0	0	0	0	0	0	0	0
00.000,00.000	9.7	0	-200	0	4.5	81.9696	55.0292	17.1534	9.78699	0	0	0	0	0	0	0	0	0	0	0	0	0	0	0	0	0
00.000,00.000	9.8	0	-200	0	4.5	84.399	56.8411	17.5434	10.0145	0	0	0	0	0	0	0	0	0	0	0	0	0	0	0	0	0
00.000,00.000	9.9	0	-200	0	4.5	86.9583	58.7564	17.96	10.2419	0	0	0	0	0	0	0	0	0	0	0	0	0	0	0	0	0
00.000,00.000	10	0	-200	0	4.5	89.6108	60.7492	18.3947	10.4418	0.0250804	0	0	0	0	0	0	0	0	0	0	0	0	0	0	0	0
00.000,00.000	10.1	0	-200	0	4.5	92.2663	62.8338	18.8515	10.4426	0.13848	0	0	0	0	0	0	0	0	0	0	0	0	0	0	0	0
00.000,00.000	10.2	0	-200	0	4.5	94.9269	65.0181	19.3277	10.4426	0.13848	0	0	0	0	0	0	0	0	0	0	0	0	0	0	0	0
00.000,00.000	10.3	0	-200	0	4.5	97.7056	67.3042	19.8202	10.4428	0.13848	0	0	0	0	0	0	0	0	0	0	0	0	0	0	0	0
00.000,00.000	10.4	0	-200	0	4.5	100.613	69.6891	20.3419	10.4438	0.13848	0	0	0	0	0	0	0	0	0	0	0	0	0	0	0	0
00.000,00.000	10.5	0	-200	0	4.5	103.542	72.0806	20.8771	10.4463	0.13848	0	0	0	0	0	0	0	0	0	0	0	0	0	0	0	0
00.000,00.000	10.6	0	-200	0	4.5	106.6	74.5737	21.4362	10.452	0.13848	0	0	0	0	0	0	0	0	0	0	0	0	0	0	0	0
00.000,00.000	10.7	0	-200	0	4.5	109.765	77.1422	22.0253	10.4595	0.13848	0	0	0	0	0	0	0	0	0	0	0	0	0	0	0	0
00.000,00.000	10.8	0	-200	0	4.5	113.03	79.7971	22.6245	10.4702	0.13848	0	0	0	0	0	0	0	0	0	0	0	0	0	0	0	0
00.000,00.000	10.9	0	-200	0	4.5	116.46	82.5844	23.2522	10.4846	0.13848	0	0	0	0	0	0	0	0	0	0	0	0	0	0	0	0
00.000,00.000	11	0	-200	0	4.5	120.014	85.466	23.9075	10.5021	0.13848	0	0	0	0	0	0	0	0	0	0	0	0	0	0	0	0
00.000,00.000	11.1	0	-200	0	4.5	123.705	88.4477	24.5959	10.5233	0.13848	0	0	0	0	0	0	0	0	0	0	0	0	0	0	0	0
00.000,00.000	11.2	0	-200	0	4.5	127.564	91.5663	25.3109	10.5482	0.13848	0	0	0	0	0	0	0	0	0	0	0	0	0	0	0	0
00.000,00.000	11.3	0	-200	0	4.5	131.608	94.8857	26.0058	10.5776	0.13848	0	0	0	0	0	0	0	0	0	0	0	0	0	0	0	0
00.000,00.000	11.4	0	-200	0	4.5	135.815	98.3492	26.7152	10.612	0.13848	0	0	0	0	0	0	0	0	0	0	0	0	0	0	0	0
00.000,00.000	11.5	0	-200	0	4.5	140.056	101.827	27.44	10.6499	0.13848	0	0	0	0	0	0	0	0	0	0	0	0	0	0	0	0
00.000,00.000	11.6	0	-200	0	4.5	144.428	105.409	28.1886	10.6926	0.13848	0	0	0	0	0	0	0	0	0	0	0	0	0	0	0	0
00.000,00.000	11.7	0	-200	0	4.5	148.906	109.054	28.9738	10.7404	0.13848	0	0	0	0	0	0	0	0	0	0	0	0	0	0	0	0
00.000,00.000	11.8	0	-200	0	4.5	153.509	112.791	29.7866	10.7926	0.13848	0	0	0	0	0	0	0	0	0	0	0	0	0	0	0	0
00.000,00.000	11.9	0	-200	0	4.5	158.3	116.682	30.629	10.8504	0.13848	0	0	0	0	0	0	0	0	0	0	0	0	0	0	0	0
00.000,00.000	12	0	-200	0	4.5	163.398	120.816	31.5287	10.915	0.13848	0	0	0	0	0	0	0	0	0	0	0	0	0	0	0	0
00.000,00.000	12.1	0	-200	0	4.5	168.658	125.097	32.4371	10.9851	0.13848	0	0	0	0	0	0	0	0	0	0	0	0	0	0	0	0
00.000,00.000	12.2	0	-200	0	4.5	173.9	129.35	33.3515	11.0594	0.13848	0	0	0	0	0	0	0	0	0	0	0	0	0	0	0	0
00.000,00.000	12.3	0	-200	0	4.5	179.258	133.685	34.2954	11.139	0.13848	0	0	0	0	0	0	0	0	0	0	0	0	0	0	0	0
00.000,00.000	12.4	0	-200	0	4.5	184.724	138.09	35.2713	11.2247	0.13848	0	0	0	0	0	0	0	0	0	0	0	0	0	0	0	0
00.000,00.000	12.5	0	-200	0	4.5	191.322	143.359	36.4989	11.3255	0.13848	0	0	0	0	0	0	0	0	0	0	0	0	0	0	0	0
00.000,00.000	12.6	0	-200	0	4.5	197.368	147.828	37.9808	11.4213	0.13848	0	0	0	0	0	0	0	0	0	0	0	0	0	0	0	0
00.000,00.000	12.7	0	-200	0	4.5	202.835	151.857	39.3254	11.5138	0.13848	0	0	0	0	0	0	0	0	0	0	0	0	0	0	0	0
00.000,00.000	12.8	0	-200	0	4.5	208.282	155.862	40.6707	11.6105	0.13848	0	0	0	0	0	0	0	0	0	0	0	0	0	0	0	0
00.000,00.000	12.9	0	-200	0	4.5	213.051	159.366	41.8486	11.6984	0.13848	0	0	0	0	0	0	0	0	0	0	0	0	0	0	0	0
00.000,00.000	13	0	-200	0	4.5	219.459	164.033	43.4624	11.8249	0.13848	0	0	0	0	0	0	0	0	0	0	0	0	0	0	0	0
00.000,00.000	13.1	0	-200	0	4.5	225.642	168.311	45.2417	11.9506	0.13848	0	0	0	0	0	0	0	0	0	0	0	0	0	0	0	0
00.000,00.000	13.2	0	-200	0	4.5	231.699	172.475	47.0082	12.0779	0.13848	0	0	0	0	0	0	0	0	0	0	0	0	0	0	0	0
00.000,00.000	13.3	0	-200	0	4.5	237.915	176.738	48.8258	12.2122	0.13848	0	0	0	0	0	0	0	0	0	0	0	0	0	0	0	0
00.000,00.000	13.4	0	-200	0	4.5	244.273	181.087	50.6951	12.3523	0.13848	0	0	0	0	0	0	0	0	0	0	0	0	0	0	0	0
00.000,00.000	13.5	0	-200	0	4.5	253.092	187.106	53.2921	12.5556	0.13848	0	0	0	0	0	0	0	0	0	0	0	0	0	0	0	0
00.000,00.000	13.6	0	-200	0	4.5	259.983	191.794	55.3283	12.7224	0.13848	0	0	0	0	0	0	0	0	0	0	0	0	0	0	0	0
00.000,00.000	13.7	0	-200	0	4.5	266.849	196.453	57.3599	12.8977	0.13848	0	0	0	0	0	0	0	0	0	0	0	0	0	0	0	0
00.000,00.000	13.8	0	-200	0	4.5	273.699	201.087	59.3962	13.0769	0.13848	0	0	0	0	0	0	0	0	0	0	0	0	0	0	0	0
00.000,00.000	13.9	0	-200	0	4.5	277.827	203.871	60.6288	13.1889	0.13848	0	0	0	0	0	0	0	0	0	0	0	0	0	0	0	0
00.000,00.000	14	0	-200	0	4.5	285.556	209.076	62.9322	13.4097	0.13848	0	0	0	0	0	0	0	0	0	0	0	0	0	0	0	0
00.000,00.000	14.1	0	-200	0	4.5	292.744	213.883	65.1002	13.6224	0.13848	0	0	0	0	0	0	0	0	0	0	0	0	0	0	0	0
00.000,00.000	14.2	0	-200	0	4.5	299.459	218.351	67.1375	13.8316	0.13848	0	0	0	0	0	0	0	0	0	0	0	0	0	0	0	0
00.000,00.000	14.3	0	-200	0	4.5	306.131	222.758	69.1834	14.0508	0.13848	0	0	0	0	0	0	0	0	0	0	0	0	0	0	0	0
00.000,00.000	14.4	0	-200	0	4.5	312.772	227.156	71.1984	14.2794	0.13848	0	0	0	0	0	0	0	0	0	0	0	0	0	0	0	0
00.000,00.000	14.5	0	-200	0	4.5	324.78	235.037	74.8875	14.7163	0.13848	0	0	0	0	0	0	0	0	0	0	0	0	0	0	0	0
00.000,00.000	14.6	0	-200	0	4.5	328.581	237.486	76.0969	14.8601	0.13848	0	0	0	0	0	0	0	0	0	0	0	0	0	0	0	0
00.000,00.000	14.7	0	-200	0	4.5	334.653	241.368	78.0407	15.1052	0.13848	0	0	0	0	0	0	0	0	0	0	0	0	0	0	0	0
00.000,00.000	14.8	0	-200	0	4.5	337.158	242.948	78.8595	15.212	0.13848	0	0	0	0	0	0	0	0	0	0	0	0	0	0	0	0
00.000,00.000	14.9	0	-200	0	4.5	339.676	244.522	79.691	15.3251	0.13848	0	0	0	0	0	0	0	0	0	0	0	0	0	0	0	0
00.000,00.000	15	0	-200	0	4.5	348.173	249.786	82.5296	15.7197	0.13848	0	0	0	0	0	0	0	0	0	0	0	0	0	0	0	0
00.000,00.000	15.1	0	-200	0	4.5	355.195	254.103	84.8936	16.0596	0.13848	0	0	0	0	0	0	0	0	0	0	0	0	0	0	0	0
00.000,00.000	15.2	0	-200	0	4.5	361.516	257.932	87.0754	16.3704	0.13848	0	0	0	0	0	0	0	0	0	0	0	0	0	0	0	0
00.000,00.000	15.3	0	-200	0	4.5	367.858	261.756	89.2702	16.6934	0.13848	0	0	0	0	0	0	0	0	0	0	0	0	0	0	0	0
00.000,00.000	15.4	0	-200	0	4.5	374.142	265.527	91.4485	17.0282	0.13848	0	0	0	0	0	0	0	0	0	0	0	0	0	0	0	0
00.000,00.000	15.5	0	-200	0	4.5	391.72	275.941	97.6227	18.0182	0.13848	0	0	0	0	0	0	0	0	0	0	0	0	0	0	0	0
00.000,00.000	15.6	0	-200	0	4.5	395.191	278	98.8362	18.2158	0.13848	0	0	0	0	0	0	0	0	0	0	0	0	0	0	0	0
00.000,00.000	15.7	0	-200	0	4.5	396.974	279.018	99.4888	18.3282	0.13848	0	0	0	0	0	0	0	0	0	0	0	0	0	0	0	0
00.000,00.000	15.8	0	-200	0	4.5	397.012	279.04	99.5024	18.3308	0.13848	0	0	0	0	0	0	0	0	0	0	0	0	0	0	0	0
00.000,00.000	15.9	0	-200	0	4.5	412.29	287.575	104.573	20.0029	0.13848	0	0	0	0	0	0	0	0	0	0	0	0	0	0	0	0
00.000,00.000	16	0	-200	0	4.5	421.204	292.574	107.423	21.0685	0.13848	0	0	0	0	0	0	0	0	0	0	0	0	0	0	0	0
00.000,00.000	16.1	0	-200	0	4.5	426.821	295.653	109.271	21.7555	0.142237	0	0	0	0	0	0	0	0	0	0	0	0	0	0	0	0
00.000,00.000	16.2	0	-200	0	4.5	432.455	298.691	111.151	22.462	0.151563	0	0	0	0	0	0	0	0	0	0	0	0	0	0	0	0
00.000,00.000	16.3	0	-200	0	4.5	437.993	301.642	113.018	23.1723	0.160953	0	0	0	0	0	0	0	0	0	0	0	0	0	0	0	0
00.000,00.000	16.4	0	-200	0	4.5	443.492	304.555	114.872	23.8936	0.171407	0	0	0	0	0	0	0	0	0	0	0	0	0	0	0	0
00.000,00.000	16.5	0	-200	0	4.5	464.706	315.647	122.06	26.7899	0.209252	0	0	0	0	0	0	0	0	0	0	0	0	0	0	0	0
00.000,00.000	16.6	0	-200	0	4.5	468.872	317.746	123.544	27.3598	0.221189	0	0	0	0	0	0	0	0	0	0	0	0	0	0	0	0
00.000,00.000	16.7	0	-200	0	4.5	508.551	336.769	136.87	34.6084	0.303822	0	0	0	0	0	0	0	0	0	0	0	0	0	0	0	0
00.000,00.000	16.8	0	-200	0	4.5	518.257	341.333	140.113	36.4806	0.330127	0	0	0	0	0	0	0	0	0	0	0	0	0	0	0	0
00.000,00.000	16.9	0	-200	0	4.5	538.321	350.237	147.095	40.6121	0.377087	0	0	0	0	0	0	0	0	0	0	0	0	0	0	0	0
00.000,00.000	17	0	-200	0	4.5	548.325	354.811	150.539	42.5725	0.401891	0	0	0	0	0	0	0	0	0	0	0	0	0	0	0	0
00.000,00.000	17.1	0	-200	0	4.5	553.444	357.154	152.307	43.5687	0.413776	0	0	0	0	0	0	0	0	0	0	0	0	0	0	0	0
00.000,00.000	17.2	0	-200	0	4.5	558.507	359.413	154.091	44.5772	0.426229	0	0	0	0	0	0	0	0	0	0	0	0	0	0	0	0
00.000,00.000	17.3	0	-200	0	4.5	563.496	361.627	155.851	45.5783	0.438849	0	0	0	0	0	0	0	0	0	0	0	0	0	0	0	0
00.000,00.000	17.4	0	-200	0	4.5	568.547	363.84	157.665	46.5904	0.451802	0	0	0	0	0	0	0	0	0	0	0	0	0	0	0	0
00.000,00.000	17.5	0	-200	0	4.5	591.453	373.707	166.005	50.2514	1.48925	0	0	0	0	0	0	0	0	0	0	0	0	0	0	0	0
00.000,00.000	17.6	0	-200	0	4.5	595.891	375.489	167.735	50.9331	1.73366	0	0	0	0	0	0	0	0	0	0	0	0	0	0	0	0
00.000,00.000	17.7	0	-200	0	4.5	637.846	390.74	184.638	58.2067	4.26202	0	0	0	0	0	0	0	0	0	0	0	0	0	0	0	0
00.000,00.000	17.8	0	-200	0	4.5	648.26	394.837	188.695	59.8848	4.84241	0	0	0	0	0	0	0	0	0	0	0	0	0	0	0	0
00.000,00.000	17.9	0	-200	0	4.5	669.923	402.225	197.937	63.6327	6.12826	0	0	0	0	0	0	0	0	0	0	0	0	0	0	0	0
00.000,00.000	18	0	-200	0	4.5	680.881	405.807	202.928	65.385	6.76128	0	0	0	0	0	0	0	0	0	0	0	0	0	0	0	0
00.000,00.000	18.1	0	-200	0	4.5	685.857	407.663	205.017	66.0272	7.14943	0	0	0	0	0	0	0	0	0	0	0	0	0	0	0	0
00.000,00.000	18.2	0	-200	0	4.5	690.932	409.818	206.988	66.6045	7.52082	0	0	0	0	0	0	0	0	0	0	0	0	0	0	0	0
00.000,00.000	18.3	0	-200	0	4.5	697.263	412.319	209.579	67.3157	8.04892	0	0	0	0	0	0	0	0	0	0	0	0	0	0	0	0
00.000,00.000	18.4	0	-200	0	4.5	702.733	414.452	211.841	67.9387	8.50087	0	0	0	0	0	0	0	0	0	0	0	0	0	0	0	0
00.000,00.000	18.5	0	-200	0	4.5	738.884	428.147	227.079	72.1995	11.4579	0	0	0	0	0	0	0	0	0	0	0	0	0	0	0	0
00.000,00.000	18.6	0	-200	0	4.5	746.027	430.609	230.403	72.9752	12.0397	0	0	0	0	0	0	0	0	0	0	0	0	0	0	0	0
00.000,00.000	18.7	0	-200	0	4.5	807.484	446.67	261.498	81.4648	15.8968	1.95463	0	0	0	0	0	0	0	0	0	0	0	0	0	0	0
00.000,00.000	18.8	0	-200	0	4.5	823.835	450.897	270.255	83.4407	16.5704	2.67203	0	0	0	0	0	0	0	0	0	0	0	0	0	0	0
00.000,00.000	18.9	0	-200	0	4.5	856.729	460.488	287.667	87.0824	17.6842	3.77937	0.0281367	0	0	0	0	0	0	0	0	0	0	0	0	0	0
00.000,00.000	19	0	-200	0	4.5	865.834	462.794	292.393	88.1638	18.033	4.12101	0.328969	0	0	0	0	0	0	0	0	0	0	0	0	0	0
00.000,00.000	19.1	0	-200	0	4.5	873.769	464.917	296.362	89.1887	18.334	4.39534	0.571962	0	0	0	0	0	0	0	0	0	0	0	0	0	0
00.000,00.000	19.2	0	-200	0	4.5	880.936	466.829	299.931	90.1383	18.6092	4.63945	0.788982	0	0	0	0	0	0	0	0	0	0	0	0	0	0
00.000,00.000	19.3	0	-200	0	4.5	887.344	468.556	303.084	91.0172	18.8579	4.85158	0.977807	0	0	0	0	0	0	0	0	0	0	0	0	0	0
00.000,00.000	19.4	0	-200	0	4.5	893.915	470.34	306.284	91.9423	19.1167	5.06404	1.16723	0	0	0	0	0	0	0	0	0	0	0	0	0	0
00.000,00.000	19.5	0	-200	0	4.5	900.813	472.192	309.617	92.9535	19.3976	5.28647	1.36621	0	0	0	0	0	0	0	0	0	0	0	0	0	0
00.000,00.000	19.6	0	-200	0	4.5	907.144	473.866	312.649	93.9205	19.6663	5.49154	1.53956	0.010711	0	0	0	0	0	0	0	0	0	0	0	0	0
00.000,00.000	19.7	0	-200	0	4.5	913.652	475.634	315.72	94.924	19.9441	5.69588	1.54273	0.191136	0	0	0	0	0	0	0	0	0	0	0	0	0
00.000,00.000	19.8	0	-200	0	4.5	920.315	477.416	318.845	95.9827	20.2416	5.90617	1.54273	0.380504	0	0	0	0	0	0	0	0	0	0	0	0	0
00.000,00.000	19.9	0	-200	0	4.5	955.962	486.815	335.398	101.822	21.917	7.04983	1.54273	1.4165	0	0	0	0	0	0	0	0	0	0	0	0	0
00.000,00.000	20	0	-200	0	4.5	963.517	488.794	338.792	103.214	22.2635	7.28395	1.54273	1.62715	0	0	0	0	0	0	0	0	0	0	0	0	0
00.000,00.000	20.1	0	-200	0	4.5	988.051	495.832	349.074	107.886	22.9879	8.45185	1.54273	2.27623	0	0	0	0	0	0	0	0	0	0	0	0	0
00.000,00.000	20.2	0	-200	0	4.5	1001.08	499.525	354.19	110.729	23.3237	9.14539	1.54273	2.62017	0	0	0	0	0	0	0	0	0	0	0	0	0
00.000,00.000	20.3	0	-200	0	4.5	1008.39	501.724	356.902	112.376	23.5265	9.51635	1.54273	2.80445	0	0	0	0	0	0	0	0	0	0	0	0	0
00.000,00.000	20.4	0	-200	0	4.5	1025.28	507.054	363.288	115.748	24.038	10.0038	1.91483	3.23246	0	0	0	0	0	0	0	0	0	0	0	0	0
00.000,00.000	20.5	0	-200	0	4.5	1029.03	508.243	364.707	116.487	24.1578	10.0928	2.0184	3.32842	0	0	0	0	0	0	0	0	0	0	0	0	0
00.000,00.000	20.6	0	-200	0	4.5	1041.07	512.084	369.133	118.925	24.5815	10.3717	2.34417	3.63025	0	0	0	0	0	0	0	0	0	0	0	0	0
00.000,00.000	20.7	0	-200	0	4.5	1089.57	526.986	386.232	129.519	26.5334	11.5786	3.76973	4.9523	0	0	0	0	0	0	0	0	0	0	0	0	0
00.000,00.000	20.8	0	-200	0	4.5	1111.84	534.136	394.266	134.129	27.4056	12.0662	4.3478	5.48839	0	0	0	0	0	0	0	0	0	0	0	0	0
00.000,00.000	20.9	0	-200	0	4.5	1111.84	534.127	394.289	134.119	27.4056	12.0662	4.3478	5.48839	0	0	0	0	0	0	0	0	0	0	0	0	0
00.000,00.000	21	0	-200	0	4.5	1164.49	551.027	413.354	144.935	29.7711	13.1572	5.59783	6.64503	0	0	0	0	0	0	0	0	0	0	0	0	0
00.000,00.000	21.1	0	-200	0	4.5	1187.78	558.307	421.897	149.677	30.9664	13.6403	6.14162	7.14811	0	0	0	0	0	0	0	0	0	0	0	0	0
00.000,00.000	21.2	0	-200	0	4.5	1196.5	561.062	425.064	151.455	31.4308	13.8244	6.33725	7.3287	0	0	0	0	0	0	0	0	0	0	0	0	0
00.000,00.000	21.3	0	-200	0	4.5	1205.62	563.928	428.382	153.308	31.934	14.0182	6.53723	7.51336	0	0	0	0	0	0	0	0	0	0	0	0	0
00.000,00.000	21.4	0	-200	0	4.5	1231.84	572.064	438.036	158.593	33.4368	14.5836	7.0988	8.0318	0	0	0	0	0	0	0	0	0	0	0	0	0
00.000,00.000	21.5	0	-200	0	4.5	1237.5	573.743	440.162	159.725	33.7948	14.7084	7.22018	8.14386	0	0	0	0	0	0	0	0	0	0	0	0	0
00.000,00.000	21.6	0	-200	0	4.5	1255.74	579.157	446.927	163.08	35.3483	15.1279	7.6038	8.49782	0	0	0	0	0	0	0	0	0	0	0	0	0
00.000,00.000	21.7	0	-200	0	4.5	1306.32	592.744	465.951	172.776	40.5466	15.9122	8.79523	9.59858	0	0	0	0	0	0	0	0	0	0	0	0	0
00.000,00.000	21.8	0	-200	0	4.5	1356.11	607.766	484.214	182.044	45.3156	16.3614	9.84513	9.69279	0.867192	0	0	0	0	0	0	0	0	0	0	0	0
00.000,00.000	21.9	0	-200	0	4.5	1360.69	609.07	485.897	182.933	45.7755	16.4233	9.9438	9.69279	0.956531	0	0	0	0	0	0	0	0	0	0	0	0
00.000,00.000	22	0	-200	0	4.5	1428.17	629.277	510.388	195.638	52.3754	17.2934	11.3345	9.6955	2.16419	0	0	0	0	0	0	0	0	0	0	0	0
00.000,00.000	22.1	0	-200	0	4.5	1457.56	638.129	520.904	201.151	55.2815	17.7165	11.4528	10.2366	2.68445	0	0	0	0	0	0	0	0	0	0	0	0
00.000,00.000	22.2	0	-200	0	4.5	1467.99	641.252	524.613	203.139	56.3249	17.8813	11.4859	10.4375	2.86151	0	0	0	0	0	0	0	0	0	0	0	0
00.000,00.000	22.3	0	-200	0	4.5	1478.91	644.567	528.417	205.219	57.4251	18.0664	11.5199	10.6493	3.04205	0	0	0	0	0	0	0	0	0	0	0	0
00.000,00.000	22.4	0	-200	0	4.5	1510.57	653.939	539.594	211.302	60.6427	18.6437	11.6241	11.2689	3.55113	0	0	0	0	0	0	0	0	0	0	0	0
00.000,00.000	22.5	0	-200	0	4.5	1517.44	655.871	542.066	212.653	61.3502	18.7782	11.6556	11.4052	3.66132	0	0	0	0	0	0	0	0	0	0	0	0
00.000,00.000	22.6	0	-200	0	4.5	1539.51	661.673	550.229	217.051	63.6868	19.2451	11.7566	11.8617	4.01069	0	0	0	0	0	0	0	0	0	0	0	0
00.000,00.000	22.7	0	-200	0	4.5	1599.82	674.982	573.331	229.645	70.721	20.7156	12.0887	13.2758	5.06181	0	0	0	0	0	0	0	0	0	0	0	0
00.000,00.000	22.8	0	-200	0	4.5	1662.48	691.653	596.173	241.643	77.6901	22.1992	12.4446	14.6461	6.02671	0	0	0	0	0	0	0	0	0	0	0	0
00.000,00.000	22.9	0	-200	0	4.5	1668.39	693.052	598.381	242.816	78.3769	22.3701	12.4889	14.7828	6.11984	0	0	0	0	0	0	0	0	0	0	0	0
00.000,00.000	23	0	-200	0	4.5	1752.1	713.642	628.728	259.497	86.9427	26.0109	13.2075	16.7408	7.33192	0	0	0	0	0	0	0	0	0	0	0	0
00.000,00.000	23.1	0	-200	0	4.5	1788.07	722.623	641.188	266.671	90.7449	27.7701	13.639	17.5847	7.84912	0	0	0	0	0	0	0	0	0	0	0	0
00.000,00.000	23.2	0	-200	0	4.5	1800.9	726.037	645.556	269.164	92.0737	28.3697	13.7859	17.8929	8.02091	0	0	0	0	0	0	0	0	0	0	0	0
00.000,00.000	23.3	0	-200	0	4.5	1814.68	729.802	650.187	271.804	93.4959	29.0134	13.9536	18.2228	8.19887	0	0	0	0	0	0	0	0	0	0	0	0
00.000,00.000	23.4	0	-200	0	4.5	1842.05	737.54	659.268	276.943	96.2973	30.2847	14.292	18.8881	8.53707	0	0	0	0	0	0	0	0	0	0	0	0
00.000,00.000	23.5	0	-200	0	4.5	1848.36	739.282	661.353	278.132	96.9563	30.5931	14.386	19.041	8.6149	0	0	0	0	0	0	0	0	0	0	0	0
00.000,00.000	23.6	0	-200	0	4.5	1904.88	754.798	679.638	288.693	103.196	33.4156	15.2192	20.5837	9.33663	0	0	0	0	0	0	0	0	0	0	0	0
00.000,00.000	23.7	0	-200	0	4.5	1918.94	758.859	684.055	291.243	104.754	34.1175	15.4699	20.9315	9.40508	0.101294	0	0	0	0	0	0	0	0	0	0	0
00.000,00.000	23.8	0	-200	0	4.5	1920.3	759.256	684.481	291.488	104.904	34.1848	15.4918	20.9689	9.40888	0.113395	0	0	0	0	0	0	0	0	0	0	0
00.000,00.000	23.9	0	-200	0	4.5	1962.99	772.17	697.654	299.022	109.549	36.2697	16.1916	22.1329	9.48969	0.510357	0	0	0	0	0	0	0	0	0	0	0
00.000,00.000	24	0	-200	0	4.5	1974.01	775.472	701	300.972	110.788	36.8351	16.4105	22.4077	9.48969	0.634261	0	0	0	0	0	0	0	0	0	0	0
00.000,00.000	24.1	0	-200	0	4.5	2013.67	787.687	713.263	307.834	115.042	38.7598	17.0819	23.4633	9.48969	1.04586	0	0	0	0	0	0	0	0	0	0	0
00.000,00.000	24.2	0	-200	0	4.5	2038.85	795.377	721.019	312.182	117.765	40.0262	17.5867	23.8735	9.71679	1.30569	0	0	0	0	0	0	0	0	0	0	0
00.000,00.000	24.3	0	-200	0	4.5	2056.21	800.736	726.306	315.159	119.645	40.8993	17.9272	24.1561	9.89871	1.47976	0	0	0	0	0	0	0	0	0	0	0
00.000,00.000	24.4	0	-200	0	4.5	2074.05	806.239	731.749	318.206	121.561	41.8239	18.2792	24.4535	10.0853	1.65445	0	0	0	0	0	0	0	0	0	0	0
00.000,00.000	24.5	0	-200	0	4.5	2092.34	811.819	737.338	321.307	123.585	42.773	18.646	24.7643	10.2746	1.82896	0	0	0	0	0	0	0	0	0	0	0
00.000,00.000	24.6	0	-200	0	4.5	2110.79	817.411	742.962	324.427	125.643	43.7453	19.0364	25.0881	10.4688	2.00452	0	0	0	0	0	0	0	0	0	0	0
00.000,00.000	24.7	0	-200	0	4.5	2129.41	823.046	748.621	327.548	127.756	44.7423	19.4329	25.4267	10.661	2.17677	0	0	0	0	0	0	0	0	0	0	0
00.000,00.000	24.8	0	-200	0	4.5	2148.49	828.796	754.389	330.741	129.933	45.7877	19.8566	25.7797	10.8601	2.35124	0	0	0	0	0	0	0	0	0	0	0
00.000,00.000	24.9	0	-200	0	4.5	2220.29	850.454	775.723	342.731	138.194	49.8957	21.5157	27.1503	11.6181	3.00354	0	0	0	0	0	0	0	0	0	0	0
00.000,00.000	25	0	-200	0	4.5	2235.43	854.852	780.365	345.249	139.934	50.8018	21.9127	27.4014	11.7777	3.13917	0	0	0	0	0	0	0	0	0	0	0
00.000,00.000	25.1	0	-200	0	4.5	2284.92	869.685	795.303	353.263	145.649	53.7096	23.105	28.3529	12.296	3.55974	0	0	0	0	0	0	0	0	0	0	0
00.000,00.000	25.2	0	-200	0	4.5	2315.84	878.745	804.626	358.391	149.269	55.5613	23.8697	28.9316	12.6245	3.82177	0	0	0	0	0	0	0	0	0	0	0
00.000,00.000	25.3	0	-200	0	4.5	2336.78	884.897	810.933	361.831	151.734	56.7973	24.3966	29.3483	12.8491	3.99391	0	0	0	0	0	0	0	0	0	0	0
00.000,00.000	25.4	0	-200	0	4.5	2409.03	906.055	832.682	373.635	160.197	60.9582	26.4631	30.8248	13.6368	4.57874	0	0	0	0	0	0	0	0	0	0	0
00.000,00.000	25.5	0	-200	0	4.5	2429.89	912.125	839.039	377.008	162.59	61.9827	27.2947	31.2295	13.874	4.75136	0	0	0	0	0	0	0	0	0	0	0
00.000,00.000	25.6	0	-200	0	4.5	2430.43	912.28	839.204	377.092	162.653	62.0108	27.3149	31.2407	13.8803	4.75574	0	0	0	0	0	0	0	0	0	0	0
00.000,00.000	25.7	0	-200	0	4.5	2435.66	913.781	840.827	377.899	163.249	62.2868	27.5165	31.3543	13.9436	4.79736	0	0	0	0	0	0	0	0	0	0	0
00.000,00.000	25.8	0	-200	0	4.5	2500.69	932.342	861.008	387.791	170.854	65.8342	29.979	32.8427	14.736	5.30631	0	0	0	0	0	0	0	0	0	0	0
00.000,00.000	25.9	0	-200	0	4.5	2563.17	949.788	880.434	397.197	178.352	69.2746	32.4815	34.3076	15.5342	5.80557	0	0	0	0	0	0	0	0	0	0	0
00.000,00.000	26	0	-200	0	4.5	2571.98	952.194	883.212	398.502	179.432	69.7615	32.8473	34.5094	15.6495	5.87574	0	0	0	0	0	0	0	0	0	0	0
00.000,00.000	26.1	0	-200	0	4.5	2614.79	963.931	896.843	404.648	184.507	72.2555	34.5897	35.5961	16.2182	6.20395	0	0	0	0	0	0	0	0	0	0	0
00.000,00.000	26.2	0	-200	0	4.5	2629.59	967.781	901.735	406.794	186.176	73.1813	35.2193	35.9598	16.4209	6.31925	0	0	0	0	0	0	0	0	0	0	0
00.000,00.000	26.3	0	-200	0	4.5	2632.13	968.452	902.573	407.16	186.459	73.3385	35.3253	36.0281	16.4561	6.33835	0	0	0	0	0	0	0	0	0	0	0
00.000,00.000	26.4	0	-200	0	4.5	2632.54	968.56	902.707	407.219	186.501	73.3651	35.3432	36.0385	16.462	6.34146	0	0	0	0	0	0	0	0	0	0	0
00.000,00.000	26.5	0	-200	0	4.5	2633.52	968.815	903.031	407.356	186.612	73.4264	35.3849	36.0665	16.4761	6.34867	0	0	0	0	0	0	0	0	0	0	0
00.000,00.000	26.6	0	-200	0	4.5	2770.66	1003.71	948.249	426.629	202.391	82.2366	41.2872	40.1905	18.5706	7.39421	0	0	0	0	0	0	0	0	0	0	0
00.000,00.000	26.7	0	-200	0	4.5	2914.12	1037.07	995.807	446.852	219.51	92.1109	48.1847	45.0181	21	8.57239	0	0	0	0	0	0	0	0	0	0	0
00.000,00.000	26.8	0	-200	0	4.5	2968.72	1051.3	1013.55	454.11	225.608	95.7489	50.7282	46.7773	21.909	8.99296	0	0	0	0	0	0	0	0	0	0	0
00.000,00.000	26.9	0	-200	0	4.5	2969.55	1051.51	1013.81	454.221	225.699	95.8056	50.7673	46.805	21.9233	8.99925	0	0	0	0	0	0	0	0	0	0	0
00.000,00.000	27	0	-200	0	4.5	3018.95	1064.18	1030.11	460.641	231.051	99.1863	53.1219	48.4813	22.8036	9.04297	0.324319	0	0	0	0	0	0	0	0	0	0
00.000,00.000	27.1	0	-200	0	4.5	3080.8	1079.88	1050.65	468.562	237.725	103.478	56.1188	50.6142	23.4781	9.50352	0.784479	0	0	0	0	0	0	0	0	0	0
00.000,00.000	27.2	0	-200	0	4.5	3111.18	1087.5	1060.72	472.478	240.944	105.665	57.6047	51.6957	23.8096	9.74832	1.00909	0	0	0	0	0	0	0	0	0	0
00.000,00.000	27.3	0	-200	0	4.5	3134.12	1093.23	1068.3	475.405	243.383	107.35	58.7318	52.5406	24.0774	9.92923	1.1761	0	0	0	0	0	0	0	0	0	0
00.000,00.000	27.4	0	-200	0	4.5	3176.79	1103.79	1082.32	480.85	247.93	110.531	60.8592	54.1565	24.6058	10.2661	1.48515	0	0	0	0	0	0	0	0	0	0
00.000,00.000	27.5	0	-200	0	4.5	3206.26	1111.07	1092	484.586	251.049	112.761	62.3541	55.2507	24.9911	10.4994	1.69922	0	0	0	0	0	0	0	0	0	0
00.000,00.000	27.6	0	-200	0	4.5	3229.16	1116.64	1099.37	487.518	253.501	114.547	63.5397	56.1745	25.3123	10.683	1.86779	0	0	0	0	0	0	0	0	0	0
00.000,00.000	27.7	0	-200	0	4.5	3251.87	1122.26	1106.67	490.417	255.913	116.24	64.7214	57.1026	25.6465	10.8623	2.0319	0	0	0	0	0	0	0	0	0	0
00.000,00.000	27.8	0	-200	0	4.5	3444.37	1167.64	1165.72	515.726	277.549	131.285	75.4762	66.083	28.8194	12.5262	3.53703	0	0	0	0	0	0	0	0	0	0
00.000,00.000	27.9	0	-200	0	4.5	3483.52	1177.7	1177.46	520.851	281.691	134.244	77.3372	68.1048	29.4415	12.8636	3.83603	0	0	0	0	0	0	0	0	0	0
00.000,00.000	28	0	-200	0	4.5	3488.98	1179.1	1179.11	521.557	282.254	134.649	77.5949	68.3967	29.5304	12.9121	3.87608	0	0	0	0	0	0	0	0	0	0
00.000,00.000	28.1	0	-200	0	4.5	3562.08	1197.67	1200.92	531.17	289.838	140.176	81.0488	72.4261	30.8338	13.5799	4.41353	0	0	0	0	0	0	0	0	0	0
00.000,00.000	28.2	0	-200	0	4.5	3600.87	1207.84	1212.42	536.256	293.734	143.03	82.869	74.543	31.5416	13.9423	4.69836	0	0	0	0	0	0	0	0	0	0
00.000,00.000	28.3	0	-200	0	4.5	3623.62	1213.84	1219.09	539.224	296.022	144.727	83.9344	75.7867	31.986	14.1606	4.86182	0	0	0	0	0	0	0	0	0	0
00.000,00.000	28.4	0	-200	0	4.5	3695.66	1232.84	1239.88	548.694	303.253	150.143	87.3522	79.7794	33.4682	14.8779	5.37768	0	0	0	0	0	0	0	0	0	0
00.000,00.000	28.5	0	-200	0	4.5	3734.38	1242.93	1251.13	553.844	307.093	153.042	89.2192	81.9188	34.2667	15.2789	5.65793	0	0	0	0	0	0	0	0	0	0
00.000,00.000	28.6	0	-200	0	4.5	3756.23	1248.07	1257.15	556.939	309.446	154.8	90.388	83.2526	34.8025	15.5456	5.83524	0	0	0	0	0	0	0	0	0	0
00.000,00.000	28.7	0	-200	0	4.5	3952.76	1300.4	1309.1	583.192	329.044	170.003	100.634	95.3277	39.7018	17.9786	7.38209	0	0	0	0	0	0	0	0	0	0
00.000,00.000	28.8	0	-200	0	4.5	3988.71	1309.32	1318.84	588.053	332.71	172.931	102.684	97.5786	40.6508	18.4701	7.47024	0	0	0	0	0	0	0	0	0	0
00.000,00.000	28.9	0	-200	0	4.5	3989.69	1309.59	1319.1	588.179	332.804	173.004	102.736	97.6386	40.6767	18.4832	7.47164	0	0	0	0	0	0	0	0	0	0
00.000,00.000	29	0	-200	0	4.5	4027.93	1319.89	1329.36	593.154	336.533	175.884	104.819	100.018	41.738	19.0233	7.51119	0	0	0	0	0	0	0	0	0	0
00.000,00.000	29.1	0	-200	0	4.5	4088.42	1336.16	1345.24	601.094	342.49	180.4	108.217	103.875	43.4957	19.919	7.52735	0	0	0	0	0	0	0	0	0	0
00.000,00.000	29.2	0	-200	0	4.5	4118.61	1344.77	1353.09	604.964	345.296	182.602	109.875	105.745	44.3761	20.3695	7.52735	0	0	0	0	0	0	0	0	0	0
00.000,00.000	29.3	0	-200	0	4.5	4141	1351.28	1358.86	607.84	347.331	184.186	111.095	107.124	45.0455	20.5746	7.66467	0	0	0	0	0	0	0	0	0	0
00.000,00.000	29.4	0	-200	0	4.5	4163.56	1357.84	1364.62	610.767	349.377	185.758	112.339	108.529	45.7275	20.7754	7.82007	0	0	0	0	0	0	0	0	0	0
00.000,00.000	29.5	0	-200	0	4.5	4186.21	1364.56	1370.33	613.658	351.432	187.31	113.59	109.943	46.4263	20.9686	7.99525	0	0	0	0	0	0	0	0	0	0
00.000,00.000	29.6	0	-200	0	4.5	4208.69	1371.16	1375.84	616.532	353.521	188.865	114.87	111.389	47.159	21.1791	8.17349	0	0	0	0	0	0	0	0	0	0
00.000,00.000	29.7	0	-200	0	4.5	4333.68	1404.13	1404.11	632.869	366.538	198.511	122.996	120.617	51.9658	22.6222	9.31977	0	0	0	0	0	0	0	0	0	0
00.000,00.000	29.8	0	-200	0	4.5	4424.31	1433.46	1424.27	644.096	374.198	204.719	128.305	126.419	55.1868	23.6101	10.0508	0	0	0	0	0	0	0	0	0	0
00.000,00.000	29.9	0	-200	0	4.5	4427.85	1434.58	1425.05	644.535	374.493	204.975	128.524	126.637	55.3247	23.6524	10.0805	0	0	0	0	0	0	0	0	0	0
00.000,00.000	30	0	-200	0	4.5	4573.59	1478.78	1458.57	662.411	387.402	215.048	137.396	135.464	61.7682	25.4871	11.2612	0	0	0	0	0	0	0	0	0	0
00.000,00.000	30.1	0	-200	0	4.5	4635.73	1496.38	1474.31	669.96	392.881	219.407	141.287	138.589	64.8269	26.3063	11.7759	0	0	0	0	0	0	0	0	0	0
00.000,00.000	30.2	0	-200	0	4.5	4657.32	1502.48	1479.8	672.522	394.825	220.912	142.606	139.724	65.8837	26.6149	11.955	0	0	0	0	0	0	0	0	0	0
00.000,00.000	30.3	0	-200	0	4.5	4678.81	1508.68	1485.11	675.017	396.79	222.422	143.916	140.833	66.9609	26.9411	12.1359	0	0	0	0	0	0	0	0	0	0
00.000,00.000	30.4	0	-200	0	4.5	4700.78	1515.01	1490.68	677.485	398.798	223.953	145.229	141.94	68.0733	27.2879	12.321	0	0	0	0	0	0	0	0	0	0
00.000,00.000	30.5	0	-200	0	4.5	4722.89	1521.5	1496.05	679.961	400.851	225.503	146.57	143.061	69.2228	27.6577	12.5111	0	0	0	0	0	0	0	0	0	0
00.000,00.000	30.6	0	-200	0	4.5	4744.33	1527.61	1501.24	682.332	402.876	227.032	147.909	144.188	70.4014	28.0486	12.7064	0	0	0	0	0	0	0	0	0	0
00.000,00.000	30.7	0	-200	0	4.5	4765.99	1534.1	1506.49	684.687	404.829	228.504	149.198	145.276	71.567	28.4457	12.8977	0	0	0	0	0	0	0	0	0	0
00.000,00.000	30.8	0	-200	0	4.5	4951.3	1588.51	1550.77	704.778	421.936	241.476	160.29	154.912	81.9227	32.1061	14.6084	0	0	0	0	0	0	0	0	0	0
00.000,00.000	30.9	0	-200	0	4.5	4987.13	1599.22	1559.24	708.586	425.231	243.967	162.406	156.759	83.9313	32.8395	14.9518	0	0	0	0	0	0	0	0	0	0
00.000,00.000	31	0	-200	0	4.5	4994.44	1601.52	1560.96	709.356	425.879	244.464	162.814	157.125	84.3011	32.9952	15.0222	0	0	0	0	0	0	0	0	0	0
00.000,00.000	31.1	0	-200	0	4.5	5066.2	1624.34	1577.68	716.903	432.237	249.327	166.813	160.688	87.9138	34.5694	15.7231	0	0	0	0	0	0	0	0	0	0
00.000,00.000	31.2	0	-200	0	4.5	5103.73	1636.44	1586.28	720.812	435.574	251.89	168.876	162.555	89.7645	35.4323	16.103	0	0	0	0	0	0	0	0	0	0
00.000,00.000	31.3	0	-200	0	4.5	5126.44	1643.87	1591.48	723.139	437.553	253.432	170.087	163.69	90.8819	35.971	16.3361	0	0	0	0	0	0	0	0	0	0
00.000,00.000	31.4	0	-200	0	4.5	5162.27	1655.76	1599.66	726.718	440.617	255.881	171.947	165.48	92.6451	36.8531	16.7125	0	0	0	0	0	0	0	0	0	0
00.000,00.000	31.5	0	-200	0	4.5	5189.54	1664.89	1605.87	729.388	442.921	257.744	173.334	166.842	94.0066	37.5469	17.0071	0	0	0	0	0	0	0	0	0	0
00.000,00.000	31.6	0	-200	0	4.5	5211.79	1672.01	1610.77	731.53	444.86	259.364	174.527	168.042	95.2313	38.1819	17.2764	0	0	0	0	0	0	0	0	0	0
00.000,00.000	31.7	0	-200	0	4.5	5256.28	1687.48	1620.34	735.665	448.659	262.392	176.717	170.264	97.5518	39.4113	17.7921	0	0	0	0	0	0	0	0	0	0
00.000,00.000	31.8	0	-200	0	4.5	5266.01	1690.69	1622.43	736.564	449.565	263.09	177.205	170.756	98.0954	39.7008	17.913	0	0	0	0	0	0	0	0	0	0
00.000,00.000	31.9	0	-200	0	4.5	5399.68	1738.4	1649.75	748.245	461.268	272.199	183.669	177.512	105.318	43.741	19.1386	0.440357	0	0	0	0	0	0	0	0	0
00.000,00.000	32	0	-200	0	4.5	5428.26	1748.58	1655.51	750.827	463.755	274.207	185.048	178.961	106.827	44.6062	19.2916	0.654187	0	0	0	0	0	0	0	0	0
00.000,00.000	32.1	0	-200	0	4.5	5513.28	1778.5	1673.1	758.327	471.049	280.05	189.064	183.281	111.507	47.3282	19.8008	1.27614	0	0	0	0	0	0	0	0	0
00.000,00.000	32.2	0	-200	0	4.5	5558.12	1795.21	1682.06	762.185	474.757	283.042	191.098	185.474	113.869	48.7516	20.079	1.59899	0	0	0	0	0	0	0	0	0
00.000,00.000	32.3	0	-200	0	4.5	5581.88	1804.26	1686.81	764.157	476.64	284.598	192.169	186.58	115.127	49.5331	20.2377	1.76513	0	0	0	0	0	0	0	0	0
00.000,00.000	32.4	0	-200	0	4.5	5707.64	1852.36	1712.06	774.463	486.409	292.706	197.775	192.388	121.874	53.822	21.1489	2.63793	0	0	0	0	0	0	0	0	0
00.000,00.000	32.5	0	-200	0	4.5	5764.99	1874.7	1723.55	779.127	490.67	296.328	200.297	194.948	124.909	55.8285	21.591	3.0379	0	0	0	0	0	0	0	0	0
00.000,00.000	32.6	0	-200	0	4.5	5788.09	1883.82	1727.88	780.87	492.413	297.826	201.328	196.048	126.195	56.7046	21.7963	3.20631	0	0	0	0	0	0	0	0	0
00.000,00.000	32.7	0	-200	0	4.5	5819.52	1896.53	1734	783.236	494.672	299.742	202.649	197.471	127.868	57.8546	22.0808	3.42178	0	0	0	0	0	0	0	0	0
00.000,00.000	32.8	0	-200	0	4.5	5943.76	1947.42	1755.35	791.481	503.863	307.838	208.292	203.733	135.05	62.9259	23.4327	4.3685	0	0	0	0	0	0	0	0	0
00.000,00.000	32.9	0	-200	0	4.5	5969.19	1958.1	1760.14	793.311	505.593	309.322	209.393	204.944	136.244	63.875	23.7146	4.55226	0	0	0	0	0	0	0	0	0
00.000,00.000	33	0	-200	0	4.5	5970.16	1958.51	1760.33	793.371	505.657	309.379	209.434	204.988	136.294	63.9126	23.7256	4.55884	0	0	0	0	0	0	0	0	0
00.000,00.000	33.1	0	-200	0	4.5	6081.43	2005.35	1782.14	800.817	512.717	315.812	214.008	209.983	142.003	68.2541	25.0382	5.30376	0	0	0	0	0	0	0	0	0
00.000,00.000	33.2	0	-200	0	4.5	6135.28	2027.96	1793.06	804.565	515.98	318.732	216.251	212.48	144.608	70.3186	25.6677	5.66553	0	0	0	0	0	0	0	0	0
00.000,00.000	33.3	0	-200	0	4.5	6160.41	2038.55	1798.2	806.248	517.483	320.071	217.307	213.599	145.839	71.3099	25.9752	5.8282	0	0	0	0	0	0	0	0	0
00.000,00.000	33.4	0	-200	0	4.5	6247.87	2075.68	1816.2	812.044	522.018	325.079	220.974	217.391	150.172	74.831	27.093	6.3889	0	0	0	0	0	0	0	0	0
00.000,00.000	33.5	0	-200	0	4.5	6293.34	2094.87	1825.75	815.152	524.203	327.706	222.853	219.367	152.375	76.6856	27.6874	6.68363	0	0	0	0	0	0	0	0	0
00.000,00.000	33.6	0	-200	0	4.5	6318.34	2105.71	1830.73	816.633	525.384	329.15	223.9	220.486	153.669	77.7665	28.0515	6.85285	0	0	0	0	0	0	0	0	0
00.000,00.000	33.7	0	-200	0	4.5	6443.98	2160.39	1855.8	824.467	531.022	336.29	229.061	225.977	160.076	83.2745	29.9292	7.68978	0	0	0	0	0	0	0	0	0
00.000,00.000	33.8	0	-200	0	4.5	6468.84	2171.15	1860.86	826.118	532.108	337.692	230.114	227.05	161.304	84.3039	30.2848	7.85651	0	0	0	0	0	0	0	0	0
00.000,00.000	33.9	0	-200	0	4.5	6470.78	2172.01	1861.25	826.238	532.192	337.798	230.192	227.131	161.4	84.3878	30.3154	7.86878	0	0	0	0	0	0	0	0	0
00.000,00.000	34	0	-200	0	4.5	6520.18	2193.96	1871.31	829.27	534.247	340.419	232.188	229.152	163.813	86.5285	31.1151	8.17728	0	0	0	0	0	0	0	0	0
00.000,00.000	34.1	0	-200	0	4.5	6564.4	2213.59	1880.41	832.103	536.054	342.712	234.001	230.898	165.988	88.3674	31.8236	8.45552	0	0	0	0	0	0	0	0	0
00.000,00.000	34.2	0	-200	0	4.5	6593.84	2227.24	1886.52	833.886	537.157	344.122	235.133	231.993	167.345	89.5325	32.284	8.62741	0	0	0	0	0	0	0	0	0
00.000,00.000	34.3	0	-200	0	4.5	6623.17	2240.91	1892.79	835.649	538.2	345.465	236.232	233.045	168.657	90.6858	32.752	8.79277	0	0	0	0	0	0	0	0	0
00.000,00.000	34.4	0	-200	0	4.5	6652.97	2254.9	1899.08	837.603	539.207	346.773	237.327	234.083	169.957	91.8452	33.2332	8.85824	0.0980791	0	0	0	0	0	0	0	0
00.000,00.000	34.5	0	-200	0	4.5	6682.98	2269.13	1905.38	839.619	540.197	348.044	238.427	235.105	171.24	93.0152	33.71	8.86587	0.251819	0	0	0	0	0	0	0	0
00.000,00.000	34.6	0	-200	0	4.5	6713.46	2283.72	1911.79	841.602	541.186	349.263	239.536	236.125	172.533	94.222	34.2092	8.86587	0.416824	0	0	0	0	0	0	0	0
00.000,00.000	34.7	0	-200	0	4.5	6808.77	2329.4	1931.6	847.876	544.49	352.962	243.002	239.254	176.542	98.0184	35.8413	8.86587	0.924831	0	0	0	0	0	0	0	0
00.000,00.000	34.8	0	-200	0	4.5	6827.3	2338.16	1935.42	849.23	545.132	353.692	243.728	239.878	177.306	98.7312	36.132	8.86587	1.0271	0	0	0	0	0	0	0	0
00.000,00.000	34.9	0	-200	0	4.5	6835.03	2341.86	1937.01	849.757	545.439	354.006	244.004	240.124	177.607	99.0329	36.2646	8.86587	1.06714	0	0	0	0	0	0	0	0
00.000,00.000	35	0	-200	0	4.5	6885.76	2366.34	1947.33	853.13	547.307	356.28	245.794	241.692	179.567	101.046	37.1823	8.86587	1.23173	0	0	0	0	0	0	0	0
00.000,00.000	35.1	0	-200	0	4.5	6923.73	2384.73	1955.09	855.64	548.671	358.078	247.159	242.848	181.006	102.539	37.8772	8.86587	1.22657	0	0	0	0	0	0	0	0
00.000,00.000	35.2	0	-200	0	4.5	6955.07	2399.79	1961.2	857.543	549.808	359.626	248.489	243.861	182.242	103.873	38.5204	8.86587	1.24978	0	0	0	0	0	0	0	0
00.000,00.000	35.3	0	-200	0	4.5	6983.9	2413.86	1966.68	859.21	550.818	361.003	249.782	244.804	183.36	105.133	39.1386	8.86587	1.25052	0	0	0	0	0	0	0	0
00.000,00.000	35.4	0	-200	0	4.5	7012.62	2428.08	1971.98	860.803	551.784	362.318	251.121	245.754	184.46	106.415	39.7851	8.86587	1.25052	0	0	0	0	0	0	0	0
00.000,00.000	35.5	0	-200	0	4.5	7041.37	2442.47	1977.19	862.351	552.716	363.573	252.511	246.723	185.544	107.709	40.4589	8.86587	1.25052	0	0	0	0	0	0	0	0
00.000,00.000	35.6	0	-200	0	4.5	7082.84	2463.42	1984.49	864.553	554.018	365.299	254.577	248.153	187.108	109.617	41.4807	8.86609	1.25052	0	0	0	0	0	0	0	0
00.000,00.000	35.7	0	-200	0	4.5	7109.43	2476.97	1989.1	865.962	554.824	366.363	255.921	249.133	188.036	110.849	42.1548	8.86705	1.25052	0	0	0	0	0	0	0	0
00.000,00.000	35.8	0	-200	0	4.5	7122.4	2483.66	1991.29	866.623	555.205	366.864	256.586	249.618	188.49	111.456	42.4982	8.86801	1.25052	0	0	0	0	0	0	0	0
00.000,00.000	35.9	0	-200	0	4.5	7148	2497.09	1995.44	867.869	555.933	367.817	257.907	250.561	189.395	112.662	43.2051	8.87091	1.25052	0	0	0	0	0	0	0	0
00.000,00.000	36	0	-200	0	4.5	7178.79	2513.39	2000.34	869.331	556.786	368.919	259.51	251.718	190.457	114.128	44.0887	8.8758	1.25052	0	0	0	0	0	0	0	0
00.000,00.000	36.1	0	-200	0	4.5	7206.37	2528.12	2004.61	870.601	557.53	369.875	260.954	252.767	191.411	115.46	44.9117	8.88183	1.25052	0	0	0	0	0	0	0	0
00.000,00.000	36.2	0	-200	0	4.5	7232.98	2542.53	2008.61	871.788	558.224	370.759	262.34	253.786	192.324	116.752	45.7298	8.88934	1.25052	0	0	0	0	0	0	0	0
00.000,00.000	36.3	0	-200	0	4.5	7259.44	2556.96	2012.54	872.923	558.894	371.604	263.714	254.807	193.228	118.047	46.5696	8.89881	1.25052	0	0	0	0	0	0	0	0
00.000,00.000	36.4	0	-200	0	4.5	7285.76	2571.43	2016.37	874.008	559.574	372.412	265.077	255.832	194.12	119.344	47.4319	8.91063	1.25052	0	0	0	0	0	0	0	0
00.000,00.000	36.5	0	-200	0	4.5	7311.88	2585.94	2020.07	875.028	560.27	373.167	266.421	256.857	194.995	120.641	48.3158	8.92468	1.25052	0	0	0	0	0	0	0	0
00.000,00.000	36.6	0	-200	0	4.5	7359.93	2612.86	2026.69	876.783	561.539	374.498	268.893	258.751	196.625	123.079	49.9982	8.95615	1.25052	0	0	0	0	0	0	0	0
00.000,00.000	36.7	0	-200	0	4.5	7375.92	2621.86	2028.92	877.355	561.969	374.92	269.72	259.376	197.15	123.876	50.5514	8.96824	1.25052	0	0	0	0	0	0	0	0
00.000,00.000	36.8	0	-200	0	4.5	7411.2	2641.96	2033.67	878.526	562.886	375.811	271.474	260.815	198.312	125.659	51.839	9.0006	1.25052	0	0	0	0	0	0	0	0
00.000,00.000	36.9	0	-200	0	4.5	7419.24	2646.58	2034.78	878.79	563.104	376.003	271.839	261.141	198.559	126.052	52.1301	9.01271	1.25052	0	0	0	0	0	0	0	0
00.000,00.000	37	0	-200	0	4.5	7459.58	2669.95	2040.11	880.014	564.155	376.933	273.644	262.849	199.84	128.077	53.6915	9.07505	1.25052	0	0	0	0	0	0	0	0
00.000,00.000	37.1	0	-200	0	4.5	7490.23	2687.86	2044.14	880.922	564.971	377.613	274.932	264.147	200.785	129.579	54.8999	9.13188	1.25052	0	0	0	0	0	0	0	0
00.000,00.000	37.2	0	-200	0	4.5	7514.45	2702.25	2047.27	881.596	565.603	378.117	275.928	265.165	201.503	130.731	55.8607	9.18476	1.25052	0	0	0	0	0	0	0	0
00.000,00.000	37.3	0	-200	0	4.5	7539.11	2717.03	2050.42	882.255	566.243	378.603	276.909	266.205	202.218	131.875	56.8587	9.24866	1.25052	0	0	0	0	0	0	0	0
00.000,00.000	37.4	0	-200	0	4.5	7563.48	2731.75	2053.51	882.88	566.883	379.058	277.851	267.241	202.913	132.97	57.861	9.31814	1.25052	0	0	0	0	0	0	0	0
00.000,00.000	37.5	0	-200	0	4.5	7587.64	2746.47	2056.52	883.488	567.521	379.484	278.755	268.273	203.584	134.029	58.8761	9.39309	1.25052	0	0	0	0	0	0	0	0
00.000,00.000	37.6	0	-200	0	4.5	7611.61	2761.15	2059.44	884.085	568.159	379.883	279.626	269.313	204.242	135.08	59.9134	9.476	1.25052	0	0	0	0	0	0	0	0
00.000,00.000	37.7	0	-200	0	4.5	7645.41	2781.99	2063.49	884.877	569.065	380.419	280.789	270.793	205.162	136.561	61.3986	9.61302	1.25052	0	0	0	0	0	0	0	0
00.000,00.000	37.8	0	-200	0	4.5	7670.29	2797.35	2066.52	885.441	569.741	380.698	281.726	271.884	205.818	137.638	62.5049	9.72716	1.25052	0	0	0	0	0	0	0	0
00.000,00.000	37.9	0	-200	0	4.5	7674.26	2799.81	2067.01	885.533	569.852	380.701	281.916	272.049	205.912	137.797	62.6772	9.7505	1.25052	0	0	0	0	0	0	0	0
00.000,00.000	38	0	-200	0	4.5	7702.65	2817.56	2070.36	886.102	570.649	380.88	283.032	273.254	206.64	139.006	64.0182	9.89362	1.25052	0	0	0	0	0	0	0	0
00.000,00.000	38.1	0	-200	0	4.5	7727.67	2833.21	2073.36	886.601	571.378	380.992	284.07	274.322	207.209	140.038	65.1898	10.0459	1.25052	0	0	0	0	0	0	0	0
00.000,00.000	38.2	0	-200	0	4.5	7749.02	2846.46	2075.84	887.001	572.034	381.091	284.959	275.288	207.731	140.936	66.2356	10.1896	1.25052	0	0	0	0	0	0	0	0
00.000,00.000	38.3	0	-200	0	4.5	7769.13	2858.87	2078.21	887.346	572.669	381.173	285.787	276.235	208.217	141.775	67.2638	10.3343	1.25052	0	0	0	0	0	0	0	0
00.000,00.000	38.4	0	-200	0	4.5	7788.89	2870.96	2080.61	887.663	573.302	381.243	286.576	277.212	208.699	142.58	68.3052	10.4853	1.25052	0	0	0	0	0	0	0	0
00.000,00.000	38.5	0	-200	0	4.5	7808.14	2882.73	2082.93	887.956	573.934	381.303	287.331	278.183	209.171	143.353	69.347	10.6438	1.25052	0	0	0	0	0	0	0	0
00.000,00.000	38.6	0	-200	0	4.5	7826.88	2894.06	2085.27	888.225	574.568	381.356	288.056	279.135	209.633	144.106	70.4038	10.8092	1.25052	0	0	0	0	0	0	0	0
00.000,00.000	38.7	0	-200	0	4.5	7852.07	2909.19	2088.61	888.57	575.297	381.419	288.993	280.429	210.265	145.104	71.8894	11.0454	1.25052	0	0	0	0	0	0	0	0
00.000,00.000	38.8	0	-200	0	4.5	7877.53	2924.2	2092.27	888.904	576.045	381.478	289.917	281.73	210.91	146.095	73.4385	11.2989	1.25052	0	0	0	0	0	0	0	0
00.000,00.000	38.9	0	-200	0	4.5	7881.72	2926.5	2093.05	888.961	576.16	381.488	290.067	281.936	211.002	146.258	73.6952	11.3512	1.25052	0	0	0	0	0	0	0	0
00.000,00.000	39	0	-200	0	4.5	7906.36	2940.18	2097.27	889.261	577.038	381.553	290.909	283.185	211.598	147.181	75.3067	11.6289	1.25052	0	0	0	0	0	0	0	0
00.000,00.000	39.1	0	-200	0	4.5	7925.91	2950.63	2101.02	889.495	577.776	381.613	291.559	284.127	212.04	147.902	76.6034	11.8929	1.25052	0	0	0	0	0	0	0	0
00.000,00.000	39.2	0	-200	0	4.5	7941.64	2958.96	2104.14	889.672	578.386	381.668	292.058	284.851	212.413	148.465	77.6804	12.1113	1.25052	0	0	0	0	0	0	0	0
00.000,00.000	39.3	0	-200	0	4.5	7956.94	2966.98	2107.22	889.834	578.999	381.731	292.523	285.519	212.792	149.014	78.7394	12.3373	1.25052	0	0	0	0	0	0	0	0
00.000,00.000	39.4	0	-200	0	4.5	7971.84	2974.73	2110.29	889.981	579.617	381.801	292.959	286.139	213.18	149.532	79.8005	12.5582	1.25052	0	0	0	0	0	0	0	0
00.000,00.000	39.5	0	-200	0	4.5	7986.23	2982.17	2113.29	890.115	580.238	381.88	293.364	286.737	213.563	150.021	80.8196	12.7815	1.25052	0	0	0	0	0	0	0	0
00.000,00.000	39.6	0	-200	0	4.5	8008.97	2993.96	2117.8	890.313	581.272	382.027	293.995	287.706	214.197	150.788	82.4876	13.1672	1.25052	0	0	0	0	0	0	0	0
00.000,00.000	39.7	0	-200	0	4.5	8018.12	2998.86	2119.42	890.393	581.717	382.095	294.239	288.069	214.462	151.099	83.1691	13.3419	1.25052	0	0	0	0	0	0	0	0
00.000,00.000	39.8	0	-200	0	4.5	8035.38	3008.09	2122.56	890.529	582.585	382.242	294.481	288.807	214.975	151.652	84.5374	13.6792	1.25052	0	0	0	0	0	0	0	0
00.000,00.000	39.9	0	-200	0	4.5	8039.2	3010.16	2123.28	890.561	582.79	382.277	294.499	288.939	215.083	151.776	84.8207	13.7685	1.25052	0	0	0	0	0	0	0	0
00.000,00.000	40	0	-200	0	4.5	8057.98	3020.07	2126.82	890.686	583.813	382.476	294.695	289.699	215.645	152.326	86.3154	14.1846	1.25052	0	0	0	0	0	0	0	0
00.000,00.000	40.1	0	-200	0	4.5	8072.59	3027.69	2129.67	890.778	584.679	382.645	294.822	290.253	216.08	152.743	87.4648	14.5229	1.25052	0	0	0	0	0	0	0	0
00.000,00.000	40.2	0	-200	0	4.5	8084.23	3033.7	2131.97	890.842	585.391	382.793	294.911	290.697	216.434	153.053	88.396	14.8013	1.25052	0	0	0	0	0	0	0	0
00.000,00.000	40.3	0	-200	0	4.5	8095.54	3039.53	2134.2	890.897	586.115	382.953	294.986	291.12	216.761	153.341	89.2932	15.092	1.25052	0	0	0	0	0	0	0	0
00.000,00.000	40.4	0	-200	0	4.5	8106.57	3045.19	2136.39	890.947	586.879	383.123	295.049	291.514	217.07	153.607	90.1678	15.3933	1.25052	0	0	0	0	0	0	0	0
00.000,00.000	40.5	0	-200	0	4.5	8117.28	3050.63	2138.52	890.99	587.655	383.303	295.098	291.884	217.379	153.85	90.9949	15.7224	1.25052	0	0	0	0	0	0	0	0
00.000,00.000	40.6	0	-200	0	4.5	8130.61	3057.36	2141.04	891.049	588.683	383.552	295.146	292.344	217.809	154.14	92.0303	16.2009	1.25052	0	0	0	0	0	0	0	0
00.000,00.000	40.7	0	-200	0	4.5	8148.78	3066.61	2144.36	891.121	590.009	383.931	295.193	293.017	218.4	154.513	93.4755	16.9038	1.25052	0	0	0	0	0	0	0	0
00.000,00.000	40.8	0	-200	0	4.5	8152.14	3068.3	2144.99	891.135	590.278	384.006	295.199	293.145	218.496	154.581	93.7074	17.0482	1.25052	0	0	0	0	0	0	0	0
00.000,00.000	40.9	0	-200	0	4.5	8167.67	3076.05	2147.83	891.185	591.565	384.396	295.216	293.67	219.026	154.847	94.9326	17.7097	1.25052	0	0	0	0	0	0	0	0
00.000,00.000	41	0	-200	0	4.5	8179.24	3081.75	2149.95	891.222	592.597	384.708	295.224	294.048	219.418	155.027	95.8104	18.2298	1.25052	0	0	0	0	0	0	0	0
00.000,00.000	41.1	0	-200	0	4.5	8188.1	3086.07	2151.57	891.247	593.425	384.97	295.227	294.33	219.727	155.153	96.4938	18.6331	1.25052	0	0	0	0	0	0	0	0
00.000,00.000	41.2	0	-200	0	4.5	8196.74	3090.24	2153.16	891.267	594.27	385.248	295.23	294.595	220.032	155.266	97.1342	19.0455	1.25052	0	0	0	0	0	0	0	0
00.000,00.000	41.3	0	-200	0	4.5	8205.15	3094.26	2154.71	891.286	595.131	385.542	295.232	294.844	220.341	155.369	97.7318	19.4542	1.25052	0	0	0	0	0	0	0	0
00.000,00.000	41.4	0	-200	0	4.5	8213.3	3098.11	2156.22	891.302	596.007	385.854	295.235	295.076	220.642	155.459	98.2749	19.8677	1.25052	0	0	0	0	0	0	0	0
00.000,00.000	41.5	0	-200	0	4.5	8221.19	3101.8	2157.68	891.316	596.895	386.182	295.237	295.291	220.935	155.537	98.7878	20.2763	1.25052	0	0	0	0	0	0	0	0
00.000,00.000	41.6	0	-200	0	4.5	8228.86	3105.32	2159.11	891.327	597.794	386.528	295.238	295.491	221.223	155.606	99.2809	20.6946	1.25052	0	0	0	0	0	0	0	0
00.000,00.000	41.7	0	-200	0	4.5	8242.94	3111.7	2161.72	891.345	599.46	387.221	295.241	295.841	221.754	155.714	100.201	21.4938	1.25052	0	0	0	0	0	0	0	0
00.000,00.000	41.8	0	-200	0	4.5	8245.91	3113.05	2162.3	891.35	599.813	387.38	295.241	295.912	221.882	155.735	100.349	21.6446	1.25052	0	0	0	0	0	0	0	0
00.000,00.000	41.9	0	-200	0	4.5	8255.95	3117.59	2164.16	891.359	601.04	387.949	295.242	296.127	222.252	155.789	100.964	22.2284	1.25052	0	0	0	0	0	0	0	0
00.000,00.000	42	0	-200	0	4.5	8264.01	3121.23	2165.66	891.367	602.046	388.44	295.243	296.292	222.56	155.829	101.408	22.6823	1.25052	0	0	0	0	0	0	0	0