
label	time(d)	x	depth	z	radius	total	0-10	10-20	20-30	30-40	40-50	50-60	60-70	70-80	80-90	90-100	100-110	110-120	120-130	130-140	140-150	150-160	160-170	170-180	180-190	190-200
00.000,00.000	0	0	-200	0	4.5	0	0	0	0	0	0	0	0	0	0	0	0	0	0	0	0	0	0	0	0	0
00.000,00.000	0.1	0	-200	0	4.5	0.293975	0.293975	0	0	0	0	0	0	0	0	0	0	0	0	0	0	0	0	0	0	0
00.000,00.000	0.2	0	-200	0	4.5	0.590922	0.590922	0	0	0	0	0	0	0	0	0	0	0	0	0	0	0	0	0	0	0
00.000,00.000	0.3	0	-200	0	4.5	0.890001	0.890001	0	0	0	0	0	0	0	0	0	0	0	0	0	0	0	0	0	0	0
00.000,00.000	0.4	0	-200	0	4.5	1.19143	1.19143	0	0	0	0	0	0	0	0	0	0	0	0	0	0	0	0	0	0	0
00.000,00.000	0.5	0	-200	0	4.5	1.4952	1.4952	0	0	0	0	0	0	0	0	0	0	0	0	0	0	0	0	0	0	0
00.000,00.000	0.6	0	-200	0	4.5	1.80103	1.80103	0	0	0	0	0	0	0	0	0	0	0	0	0	0	0	0	0	0	0
00.000,00.000	0.7	0	-200	0	4.5	2.1089	2.1089	0	0	0	0	0	0	0	0	0	0	0	0	0	0	0	0	0	0	0
00.000,00.000	0.8	0	-200	0	4.5	2.41873	2.41873	0	0	0	0	0	0	0	0	0	0	0	0	0	0	0	0	0	0	0
00.000,00.000	0.9	0	-200	0	4.5	2.72994	2.72994	0	0	0	0	0	0	0	0	0	0	0	0	0	0	0	0	0	0	0
00.000,00.000	1	0	-200	0	4.5	3.04123	3.04123	0	0	0	0	0	0	0	0	0	0	0	0	0	0	0	0	0	0	0
00.000,00.000	1.1	0	-200	0	4.5	3.3544	3.3544	0	0	0	0	0	0	0	0	0	0	0	0	0	0	0	0	0	0	0
00.000,00.000	1.2	0	-200	0	4.5	3.67163	3.67163	0	0	0	0	0	0	0	0	0	0	0	0	0	0	0	0	0	0	0
00.000,00.000	1.3	0	-200	0	4.5	3.99476	3.99476	0	0	0	0	0	0	0	0	0	0	0	0	0	0	0	0	0	0	0
00.000,00.000	1.4	0	-200	0	4.5	4.32486	4.32486	0	0	0	0	0	0	0	0	0	0	0	0	0	0	0	0	0	0	0
00.000,00.000	1.5	0	-200	0	4.5	4.66258	4.66258	0	0	0	0	0	0	0	0	0	0	0	0	0	0	0	0	0	0	0
00.000,00.000	1.6	0	-200	0	4.5	5.0092	5.0092	0	0	0	0	0	0	0	0	0	0	0	0	0	0	0	0	0	0	0
00.000,00.000	1.7	0	-200	0	4.5	5.36276	5.36276	0	0	0	0	0	0	0	0	0	0	0	0	0	0	0	0	0	0	0
00.000,00.000	1.8	0	-200	0	4.5	5.72475	5.72475	0	0	0	0	0	0	0	0	0	0	0	0	0	0	0	0	0	0	0
00.000,00.000	1.9	0	-200	0	4.5	6.11849	6.11849	0	0	0	0	0	0	0	0	0	0	0	0	0	0	0	0	0	0	0
00.000,00.000	2	0	-200	0	4.5	6.54453	6.54453	0	0	0	0	0	0	0	0	0	0	0	0	0	0	0	0	0	0	0
00.000,00.000	2.1	0	-200	0	4.5	7.01721	7.01721	0	0	0	0	0	0	0	0	0	0	0	0	0	0	0	0	0	0	0
00.000,00.000	2.2	0	-200	0	4.5	7.58384	7.56195	0.0218925	0	0	0	0	0	0	0	0	0	0	0	0	0	0	0	0	0	0
00.000,00.000	2.3	0	-200	0	4.5	8.24315	7.94791	0.295238	0	0	0	0	0	0	0	0	0	0	0	0	0	0	0	0	0	0
00.000,00.000	2.4	0	-200	0	4.5	8.97884	8.40382	0.575014	0	0	0	0	0	0	0	0	0	0	0	0	0	0	0	0	0	0
00.000,00.000	2.5	0	-200	0	4.5	9.77639	8.92123	0.85516	0	0	0	0	0	0	0	0	0	0	0	0	0	0	0	0	0	0
00.000,00.000	2.6	0	-200	0	4.5	10.6321	9.49775	1.13438	0	0	0	0	0	0	0	0	0	0	0	0	0	0	0	0	0	0
00.000,00.000	2.7	0	-200	0	4.5	11.5505	10.1376	1.41286	0	0	0	0	0	0	0	0	0	0	0	0	0	0	0	0	0	0
00.000,00.000	2.8	0	-200	0	4.5	12.5477	10.856	1.69171	0	0	0	0	0	0	0	0	0	0	0	0	0	0	0	0	0	0
00.000,00.000	2.9	0	-200	0	4.5	13.6455	11.6716	1.97393	0	0	0	0	0	0	0	0	0	0	0	0	0	0	0	0	0	0
00.000,00.000	3	0	-200	0	4.5	14.8333	12.5713	2.26198	0	0	0	0	0	0	0	0	0	0	0	0	0	0	0	0	0	0
00.000,00.000	3.1	0	-200	0	4.5	16.0684	13.5138	2.55458	0	0	0	0	0	0	0	0	0	0	0	0	0	0	0	0	0	0
00.000,00.000	3.2	0	-200	0	4.5	17.278	14.4314	2.84664	0	0	0	0	0	0	0	0	0	0	0	0	0	0	0	0	0	0
00.000,00.000	3.3	0	-200	0	4.5	18.4796	15.3408	3.1388	0	0	0	0	0	0	0	0	0	0	0	0	0	0	0	0	0	0
00.000,00.000	3.4	0	-200	0	4.5	19.6679	16.2369	3.43104	0	0	0	0	0	0	0	0	0	0	0	0	0	0	0	0	0	0
00.000,00.000	3.5	0	-200	0	4.5	20.8312	17.1092	3.72198	0	0	0	0	0	0	0	0	0	0	0	0	0	0	0	0	0	0
00.000,00.000	3.6	0	-200	0	4.5	21.9697	17.9586	4.01105	0	0	0	0	0	0	0	0	0	0	0	0	0	0	0	0	0	0
00.000,00.000	3.7	0	-200	0	4.5	23.0905	18.7918	4.2987	0	0	0	0	0	0	0	0	0	0	0	0	0	0	0	0	0	0
00.000,00.000	3.8	0	-200	0	4.5	24.2026	19.6175	4.58511	0	0	0	0	0	0	0	0	0	0	0	0	0	0	0	0	0	0
00.000,00.000	3.9	0	-200	0	4.5	25.3115	20.4414	4.87013	0	0	0	0	0	0	0	0	0	0	0	0	0	0	0	0	0	0
00.000,00.000	4	0	-200	0	4.5	26.4236	21.2687	5.15495	0	0	0	0	0	0	0	0	0	0	0	0	0	0	0	0	0	0
00.000,00.000	4.1	0	-200	0	4.5	27.5367	22.0966	5.44008	0	0	0	0	0	0	0	0	0	0	0	0	0	0	0	0	0	0
00.000,00.000	4.2	0	-200	0	4.5	28.6501	22.9238	5.72631	0	0	0	0	0	0	0	0	0	0	0	0	0	0	0	0	0	0
00.000,00.000	4.3	0	-200	0	4.5	29.7628	23.7492	6.01364	0	0	0	0	0	0	0	0	0	0	0	0	0	0	0	0	0	0
00.000,00.000	4.4	0	-200	0	4.5	30.8714	24.5696	6.30181	0	0	0	0	0	0	0	0	0	0	0	0	0	0	0	0	0	0
00.000,00.000	4.5	0	-200	0	4.5	31.9655	25.3757	6.58974	0	0	0	0	0	0	0	0	0	0	0	0	0	0	0	0	0	0
00.000,00.000	4.6	0	-200	0	4.5	33.0444	26.1677	6.87673	0	0	0	0	0	0	0	0	0	0	0	0	0	0	0	0	0	0
00.000,00.000	4.7	0	-200	0	4.5	34.1125	26.8074	7.30504	0	0	0	0	0	0	0	0	0	0	0	0	0	0	0	0	0	0
00.000,00.000	4.8	0	-200	0	4.5	35.1593	27.2888	7.87053	0	0	0	0	0	0	0	0	0	0	0	0	0	0	0	0	0	0
00.000,00.000	4.9	0	-200	0	4.5	35.9601	27.5281	8.43198	0	0	0	0	0	0	0	0	0	0	0	0	0	0	0	0	0	0
00.000,00.000	5	0	-200	0	4.5	36.761	27.77	8.991	0	0	0	0	0	0	0	0	0	0	0	0	0	0	0	0	0	0
00.000,00.000	5.1	0	-200	0	4.5	37.3921	27.9899	9.40213	0	0	0	0	0	0	0	0	0	0	0	0	0	0	0	0	0	0
00.000,00.000	5.2	0	-200	0	4.5	37.9195	28.0154	9.9041	0	0	0	0	0	0	0	0	0	0	0	0	0	0	0	0	0	0
00.000,00.000	5.3	0	-200	0	4.5	38.4534	28.0472	10.4061	0	0	0	0	0	0	0	0	0	0	0	0	0	0	0	0	0	0
00.000,00.000	5.4	0	-200	0	4.5	38.9939	28.085	10.9089	0	0	0	0	0	0	0	0	0	0	0	0	0	0	0	0	0	0
00.000,00.000	5.5	0	-200	0	4.5	39.539	28.1278	11.4113	0	0	0	0	0	0	0	0	0	0	0	0	0	0	0	0	0	0
00.000,00.000	5.6	0	-200	0	4.5	40.0911	28.1776	11.9135	0	0	0	0	0	0	0	0	0	0	0	0	0	0	0	0	0	0
00.000,00.000	5.7	0	-200	0	4.5	40.6462	28.2326	12.4137	0	0	0	0	0	0	0	0	0	0	0	0	0	0	0	0	0	0
00.000,00.000	5.8	0	-200	0	4.5	41.2086	28.2956	12.913	0	0	0	0	0	0	0	0	0	0	0	0	0	0	0	0	0	0
00.000,00.000	5.9	0	-200	0	4.5	41.7775	28.3666	13.1474	0.263515	0	0	0	0	0	0	0	0	0	0	0	0	0	0	0	0	0
00.000,00.000	6	0	-200	0	4.5	42.3529	28.4451	13.3679	0.53991	0	0	0	0	0	0	0	0	0	0	0	0	0	0	0	0	0
00.000,00.000	6.1	0	-200	0	4.5	42.756	28.5324	13.4081	0.815486	0	0	0	0	0	0	0	0	0	0	0	0	0	0	0	0	0
00.000,00.000	6.2	0	-200	0	4.5	43.1273	28.6275	13.4093	1.0904	0	0	0	0	0	0	0	0	0	0	0	0	0	0	0	0	0
00.000,00.000	6.3	0	-200	0	4.5	43.5051	28.7302	13.4103	1.36461	0	0	0	0	0	0	0	0	0	0	0	0	0	0	0	0	0
00.000,00.000	6.4	0	-200	0	4.5	43.8919	28.84	13.4137	1.63821	0	0	0	0	0	0	0	0	0	0	0	0	0	0	0	0	0
00.000,00.000	6.5	0	-200	0	4.5	44.2866	28.9557	13.4202	1.91074	0	0	0	0	0	0	0	0	0	0	0	0	0	0	0	0	0
00.000,00.000	6.6	0	-200	0	4.5	44.6945	29.0813	13.4302	2.18306	0	0	0	0	0	0	0	0	0	0	0	0	0	0	0	0	0
00.000,00.000	6.7	0	-200	0	4.5	45.1114	29.2126	13.4444	2.45445	0	0	0	0	0	0	0	0	0	0	0	0	0	0	0	0	0
00.000,00.000	6.8	0	-200	0	4.5	45.5439	29.3563	13.4622	2.72539	0	0	0	0	0	0	0	0	0	0	0	0	0	0	0	0	0
00.000,00.000	6.9	0	-200	0	4.5	45.9945	29.5141	13.4844	2.99591	0	0	0	0	0	0	0	0	0	0	0	0	0	0	0	0	0
00.000,00.000	7	0	-200	0	4.5	46.4666	29.6892	13.5116	3.26572	0	0	0	0	0	0	0	0	0	0	0	0	0	0	0	0	0
00.000,00.000	7.1	0	-200	0	4.5	46.9625	29.8836	13.5441	3.53476	0	0	0	0	0	0	0	0	0	0	0	0	0	0	0	0	0
00.000,00.000	7.2	0	-200	0	4.5	47.4869	30.1017	13.5821	3.80312	0	0	0	0	0	0	0	0	0	0	0	0	0	0	0	0	0
00.000,00.000	7.3	0	-200	0	4.5	48.0411	30.3429	13.6274	4.07082	0	0	0	0	0	0	0	0	0	0	0	0	0	0	0	0	0
00.000,00.000	7.4	0	-200	0	4.5	48.6309	30.6131	13.6799	4.33784	0	0	0	0	0	0	0	0	0	0	0	0	0	0	0	0	0
00.000,00.000	7.5	0	-200	0	4.5	49.2489	30.9064	13.7388	4.60378	0	0	0	0	0	0	0	0	0	0	0	0	0	0	0	0	0
00.000,00.000	7.6	0	-200	0	4.5	49.9094	31.2359	13.8043	4.8692	0	0	0	0	0	0	0	0	0	0	0	0	0	0	0	0	0
00.000,00.000	7.7	0	-200	0	4.5	50.6042	31.5937	13.8767	5.13377	0	0	0	0	0	0	0	0	0	0	0	0	0	0	0	0	0
00.000,00.000	7.8	0	-200	0	4.5	51.3498	31.9946	13.9571	5.39804	0	0	0	0	0	0	0	0	0	0	0	0	0	0	0	0	0
00.000,00.000	7.9	0	-200	0	4.5	52.1543	32.446	14.0465	5.66185	0	0	0	0	0	0	0	0	0	0	0	0	0	0	0	0	0
00.000,00.000	8	0	-200	0	4.5	53.0146	32.9461	14.1436	5.92502	0	0	0	0	0	0	0	0	0	0	0	0	0	0	0	0	0
00.000,00.000	8.1	0	-200	0	4.5	53.9343	33.4966	14.25	6.18765	0	0	0	0	0	0	0	0	0	0	0	0	0	0	0	0	0
00.000,00.000	8.2	0	-200	0	4.5	54.9343	34.1182	14.3664	6.44966	0	0	0	0	0	0	0	0	0	0	0	0	0	0	0	0	0
00.000,00.000	8.3	0	-200	0	4.5	56.023	34.8182	14.4937	6.71104	0	0	0	0	0	0	0	0	0	0	0	0	0	0	0	0	0
00.000,00.000	8.4	0	-200	0	4.5	57.1933	35.5881	14.6334	6.97175	0	0	0	0	0	0	0	0	0	0	0	0	0	0	0	0	0
00.000,00.000	8.5	0	-200	0	4.5	58.4191	36.4043	14.7835	7.2313	0	0	0	0	0	0	0	0	0	0	0	0	0	0	0	0	0
00.000,00.000	8.6	0	-200	0	4.5	59.7094	37.274	14.9448	7.49058	0	0	0	0	0	0	0	0	0	0	0	0	0	0	0	0	0
00.000,00.000	8.7	0	-200	0	4.5	61.0651	38.1984	15.1175	7.74922	0	0	0	0	0	0	0	0	0	0	0	0	0	0	0	0	0
00.000,00.000	8.8	0	-200	0	4.5	62.4938	39.1821	15.3043	8.00738	0	0	0	0	0	0	0	0	0	0	0	0	0	0	0	0	0
00.000,00.000	8.9	0	-200	0	4.5	64.0228	40.2508	15.5066	8.26543	0	0	0	0	0	0	0	0	0	0	0	0	0	0	0	0	0
00.000,00.000	9	0	-200	0	4.5	65.6614	41.4103	15.7281	8.52298	0	0	0	0	0	0	0	0	0	0	0	0	0	0	0	0	0
00.000,00.000	9.1	0	-200	0	4.5	67.4197	42.6671	15.9725	8.78011	0	0	0	0	0	0	0	0	0	0	0	0	0	0	0	0	0
00.000,00.000	9.2	0	-200	0	4.5	69.2967	44.0197	16.2402	9.03683	0	0	0	0	0	0	0	0	0	0	0	0	0	0	0	0	0
00.000,00.000	9.3	0	-200	0	4.5	71.2918	45.4676	16.531	9.29316	0	0	0	0	0	0	0	0	0	0	0	0	0	0	0	0	0
00.000,00.000	9.4	0	-200	0	4.5	73.3983	47.0031	16.846	9.54913	0	0	0	0	0	0	0	0	0	0	0	0	0	0	0	0	0
00.000,00.000	9.5	0	-200	0	4.5	75.5762	48.5895	17.1824	9.80428	0	0	0	0	0	0	0	0	0	0	0	0	0	0	0	0	0
00.000,00.000	9.6	0	-200	0	4.5	77.8316	50.2315	17.5407	10.0594	0	0	0	0	0	0	0	0	0	0	0	0	0	0	0	0	0
00.000,00.000	9.7	0	-200	0	4.5	79.9596	51.9357	17.9191	10.0598	0.0450856	0	0	0	0	0	0	0	0	0	0	0	0	0	0	0	0
00.000,00.000	9.8	0	-200	0	4.5	82.3664	53.714	18.3178	10.0348	0.29979	0	0	0	0	0	0	0	0	0	0	0	0	0	0	0	0
00.000,00.000	9.9	0	-200	0	4.5	84.6787	55.6054	18.7387	10.0348	0.29979	0	0	0	0	0	0	0	0	0	0	0	0	0	0	0	0
00.000,00.000	10	0	-200	0	4.5	87.1304	57.6129	19.1829	10.0348	0.29979	0	0	0	0	0	0	0	0	0	0	0	0	0	0	0	0
00.000,00.000	10.1	0	-200	0	4.5	89.7228	59.7362	19.6512	10.0357	0.29979	0	0	0	0	0	0	0	0	0	0	0	0	0	0	0	0
00.000,00.000	10.2	0	-200	0	4.5	92.4494	61.9679	20.1446	10.0371	0.29979	0	0	0	0	0	0	0	0	0	0	0	0	0	0	0	0
00.000,00.000	10.3	0	-200	0	4.5	95.3129	64.3088	20.6633	10.041	0.29979	0	0	0	0	0	0	0	0	0	0	0	0	0	0	0	0
00.000,00.000	10.4	0	-200	0	4.5	98.2993	66.7447	21.2073	10.0475	0.29979	0	0	0	0	0	0	0	0	0	0	0	0	0	0	0	0
00.000,00.000	10.5	0	-200	0	4.5	101.353	69.2256	21.7715	10.0563	0.29979	0	0	0	0	0	0	0	0	0	0	0	0	0	0	0	0
00.000,00.000	10.6	0	-200	0	4.5	104.484	71.7586	22.3571	10.0689	0.29979	0	0	0	0	0	0	0	0	0	0	0	0	0	0	0	0
00.000,00.000	10.7	0	-200	0	4.5	107.687	74.337	22.9657	10.0849	0.29979	0	0	0	0	0	0	0	0	0	0	0	0	0	0	0	0
00.000,00.000	10.8	0	-200	0	4.5	110.991	76.9901	23.5966	10.1049	0.29979	0	0	0	0	0	0	0	0	0	0	0	0	0	0	0	0
00.000,00.000	10.9	0	-200	0	4.5	114.462	79.7765	24.2561	10.1292	0.29979	0	0	0	0	0	0	0	0	0	0	0	0	0	0	0	0
00.000,00.000	11	0	-200	0	4.5	118.106	82.7008	24.9469	10.1586	0.29979	0	0	0	0	0	0	0	0	0	0	0	0	0	0	0	0
00.000,00.000	11.1	0	-200	0	4.5	121.918	85.7543	25.6713	10.1926	0.29979	0	0	0	0	0	0	0	0	0	0	0	0	0	0	0	0
00.000,00.000	11.2	0	-200	0	4.5	125.933	88.9678	26.433	10.2328	0.29979	0	0	0	0	0	0	0	0	0	0	0	0	0	0	0	0
00.000,00.000	11.3	0	-200	0	4.5	130.135	92.3228	27.2322	10.2798	0.29979	0	0	0	0	0	0	0	0	0	0	0	0	0	0	0	0
00.000,00.000	11.4	0	-200	0	4.5	134.494	95.7921	28.0671	10.3348	0.29979	0	0	0	0	0	0	0	0	0	0	0	0	0	0	0	0
00.000,00.000	11.5	0	-200	0	4.5	138.925	99.299	28.9279	10.3986	0.29979	0	0	0	0	0	0	0	0	0	0	0	0	0	0	0	0
00.000,00.000	11.6	0	-200	0	4.5	143.432	102.848	29.8131	10.4711	0.29979	0	0	0	0	0	0	0	0	0	0	0	0	0	0	0	0
00.000,00.000	11.7	0	-200	0	4.5	148.025	106.452	30.7207	10.5523	0.29979	0	0	0	0	0	0	0	0	0	0	0	0	0	0	0	0
00.000,00.000	11.8	0	-200	0	4.5	152.751	110.155	31.653	10.6433	0.29979	0	0	0	0	0	0	0	0	0	0	0	0	0	0	0	0
00.000,00.000	11.9	0	-200	0	4.5	157.706	114.045	32.6171	10.7443	0.29979	0	0	0	0	0	0	0	0	0	0	0	0	0	0	0	0
00.000,00.000	12	0	-200	0	4.5	162.957	118.165	33.635	10.8572	0.29979	0	0	0	0	0	0	0	0	0	0	0	0	0	0	0	0
00.000,00.000	12.1	0	-200	0	4.5	168.396	122.422	34.6923	10.981	0.29979	0	0	0	0	0	0	0	0	0	0	0	0	0	0	0	0
00.000,00.000	12.2	0	-200	0	4.5	173.873	126.685	35.7722	11.1154	0.29979	0	0	0	0	0	0	0	0	0	0	0	0	0	0	0	0
00.000,00.000	12.3	0	-200	0	4.5	179.398	130.975	36.8646	11.2592	0.29979	0	0	0	0	0	0	0	0	0	0	0	0	0	0	0	0
00.000,00.000	12.4	0	-200	0	4.5	184.975	135.278	37.9834	11.4143	0.29979	0	0	0	0	0	0	0	0	0	0	0	0	0	0	0	0
00.000,00.000	12.5	0	-200	0	4.5	191.118	139.983	39.2372	11.5973	0.29979	0	0	0	0	0	0	0	0	0	0	0	0	0	0	0	0
00.000,00.000	12.6	0	-200	0	4.5	197.714	145.007	40.6023	11.8049	0.29979	0	0	0	0	0	0	0	0	0	0	0	0	0	0	0	0
00.000,00.000	12.7	0	-200	0	4.5	203.695	149.39	42.0024	12.0026	0.29979	0	0	0	0	0	0	0	0	0	0	0	0	0	0	0	0
00.000,00.000	12.8	0	-200	0	4.5	208.185	152.525	43.2043	12.1562	0.29979	0	0	0	0	0	0	0	0	0	0	0	0	0	0	0	0
00.000,00.000	12.9	0	-200	0	4.5	214.306	156.819	44.8146	12.3726	0.29979	0	0	0	0	0	0	0	0	0	0	0	0	0	0	0	0
00.000,00.000	13	0	-200	0	4.5	220.694	161.291	46.4989	12.6048	0.29979	0	0	0	0	0	0	0	0	0	0	0	0	0	0	0	0
00.000,00.000	13.1	0	-200	0	4.5	226.894	165.556	48.2009	12.8367	0.29979	0	0	0	0	0	0	0	0	0	0	0	0	0	0	0	0
00.000,00.000	13.2	0	-200	0	4.5	233.168	169.69	50.101	13.078	0.29979	0	0	0	0	0	0	0	0	0	0	0	0	0	0	0	0
00.000,00.000	13.3	0	-200	0	4.5	239.602	173.931	52.0406	13.3314	0.29979	0	0	0	0	0	0	0	0	0	0	0	0	0	0	0	0
00.000,00.000	13.4	0	-200	0	4.5	246.175	178.256	54.0198	13.5992	0.29979	0	0	0	0	0	0	0	0	0	0	0	0	0	0	0	0
00.000,00.000	13.5	0	-200	0	4.5	254.198	183.504	56.4515	13.9418	0.29979	0	0	0	0	0	0	0	0	0	0	0	0	0	0	0	0
00.000,00.000	13.6	0	-200	0	4.5	262.517	188.951	58.9509	14.3159	0.29979	0	0	0	0	0	0	0	0	0	0	0	0	0	0	0	0
00.000,00.000	13.7	0	-200	0	4.5	269.442	193.471	61.0316	14.6402	0.29979	0	0	0	0	0	0	0	0	0	0	0	0	0	0	0	0
00.000,00.000	13.8	0	-200	0	4.5	273.878	196.365	62.358	14.8557	0.29979	0	0	0	0	0	0	0	0	0	0	0	0	0	0	0	0
00.000,00.000	13.9	0	-200	0	4.5	280.065	200.417	64.183	15.165	0.29979	0	0	0	0	0	0	0	0	0	0	0	0	0	0	0	0
00.000,00.000	14	0	-200	0	4.5	287.968	205.588	66.5125	15.5684	0.29979	0	0	0	0	0	0	0	0	0	0	0	0	0	0	0	0
00.000,00.000	14.1	0	-200	0	4.5	295.287	210.361	68.6758	15.9506	0.29979	0	0	0	0	0	0	0	0	0	0	0	0	0	0	0	0
00.000,00.000	14.2	0	-200	0	4.5	302.44	214.986	70.8207	16.3334	0.29979	0	0	0	0	0	0	0	0	0	0	0	0	0	0	0	0
00.000,00.000	14.3	0	-200	0	4.5	309.667	219.648	72.966	16.7532	0.29979	0	0	0	0	0	0	0	0	0	0	0	0	0	0	0	0
00.000,00.000	14.4	0	-200	0	4.5	316.94	224.322	75.1231	17.1945	0.29979	0	0	0	0	0	0	0	0	0	0	0	0	0	0	0	0
00.000,00.000	14.5	0	-200	0	4.5	327.167	230.827	78.1992	17.8405	0.29979	0	0	0	0	0	0	0	0	0	0	0	0	0	0	0	0
00.000,00.000	14.6	0	-200	0	4.5	336.258	236.555	80.9605	18.4424	0.29979	0	0	0	0	0	0	0	0	0	0	0	0	0	0	0	0
00.000,00.000	14.7	0	-200	0	4.5	344.051	241.408	83.3654	18.9775	0.29979	0	0	0	0	0	0	0	0	0	0	0	0	0	0	0	0
00.000,00.000	14.8	0	-200	0	4.5	347.979	243.814	84.6056	19.2598	0.29979	0	0	0	0	0	0	0	0	0	0	0	0	0	0	0	0
00.000,00.000	14.9	0	-200	0	4.5	354.322	247.689	86.6099	19.7229	0.29979	0	0	0	0	0	0	0	0	0	0	0	0	0	0	0	0
00.000,00.000	15	0	-200	0	4.5	362.921	252.9	89.3591	20.3616	0.29979	0	0	0	0	0	0	0	0	0	0	0	0	0	0	0	0
00.000,00.000	15.1	0	-200	0	4.5	370.415	257.399	91.7842	20.9322	0.29979	0	0	0	0	0	0	0	0	0	0	0	0	0	0	0	0
00.000,00.000	15.2	0	-200	0	4.5	377.427	261.58	94.0766	21.4708	0.29979	0	0	0	0	0	0	0	0	0	0	0	0	0	0	0	0
00.000,00.000	15.3	0	-200	0	4.5	384.413	265.699	96.3942	22.0202	0.29979	0	0	0	0	0	0	0	0	0	0	0	0	0	0	0	0
00.000,00.000	15.4	0	-200	0	4.5	391.376	269.755	98.7361	22.5854	0.29979	0	0	0	0	0	0	0	0	0	0	0	0	0	0	0	0
00.000,00.000	15.5	0	-200	0	4.5	406.597	278.517	103.947	23.8332	0.29979	0	0	0	0	0	0	0	0	0	0	0	0	0	0	0	0
00.000,00.000	15.6	0	-200	0	4.5	410.346	280.677	105.262	24.1076	0.29979	0	0	0	0	0	0	0	0	0	0	0	0	0	0	0	0
00.000,00.000	15.7	0	-200	0	4.5	415.813	283.767	107.177	24.5696	0.29979	0	0	0	0	0	0	0	0	0	0	0	0	0	0	0	0
00.000,00.000	15.8	0	-200	0	4.5	417.005	284.439	107.601	24.6651	0.29979	0	0	0	0	0	0	0	0	0	0	0	0	0	0	0	0
00.000,00.000	15.9	0	-200	0	4.5	419.712	285.947	108.558	24.9075	0.29979	0	0	0	0	0	0	0	0	0	0	0	0	0	0	0	0
00.000,00.000	16	0	-200	0	4.5	429.12	291.164	111.605	26.0512	0.29979	0	0	0	0	0	0	0	0	0	0	0	0	0	0	0	0
00.000,00.000	16.1	0	-200	0	4.5	436.33	295.134	113.814	27.0825	0.29979	0	0	0	0	0	0	0	0	0	0	0	0	0	0	0	0
00.000,00.000	16.2	0	-200	0	4.5	442.496	298.509	115.69	27.9968	0.29979	0	0	0	0	0	0	0	0	0	0	0	0	0	0	0	0
00.000,00.000	16.3	0	-200	0	4.5	448.516	301.815	117.492	28.9095	0.29979	0	0	0	0	0	0	0	0	0	0	0	0	0	0	0	0
00.000,00.000	16.4	0	-200	0	4.5	454.401	305.037	119.268	29.7964	0.29979	0	0	0	0	0	0	0	0	0	0	0	0	0	0	0	0
00.000,00.000	16.5	0	-200	0	4.5	474.724	315.675	125.742	33.0076	0.29979	0	0	0	0	0	0	0	0	0	0	0	0	0	0	0	0
00.000,00.000	16.6	0	-200	0	4.5	478.595	317.602	127.107	33.587	0.29979	0	0	0	0	0	0	0	0	0	0	0	0	0	0	0	0
00.000,00.000	16.7	0	-200	0	4.5	503.603	330.104	134.917	38.282	0.29979	0	0	0	0	0	0	0	0	0	0	0	0	0	0	0	0
00.000,00.000	16.8	0	-200	0	4.5	509.013	332.699	136.593	39.4212	0.29979	0	0	0	0	0	0	0	0	0	0	0	0	0	0	0	0
00.000,00.000	16.9	0	-200	0	4.5	523.305	339.613	141.134	42.2582	0.29979	0	0	0	0	0	0	0	0	0	0	0	0	0	0	0	0
00.000,00.000	17	0	-200	0	4.5	531.56	343.816	143.936	43.5071	0.29979	0	0	0	0	0	0	0	0	0	0	0	0	0	0	0	0
00.000,00.000	17.1	0	-200	0	4.5	536.248	346.232	145.441	44.2753	0.29979	0	0	0	0	0	0	0	0	0	0	0	0	0	0	0	0
00.000,00.000	17.2	0	-200	0	4.5	540.799	348.58	146.893	45.0264	0.29979	0	0	0	0	0	0	0	0	0	0	0	0	0	0	0	0
00.000,00.000	17.3	0	-200	0	4.5	545.278	350.914	148.337	45.7271	0.29979	0	0	0	0	0	0	0	0	0	0	0	0	0	0	0	0
00.000,00.000	17.4	0	-200	0	4.5	549.717	353.226	149.781	46.4098	0.29979	0	0	0	0	0	0	0	0	0	0	0	0	0	0	0	0
00.000,00.000	17.5	0	-200	0	4.5	570.867	363.954	156.917	49.697	0.29979	0	0	0	0	0	0	0	0	0	0	0	0	0	0	0	0
00.000,00.000	17.6	0	-200	0	4.5	574.81	365.956	158.409	50.145	0.29979	0	0	0	0	0	0	0	0	0	0	0	0	0	0	0	0
00.000,00.000	17.7	0	-200	0	4.5	599.827	377.541	168.067	53.9196	0.29979	0	0	0	0	0	0	0	0	0	0	0	0	0	0	0	0
00.000,00.000	17.8	0	-200	0	4.5	605.444	380.151	170.338	54.6561	0.29979	0	0	0	0	0	0	0	0	0	0	0	0	0	0	0	0
00.000,00.000	17.9	0	-200	0	4.5	618.887	386.474	175.604	56.5089	0.29979	0	0	0	0	0	0	0	0	0	0	0	0	0	0	0	0
00.000,00.000	18	0	-200	0	4.5	627.579	390.574	179.019	57.635	0.350911	0	0	0	0	0	0	0	0	0	0	0	0	0	0	0	0
00.000,00.000	18.1	0	-200	0	4.5	632.311	392.804	180.881	58.2465	0.378764	0	0	0	0	0	0	0	0	0	0	0	0	0	0	0	0
00.000,00.000	18.2	0	-200	0	4.5	636.717	394.89	182.61	58.8113	0.405038	0	0	0	0	0	0	0	0	0	0	0	0	0	0	0	0
00.000,00.000	18.3	0	-200	0	4.5	641.19	397.015	184.359	59.3831	0.432036	0	0	0	0	0	0	0	0	0	0	0	0	0	0	0	0
00.000,00.000	18.4	0	-200	0	4.5	645.694	399.187	186.079	59.968	0.459911	0	0	0	0	0	0	0	0	0	0	0	0	0	0	0	0
00.000,00.000	18.5	0	-200	0	4.5	668.816	410.152	195.099	62.7117	0.853115	0	0	0	0	0	0	0	0	0	0	0	0	0	0	0	0
00.000,00.000	18.6	0	-200	0	4.5	673.377	412.282	196.921	63.0614	1.11316	0	0	0	0	0	0	0	0	0	0	0	0	0	0	0	0
00.000,00.000	18.7	0	-200	0	4.5	700.483	423.283	209.025	65.5059	2.66829	0	0	0	0	0	0	0	0	0	0	0	0	0	0	0	0
00.000,00.000	18.8	0	-200	0	4.5	707.24	425.672	212.431	66.0764	3.06078	0	0	0	0	0	0	0	0	0	0	0	0	0	0	0	0
00.000,00.000	18.9	0	-200	0	4.5	722.271	430.754	220.136	67.4715	3.90941	0	0	0	0	0	0	0	0	0	0	0	0	0	0	0	0
00.000,00.000	19	0	-200	0	4.5	733.236	434.402	225.848	68.48	4.50575	0	0	0	0	0	0	0	0	0	0	0	0	0	0	0	0
00.000,00.000	19.1	0	-200	0	4.5	739.037	436.324	228.857	69.0407	4.81549	0	0	0	0	0	0	0	0	0	0	0	0	0	0	0	0
00.000,00.000	19.2	0	-200	0	4.5	744.428	438.081	231.672	69.5785	5.09641	0	0	0	0	0	0	0	0	0	0	0	0	0	0	0	0
00.000,00.000	19.3	0	-200	0	4.5	749.948	439.853	234.576	70.1413	5.37774	0	0	0	0	0	0	0	0	0	0	0	0	0	0	0	0
00.000,00.000	19.4	0	-200	0	4.5	755.577	441.642	237.549	70.7265	5.65981	0	0	0	0	0	0	0	0	0	0	0	0	0	0	0	0
00.000,00.000	19.5	0	-200	0	4.5	761.487	443.496	240.672	71.3624	5.95589	0	0	0	0	0	0	0	0	0	0	0	0	0	0	0	0
00.000,00.000	19.6	0	-200	0	4.5	768.441	445.639	244.358	72.1352	6.30898	0	0	0	0	0	0	0	0	0	0	0	0	0	0	0	0
00.000,00.000	19.7	0	-200	0	4.5	771.823	446.682	246.144	72.5176	6.47919	0	0	0	0	0	0	0	0	0	0	0	0	0	0	0	0
00.000,00.000	19.8	0	-200	0	4.5	795.667	453.648	258.98	75.3131	7.72587	0	0	0	0	0	0	0	0	0	0	0	0	0	0	0	0
00.000,00.000	19.9	0	-200	0	4.5	800.967	455.301	261.757	75.913	7.99675	0	0	0	0	0	0	0	0	0	0	0	0	0	0	0	0
00.000,00.000	20	0	-200	0	4.5	811.065	458.582	266.823	77.1517	8.50841	0	0	0	0	0	0	0	0	0	0	0	0	0	0	0	0
00.000,00.000	20.1	0	-200	0	4.5	821.049	461.809	271.817	78.3817	9.04157	0	0	0	0	0	0	0	0	0	0	0	0	0	0	0	0
00.000,00.000	20.2	0	-200	0	4.5	827.534	463.911	275.052	79.1905	9.38106	0	0	0	0	0	0	0	0	0	0	0	0	0	0	0	0
00.000,00.000	20.3	0	-200	0	4.5	833.479	465.826	277.734	80.2126	9.70708	0	0	0	0	0	0	0	0	0	0	0	0	0	0	0	0
00.000,00.000	20.4	0	-200	0	4.5	839.535	467.78	280.365	81.3544	10.0358	0	0	0	0	0	0	0	0	0	0	0	0	0	0	0	0
00.000,00.000	20.5	0	-200	0	4.5	845.678	469.75	283.037	82.5241	10.3662	0	0	0	0	0	0	0	0	0	0	0	0	0	0	0	0
00.000,00.000	20.6	0	-200	0	4.5	851.801	471.692	285.7	83.7105	10.6979	0	0	0	0	0	0	0	0	0	0	0	0	0	0	0	0
00.000,00.000	20.7	0	-200	0	4.5	857.976	473.688	288.338	84.9223	11.0287	0	0	0	0	0	0	0	0	0	0	0	0	0	0	0	0
00.000,00.000	20.8	0	-200	0	4.5	864.226	475.706	290.989	86.1677	11.3631	0	0	0	0	0	0	0	0	0	0	0	0	0	0	0	0
00.000,00.000	20.9	0	-200	0	4.5	879.43	480.423	297.5	89.3065	12.2004	0	0	0	0	0	0	0	0	0	0	0	0	0	0	0	0
00.000,00.000	21	0	-200	0	4.5	883.014	481.572	299.027	90.0251	12.3903	0	0	0	0	0	0	0	0	0	0	0	0	0	0	0	0
00.000,00.000	21.1	0	-200	0	4.5	894.271	485.312	303.713	92.2771	12.7739	0.194978	0	0	0	0	0	0	0	0	0	0	0	0	0	0	0
00.000,00.000	21.2	0	-200	0	4.5	902.766	488.147	307.242	93.9761	12.9367	0.464492	0	0	0	0	0	0	0	0	0	0	0	0	0	0	0
00.000,00.000	21.3	0	-200	0	4.5	909.611	490.477	310.044	95.3467	13.067	0.675622	0	0	0	0	0	0	0	0	0	0	0	0	0	0	0
00.000,00.000	21.4	0	-200	0	4.5	922.835	495.036	315.412	97.9957	13.3178	1.07382	0	0	0	0	0	0	0	0	0	0	0	0	0	0	0
00.000,00.000	21.5	0	-200	0	4.5	925.974	496.111	316.694	98.6228	13.3778	1.16815	0	0	0	0	0	0	0	0	0	0	0	0	0	0	0
00.000,00.000	21.6	0	-200	0	4.5	956.478	506.295	329.115	104.99	13.9783	2.09925	0	0	0	0	0	0	0	0	0	0	0	0	0	0	0
00.000,00.000	21.7	0	-200	0	4.5	974.934	511.956	336.85	109.029	14.4093	2.69021	0	0	0	0	0	0	0	0	0	0	0	0	0	0	0
00.000,00.000	21.8	0	-200	0	4.5	978.862	513.338	338.391	109.825	14.5054	2.8031	0	0	0	0	0	0	0	0	0	0	0	0	0	0	0
00.000,00.000	21.9	0	-200	0	4.5	979.251	513.471	338.547	109.904	14.5149	2.81392	0	0	0	0	0	0	0	0	0	0	0	0	0	0	0
00.000,00.000	22	0	-200	0	4.5	995.603	519.251	345.06	113.141	14.9012	3.24969	0	0	0	0	0	0	0	0	0	0	0	0	0	0	0
00.000,00.000	22.1	0	-200	0	4.5	1015.8	526.343	353.235	117.063	15.3811	3.7802	0	0	0	0	0	0	0	0	0	0	0	0	0	0	0
00.000,00.000	22.2	0	-200	0	4.5	1026.21	530.012	357.501	119.022	15.6296	4.0461	0	0	0	0	0	0	0	0	0	0	0	0	0	0	0
00.000,00.000	22.3	0	-200	0	4.5	1034.39	532.919	360.822	120.571	15.8263	4.24921	0	0	0	0	0	0	0	0	0	0	0	0	0	0	0
00.000,00.000	22.4	0	-200	0	4.5	1077.76	548.26	378.482	127.604	18.1098	5.30109	0	0	0	0	0	0	0	0	0	0	0	0	0	0	0
00.000,00.000	22.5	0	-200	0	4.5	1089.07	552.186	383.129	129.282	18.8224	5.65265	0	0	0	0	0	0	0	0	0	0	0	0	0	0	0
00.000,00.000	22.6	0	-200	0	4.5	1139.16	568.614	403.949	137.174	22.1837	7.23923	0	0	0	0	0	0	0	0	0	0	0	0	0	0	0
00.000,00.000	22.7	0	-200	0	4.5	1160.85	575.055	413.267	140.795	23.7528	7.979	0	0	0	0	0	0	0	0	0	0	0	0	0	0	0
00.000,00.000	22.8	0	-200	0	4.5	1169.87	578.333	416.757	142.196	24.3335	8.24646	0	0	0	0	0	0	0	0	0	0	0	0	0	0	0
00.000,00.000	22.9	0	-200	0	4.5	1170.13	578.42	416.867	142.238	24.3511	8.25431	0	0	0	0	0	0	0	0	0	0	0	0	0	0	0
00.000,00.000	23	0	-200	0	4.5	1204.29	590.571	430.491	147.559	26.4665	9.20455	0	0	0	0	0	0	0	0	0	0	0	0	0	0	0
00.000,00.000	23.1	0	-200	0	4.5	1230.48	598.365	442.28	151.755	28.1373	9.94759	0	0	0	0	0	0	0	0	0	0	0	0	0	0	0
00.000,00.000	23.2	0	-200	0	4.5	1242.05	601.577	447.669	153.64	28.8935	10.2699	0	0	0	0	0	0	0	0	0	0	0	0	0	0	0
00.000,00.000	23.3	0	-200	0	4.5	1251.49	604.271	451.947	155.224	29.5187	10.5312	0	0	0	0	0	0	0	0	0	0	0	0	0	0	0
00.000,00.000	23.4	0	-200	0	4.5	1287.83	614.527	468.426	161.412	31.9434	10.8801	0.638271	0	0	0	0	0	0	0	0	0	0	0	0	0	0
00.000,00.000	23.5	0	-200	0	4.5	1300.95	618.124	474.319	163.762	32.867	10.9707	0.91177	0	0	0	0	0	0	0	0	0	0	0	0	0	0
00.000,00.000	23.6	0	-200	0	4.5	1301.68	618.31	474.648	163.897	32.92	10.9759	0.927141	0	0	0	0	0	0	0	0	0	0	0	0	0	0
00.000,00.000	23.7	0	-200	0	4.5	1343.64	627.402	494.234	172.458	35.4097	12.2317	1.90763	0	0	0	0	0	0	0	0	0	0	0	0	0	0
00.000,00.000	23.8	0	-200	0	4.5	1364.19	633.062	502.923	176.488	36.3746	12.9948	2.34611	0	0	0	0	0	0	0	0	0	0	0	0	0	0
00.000,00.000	23.9	0	-200	0	4.5	1364.35	633.1	502.993	176.52	36.3823	13.0006	2.34934	0	0	0	0	0	0	0	0	0	0	0	0	0	0
00.000,00.000	24	0	-200	0	4.5	1370.75	635.045	505.608	177.725	36.6865	13.219	2.46893	0	0	0	0	0	0	0	0	0	0	0	0	0	0
00.000,00.000	24.1	0	-200	0	4.5	1376.9	636.727	508.212	178.937	36.9931	13.4385	2.5893	0	0	0	0	0	0	0	0	0	0	0	0	0	0
00.000,00.000	24.2	0	-200	0	4.5	1377.92	636.999	508.654	179.141	37.0441	13.4743	2.6085	0	0	0	0	0	0	0	0	0	0	0	0	0	0
00.000,00.000	24.3	0	-200	0	4.5	1378.88	637.264	509.059	179.33	37.0915	13.5071	2.62584	0	0	0	0	0	0	0	0	0	0	0	0	0	0
00.000,00.000	24.4	0	-200	0	4.5	1379.04	637.309	509.127	179.362	37.0998	13.5128	2.62878	0	0	0	0	0	0	0	0	0	0	0	0	0	0
00.000,00.000	24.5	0	-200	0	4.5	1427.61	650.568	529.399	189.327	39.6172	15.1974	3.50285	0	0	0	0	0	0	0	0	0	0	0	0	0	0
00.000,00.000	24.6	0	-200	0	4.5	1502.37	665.843	561.448	207.168	44.1962	18.5386	5.17869	0	0	0	0	0	0	0	0	0	0	0	0	0	0
00.000,00.000	24.7	0	-200	0	4.5	1562.72	683.698	583.712	220.118	47.6469	21.1572	6.38828	0	0	0	0	0	0	0	0	0	0	0	0	0	0
00.000,00.000	24.8	0	-200	0	4.5	1567.62	684.768	585.683	221.267	48.0084	21.397	6.49555	0	0	0	0	0	0	0	0	0	0	0	0	0	0
00.000,00.000	24.9	0	-200	0	4.5	1567.98	684.883	585.811	221.344	48.0321	21.4127	6.50228	0	0	0	0	0	0	0	0	0	0	0	0	0	0
00.000,00.000	25	0	-200	0	4.5	1573.83	686.522	587.972	222.606	48.4496	21.6717	6.60943	0	0	0	0	0	0	0	0	0	0	0	0	0	0
00.000,00.000	25.1	0	-200	0	4.5	1610.36	696.362	601.722	230.629	51.0728	23.2993	7.27268	0	0	0	0	0	0	0	0	0	0	0	0	0	0
00.000,00.000	25.2	0	-200	0	4.5	1628.62	701.831	608.108	234.615	52.3756	24.0687	7.6233	0	0	0	0	0	0	0	0	0	0	0	0	0	0
00.000,00.000	25.3	0	-200	0	4.5	1640.31	705.486	611.944	237.282	53.2077	24.377	8.01652	0	0	0	0	0	0	0	0	0	0	0	0	0	0
00.000,00.000	25.4	0	-200	0	4.5	1718.25	730.141	637.37	254.752	58.9012	26.2525	10.5227	0.305866	0	0	0	0	0	0	0	0	0	0	0	0	0
00.000,00.000	25.5	0	-200	0	4.5	1751.2	740.872	647.954	261.796	61.4274	27.0339	11.2639	0.849192	0	0	0	0	0	0	0	0	0	0	0	0	0
00.000,00.000	25.6	0	-200	0	4.5	1753.94	741.72	648.852	262.392	61.6474	27.1067	11.3266	0.895215	0	0	0	0	0	0	0	0	0	0	0	0	0
00.000,00.000	25.7	0	-200	0	4.5	1778.25	747.297	657.054	268.669	63.9047	27.9197	12.0079	1.39932	0	0	0	0	0	0	0	0	0	0	0	0	0
00.000,00.000	25.8	0	-200	0	4.5	1890.68	787.485	691.727	290.327	72.6681	31.1488	14.2686	3.05862	0	0	0	0	0	0	0	0	0	0	0	0	0
00.000,00.000	25.9	0	-200	0	4.5	1908.62	792.861	697.813	293.852	74.3264	31.7458	14.6702	3.3495	0	0	0	0	0	0	0	0	0	0	0	0	0
00.000,00.000	26	0	-200	0	4.5	1909.54	793.15	698.129	294.028	74.4048	31.7781	14.6892	3.36268	0	0	0	0	0	0	0	0	0	0	0	0	0
00.000,00.000	26.1	0	-200	0	4.5	1961.87	809.023	716.909	303.495	78.8689	33.7334	15.7579	4.08708	0	0	0	0	0	0	0	0	0	0	0	0	0
00.000,00.000	26.2	0	-200	0	4.5	1987.62	816.27	726.791	307.653	81.3179	34.8184	16.3125	4.45692	0	0	0	0	0	0	0	0	0	0	0	0	0
00.000,00.000	26.3	0	-200	0	4.5	2001.3	820.19	732.038	309.812	82.6012	35.4138	16.6032	4.6435	0	0	0	0	0	0	0	0	0	0	0	0	0
00.000,00.000	26.4	0	-200	0	4.5	2102.39	848.95	770.311	325.744	92.5934	40.0436	18.2454	6.50248	0	0	0	0	0	0	0	0	0	0	0	0	0
00.000,00.000	26.5	0	-200	0	4.5	2144.89	860.696	786.43	332.279	97.1363	42.0902	18.4161	7.84541	0	0	0	0	0	0	0	0	0	0	0	0	0
00.000,00.000	26.6	0	-200	0	4.5	2159.3	864.636	792.01	334.53	98.6287	42.7914	18.499	8.20062	0	0	0	0	0	0	0	0	0	0	0	0	0
00.000,00.000	26.7	0	-200	0	4.5	2173.78	868.609	797.746	336.791	100.126	43.5261	18.598	8.38168	0	0	0	0	0	0	0	0	0	0	0	0	0
00.000,00.000	26.8	0	-200	0	4.5	2215.72	880.062	814.439	343.369	104.326	45.6744	18.932	8.92139	0	0	0	0	0	0	0	0	0	0	0	0	0
00.000,00.000	26.9	0	-200	0	4.5	2224.21	882.387	817.839	344.646	105.189	46.1114	19.0062	9.02664	0	0	0	0	0	0	0	0	0	0	0	0	0
00.000,00.000	27	0	-200	0	4.5	2225.32	882.693	818.279	344.822	105.298	46.1705	19.0174	9.03937	0	0	0	0	0	0	0	0	0	0	0	0	0
00.000,00.000	27.1	0	-200	0	4.5	2226.78	883.092	818.852	345.054	105.439	46.2484	19.0334	9.05558	0	0	0	0	0	0	0	0	0	0	0	0	0
00.000,00.000	27.2	0	-200	0	4.5	2228.1	883.457	819.372	345.268	105.568	46.3199	19.0491	9.06995	0	0	0	0	0	0	0	0	0	0	0	0	0
00.000,00.000	27.3	0	-200	0	4.5	2229.3	883.785	819.834	345.462	105.683	46.3845	19.0641	9.08251	0	0	0	0	0	0	0	0	0	0	0	0	0
00.000,00.000	27.4	0	-200	0	4.5	2229.48	883.837	819.907	345.492	105.701	46.3947	19.0666	9.08449	0	0	0	0	0	0	0	0	0	0	0	0	0
00.000,00.000	27.5	0	-200	0	4.5	2239.65	886.621	823.794	347.149	106.721	46.9623	19.2154	9.1895	0	0	0	0	0	0	0	0	0	0	0	0	0
00.000,00.000	27.6	0	-200	0	4.5	2248.51	889.053	827.175	348.61	107.598	47.4501	19.3456	9.28195	0	0	0	0	0	0	0	0	0	0	0	0	0
00.000,00.000	27.7	0	-200	0	4.5	2287.67	899.825	841.714	355.18	111.614	49.6901	19.9648	9.6773	0	0	0	0	0	0	0	0	0	0	0	0	0
00.000,00.000	27.8	0	-200	0	4.5	2378.7	924.991	875.51	370.157	121.068	54.8938	21.473	9.89598	0.707896	0	0	0	0	0	0	0	0	0	0	0	0
00.000,00.000	27.9	0	-200	0	4.5	2409.34	933.499	886.771	375.133	124.264	56.7399	22.0159	9.89598	1.01848	0	0	0	0	0	0	0	0	0	0	0	0
00.000,00.000	28	0	-200	0	4.5	2410.59	933.849	887.219	375.337	124.398	56.8162	22.0396	9.89598	1.03065	0	0	0	0	0	0	0	0	0	0	0	0
00.000,00.000	28.1	0	-200	0	4.5	2415.3	935.181	888.882	376.11	124.909	57.1136	22.136	9.89598	1.07611	0	0	0	0	0	0	0	0	0	0	0	0
00.000,00.000	28.2	0	-200	0	4.5	2419.87	936.44	890.495	376.866	125.413	57.4056	22.2322	9.89598	1.12041	0	0	0	0	0	0	0	0	0	0	0	0
00.000,00.000	28.3	0	-200	0	4.5	2421.56	936.909	891.078	377.148	125.606	57.5156	22.2698	9.89598	1.13645	0	0	0	0	0	0	0	0	0	0	0	0
00.000,00.000	28.4	0	-200	0	4.5	2421.83	936.984	891.172	377.193	125.637	57.534	22.2761	9.89598	1.13906	0	0	0	0	0	0	0	0	0	0	0	0
00.000,00.000	28.5	0	-200	0	4.5	2551.87	972.73	934.439	398.932	141.707	66.3363	25.4762	9.89598	2.35282	0	0	0	0	0	0	0	0	0	0	0	0
00.000,00.000	28.6	0	-200	0	4.5	2613.96	989.622	954.669	409.575	148.837	71.3833	27.0326	9.89756	2.94493	0	0	0	0	0	0	0	0	0	0	0	0
00.000,00.000	28.7	0	-200	0	4.5	2667.27	1004.27	971.594	418.826	154.994	75.7617	28.473	9.91074	3.43902	0	0	0	0	0	0	0	0	0	0	0	0
00.000,00.000	28.8	0	-200	0	4.5	2702.31	1013.98	982.45	424.943	159.114	78.6784	29.463	9.92367	3.76073	0	0	0	0	0	0	0	0	0	0	0	0
00.000,00.000	28.9	0	-200	0	4.5	2705.62	1014.92	983.434	425.525	159.5	78.9607	29.5622	9.9254	3.79093	0	0	0	0	0	0	0	0	0	0	0	0
00.000,00.000	29	0	-200	0	4.5	2718.53	1018.65	987.211	427.771	160.995	80.078	29.9764	9.93579	3.90503	0	0	0	0	0	0	0	0	0	0	0	0
00.000,00.000	29.1	0	-200	0	4.5	2759.79	1030.61	999.127	435.016	165.76	83.6864	31.3514	9.97536	4.26611	0	0	0	0	0	0	0	0	0	0	0	0
00.000,00.000	29.2	0	-200	0	4.5	2786.47	1038.43	1006.61	439.743	168.838	86.062	32.2826	10.0069	4.49909	0	0	0	0	0	0	0	0	0	0	0	0
00.000,00.000	29.3	0	-200	0	4.5	2807.58	1044.66	1012.39	443.495	171.29	87.9651	33.0557	10.0381	4.68094	0	0	0	0	0	0	0	0	0	0	0	0
00.000,00.000	29.4	0	-200	0	4.5	2877.69	1065.61	1031.14	456.054	179.339	94.3629	35.7466	10.1621	5.2772	0	0	0	0	0	0	0	0	0	0	0	0
00.000,00.000	29.5	0	-200	0	4.5	2914.74	1076.69	1040.97	462.66	183.496	97.857	37.2376	10.2398	5.59636	0	0	0	0	0	0	0	0	0	0	0	0
00.000,00.000	29.6	0	-200	0	4.5	2936.47	1083.03	1046.62	466.637	185.97	99.9777	38.1529	10.2987	5.78491	0	0	0	0	0	0	0	0	0	0	0	0
00.000,00.000	29.7	0	-200	0	4.5	2957.04	1089.25	1051.86	470.303	188.262	101.986	39.0516	10.3625	5.95856	0	0	0	0	0	0	0	0	0	0	0	0
00.000,00.000	29.8	0	-200	0	4.5	3039.68	1113.87	1072.41	485.242	197.647	110.304	42.8604	10.6714	6.66964	0	0	0	0	0	0	0	0	0	0	0	0
00.000,00.000	29.9	0	-200	0	4.5	3056.53	1119.07	1076.46	488.176	199.546	112.052	43.6658	10.7416	6.81571	0	0	0	0	0	0	0	0	0	0	0	0
00.000,00.000	30	0	-200	0	4.5	3058.3	1119.62	1076.89	488.487	199.741	112.232	43.7524	10.7505	6.83037	0	0	0	0	0	0	0	0	0	0	0	0
00.000,00.000	30.1	0	-200	0	4.5	3103.81	1133.9	1087.66	496.4	204.691	116.901	46.0505	11.0129	7.20346	0	0	0	0	0	0	0	0	0	0	0	0
00.000,00.000	30.2	0	-200	0	4.5	3134.43	1143.63	1094.73	501.65	208.011	120.1	47.6447	11.2058	7.45583	0	0	0	0	0	0	0	0	0	0	0	0
00.000,00.000	30.3	0	-200	0	4.5	3156.46	1150.67	1099.75	505.417	210.393	122.401	48.8303	11.3619	7.63592	0	0	0	0	0	0	0	0	0	0	0	0
00.000,00.000	30.4	0	-200	0	4.5	3224.51	1171.98	1115.48	516.942	217.776	129.62	52.6227	11.8905	8.19027	0	0	0	0	0	0	0	0	0	0	0	0
00.000,00.000	30.5	0	-200	0	4.5	3260.78	1183.13	1123.75	523.01	221.926	133.625	54.6348	12.2094	8.49503	0	0	0	0	0	0	0	0	0	0	0	0
00.000,00.000	30.6	0	-200	0	4.5	3308.5	1196.64	1134.44	531.344	227.639	139.265	57.5541	12.7026	8.89424	0.0259585	0	0	0	0	0	0	0	0	0	0	0
00.000,00.000	30.7	0	-200	0	4.5	3347.24	1207.4	1143.16	538.041	232.279	143.823	60.1315	13.137	8.89424	0.374118	0	0	0	0	0	0	0	0	0	0	0
00.000,00.000	30.8	0	-200	0	4.5	3357.14	1210.03	1145.51	539.737	233.456	144.865	60.928	13.2533	8.89424	0.463957	0	0	0	0	0	0	0	0	0	0	0
00.000,00.000	30.9	0	-200	0	4.5	3358.61	1210.45	1145.86	539.976	233.623	145.017	61.0452	13.2713	8.89424	0.476665	0	0	0	0	0	0	0	0	0	0	0
00.000,00.000	31	0	-200	0	4.5	3413.01	1226.11	1158.13	548.743	239.858	150.79	65.5459	13.9913	8.89424	0.951311	0	0	0	0	0	0	0	0	0	0	0
00.000,00.000	31.1	0	-200	0	4.5	3445.21	1235.49	1165.38	553.7	243.538	154.255	68.2817	14.4406	8.89424	1.23582	0	0	0	0	0	0	0	0	0	0	0
00.000,00.000	31.2	0	-200	0	4.5	3465.7	1241.51	1169.95	556.82	245.808	156.511	70.0459	14.7473	8.89424	1.41418	0	0	0	0	0	0	0	0	0	0	0
00.000,00.000	31.3	0	-200	0	4.5	3486.39	1247.63	1174.55	559.886	248.089	158.81	71.8521	15.0811	8.89424	1.59337	0	0	0	0	0	0	0	0	0	0	0
00.000,00.000	31.4	0	-200	0	4.5	3507.12	1253.82	1179.08	562.9	250.382	161.135	73.6989	15.434	8.89424	1.77249	0	0	0	0	0	0	0	0	0	0	0
00.000,00.000	31.5	0	-200	0	4.5	3527.69	1259.99	1183.48	565.851	252.654	163.481	75.5811	15.8052	8.89424	1.95127	0	0	0	0	0	0	0	0	0	0	0
00.000,00.000	31.6	0	-200	0	4.5	3559.75	1268.41	1190.35	570.607	256.424	167.436	78.9135	16.4572	8.89436	2.25284	0	0	0	0	0	0	0	0	0	0	0
00.000,00.000	31.7	0	-200	0	4.5	3567.53	1270.72	1191.99	571.638	257.311	168.342	79.7006	16.6168	8.89468	2.32315	0	0	0	0	0	0	0	0	0	0	0
00.000,00.000	31.8	0	-200	0	4.5	3622.49	1284.66	1203.74	579.57	263.767	175.458	85.6551	17.8821	8.90433	2.853	0	0	0	0	0	0	0	0	0	0	0
00.000,00.000	31.9	0	-200	0	4.5	3636.11	1288.68	1206.65	581.296	265.332	177.095	86.9701	18.1989	8.90788	2.98067	0	0	0	0	0	0	0	0	0	0	0
00.000,00.000	32	0	-200	0	4.5	3646.09	1291.67	1208.75	582.582	266.399	178.313	87.9515	18.4345	8.91374	3.07026	0	0	0	0	0	0	0	0	0	0	0
00.000,00.000	32.1	0	-200	0	4.5	3675.62	1300.22	1215.15	586.388	269.539	182.012	90.8893	19.1518	8.93621	3.34021	0	0	0	0	0	0	0	0	0	0	0
00.000,00.000	32.2	0	-200	0	4.5	3698.56	1307.22	1220.03	589.178	271.9	184.848	93.1575	19.7154	8.95775	3.54663	0	0	0	0	0	0	0	0	0	0	0
00.000,00.000	32.3	0	-200	0	4.5	3718.38	1313.34	1224.22	591.56	273.865	187.312	95.1623	20.22	8.9812	3.72419	0	0	0	0	0	0	0	0	0	0	0
00.000,00.000	32.4	0	-200	0	4.5	3738.17	1319.47	1228.38	593.876	275.777	189.803	97.2164	20.7444	9.00983	3.90226	0	0	0	0	0	0	0	0	0	0	0
00.000,00.000	32.5	0	-200	0	4.5	3757.65	1325.56	1232.39	596.137	277.632	192.22	99.3057	21.285	9.04424	4.08018	0	0	0	0	0	0	0	0	0	0	0
00.000,00.000	32.6	0	-200	0	4.5	3781.78	1331.88	1237.23	599.199	280.125	195.583	102.26	22.0707	9.10069	4.33272	0	0	0	0	0	0	0	0	0	0	0
00.000,00.000	32.7	0	-200	0	4.5	3792.07	1335.16	1239.18	600.377	281.077	196.904	103.43	22.3899	9.12592	4.43249	0	0	0	0	0	0	0	0	0	0	0
00.000,00.000	32.8	0	-200	0	4.5	3810.07	1340.71	1242.55	602.459	282.721	199.263	105.591	22.9903	9.17865	4.61233	0	0	0	0	0	0	0	0	0	0	0
00.000,00.000	32.9	0	-200	0	4.5	3827.17	1345.47	1245.9	604.509	284.322	201.58	107.749	23.6091	9.23701	4.79176	0	0	0	0	0	0	0	0	0	0	0
00.000,00.000	33	0	-200	0	4.5	3845.49	1351.7	1249.31	606.483	285.819	203.809	109.875	24.2278	9.29908	4.96553	0	0	0	0	0	0	0	0	0	0	0
00.000,00.000	33.1	0	-200	0	4.5	3864.16	1357.81	1252.8	608.526	287.334	206.125	112.145	24.8993	9.37122	5.14887	0	0	0	0	0	0	0	0	0	0	0
00.000,00.000	33.2	0	-200	0	4.5	3881.74	1363.16	1256.16	610.514	288.774	208.376	114.404	25.5808	9.44857	5.32903	0	0	0	0	0	0	0	0	0	0	0
00.000,00.000	33.3	0	-200	0	4.5	3899.52	1369.22	1259.38	612.386	290.117	210.52	116.605	26.2568	9.53001	5.50246	0	0	0	0	0	0	0	0	0	0	0
00.000,00.000	33.4	0	-200	0	4.5	3965.86	1392.17	1271.19	619.294	294.916	218.404	124.988	28.8757	9.86959	6.15357	0	0	0	0	0	0	0	0	0	0	0
00.000,00.000	33.5	0	-200	0	4.5	3998.88	1403.44	1277.22	622.754	297.306	222.1	129.261	30.25	10.0586	6.49123	0	0	0	0	0	0	0	0	0	0	0
00.000,00.000	33.6	0	-200	0	4.5	4085.9	1423.95	1291.01	633.377	304.757	234.958	144.164	35.1763	10.8131	7.69632	0	0	0	0	0	0	0	0	0	0	0
00.000,00.000	33.7	0	-200	0	4.5	4132.74	1440.21	1298.24	637.924	307.926	240.704	150.844	37.4289	11.2022	8.26591	0	0	0	0	0	0	0	0	0	0	0
00.000,00.000	33.8	0	-200	0	4.5	4132.75	1440.21	1298.24	637.925	307.926	240.705	150.846	37.4293	11.2023	8.26602	0	0	0	0	0	0	0	0	0	0	0
00.000,00.000	33.9	0	-200	0	4.5	4293.47	1498	1323.42	653.1	318.06	259.193	172.861	45.7726	12.9022	10.1365	0.028585	0	0	0	0	0	0	0	0	0	0
00.000,00.000	34	0	-200	0	4.5	4326.53	1508.84	1328.58	656.667	320.292	263.124	177.351	47.7545	13.3173	10.1366	0.468595	0	0	0	0	0	0	0	0	0	0
00.000,00.000	34.1	0	-200	0	4.5	4380.15	1525.38	1337.06	662.474	323.903	269.834	185.006	51.0414	14.1275	10.144	1.18063	0	0	0	0	0	0	0	0	0	0
00.000,00.000	34.2	0	-200	0	4.5	4407.54	1535.19	1341.08	665.205	325.642	273.022	188.569	52.6099	14.5484	10.1493	1.5315	0	0	0	0	0	0	0	0	0	0
00.000,00.000	34.3	0	-200	0	4.5	4422.1	1540.15	1343.3	666.632	326.564	274.754	190.548	53.4798	14.7972	10.1553	1.71625	0	0	0	0	0	0	0	0	0	0
00.000,00.000	34.4	0	-200	0	4.5	4437.54	1545.49	1345.65	668.11	327.528	276.573	192.627	54.408	15.0778	10.1639	1.90903	0	0	0	0	0	0	0	0	0	0
00.000,00.000	34.5	0	-200	0	4.5	4450.64	1550.23	1347.61	669.314	328.316	278.074	194.347	55.1886	15.3247	10.1729	2.06778	0	0	0	0	0	0	0	0	0	0
00.000,00.000	34.6	0	-200	0	4.5	4465.05	1554.33	1349.6	670.784	329.293	280.04	196.625	56.2425	15.6722	10.1886	2.27974	0	0	0	0	0	0	0	0	0	0
00.000,00.000	34.7	0	-200	0	4.5	4496.7	1565.83	1353.72	673.625	331.194	283.767	201.007	58.2789	16.373	10.2277	2.68349	0	0	0	0	0	0	0	0	0	0
00.000,00.000	34.8	0	-200	0	4.5	4600.37	1599.45	1366.64	682.857	338.194	297	216.866	65.781	19.0278	10.4222	4.12935	0	0	0	0	0	0	0	0	0	0
00.000,00.000	34.9	0	-200	0	4.5	4617.75	1604.49	1368.83	684.336	339.521	299.379	219.708	67.121	19.5167	10.4641	4.38915	0	0	0	0	0	0	0	0	0	0
00.000,00.000	35	0	-200	0	4.5	4618.34	1604.69	1368.9	684.385	339.56	299.452	219.796	67.1632	19.5323	10.4661	4.39688	0	0	0	0	0	0	0	0	0	0
00.000,00.000	35.1	0	-200	0	4.5	4688.88	1624.77	1377.48	690.661	344.71	309.046	231.384	72.9131	21.7017	10.7933	5.42559	0	0	0	0	0	0	0	0	0	0
00.000,00.000	35.2	0	-200	0	4.5	4720.8	1634.78	1381.42	693.258	347.02	313.219	235.984	75.5802	22.6878	10.9569	5.88587	0	0	0	0	0	0	0	0	0	0
00.000,00.000	35.3	0	-200	0	4.5	4733.48	1638.86	1382.9	694.296	347.885	314.839	237.862	76.6495	23.0856	11.038	6.06342	0	0	0	0	0	0	0	0	0	0
00.000,00.000	35.4	0	-200	0	4.5	4746.96	1643.37	1384.49	695.346	348.752	316.514	239.8	77.7976	23.5104	11.1351	6.24666	0	0	0	0	0	0	0	0	0	0
00.000,00.000	35.5	0	-200	0	4.5	4760.28	1647.96	1386.03	696.369	349.536	318.135	241.684	78.9587	23.9426	11.2441	6.42789	0	0	0	0	0	0	0	0	0	0
00.000,00.000	35.6	0	-200	0	4.5	4773.56	1651.87	1387.59	697.435	350.25	319.884	243.801	80.2777	24.4447	11.3829	6.63361	0	0	0	0	0	0	0	0	0	0
00.000,00.000	35.7	0	-200	0	4.5	4819.89	1666.24	1392.13	700.667	352.619	325.198	251.783	85.4529	26.3777	11.9729	7.4442	0	0	0	0	0	0	0	0	0	0
00.000,00.000	35.8	0	-200	0	4.5	4899.19	1690.16	1400.14	706.056	357.464	335.72	264.616	93.7068	29.586	13.0402	8.70254	0	0	0	0	0	0	0	0	0	0
00.000,00.000	35.9	0	-200	0	4.5	4909.12	1692.96	1401.23	706.756	358.047	337.026	266.198	94.82	30.0226	13.1912	8.87175	0	0	0	0	0	0	0	0	0	0
00.000,00.000	36	0	-200	0	4.5	4987.45	1717.08	1408.79	711.94	362.554	346.401	278.977	103.251	33.754	14.5526	9.36796	0.776896	0	0	0	0	0	0	0	0	0
00.000,00.000	36.1	0	-200	0	4.5	5019.98	1726.42	1411.93	713.96	364.663	350.6	284.156	106.958	35.4216	15.1777	9.36836	1.33154	0	0	0	0	0	0	0	0	0
00.000,00.000	36.2	0	-200	0	4.5	5030.82	1729.68	1412.96	714.614	365.29	351.942	285.748	108.353	35.9515	15.4021	9.37028	1.50745	0	0	0	0	0	0	0	0	0
00.000,00.000	36.3	0	-200	0	4.5	5041.92	1733.06	1413.99	715.288	365.889	353.179	287.43	109.837	36.5269	15.6596	9.37356	1.69108	0	0	0	0	0	0	0	0	0
00.000,00.000	36.4	0	-200	0	4.5	5092.75	1748.5	1418.8	718.086	368.562	359.314	294.899	116.584	39.1581	16.9189	9.39531	2.52919	0	0	0	0	0	0	0	0	0
00.000,00.000	36.5	0	-200	0	4.5	5102.48	1751.46	1419.81	718.583	369.165	360.49	296.328	117.656	39.7043	17.182	9.40107	2.69798	0	0	0	0	0	0	0	0	0
00.000,00.000	36.6	0	-200	0	4.5	5204.62	1782.76	1429.97	723.967	373.963	369.745	311.494	131.872	46.1771	20.4318	9.53057	4.70771	0	0	0	0	0	0	0	0	0
00.000,00.000	36.7	0	-200	0	4.5	5227.22	1789.37	1432.21	725.018	375.439	372.095	314.831	134.797	47.5924	21.1625	9.57068	5.13922	0	0	0	0	0	0	0	0	0
00.000,00.000	36.8	0	-200	0	4.5	5241.46	1793.64	1433.47	725.739	376.229	373.523	317.001	136.681	48.5124	21.6561	9.61904	5.39633	0	0	0	0	0	0	0	0	0
00.000,00.000	36.9	0	-200	0	4.5	5244.65	1794.57	1433.76	725.89	376.423	373.847	317.491	137.101	48.7195	21.7693	9.63118	5.45421	0	0	0	0	0	0	0	0	0
00.000,00.000	37	0	-200	0	4.5	5273.35	1803.18	1436.1	727.33	377.98	376.656	322.023	140.946	50.5919	22.8109	9.78124	5.95807	0	0	0	0	0	0	0	0	0
00.000,00.000	37.1	0	-200	0	4.5	5305.69	1812.99	1438.77	728.934	379.613	379.675	327.011	145.33	52.8573	24.0405	9.97811	6.50287	0	0	0	0	0	0	0	0	0
00.000,00.000	37.2	0	-200	0	4.5	5318.86	1817.1	1439.86	729.577	380.242	380.905	329.033	147.128	53.8722	24.5665	10.0726	6.50287	0	0	0	0	0	0	0	0	0
00.000,00.000	37.3	0	-200	0	4.5	5335.64	1822.36	1441.17	730.4	380.972	382.431	331.72	149.452	55.1651	25.2558	10.2143	6.50287	0	0	0	0	0	0	0	0	0
00.000,00.000	37.4	0	-200	0	4.5	5361.22	1830.54	1443.2	731.615	382.111	384.631	335.441	153.116	57.2416	26.3625	10.464	6.50287	0	0	0	0	0	0	0	0	0
00.000,00.000	37.5	0	-200	0	4.5	5365.09	1831.75	1443.52	731.791	382.265	384.959	336.014	153.663	57.5819	26.5376	10.5055	6.50287	0	0	0	0	0	0	0	0	0
00.000,00.000	37.6	0	-200	0	4.5	5398.78	1842	1446.04	733.346	383.768	387.711	341.281	158.657	60.475	28.0903	10.9111	6.50287	0	0	0	0	0	0	0	0	0
00.000,00.000	37.7	0	-200	0	4.5	5405.75	1844.14	1446.61	733.655	384.044	388.308	342.287	159.651	61.1021	28.449	11.0041	6.50287	0	0	0	0	0	0	0	0	0
00.000,00.000	37.8	0	-200	0	4.5	5413.55	1846.54	1447.17	733.998	384.361	388.948	343.48	160.789	61.7957	28.846	11.1207	6.50287	0	0	0	0	0	0	0	0	0
00.000,00.000	37.9	0	-200	0	4.5	5415.18	1847.03	1447.29	734.065	384.421	389.084	343.73	161.026	61.939	28.9365	11.1473	6.50287	0	0	0	0	0	0	0	0	0
00.000,00.000	38	0	-200	0	4.5	5416.36	1847.41	1447.37	734.114	384.462	389.186	343.882	161.203	62.0472	29.0066	11.1689	6.50287	0	0	0	0	0	0	0	0	0
00.000,00.000	38.1	0	-200	0	4.5	5440.96	1855.32	1448.96	735.141	385.37	391.38	347.054	164.813	64.3264	30.4489	11.643	6.50287	0	0	0	0	0	0	0	0	0
00.000,00.000	38.2	0	-200	0	4.5	5460.29	1861.5	1450.21	735.915	386.055	392.896	349.816	167.647	66.1179	31.5893	12.0323	6.50287	0	0	0	0	0	0	0	0	0
00.000,00.000	38.3	0	-200	0	4.5	5466.69	1863.56	1450.63	736.168	386.278	393.367	350.747	168.592	66.7181	31.9647	12.1638	6.50287	0	0	0	0	0	0	0	0	0
00.000,00.000	38.4	0	-200	0	4.5	5480.53	1868.14	1451.52	736.707	386.747	394.545	352.496	170.488	68.0806	32.8216	12.4774	6.50287	0	0	0	0	0	0	0	0	0
00.000,00.000	38.5	0	-200	0	4.5	5485.55	1869.77	1451.85	736.896	386.915	394.914	353.205	171.211	68.571	33.1287	12.5894	6.50287	0	0	0	0	0	0	0	0	0
00.000,00.000	38.6	0	-200	0	4.5	5494.98	1873.02	1452.47	737.266	387.233	395.736	354.301	172.418	69.5353	33.7013	12.7992	6.50287	0	0	0	0	0	0	0	0	0
00.000,00.000	38.7	0	-200	0	4.5	5502.34	1875.47	1452.93	737.535	387.466	396.285	355.257	173.427	70.2996	34.1817	12.9914	6.50287	0	0	0	0	0	0	0	0	0
00.000,00.000	38.8	0	-200	0	4.5	5510.56	1878.28	1453.43	737.827	387.719	396.965	356.292	174.422	71.1523	34.7526	13.216	6.50287	0	0	0	0	0	0	0	0	0
00.000,00.000	38.9	0	-200	0	4.5	5518.9	1881.09	1453.92	738.108	387.964	397.656	357.32	175.421	72.0475	35.3873	13.4838	6.50287	0	0	0	0	0	0	0	0	0
00.000,00.000	39	0	-200	0	4.5	5527.24	1883.91	1454.39	738.38	388.198	398.298	358.385	176.483	72.9846	35.9813	13.7333	6.50287	0	0	0	0	0	0	0	0	0
00.000,00.000	39.1	0	-200	0	4.5	5535.49	1886.77	1454.86	738.647	388.424	398.929	359.421	177.518	73.8739	36.5741	13.9733	6.50287	0	0	0	0	0	0	0	0	0
00.000,00.000	39.2	0	-200	0	4.5	5543.43	1889.61	1455.3	738.899	388.633	399.589	360.348	178.34	74.7415	37.2091	14.2548	6.50287	0	0	0	0	0	0	0	0	0
00.000,00.000	39.3	0	-200	0	4.5	5551.19	1892.35	1455.73	739.133	388.82	400.208	361.218	179.167	75.6601	37.8475	14.562	6.50287	0	0	0	0	0	0	0	0	0
00.000,00.000	39.4	0	-200	0	4.5	5558.73	1895.11	1456.16	739.359	389.001	400.776	362.096	180.005	76.4538	38.4648	14.8066	6.50288	0	0	0	0	0	0	0	0	0
00.000,00.000	39.5	0	-200	0	4.5	5566.43	1897.84	1456.57	739.571	389.17	401.377	363.003	180.82	77.3831	39.0834	15.1095	6.50346	0	0	0	0	0	0	0	0	0
00.000,00.000	39.6	0	-200	0	4.5	5573.52	1900.53	1456.98	739.775	389.333	401.925	363.826	181.537	78.1292	39.6584	15.3245	6.50427	0	0	0	0	0	0	0	0	0
00.000,00.000	39.7	0	-200	0	4.5	5580.84	1903.09	1457.36	739.962	389.478	402.507	364.676	182.268	79.0094	40.3007	15.6762	6.5067	0	0	0	0	0	0	0	0	0
00.000,00.000	39.8	0	-200	0	4.5	5587.92	1905.74	1457.75	740.148	389.62	403.058	365.502	182.98	79.7697	40.9361	15.9072	6.50956	0	0	0	0	0	0	0	0	0
00.000,00.000	39.9	0	-200	0	4.5	5594.96	1908.34	1458.12	740.322	389.752	403.595	366.315	183.652	80.5351	41.6495	16.1679	6.5148	0	0	0	0	0	0	0	0	0
00.000,00.000	40	0	-200	0	4.5	5602.24	1910.94	1458.48	740.491	389.885	404.145	367.122	184.309	81.4485	42.3268	16.5713	6.52338	0	0	0	0	0	0	0	0	0
00.000,00.000	40.1	0	-200	0	4.5	5609.38	1913.48	1458.83	740.651	390.015	404.676	367.927	184.96	82.3899	42.9601	16.9563	6.53179	0	0	0	0	0	0	0	0	0
00.000,00.000	40.2	0	-200	0	4.5	5616.01	1915.97	1459.2	740.804	390.136	405.129	368.662	185.549	83.1439	43.6578	17.2156	6.54013	0	0	0	0	0	0	0	0	0
00.000,00.000	40.3	0	-200	0	4.5	5622.45	1918.35	1459.56	740.946	390.247	405.533	369.382	186.071	83.8928	44.4099	17.5042	6.55515	0	0	0	0	0	0	0	0	0
00.000,00.000	40.4	0	-200	0	4.5	5629.13	1920.74	1459.93	741.086	390.352	405.977	370.159	186.625	84.7542	45.0368	17.9013	6.56766	0	0	0	0	0	0	0	0	0
00.000,00.000	40.5	0	-200	0	4.5	5635.45	1923.02	1460.28	741.214	390.444	406.4	370.898	187.12	85.4968	45.809	18.1861	6.58402	0	0	0	0	0	0	0	0	0
00.000,00.000	40.6	0	-200	0	4.5	5641.82	1925.33	1460.62	741.339	390.535	406.8	371.609	187.587	86.3448	46.4638	18.5886	6.60059	0	0	0	0	0	0	0	0	0
00.000,00.000	40.7	0	-200	0	4.5	5647.68	1927.45	1460.94	741.451	390.614	407.184	372.316	188.018	87.0051	47.2537	18.8338	6.61878	0	0	0	0	0	0	0	0	0
00.000,00.000	40.8	0	-200	0	4.5	5653.89	1929.61	1461.26	741.561	390.689	407.582	373.077	188.468	87.8086	47.9688	19.2286	6.64037	0	0	0	0	0	0	0	0	0
00.000,00.000	40.9	0	-200	0	4.5	5659.91	1931.65	1461.59	741.663	390.757	407.948	373.776	188.895	88.5831	48.7259	19.6541	6.67157	0	0	0	0	0	0	0	0	0
00.000,00.000	41	0	-200	0	4.5	5665.69	1933.68	1461.91	741.76	390.82	408.312	374.467	189.291	89.2222	49.5893	19.9385	6.69673	0	0	0	0	0	0	0	0	0
00.000,00.000	41.1	0	-200	0	4.5	5671.29	1935.57	1462.29	741.851	390.878	408.638	375.144	189.669	89.8466	50.4553	20.2283	6.72154	0	0	0	0	0	0	0	0	0
00.000,00.000	41.2	0	-200	0	4.5	5676.84	1937.35	1462.7	741.935	390.93	408.956	375.822	190.004	90.5277	51.2017	20.6587	6.7601	0	0	0	0	0	0	0	0	0
00.000,00.000	41.3	0	-200	0	4.5	5682.24	1939.03	1463.09	742.012	390.976	409.256	376.47	190.302	91.1873	51.9824	21.1259	6.81026	0	0	0	0	0	0	0	0	0
00.000,00.000	41.4	0	-200	0	4.5	5687.42	1940.7	1463.48	742.086	391.019	409.556	377.106	190.584	91.7327	52.8628	21.4472	6.84813	0	0	0	0	0	0	0	0	0
00.000,00.000	41.5	0	-200	0	4.5	5692.55	1942.21	1463.94	742.152	391.056	409.823	377.736	190.859	92.3328	53.6336	21.9171	6.89315	0	0	0	0	0	0	0	0	0
00.000,00.000	41.6	0	-200	0	4.5	5697.58	1943.63	1464.41	742.214	391.089	410.076	378.376	191.124	92.925	54.3794	22.4069	6.94742	0	0	0	0	0	0	0	0	0
00.000,00.000	41.7	0	-200	0	4.5	5702.22	1944.99	1464.86	742.269	391.117	410.32	378.96	191.352	93.401	55.2021	22.7495	6.99163	0	0	0	0	0	0	0	0	0
00.000,00.000	41.8	0	-200	0	4.5	5706.94	1946.3	1465.3	742.319	391.142	410.555	379.556	191.573	93.9413	55.9658	23.2414	7.04445	0	0	0	0	0	0	0	0	0
00.000,00.000	41.9	0	-200	0	4.5	5711.63	1947.55	1465.74	742.363	391.164	410.785	380.16	191.788	94.4675	56.7227	23.7713	7.11499	0	0	0	0	0	0	0	0	0
00.000,00.000	42	0	-200	0	4.5	5716.09	1948.79	1466.18	742.404	391.184	411.007	380.728	191.981	94.9079	57.5821	24.1574	7.17343	0	0	0	0	0	0	0	0	0