
label	time(d)	x	depth	z	radius	total	0-10	10-20	20-30	30-40	40-50	50-60	60-70	70-80	80-90	90-100	100-110	110-120	120-130	130-140	140-150	150-160	160-170	170-180	180-190	190-200
00.000,00.000	0	0	-200	0	4.5	0	0	0	0	0	0	0	0	0	0	0	0	0	0	0	0	0	0	0	0	0
00.000,00.000	0.1	0	-200	0	4.5	0.293975	0.293975	0	0	0	0	0	0	0	0	0	0	0	0	0	0	0	0	0	0	0
00.000,00.000	0.2	0	-200	0	4.5	0.590923	0.590923	0	0	0	0	0	0	0	0	0	0	0	0	0	0	0	0	0	0	0
00.000,00.000	0.3	0	-200	0	4.5	0.890002	0.890002	0	0	0	0	0	0	0	0	0	0	0	0	0	0	0	0	0	0	0
00.000,00.000	0.4	0	-200	0	4.5	1.19143	1.19143	0	0	0	0	0	0	0	0	0	0	0	0	0	0	0	0	0	0	0
00.000,00.000	0.5	0	-200	0	4.5	1.49521	1.49521	0	0	0	0	0	0	0	0	0	0	0	0	0	0	0	0	0	0	0
00.000,00.000	0.6	0	-200	0	4.5	1.80098	1.80098	0	0	0	0	0	0	0	0	0	0	0	0	0	0	0	0	0	0	0
00.000,00.000	0.7	0	-200	0	4.5	2.10874	2.10874	0	0	0	0	0	0	0	0	0	0	0	0	0	0	0	0	0	0	0
00.000,00.000	0.8	0	-200	0	4.5	2.41846	2.41846	0	0	0	0	0	0	0	0	0	0	0	0	0	0	0	0	0	0	0
00.000,00.000	0.9	0	-200	0	4.5	2.72956	2.72956	0	0	0	0	0	0	0	0	0	0	0	0	0	0	0	0	0	0	0
00.000,00.000	1	0	-200	0	4.5	3.04086	3.04086	0	0	0	0	0	0	0	0	0	0	0	0	0	0	0	0	0	0	0
00.000,00.000	1.1	0	-200	0	4.5	3.35776	3.35776	0	0	0	0	0	0	0	0	0	0	0	0	0	0	0	0	0	0	0
00.000,00.000	1.2	0	-200	0	4.5	3.68389	3.68389	0	0	0	0	0	0	0	0	0	0	0	0	0	0	0	0	0	0	0
00.000,00.000	1.3	0	-200	0	4.5	4.02115	4.02115	0	0	0	0	0	0	0	0	0	0	0	0	0	0	0	0	0	0	0
00.000,00.000	1.4	0	-200	0	4.5	4.3707	4.3707	0	0	0	0	0	0	0	0	0	0	0	0	0	0	0	0	0	0	0
00.000,00.000	1.5	0	-200	0	4.5	4.73315	4.73315	0	0	0	0	0	0	0	0	0	0	0	0	0	0	0	0	0	0	0
00.000,00.000	1.6	0	-200	0	4.5	5.10875	5.10875	0	0	0	0	0	0	0	0	0	0	0	0	0	0	0	0	0	0	0
00.000,00.000	1.7	0	-200	0	4.5	5.49798	5.49798	0	0	0	0	0	0	0	0	0	0	0	0	0	0	0	0	0	0	0
00.000,00.000	1.8	0	-200	0	4.5	5.90127	5.90127	0	0	0	0	0	0	0	0	0	0	0	0	0	0	0	0	0	0	0
00.000,00.000	1.9	0	-200	0	4.5	6.34384	6.34384	0	0	0	0	0	0	0	0	0	0	0	0	0	0	0	0	0	0	0
00.000,00.000	2	0	-200	0	4.5	6.83623	6.83623	0	0	0	0	0	0	0	0	0	0	0	0	0	0	0	0	0	0	0
00.000,00.000	2.1	0	-200	0	4.5	7.41077	7.41077	0	0	0	0	0	0	0	0	0	0	0	0	0	0	0	0	0	0	0
00.000,00.000	2.2	0	-200	0	4.5	8.1437	8.1437	0	0	0	0	0	0	0	0	0	0	0	0	0	0	0	0	0	0	0
00.000,00.000	2.3	0	-200	0	4.5	9.02882	8.81357	0.215248	0	0	0	0	0	0	0	0	0	0	0	0	0	0	0	0	0	0
00.000,00.000	2.4	0	-200	0	4.5	10.0515	9.55625	0.49526	0	0	0	0	0	0	0	0	0	0	0	0	0	0	0	0	0	0
00.000,00.000	2.5	0	-200	0	4.5	11.1909	10.4159	0.775052	0	0	0	0	0	0	0	0	0	0	0	0	0	0	0	0	0	0
00.000,00.000	2.6	0	-200	0	4.5	12.4425	11.3882	1.05431	0	0	0	0	0	0	0	0	0	0	0	0	0	0	0	0	0	0
00.000,00.000	2.7	0	-200	0	4.5	13.8122	12.4794	1.33281	0	0	0	0	0	0	0	0	0	0	0	0	0	0	0	0	0	0
00.000,00.000	2.8	0	-200	0	4.5	15.3254	13.7138	1.61159	0	0	0	0	0	0	0	0	0	0	0	0	0	0	0	0	0	0
00.000,00.000	2.9	0	-200	0	4.5	17.0194	15.1255	1.89393	0	0	0	0	0	0	0	0	0	0	0	0	0	0	0	0	0	0
00.000,00.000	3	0	-200	0	4.5	18.8745	16.6925	2.18199	0	0	0	0	0	0	0	0	0	0	0	0	0	0	0	0	0	0
00.000,00.000	3.1	0	-200	0	4.5	20.8164	18.3418	2.47451	0	0	0	0	0	0	0	0	0	0	0	0	0	0	0	0	0	0
00.000,00.000	3.2	0	-200	0	4.5	22.7209	19.9542	2.76672	0	0	0	0	0	0	0	0	0	0	0	0	0	0	0	0	0	0
00.000,00.000	3.3	0	-200	0	4.5	24.616	21.5571	3.0589	0	0	0	0	0	0	0	0	0	0	0	0	0	0	0	0	0	0
00.000,00.000	3.4	0	-200	0	4.5	26.494	23.1431	3.35097	0	0	0	0	0	0	0	0	0	0	0	0	0	0	0	0	0	0
00.000,00.000	3.5	0	-200	0	4.5	28.3365	24.6947	3.64178	0	0	0	0	0	0	0	0	0	0	0	0	0	0	0	0	0	0
00.000,00.000	3.6	0	-200	0	4.5	30.1431	26.2124	3.93062	0	0	0	0	0	0	0	0	0	0	0	0	0	0	0	0	0	0
00.000,00.000	3.7	0	-200	0	4.5	31.9244	27.7065	4.21793	0	0	0	0	0	0	0	0	0	0	0	0	0	0	0	0	0	0
00.000,00.000	3.8	0	-200	0	4.5	33.6936	29.1895	4.50409	0	0	0	0	0	0	0	0	0	0	0	0	0	0	0	0	0	0
00.000,00.000	3.9	0	-200	0	4.5	35.4614	30.6723	4.78904	0	0	0	0	0	0	0	0	0	0	0	0	0	0	0	0	0	0
00.000,00.000	4	0	-200	0	4.5	37.2381	32.1643	5.0738	0	0	0	0	0	0	0	0	0	0	0	0	0	0	0	0	0	0
00.000,00.000	4.1	0	-200	0	4.5	39.0211	33.6621	5.35896	0	0	0	0	0	0	0	0	0	0	0	0	0	0	0	0	0	0
00.000,00.000	4.2	0	-200	0	4.5	40.8086	35.1635	5.6451	0	0	0	0	0	0	0	0	0	0	0	0	0	0	0	0	0	0
00.000,00.000	4.3	0	-200	0	4.5	42.5995	36.6669	5.9326	0	0	0	0	0	0	0	0	0	0	0	0	0	0	0	0	0	0
00.000,00.000	4.4	0	-200	0	4.5	44.3208	38.0997	6.22113	0	0	0	0	0	0	0	0	0	0	0	0	0	0	0	0	0	0
00.000,00.000	4.5	0	-200	0	4.5	45.7805	39.2714	6.50911	0	0	0	0	0	0	0	0	0	0	0	0	0	0	0	0	0	0
00.000,00.000	4.6	0	-200	0	4.5	47.1284	40.2939	6.83443	0	0	0	0	0	0	0	0	0	0	0	0	0	0	0	0	0	0
00.000,00.000	4.7	0	-200	0	4.5	48.2751	40.869	7.40606	0	0	0	0	0	0	0	0	0	0	0	0	0	0	0	0	0	0
00.000,00.000	4.8	0	-200	0	4.5	49.3366	40.9097	8.42695	0	0	0	0	0	0	0	0	0	0	0	0	0	0	0	0	0	0
00.000,00.000	4.9	0	-200	0	4.5	50.1802	40.9197	9.2605	0	0	0	0	0	0	0	0	0	0	0	0	0	0	0	0	0	0
00.000,00.000	5	0	-200	0	4.5	51.0161	40.9256	10.0905	0	0	0	0	0	0	0	0	0	0	0	0	0	0	0	0	0	0
00.000,00.000	5.1	0	-200	0	4.5	51.8485	40.9308	10.9177	0	0	0	0	0	0	0	0	0	0	0	0	0	0	0	0	0	0
00.000,00.000	5.2	0	-200	0	4.5	52.1351	40.9378	11.1973	0	0	0	0	0	0	0	0	0	0	0	0	0	0	0	0	0	0
00.000,00.000	5.3	0	-200	0	4.5	52.4239	40.9474	11.4764	0	0	0	0	0	0	0	0	0	0	0	0	0	0	0	0	0	0
00.000,00.000	5.4	0	-200	0	4.5	52.7148	40.9595	11.7553	0	0	0	0	0	0	0	0	0	0	0	0	0	0	0	0	0	0
00.000,00.000	5.5	0	-200	0	4.5	53.0074	40.9738	12.0336	0	0	0	0	0	0	0	0	0	0	0	0	0	0	0	0	0	0
00.000,00.000	5.6	0	-200	0	4.5	53.3026	40.9907	12.3119	0	0	0	0	0	0	0	0	0	0	0	0	0	0	0	0	0	0
00.000,00.000	5.7	0	-200	0	4.5	53.6001	41.0101	12.5899	0	0	0	0	0	0	0	0	0	0	0	0	0	0	0	0	0	0
00.000,00.000	5.8	0	-200	0	4.5	53.9005	41.0331	12.8674	0	0	0	0	0	0	0	0	0	0	0	0	0	0	0	0	0	0
00.000,00.000	5.9	0	-200	0	4.5	54.2042	41.0594	13.1448	0	0	0	0	0	0	0	0	0	0	0	0	0	0	0	0	0	0
00.000,00.000	6	0	-200	0	4.5	54.5108	41.0891	13.3525	0.0691884	0	0	0	0	0	0	0	0	0	0	0	0	0	0	0	0	0
00.000,00.000	6.1	0	-200	0	4.5	54.8207	41.1227	13.3492	0.348779	0	0	0	0	0	0	0	0	0	0	0	0	0	0	0	0	0
00.000,00.000	6.2	0	-200	0	4.5	54.8586	41.1607	13.3492	0.348779	0	0	0	0	0	0	0	0	0	0	0	0	0	0	0	0	0
00.000,00.000	6.3	0	-200	0	4.5	54.9014	41.2034	13.3493	0.348779	0	0	0	0	0	0	0	0	0	0	0	0	0	0	0	0	0
00.000,00.000	6.4	0	-200	0	4.5	54.9515	41.2527	13.35	0.348779	0	0	0	0	0	0	0	0	0	0	0	0	0	0	0	0	0
00.000,00.000	6.5	0	-200	0	4.5	55.0088	41.3088	13.3513	0.348779	0	0	0	0	0	0	0	0	0	0	0	0	0	0	0	0	0
00.000,00.000	6.6	0	-200	0	4.5	55.0774	41.3753	13.3534	0.348779	0	0	0	0	0	0	0	0	0	0	0	0	0	0	0	0	0
00.000,00.000	6.7	0	-200	0	4.5	55.1672	41.4621	13.3563	0.348779	0	0	0	0	0	0	0	0	0	0	0	0	0	0	0	0	0
00.000,00.000	6.8	0	-200	0	4.5	55.2712	41.5617	13.3607	0.348779	0	0	0	0	0	0	0	0	0	0	0	0	0	0	0	0	0
00.000,00.000	6.9	0	-200	0	4.5	55.4002	41.6851	13.3664	0.348779	0	0	0	0	0	0	0	0	0	0	0	0	0	0	0	0	0
00.000,00.000	7	0	-200	0	4.5	55.5575	41.8353	13.3734	0.348779	0	0	0	0	0	0	0	0	0	0	0	0	0	0	0	0	0
00.000,00.000	7.1	0	-200	0	4.5	55.7469	42.0141	13.384	0.348779	0	0	0	0	0	0	0	0	0	0	0	0	0	0	0	0	0
00.000,00.000	7.2	0	-200	0	4.5	55.9706	42.2252	13.3966	0.348779	0	0	0	0	0	0	0	0	0	0	0	0	0	0	0	0	0
00.000,00.000	7.3	0	-200	0	4.5	56.23	42.4695	13.4117	0.348779	0	0	0	0	0	0	0	0	0	0	0	0	0	0	0	0	0
00.000,00.000	7.4	0	-200	0	4.5	56.5305	42.7516	13.43	0.348779	0	0	0	0	0	0	0	0	0	0	0	0	0	0	0	0	0
00.000,00.000	7.5	0	-200	0	4.5	56.8597	43.0601	13.4508	0.348779	0	0	0	0	0	0	0	0	0	0	0	0	0	0	0	0	0
00.000,00.000	7.6	0	-200	0	4.5	57.2255	43.4023	13.4744	0.348779	0	0	0	0	0	0	0	0	0	0	0	0	0	0	0	0	0
00.000,00.000	7.7	0	-200	0	4.5	57.6311	43.7793	13.503	0.348779	0	0	0	0	0	0	0	0	0	0	0	0	0	0	0	0	0
00.000,00.000	7.8	0	-200	0	4.5	58.0766	44.1932	13.5346	0.348779	0	0	0	0	0	0	0	0	0	0	0	0	0	0	0	0	0
00.000,00.000	7.9	0	-200	0	4.5	58.5718	44.6531	13.5699	0.348779	0	0	0	0	0	0	0	0	0	0	0	0	0	0	0	0	0
00.000,00.000	8	0	-200	0	4.5	59.1141	45.1558	13.6095	0.348779	0	0	0	0	0	0	0	0	0	0	0	0	0	0	0	0	0
00.000,00.000	8.1	0	-200	0	4.5	59.7077	45.7064	13.6525	0.348779	0	0	0	0	0	0	0	0	0	0	0	0	0	0	0	0	0
00.000,00.000	8.2	0	-200	0	4.5	60.3672	46.3192	13.6993	0.348779	0	0	0	0	0	0	0	0	0	0	0	0	0	0	0	0	0
00.000,00.000	8.3	0	-200	0	4.5	61.1016	47.0018	13.7511	0.348779	0	0	0	0	0	0	0	0	0	0	0	0	0	0	0	0	0
00.000,00.000	8.4	0	-200	0	4.5	61.9013	47.7446	13.8078	0.348779	0	0	0	0	0	0	0	0	0	0	0	0	0	0	0	0	0
00.000,00.000	8.5	0	-200	0	4.5	62.7434	48.5247	13.8699	0.348779	0	0	0	0	0	0	0	0	0	0	0	0	0	0	0	0	0
00.000,00.000	8.6	0	-200	0	4.5	63.6373	49.3514	13.9372	0.348779	0	0	0	0	0	0	0	0	0	0	0	0	0	0	0	0	0
00.000,00.000	8.7	0	-200	0	4.5	64.5803	50.2197	14.0118	0.348779	0	0	0	0	0	0	0	0	0	0	0	0	0	0	0	0	0
00.000,00.000	8.8	0	-200	0	4.5	65.5759	51.1354	14.0917	0.348779	0	0	0	0	0	0	0	0	0	0	0	0	0	0	0	0	0
00.000,00.000	8.9	0	-200	0	4.5	66.6468	52.1173	14.1808	0.348779	0	0	0	0	0	0	0	0	0	0	0	0	0	0	0	0	0
00.000,00.000	9	0	-200	0	4.5	67.7979	53.1705	14.2787	0.348779	0	0	0	0	0	0	0	0	0	0	0	0	0	0	0	0	0
00.000,00.000	9.1	0	-200	0	4.5	69.0397	54.3021	14.3889	0.348779	0	0	0	0	0	0	0	0	0	0	0	0	0	0	0	0	0
00.000,00.000	9.2	0	-200	0	4.5	70.3734	55.513	14.5117	0.348779	0	0	0	0	0	0	0	0	0	0	0	0	0	0	0	0	0
00.000,00.000	9.3	0	-200	0	4.5	71.799	56.8018	14.6484	0.348779	0	0	0	0	0	0	0	0	0	0	0	0	0	0	0	0	0
00.000,00.000	9.4	0	-200	0	4.5	73.3064	58.1596	14.7981	0.348779	0	0	0	0	0	0	0	0	0	0	0	0	0	0	0	0	0
00.000,00.000	9.5	0	-200	0	4.5	74.8642	59.5554	14.96	0.348779	0	0	0	0	0	0	0	0	0	0	0	0	0	0	0	0	0
00.000,00.000	9.6	0	-200	0	4.5	76.4733	60.9914	15.1332	0.348779	0	0	0	0	0	0	0	0	0	0	0	0	0	0	0	0	0
00.000,00.000	9.7	0	-200	0	4.5	78.1364	62.4706	15.317	0.348779	0	0	0	0	0	0	0	0	0	0	0	0	0	0	0	0	0
00.000,00.000	9.8	0	-200	0	4.5	79.8671	64.0063	15.5121	0.348779	0	0	0	0	0	0	0	0	0	0	0	0	0	0	0	0	0
00.000,00.000	9.9	0	-200	0	4.5	81.7005	65.6332	15.7185	0.348779	0	0	0	0	0	0	0	0	0	0	0	0	0	0	0	0	0
00.000,00.000	10	0	-200	0	4.5	83.641	67.3552	15.9369	0.348779	0	0	0	0	0	0	0	0	0	0	0	0	0	0	0	0	0
00.000,00.000	10.1	0	-200	0	4.5	85.6922	69.1752	16.1682	0.348779	0	0	0	0	0	0	0	0	0	0	0	0	0	0	0	0	0
00.000,00.000	10.2	0	-200	0	4.5	87.8527	71.0909	16.4131	0.348779	0	0	0	0	0	0	0	0	0	0	0	0	0	0	0	0	0
00.000,00.000	10.3	0	-200	0	4.5	90.1236	73.1041	16.6707	0.348779	0	0	0	0	0	0	0	0	0	0	0	0	0	0	0	0	0
00.000,00.000	10.4	0	-200	0	4.5	92.4935	75.204	16.9408	0.348779	0	0	0	0	0	0	0	0	0	0	0	0	0	0	0	0	0
00.000,00.000	10.5	0	-200	0	4.5	94.9175	77.3481	17.2206	0.348779	0	0	0	0	0	0	0	0	0	0	0	0	0	0	0	0	0
00.000,00.000	10.6	0	-200	0	4.5	97.3998	79.5413	17.5097	0.348779	0	0	0	0	0	0	0	0	0	0	0	0	0	0	0	0	0
00.000,00.000	10.7	0	-200	0	4.5	99.9464	81.7899	17.8078	0.348779	0	0	0	0	0	0	0	0	0	0	0	0	0	0	0	0	0
00.000,00.000	10.8	0	-200	0	4.5	102.578	84.1139	18.115	0.348779	0	0	0	0	0	0	0	0	0	0	0	0	0	0	0	0	0
00.000,00.000	10.9	0	-200	0	4.5	105.342	86.5609	18.4326	0.348779	0	0	0	0	0	0	0	0	0	0	0	0	0	0	0	0	0
00.000,00.000	11	0	-200	0	4.5	108.244	89.1329	18.7619	0.348779	0	0	0	0	0	0	0	0	0	0	0	0	0	0	0	0	0
00.000,00.000	11.1	0	-200	0	4.5	111.277	91.8243	19.1039	0.348779	0	0	0	0	0	0	0	0	0	0	0	0	0	0	0	0	0
00.000,00.000	11.2	0	-200	0	4.5	114.471	94.6628	19.4599	0.348779	0	0	0	0	0	0	0	0	0	0	0	0	0	0	0	0	0
00.000,00.000	11.3	0	-200	0	4.5	117.81	97.631	19.8308	0.348779	0	0	0	0	0	0	0	0	0	0	0	0	0	0	0	0	0
00.000,00.000	11.4	0	-200	0	4.5	121.27	100.705	20.2156	0.348779	0	0	0	0	0	0	0	0	0	0	0	0	0	0	0	0	0
00.000,00.000	11.5	0	-200	0	4.5	124.779	103.819	20.6104	0.348779	0	0	0	0	0	0	0	0	0	0	0	0	0	0	0	0	0
00.000,00.000	11.6	0	-200	0	4.5	128.342	106.979	21.0142	0.348779	0	0	0	0	0	0	0	0	0	0	0	0	0	0	0	0	0
00.000,00.000	11.7	0	-200	0	4.5	131.972	110.196	21.4269	0.348779	0	0	0	0	0	0	0	0	0	0	0	0	0	0	0	0	0
00.000,00.000	11.8	0	-200	0	4.5	135.706	113.508	21.8495	0.348779	0	0	0	0	0	0	0	0	0	0	0	0	0	0	0	0	0
00.000,00.000	11.9	0	-200	0	4.5	139.626	116.991	22.2857	0.348779	0	0	0	0	0	0	0	0	0	0	0	0	0	0	0	0	0
00.000,00.000	12	0	-200	0	4.5	143.717	120.629	22.7385	0.348779	0	0	0	0	0	0	0	0	0	0	0	0	0	0	0	0	0
00.000,00.000	12.1	0	-200	0	4.5	147.967	124.407	23.2111	0.348779	0	0	0	0	0	0	0	0	0	0	0	0	0	0	0	0	0
00.000,00.000	12.2	0	-200	0	4.5	152.27	128.222	23.6989	0.348779	0	0	0	0	0	0	0	0	0	0	0	0	0	0	0	0	0
00.000,00.000	12.3	0	-200	0	4.5	156.594	132.05	24.1954	0.348779	0	0	0	0	0	0	0	0	0	0	0	0	0	0	0	0	0
00.000,00.000	12.4	0	-200	0	4.5	160.937	135.885	24.7036	0.348779	0	0	0	0	0	0	0	0	0	0	0	0	0	0	0	0	0
00.000,00.000	12.5	0	-200	0	4.5	165.285	139.719	25.217	0.348779	0	0	0	0	0	0	0	0	0	0	0	0	0	0	0	0	0
00.000,00.000	12.6	0	-200	0	4.5	169.598	143.272	25.9774	0.348779	0	0	0	0	0	0	0	0	0	0	0	0	0	0	0	0	0
00.000,00.000	12.7	0	-200	0	4.5	173.92	146.757	26.8143	0.348779	0	0	0	0	0	0	0	0	0	0	0	0	0	0	0	0	0
00.000,00.000	12.8	0	-200	0	4.5	178.274	150.267	27.6584	0.348779	0	0	0	0	0	0	0	0	0	0	0	0	0	0	0	0	0
00.000,00.000	12.9	0	-200	0	4.5	182.678	153.544	28.7852	0.348779	0	0	0	0	0	0	0	0	0	0	0	0	0	0	0	0	0
00.000,00.000	13	0	-200	0	4.5	187.192	156.909	29.9343	0.348779	0	0	0	0	0	0	0	0	0	0	0	0	0	0	0	0	0
00.000,00.000	13.1	0	-200	0	4.5	191.81	160.239	31.212	0.358564	0	0	0	0	0	0	0	0	0	0	0	0	0	0	0	0	0
00.000,00.000	13.2	0	-200	0	4.5	196.536	163.515	32.6504	0.370535	0	0	0	0	0	0	0	0	0	0	0	0	0	0	0	0	0
00.000,00.000	13.3	0	-200	0	4.5	201.366	166.833	34.1508	0.382492	0	0	0	0	0	0	0	0	0	0	0	0	0	0	0	0	0
00.000,00.000	13.4	0	-200	0	4.5	206.279	170.198	35.6867	0.394186	0	0	0	0	0	0	0	0	0	0	0	0	0	0	0	0	0
00.000,00.000	13.5	0	-200	0	4.5	211.217	173.562	37.2487	0.406161	0	0	0	0	0	0	0	0	0	0	0	0	0	0	0	0	0
00.000,00.000	13.6	0	-200	0	4.5	216.576	177.21	38.9468	0.419275	0	0	0	0	0	0	0	0	0	0	0	0	0	0	0	0	0
00.000,00.000	13.7	0	-200	0	4.5	221.925	180.839	40.6525	0.432836	0	0	0	0	0	0	0	0	0	0	0	0	0	0	0	0	0
00.000,00.000	13.8	0	-200	0	4.5	226.385	183.862	42.0787	0.444855	0	0	0	0	0	0	0	0	0	0	0	0	0	0	0	0	0
00.000,00.000	13.9	0	-200	0	4.5	231.523	187.352	43.7123	0.458183	0	0	0	0	0	0	0	0	0	0	0	0	0	0	0	0	0
00.000,00.000	14	0	-200	0	4.5	236.636	190.828	45.3364	0.472096	0	0	0	0	0	0	0	0	0	0	0	0	0	0	0	0	0
00.000,00.000	14.1	0	-200	0	4.5	241.705	194.297	46.9218	0.485832	0	0	0	0	0	0	0	0	0	0	0	0	0	0	0	0	0
00.000,00.000	14.2	0	-200	0	4.5	246.772	197.75	48.5217	0.500181	0	0	0	0	0	0	0	0	0	0	0	0	0	0	0	0	0
00.000,00.000	14.3	0	-200	0	4.5	251.883	201.23	50.1378	0.514818	0	0	0	0	0	0	0	0	0	0	0	0	0	0	0	0	0
00.000,00.000	14.4	0	-200	0	4.5	256.932	204.64	51.7629	0.529471	0	0	0	0	0	0	0	0	0	0	0	0	0	0	0	0	0
00.000,00.000	14.5	0	-200	0	4.5	261.881	207.949	53.3868	0.544462	0	0	0	0	0	0	0	0	0	0	0	0	0	0	0	0	0
00.000,00.000	14.6	0	-200	0	4.5	267.736	211.864	55.3096	0.562485	0	0	0	0	0	0	0	0	0	0	0	0	0	0	0	0	0
00.000,00.000	14.7	0	-200	0	4.5	273.014	215.364	57.0702	0.579809	0	0	0	0	0	0	0	0	0	0	0	0	0	0	0	0	0
00.000,00.000	14.8	0	-200	0	4.5	276.701	217.782	58.3266	0.59252	0	0	0	0	0	0	0	0	0	0	0	0	0	0	0	0	0
00.000,00.000	14.9	0	-200	0	4.5	281.582	220.979	59.9944	0.609217	0	0	0	0	0	0	0	0	0	0	0	0	0	0	0	0	0
00.000,00.000	15	0	-200	0	4.5	286.209	223.957	61.625	0.626064	0	0	0	0	0	0	0	0	0	0	0	0	0	0	0	0	0
00.000,00.000	15.1	0	-200	0	4.5	290.62	226.76	63.2177	0.642288	0	0	0	0	0	0	0	0	0	0	0	0	0	0	0	0	0
00.000,00.000	15.2	0	-200	0	4.5	294.987	229.513	64.8152	0.65908	0	0	0	0	0	0	0	0	0	0	0	0	0	0	0	0	0
00.000,00.000	15.3	0	-200	0	4.5	299.354	232.23	66.4472	0.676224	0	0	0	0	0	0	0	0	0	0	0	0	0	0	0	0	0
00.000,00.000	15.4	0	-200	0	4.5	303.696	234.888	68.1141	0.693656	0	0	0	0	0	0	0	0	0	0	0	0	0	0	0	0	0
00.000,00.000	15.5	0	-200	0	4.5	309.208	238.204	70.2881	0.716386	0	0	0	0	0	0	0	0	0	0	0	0	0	0	0	0	0
00.000,00.000	15.6	0	-200	0	4.5	315.293	241.717	72.3812	1.19496	0	0	0	0	0	0	0	0	0	0	0	0	0	0	0	0	0
00.000,00.000	15.7	0	-200	0	4.5	319.928	244.329	74.0144	1.5844	0	0	0	0	0	0	0	0	0	0	0	0	0	0	0	0	0
00.000,00.000	15.8	0	-200	0	4.5	322.238	245.6	74.8536	1.78447	0	0	0	0	0	0	0	0	0	0	0	0	0	0	0	0	0
00.000,00.000	15.9	0	-200	0	4.5	326.081	247.719	76.2408	2.12173	0	0	0	0	0	0	0	0	0	0	0	0	0	0	0	0	0
00.000,00.000	16	0	-200	0	4.5	330.678	250.228	77.9033	2.54672	0	0	0	0	0	0	0	0	0	0	0	0	0	0	0	0	0
00.000,00.000	16.1	0	-200	0	4.5	334.606	252.356	79.2994	2.95132	0	0	0	0	0	0	0	0	0	0	0	0	0	0	0	0	0
00.000,00.000	16.2	0	-200	0	4.5	338.303	254.316	80.6293	3.35767	0	0	0	0	0	0	0	0	0	0	0	0	0	0	0	0	0
00.000,00.000	16.3	0	-200	0	4.5	341.96	256.247	81.6901	4.02321	0	0	0	0	0	0	0	0	0	0	0	0	0	0	0	0	0
00.000,00.000	16.4	0	-200	0	4.5	345.584	258.15	82.7506	4.68371	0	0	0	0	0	0	0	0	0	0	0	0	0	0	0	0	0
00.000,00.000	16.5	0	-200	0	4.5	352.749	261.828	84.8944	6.0264	0	0	0	0	0	0	0	0	0	0	0	0	0	0	0	0	0
00.000,00.000	16.6	0	-200	0	4.5	357.093	264.033	86.1873	6.87229	0	0	0	0	0	0	0	0	0	0	0	0	0	0	0	0	0
00.000,00.000	16.7	0	-200	0	4.5	357.53	264.249	86.3177	6.96247	0	0	0	0	0	0	0	0	0	0	0	0	0	0	0	0	0
00.000,00.000	16.8	0	-200	0	4.5	360.082	265.532	87.0648	7.48482	0	0	0	0	0	0	0	0	0	0	0	0	0	0	0	0	0
00.000,00.000	16.9	0	-200	0	4.5	360.913	265.942	87.3047	7.66548	0	0	0	0	0	0	0	0	0	0	0	0	0	0	0	0	0
00.000,00.000	17	0	-200	0	4.5	365.573	268.31	88.4499	8.81313	0	0	0	0	0	0	0	0	0	0	0	0	0	0	0	0	0
00.000,00.000	17.1	0	-200	0	4.5	369.328	270.222	89.2078	9.89835	0	0	0	0	0	0	0	0	0	0	0	0	0	0	0	0	0
00.000,00.000	17.2	0	-200	0	4.5	372.489	271.853	89.8356	10.801	0	0	0	0	0	0	0	0	0	0	0	0	0	0	0	0	0
00.000,00.000	17.3	0	-200	0	4.5	375.666	273.503	90.461	11.7025	0	0	0	0	0	0	0	0	0	0	0	0	0	0	0	0	0
00.000,00.000	17.4	0	-200	0	4.5	378.837	275.165	91.0692	12.6024	0	0	0	0	0	0	0	0	0	0	0	0	0	0	0	0	0
00.000,00.000	17.5	0	-200	0	4.5	387.905	279.842	92.9073	15.1561	0	0	0	0	0	0	0	0	0	0	0	0	0	0	0	0	0
00.000,00.000	17.6	0	-200	0	4.5	391.226	281.507	93.6312	16.0884	0	0	0	0	0	0	0	0	0	0	0	0	0	0	0	0	0
00.000,00.000	17.7	0	-200	0	4.5	391.344	281.565	93.6566	16.1217	0	0	0	0	0	0	0	0	0	0	0	0	0	0	0	0	0
00.000,00.000	17.8	0	-200	0	4.5	394.567	283.132	94.3646	17.0699	0	0	0	0	0	0	0	0	0	0	0	0	0	0	0	0	0
00.000,00.000	17.9	0	-200	0	4.5	395.588	283.645	94.5868	17.356	0	0	0	0	0	0	0	0	0	0	0	0	0	0	0	0	0
00.000,00.000	18	0	-200	0	4.5	401.493	286.737	95.7888	18.9668	0	0	0	0	0	0	0	0	0	0	0	0	0	0	0	0	0
00.000,00.000	18.1	0	-200	0	4.5	405.745	288.968	96.6608	20.1165	0	0	0	0	0	0	0	0	0	0	0	0	0	0	0	0	0
00.000,00.000	18.2	0	-200	0	4.5	408.987	290.699	97.3118	20.9762	0	0	0	0	0	0	0	0	0	0	0	0	0	0	0	0	0
00.000,00.000	18.3	0	-200	0	4.5	412.268	292.481	97.9516	21.8353	0	0	0	0	0	0	0	0	0	0	0	0	0	0	0	0	0
00.000,00.000	18.4	0	-200	0	4.5	415.598	294.309	98.5957	22.6931	0	0	0	0	0	0	0	0	0	0	0	0	0	0	0	0	0
00.000,00.000	18.5	0	-200	0	4.5	427.017	300.547	100.863	24.7551	0.851701	0	0	0	0	0	0	0	0	0	0	0	0	0	0	0	0
00.000,00.000	18.6	0	-200	0	4.5	429.736	302.028	101.411	25.2025	1.09511	0	0	0	0	0	0	0	0	0	0	0	0	0	0	0	0
00.000,00.000	18.7	0	-200	0	4.5	429.88	302.106	101.44	25.2259	1.10784	0	0	0	0	0	0	0	0	0	0	0	0	0	0	0	0
00.000,00.000	18.8	0	-200	0	4.5	433.21	303.909	102.121	25.7732	1.40721	0	0	0	0	0	0	0	0	0	0	0	0	0	0	0	0
00.000,00.000	18.9	0	-200	0	4.5	434.36	304.552	102.348	25.9537	1.50574	0	0	0	0	0	0	0	0	0	0	0	0	0	0	0	0
00.000,00.000	19	0	-200	0	4.5	441.248	308.509	103.687	26.9844	2.06747	0	0	0	0	0	0	0	0	0	0	0	0	0	0	0	0
00.000,00.000	19.1	0	-200	0	4.5	446.216	311.374	104.658	27.7178	2.46683	0	0	0	0	0	0	0	0	0	0	0	0	0	0	0	0
00.000,00.000	19.2	0	-200	0	4.5	449.951	313.529	105.396	28.2637	2.7621	0	0	0	0	0	0	0	0	0	0	0	0	0	0	0	0
00.000,00.000	19.3	0	-200	0	4.5	453.721	315.707	106.149	28.8089	3.0563	0	0	0	0	0	0	0	0	0	0	0	0	0	0	0	0
00.000,00.000	19.4	0	-200	0	4.5	457.537	317.91	106.921	29.3567	3.34988	0	0	0	0	0	0	0	0	0	0	0	0	0	0	0	0
00.000,00.000	19.5	0	-200	0	4.5	461.364	319.852	107.96	29.7833	3.76914	0	0	0	0	0	0	0	0	0	0	0	0	0	0	0	0
00.000,00.000	19.6	0	-200	0	4.5	468.942	323.19	110.491	30.3707	4.89024	0	0	0	0	0	0	0	0	0	0	0	0	0	0	0	0
00.000,00.000	19.7	0	-200	0	4.5	470.641	323.875	111.127	30.5013	5.13721	0	0	0	0	0	0	0	0	0	0	0	0	0	0	0	0
00.000,00.000	19.8	0	-200	0	4.5	482.005	327.562	116.248	31.4006	6.79431	0	0	0	0	0	0	0	0	0	0	0	0	0	0	0	0
00.000,00.000	19.9	0	-200	0	4.5	484.92	328.28	117.801	31.629	7.20938	0	0	0	0	0	0	0	0	0	0	0	0	0	0	0	0
00.000,00.000	20	0	-200	0	4.5	491.849	330.166	121.349	32.1771	8.15673	0	0	0	0	0	0	0	0	0	0	0	0	0	0	0	0
00.000,00.000	20.1	0	-200	0	4.5	497.174	331.608	124.099	32.5985	8.86879	0	0	0	0	0	0	0	0	0	0	0	0	0	0	0	0
00.000,00.000	20.2	0	-200	0	4.5	501.351	332.776	126.229	32.9318	9.41384	0	0	0	0	0	0	0	0	0	0	0	0	0	0	0	0
00.000,00.000	20.3	0	-200	0	4.5	505.645	334.004	128.401	33.09	10.1497	0	0	0	0	0	0	0	0	0	0	0	0	0	0	0	0
00.000,00.000	20.4	0	-200	0	4.5	509.997	335.272	130.588	33.2112	10.9262	0	0	0	0	0	0	0	0	0	0	0	0	0	0	0	0
00.000,00.000	20.5	0	-200	0	4.5	514.404	336.567	132.791	33.344	11.7017	0	0	0	0	0	0	0	0	0	0	0	0	0	0	0	0
00.000,00.000	20.6	0	-200	0	4.5	521.916	338.594	136.615	33.6008	13.1058	0	0	0	0	0	0	0	0	0	0	0	0	0	0	0	0
00.000,00.000	20.7	0	-200	0	4.5	523.818	339.167	137.554	33.6657	13.431	0	0	0	0	0	0	0	0	0	0	0	0	0	0	0	0
00.000,00.000	20.8	0	-200	0	4.5	529.98	341.007	140.595	33.9025	14.4751	0	0	0	0	0	0	0	0	0	0	0	0	0	0	0	0
00.000,00.000	20.9	0	-200	0	4.5	539.24	343.729	145.177	34.2812	16.0529	0	0	0	0	0	0	0	0	0	0	0	0	0	0	0	0
00.000,00.000	21	0	-200	0	4.5	541.3	344.369	146.178	34.3674	16.3859	0	0	0	0	0	0	0	0	0	0	0	0	0	0	0	0
00.000,00.000	21.1	0	-200	0	4.5	548.192	346.592	149.468	34.6836	17.4488	0	0	0	0	0	0	0	0	0	0	0	0	0	0	0	0
00.000,00.000	21.2	0	-200	0	4.5	554.133	348.528	152.296	34.968	18.0153	0.325833	0	0	0	0	0	0	0	0	0	0	0	0	0	0	0
00.000,00.000	21.3	0	-200	0	4.5	559.332	350.276	154.728	35.2328	18.493	0.601947	0	0	0	0	0	0	0	0	0	0	0	0	0	0	0
00.000,00.000	21.4	0	-200	0	4.5	566.935	352.881	158.247	35.644	19.1703	0.993131	0	0	0	0	0	0	0	0	0	0	0	0	0	0	0
00.000,00.000	21.5	0	-200	0	4.5	569.31	353.69	159.347	35.7781	19.38	1.11428	0	0	0	0	0	0	0	0	0	0	0	0	0	0	0
00.000,00.000	21.6	0	-200	0	4.5	575.33	355.744	162.112	36.15	19.9053	1.41834	0	0	0	0	0	0	0	0	0	0	0	0	0	0	0
00.000,00.000	21.7	0	-200	0	4.5	581.256	357.79	164.817	36.5296	20.4095	1.70985	0	0	0	0	0	0	0	0	0	0	0	0	0	0	0
00.000,00.000	21.8	0	-200	0	4.5	586.904	359.754	167.376	36.9095	20.8817	1.98232	0	0	0	0	0	0	0	0	0	0	0	0	0	0	0
00.000,00.000	21.9	0	-200	0	4.5	602.19	364.888	173.82	38.5613	22.1857	2.73509	0	0	0	0	0	0	0	0	0	0	0	0	0	0	0
00.000,00.000	22	0	-200	0	4.5	605.778	366.189	175.206	39.0141	22.4699	2.89802	0	0	0	0	0	0	0	0	0	0	0	0	0	0	0
00.000,00.000	22.1	0	-200	0	4.5	618.272	370.895	179.857	40.6669	23.4182	3.43402	0	0	0	0	0	0	0	0	0	0	0	0	0	0	0
00.000,00.000	22.2	0	-200	0	4.5	626.65	374.04	182.605	42.17	24.0472	3.78758	0	0	0	0	0	0	0	0	0	0	0	0	0	0	0
00.000,00.000	22.3	0	-200	0	4.5	633.059	376.511	184.698	43.2888	24.5134	4.04707	0	0	0	0	0	0	0	0	0	0	0	0	0	0	0
00.000,00.000	22.4	0	-200	0	4.5	646.908	381.895	189.21	45.7071	25.5035	4.59183	0	0	0	0	0	0	0	0	0	0	0	0	0	0	0
00.000,00.000	22.5	0	-200	0	4.5	650.074	383.119	190.22	46.2892	25.6004	4.84612	0	0	0	0	0	0	0	0	0	0	0	0	0	0	0
00.000,00.000	22.6	0	-200	0	4.5	682.586	394.812	199.421	54.0821	26.9955	7.27556	0	0	0	0	0	0	0	0	0	0	0	0	0	0	0
00.000,00.000	22.7	0	-200	0	4.5	697.905	399.337	203.472	58.7742	27.6841	8.63821	0	0	0	0	0	0	0	0	0	0	0	0	0	0	0
00.000,00.000	22.8	0	-200	0	4.5	705.178	402.472	205.073	60.5435	27.9516	9.13785	0	0	0	0	0	0	0	0	0	0	0	0	0	0	0
00.000,00.000	22.9	0	-200	0	4.5	705.514	402.591	205.16	60.6342	27.9652	9.16265	0	0	0	0	0	0	0	0	0	0	0	0	0	0	0
00.000,00.000	23	0	-200	0	4.5	734.248	415.294	212.032	66.901	29.0257	10.9949	0	0	0	0	0	0	0	0	0	0	0	0	0	0	0
00.000,00.000	23.1	0	-200	0	4.5	753.333	423.076	217.046	71.0945	29.8127	12.303	0	0	0	0	0	0	0	0	0	0	0	0	0	0	0
00.000,00.000	23.2	0	-200	0	4.5	761.79	426.153	219.649	72.9486	30.1222	12.9161	0	0	0	0	0	0	0	0	0	0	0	0	0	0	0
00.000,00.000	23.3	0	-200	0	4.5	769.245	428.892	221.953	74.5625	30.2382	13.5989	0	0	0	0	0	0	0	0	0	0	0	0	0	0	0
00.000,00.000	23.4	0	-200	0	4.5	827.793	445.565	244.971	86.6646	31.7969	17.7053	1.09126	0	0	0	0	0	0	0	0	0	0	0	0	0	0
00.000,00.000	23.5	0	-200	0	4.5	844.736	449.508	252.46	89.6978	32.7717	18.6512	1.64644	0	0	0	0	0	0	0	0	0	0	0	0	0	0
00.000,00.000	23.6	0	-200	0	4.5	887.371	458.382	271.632	97.6242	35.5201	21.1237	3.08863	0	0	0	0	0	0	0	0	0	0	0	0	0	0
00.000,00.000	23.7	0	-200	0	4.5	910.526	462.54	282.189	102.164	37.1445	22.5615	3.92736	0	0	0	0	0	0	0	0	0	0	0	0	0	0
00.000,00.000	23.8	0	-200	0	4.5	919.319	464.757	285.848	103.664	37.797	23.0464	4.20733	0	0	0	0	0	0	0	0	0	0	0	0	0	0
00.000,00.000	23.9	0	-200	0	4.5	919.415	464.776	285.891	103.679	37.8069	23.0517	4.21035	0	0	0	0	0	0	0	0	0	0	0	0	0	0
00.000,00.000	24	0	-200	0	4.5	932.734	468.335	291.412	105.652	39.0464	23.7077	4.58069	0	0	0	0	0	0	0	0	0	0	0	0	0	0
00.000,00.000	24.1	0	-200	0	4.5	942.564	470.756	295.34	107.263	40.079	24.2447	4.88253	0	0	0	0	0	0	0	0	0	0	0	0	0	0
00.000,00.000	24.2	0	-200	0	4.5	945.023	471.322	296.353	107.609	40.4048	24.3776	4.95641	0	0	0	0	0	0	0	0	0	0	0	0	0	0
00.000,00.000	24.3	0	-200	0	4.5	945.895	471.543	296.704	107.737	40.5091	24.4219	4.98069	0	0	0	0	0	0	0	0	0	0	0	0	0	0
00.000,00.000	24.4	0	-200	0	4.5	946.289	471.643	296.861	107.793	40.5581	24.4417	4.99144	0	0	0	0	0	0	0	0	0	0	0	0	0	0
00.000,00.000	24.5	0	-200	0	4.5	982.055	480.832	310.818	113.162	45.2051	25.5087	6.52916	0	0	0	0	0	0	0	0	0	0	0	0	0	0
00.000,00.000	24.6	0	-200	0	4.5	1017.22	487.099	324.738	119.863	51.1291	26.7448	7.64579	0	0	0	0	0	0	0	0	0	0	0	0	0	0
00.000,00.000	24.7	0	-200	0	4.5	1035.74	492.513	330.671	123.478	53.6958	27.2754	8.10839	0	0	0	0	0	0	0	0	0	0	0	0	0	0
00.000,00.000	24.8	0	-200	0	4.5	1090.01	508.038	347.189	134.742	60.5826	29.9425	9.52111	0	0	0	0	0	0	0	0	0	0	0	0	0	0
00.000,00.000	24.9	0	-200	0	4.5	1099.67	510.593	350.254	136.759	61.724	30.5673	9.77494	0	0	0	0	0	0	0	0	0	0	0	0	0	0
00.000,00.000	25	0	-200	0	4.5	1156.07	527.611	367.466	148.144	67.8488	33.374	11.63	0	0	0	0	0	0	0	0	0	0	0	0	0	0
00.000,00.000	25.1	0	-200	0	4.5	1180.01	535.247	375.118	152.563	69.9802	34.3475	12.7563	0	0	0	0	0	0	0	0	0	0	0	0	0	0
00.000,00.000	25.2	0	-200	0	4.5	1189.19	538.14	378.189	154.32	70.6266	34.7375	13.1797	0	0	0	0	0	0	0	0	0	0	0	0	0	0
00.000,00.000	25.3	0	-200	0	4.5	1198.67	541.366	381.243	156.07	71.2791	35.1255	13.5864	0	0	0	0	0	0	0	0	0	0	0	0	0	0
00.000,00.000	25.4	0	-200	0	4.5	1252.72	560.122	398.232	166.126	75.0742	37.3441	15.8243	0	0	0	0	0	0	0	0	0	0	0	0	0	0
00.000,00.000	25.5	0	-200	0	4.5	1277.43	568.745	406.018	170.562	76.8679	38.3797	16.8579	0	0	0	0	0	0	0	0	0	0	0	0	0	0
00.000,00.000	25.6	0	-200	0	4.5	1287.66	572.093	409.279	172.507	77.6435	38.8376	17.2983	0	0	0	0	0	0	0	0	0	0	0	0	0	0
00.000,00.000	25.7	0	-200	0	4.5	1296.43	574.46	412.113	174.384	78.4044	39.307	17.7593	0	0	0	0	0	0	0	0	0	0	0	0	0	0
00.000,00.000	25.8	0	-200	0	4.5	1373.28	604.528	434.016	187.668	83.9076	42.5186	19.8046	0.835272	0	0	0	0	0	0	0	0	0	0	0	0	0
00.000,00.000	25.9	0	-200	0	4.5	1385.83	608.308	438.067	190.162	84.9689	43.1307	20.084	1.10537	0	0	0	0	0	0	0	0	0	0	0	0	0
00.000,00.000	26	0	-200	0	4.5	1386.61	608.555	438.327	190.312	85.0321	43.167	20.0999	1.12006	0	0	0	0	0	0	0	0	0	0	0	0	0
00.000,00.000	26.1	0	-200	0	4.5	1423.35	619.393	451.005	197.38	88.0493	44.3615	21.3723	1.78935	0	0	0	0	0	0	0	0	0	0	0	0	0
00.000,00.000	26.2	0	-200	0	4.5	1443.43	624.668	458.333	201.347	89.7881	44.8766	22.2591	2.1613	0	0	0	0	0	0	0	0	0	0	0	0	0
00.000,00.000	26.3	0	-200	0	4.5	1455.72	627.775	462.978	203.751	90.8561	45.2022	22.7832	2.37657	0	0	0	0	0	0	0	0	0	0	0	0	0
00.000,00.000	26.4	0	-200	0	4.5	1539.62	648.699	495.321	219.873	98.1781	47.498	26.2661	3.7836	0	0	0	0	0	0	0	0	0	0	0	0	0
00.000,00.000	26.5	0	-200	0	4.5	1575.29	657.778	508.844	226.63	101.327	48.5243	27.7949	4.39446	0	0	0	0	0	0	0	0	0	0	0	0	0
00.000,00.000	26.6	0	-200	0	4.5	1588.02	661.025	513.506	229.101	102.502	48.9133	28.3558	4.6155	0	0	0	0	0	0	0	0	0	0	0	0	0
00.000,00.000	26.7	0	-200	0	4.5	1600.77	664.299	518.204	231.552	103.687	49.3178	28.8908	4.8221	0	0	0	0	0	0	0	0	0	0	0	0	0
00.000,00.000	26.8	0	-200	0	4.5	1651.12	677.305	537.062	241.179	108.396	50.9492	30.1922	6.04155	0	0	0	0	0	0	0	0	0	0	0	0	0
00.000,00.000	26.9	0	-200	0	4.5	1663.5	680.59	541.791	243.447	109.587	51.3639	30.3048	6.41409	0	0	0	0	0	0	0	0	0	0	0	0	0
00.000,00.000	27	0	-200	0	4.5	1664.5	680.85	542.17	243.638	109.684	51.3985	30.314	6.4419	0	0	0	0	0	0	0	0	0	0	0	0	0
00.000,00.000	27.1	0	-200	0	4.5	1707.28	692.079	558.253	251.897	113.836	52.9097	30.7252	7.58114	0	0	0	0	0	0	0	0	0	0	0	0	0
00.000,00.000	27.2	0	-200	0	4.5	1721.24	695.888	563.388	254.541	115.203	53.4054	30.8658	7.94884	0	0	0	0	0	0	0	0	0	0	0	0	0
00.000,00.000	27.3	0	-200	0	4.5	1722.83	696.312	563.976	254.848	115.359	53.4632	30.8819	7.98814	0	0	0	0	0	0	0	0	0	0	0	0	0
00.000,00.000	27.4	0	-200	0	4.5	1723.2	696.413	564.113	254.92	115.396	53.4769	30.8858	7.99719	0	0	0	0	0	0	0	0	0	0	0	0	0
00.000,00.000	27.5	0	-200	0	4.5	1829.69	724.832	602.952	275.907	126.047	57.4294	32.0619	10.4653	0	0	0	0	0	0	0	0	0	0	0	0	0
00.000,00.000	27.6	0	-200	0	4.5	1862.64	733.8	614.926	282.23	129.371	58.6094	32.4557	11.2468	0	0	0	0	0	0	0	0	0	0	0	0	0
00.000,00.000	27.7	0	-200	0	4.5	1922.23	750.173	636.17	293.765	135.534	60.8537	33.1759	12.2295	0.332762	0	0	0	0	0	0	0	0	0	0	0	0
00.000,00.000	27.8	0	-200	0	4.5	1997.99	771.167	663.233	308.219	143.407	63.6257	34.1129	13.018	1.20226	0	0	0	0	0	0	0	0	0	0	0	0
00.000,00.000	27.9	0	-200	0	4.5	2015.26	776.06	669.418	311.368	145.234	64.2588	34.3329	13.194	1.39671	0	0	0	0	0	0	0	0	0	0	0	0
00.000,00.000	28	0	-200	0	4.5	2016.51	776.41	669.857	311.602	145.368	64.3068	34.3494	13.206	1.4099	0	0	0	0	0	0	0	0	0	0	0	0
00.000,00.000	28.1	0	-200	0	4.5	2019.38	777.225	670.861	312.133	145.682	64.4182	34.3889	13.2326	1.43931	0	0	0	0	0	0	0	0	0	0	0	0
00.000,00.000	28.2	0	-200	0	4.5	2022.16	778.014	671.825	312.649	145.988	64.5273	34.4278	13.258	1.46735	0	0	0	0	0	0	0	0	0	0	0	0
00.000,00.000	28.3	0	-200	0	4.5	2023.73	778.464	672.362	312.945	146.165	64.592	34.4509	13.2719	1.48267	0	0	0	0	0	0	0	0	0	0	0	0
00.000,00.000	28.4	0	-200	0	4.5	2023.99	778.538	672.449	312.992	146.193	64.6022	34.4547	13.2742	1.48514	0	0	0	0	0	0	0	0	0	0	0	0
00.000,00.000	28.5	0	-200	0	4.5	2151.47	815.293	714.921	336.866	160.777	70.1486	36.4611	14.3412	2.66265	0	0	0	0	0	0	0	0	0	0	0	0
00.000,00.000	28.6	0	-200	0	4.5	2211.22	832.156	735.187	348.059	167.712	72.7268	37.3036	14.8538	3.22703	0	0	0	0	0	0	0	0	0	0	0	0
00.000,00.000	28.7	0	-200	0	4.5	2268.51	848.72	754.228	358.678	174.324	75.2734	38.2012	15.3362	3.74916	0	0	0	0	0	0	0	0	0	0	0	0
00.000,00.000	28.8	0	-200	0	4.5	2304.78	859.289	766.202	365.393	178.477	76.9036	38.7937	15.6408	4.07579	0	0	0	0	0	0	0	0	0	0	0	0
00.000,00.000	28.9	0	-200	0	4.5	2308.15	860.273	767.319	366.019	178.858	77.0524	38.8478	15.6691	4.10592	0	0	0	0	0	0	0	0	0	0	0	0
00.000,00.000	29	0	-200	0	4.5	2330.01	866.691	774.402	370.056	181.378	78.0904	39.2479	15.8492	4.29311	0	0	0	0	0	0	0	0	0	0	0	0
00.000,00.000	29.1	0	-200	0	4.5	2372.22	879.126	787.979	377.826	186.267	80.125	40.05	16.1964	4.64991	0	0	0	0	0	0	0	0	0	0	0	0
00.000,00.000	29.2	0	-200	0	4.5	2401.37	887.69	797.274	383.148	189.713	81.5727	40.6325	16.4405	4.8969	0	0	0	0	0	0	0	0	0	0	0	0
00.000,00.000	29.3	0	-200	0	4.5	2426.2	894.996	805.082	387.671	192.69	82.8431	41.162	16.6486	5.10365	0	0	0	0	0	0	0	0	0	0	0	0
00.000,00.000	29.4	0	-200	0	4.5	2509.38	919.667	830.464	402.96	202.881	87.2235	43.0304	17.3592	5.79364	0	0	0	0	0	0	0	0	0	0	0	0
00.000,00.000	29.5	0	-200	0	4.5	2552.96	932.75	843.441	411.077	208.241	89.5301	44.0204	17.6333	6.26992	0	0	0	0	0	0	0	0	0	0	0	0
00.000,00.000	29.6	0	-200	0	4.5	2578.39	940.211	851.032	415.874	211.343	90.9353	44.6516	17.7052	6.63688	0	0	0	0	0	0	0	0	0	0	0	0
00.000,00.000	29.7	0	-200	0	4.5	2602.94	947.571	858.3	420.485	214.234	92.3058	45.2779	17.7438	7.0186	0	0	0	0	0	0	0	0	0	0	0	0
00.000,00.000	29.8	0	-200	0	4.5	2688.98	973.255	883.633	436.698	224.325	97.2135	47.6048	17.896	8.35634	0	0	0	0	0	0	0	0	0	0	0	0
00.000,00.000	29.9	0	-200	0	4.5	2705.83	978.519	888.475	439.871	226.214	98.1658	48.0327	17.9296	8.62605	0	0	0	0	0	0	0	0	0	0	0	0
00.000,00.000	30	0	-200	0	4.5	2708.86	979.469	889.329	440.436	226.559	98.3401	48.1167	17.9368	8.67213	0	0	0	0	0	0	0	0	0	0	0	0
00.000,00.000	30.1	0	-200	0	4.5	2754.5	993.712	902.138	448.96	231.837	100.997	49.4542	18.0541	9.34927	0	0	0	0	0	0	0	0	0	0	0	0
00.000,00.000	30.2	0	-200	0	4.5	2787.84	1004.03	911.52	455.178	235.709	102.964	50.4462	18.1476	9.84639	0	0	0	0	0	0	0	0	0	0	0	0
00.000,00.000	30.3	0	-200	0	4.5	2814.33	1012.2	918.802	460.195	238.836	104.56	51.2709	18.2298	10.2365	0	0	0	0	0	0	0	0	0	0	0	0
00.000,00.000	30.4	0	-200	0	4.5	2910.61	1040.52	945.405	478.74	250.582	110.624	54.483	18.5701	11.6812	0	0	0	0	0	0	0	0	0	0	0	0
00.000,00.000	30.5	0	-200	0	4.5	2958.27	1054.14	958.779	487.943	256.36	113.72	56.1449	18.7592	12.0341	0.387948	0	0	0	0	0	0	0	0	0	0	0
00.000,00.000	30.6	0	-200	0	4.5	2984.04	1061.22	965.975	493.018	259.602	115.437	57.0916	18.8768	12.2244	0.597367	0	0	0	0	0	0	0	0	0	0	0
00.000,00.000	30.7	0	-200	0	4.5	3035.94	1075.01	980.842	503.32	266.239	118.965	59.069	19.1406	12.6062	0.740676	0	0	0	0	0	0	0	0	0	0	0
00.000,00.000	30.8	0	-200	0	4.5	3084.53	1087.78	994.57	513.101	272.626	122.386	60.9639	19.4176	12.9713	0.71674	0	0	0	0	0	0	0	0	0	0	0
00.000,00.000	30.9	0	-200	0	4.5	3091.15	1089.56	996.382	514.434	273.492	122.867	61.2254	19.4585	13.0219	0.71674	0	0	0	0	0	0	0	0	0	0	0
00.000,00.000	31	0	-200	0	4.5	3128.88	1099.77	1006.58	522.027	278.413	125.577	62.7828	19.7125	13.2962	0.71674	0	0	0	0	0	0	0	0	0	0	0
00.000,00.000	31.1	0	-200	0	4.5	3168.62	1110.72	1016.79	530.148	283.668	128.511	64.4752	20.0016	13.5887	0.71674	0	0	0	0	0	0	0	0	0	0	0
00.000,00.000	31.2	0	-200	0	4.5	3196.57	1118.61	1023.8	535.811	287.375	130.577	65.6722	20.2195	13.7909	0.71674	0	0	0	0	0	0	0	0	0	0	0
00.000,00.000	31.3	0	-200	0	4.5	3222.81	1126.1	1030.35	541.14	290.797	132.493	66.798	20.4367	13.9787	0.71674	0	0	0	0	0	0	0	0	0	0	0
00.000,00.000	31.4	0	-200	0	4.5	3249.37	1133.72	1036.91	546.543	294.252	134.437	67.9558	20.6689	14.1677	0.71674	0	0	0	0	0	0	0	0	0	0	0
00.000,00.000	31.5	0	-200	0	4.5	3276.19	1141.47	1043.47	551.969	297.741	136.408	69.1384	20.9152	14.3582	0.71674	0	0	0	0	0	0	0	0	0	0	0
00.000,00.000	31.6	0	-200	0	4.5	3303.33	1149.27	1050.02	557.492	301.303	138.396	70.3975	21.1786	14.5533	0.71674	0	0	0	0	0	0	0	0	0	0	0
00.000,00.000	31.7	0	-200	0	4.5	3392.33	1175.2	1071.07	575.537	312.995	145.011	74.5089	22.0914	15.1992	0.71674	0	0	0	0	0	0	0	0	0	0	0
00.000,00.000	31.8	0	-200	0	4.5	3422.02	1184.17	1077.84	581.536	316.856	147.218	75.8593	22.4101	15.4192	0.71674	0	0	0	0	0	0	0	0	0	0	0
00.000,00.000	31.9	0	-200	0	4.5	3422.96	1184.45	1078.05	581.724	316.976	147.288	75.9028	22.4205	15.4261	0.71674	0	0	0	0	0	0	0	0	0	0	0
00.000,00.000	32	0	-200	0	4.5	3446.08	1191.51	1083.36	586.296	319.909	149.01	76.9984	22.6911	15.5986	0.71674	0	0	0	0	0	0	0	0	0	0	0
00.000,00.000	32.1	0	-200	0	4.5	3497.21	1207.23	1094.99	596.177	326.404	152.927	79.4643	23.3108	15.9858	0.71674	0	0	0	0	0	0	0	0	0	0	0
00.000,00.000	32.2	0	-200	0	4.5	3530.79	1217.5	1102.49	602.674	330.726	155.558	81.1409	23.7398	16.2493	0.71674	0	0	0	0	0	0	0	0	0	0	0
00.000,00.000	32.3	0	-200	0	4.5	3558.09	1225.87	1108.56	607.93	334.169	157.717	82.5362	24.1239	16.4671	0.71674	0	0	0	0	0	0	0	0	0	0	0
00.000,00.000	32.4	0	-200	0	4.5	3585.31	1234.23	1114.6	613.142	337.556	159.911	83.9435	24.5232	16.6888	0.71674	0	0	0	0	0	0	0	0	0	0	0
00.000,00.000	32.5	0	-200	0	4.5	3612.48	1242.59	1120.53	618.33	340.928	162.142	85.3861	24.9394	16.9152	0.71674	0	0	0	0	0	0	0	0	0	0	0
00.000,00.000	32.6	0	-200	0	4.5	3645.08	1252.51	1127.61	624.516	344.977	164.893	87.1886	25.4671	17.1971	0.71674	0	0	0	0	0	0	0	0	0	0	0
00.000,00.000	32.7	0	-200	0	4.5	3663.53	1258.34	1131.57	627.96	347.206	166.378	88.228	25.7774	17.3599	0.71674	0	0	0	0	0	0	0	0	0	0	0
00.000,00.000	32.8	0	-200	0	4.5	3722.27	1276.75	1144.22	638.836	354.296	171.095	91.6484	26.8157	17.8913	0.71674	0	0	0	0	0	0	0	0	0	0	0
00.000,00.000	32.9	0	-200	0	4.5	3734.99	1280.9	1146.92	641.085	355.725	172.123	92.4574	27.0529	18.0117	0.71674	0	0	0	0	0	0	0	0	0	0	0
00.000,00.000	33	0	-200	0	4.5	3775.2	1294.05	1155.32	648.228	360.385	175.319	94.9638	27.8244	18.3931	0.71674	0	0	0	0	0	0	0	0	0	0	0
00.000,00.000	33.1	0	-200	0	4.5	3807.13	1304.6	1161.91	653.851	364.037	177.851	96.9923	28.4641	18.7055	0.71674	0	0	0	0	0	0	0	0	0	0	0
00.000,00.000	33.2	0	-200	0	4.5	3833.33	1313.4	1167.28	658.425	366.99	179.911	98.6056	29.0335	18.9668	0.71674	0	0	0	0	0	0	0	0	0	0	0
00.000,00.000	33.3	0	-200	0	4.5	3859.55	1322.28	1172.61	662.96	369.879	182.008	100.241	29.6285	19.2336	0.71674	0	0	0	0	0	0	0	0	0	0	0
00.000,00.000	33.4	0	-200	0	4.5	3929.91	1346.23	1186.9	674.78	377.624	187.692	104.698	31.2959	19.5466	1.14355	0	0	0	0	0	0	0	0	0	0	0
00.000,00.000	33.5	0	-200	0	4.5	3969.93	1359.84	1195.04	681.324	382.097	190.966	107.25	32.2936	19.6673	1.4594	0	0	0	0	0	0	0	0	0	0	0
00.000,00.000	33.6	0	-200	0	4.5	4014.3	1374.62	1204.05	688.725	386.939	194.714	110.169	33.4446	19.8478	1.79158	0	0	0	0	0	0	0	0	0	0	0
00.000,00.000	33.7	0	-200	0	4.5	4023.54	1377.75	1205.94	690.227	387.922	195.485	110.763	33.7011	19.8879	1.86241	0	0	0	0	0	0	0	0	0	0	0
00.000,00.000	33.8	0	-200	0	4.5	4097.44	1402.7	1221.11	702.201	395.7	201.491	115.759	35.8139	20.2423	2.42081	0	0	0	0	0	0	0	0	0	0	0
00.000,00.000	33.9	0	-200	0	4.5	4113.95	1408.33	1224.67	704.767	397.415	202.784	116.778	36.3314	20.3267	2.54839	0	0	0	0	0	0	0	0	0	0	0
00.000,00.000	34	0	-200	0	4.5	4162.5	1425.18	1234.9	712.303	402.274	206.57	119.936	37.8163	20.6029	2.91499	0	0	0	0	0	0	0	0	0	0	0
00.000,00.000	34.1	0	-200	0	4.5	4195.6	1436.76	1241.9	717.357	405.537	209.087	122.098	38.8835	20.8069	3.17053	0	0	0	0	0	0	0	0	0	0	0
00.000,00.000	34.2	0	-200	0	4.5	4219.75	1445.23	1247.03	720.947	407.93	210.905	123.707	39.6762	20.9696	3.35673	0	0	0	0	0	0	0	0	0	0	0
00.000,00.000	34.3	0	-200	0	4.5	4243.78	1453.65	1252.15	724.505	410.289	212.686	125.32	40.4901	21.1452	3.54319	0	0	0	0	0	0	0	0	0	0	0
00.000,00.000	34.4	0	-200	0	4.5	4284.36	1467.91	1260.79	730.412	414.303	215.614	128.071	41.9448	21.4664	3.86014	0	0	0	0	0	0	0	0	0	0	0
00.000,00.000	34.5	0	-200	0	4.5	4313.46	1478.13	1266.98	734.601	417.172	217.672	130.058	43.0463	21.7131	4.09031	0	0	0	0	0	0	0	0	0	0	0
00.000,00.000	34.6	0	-200	0	4.5	4348.06	1489.91	1274.39	739.628	420.645	220.17	132.464	44.4391	22.0401	4.3751	0	0	0	0	0	0	0	0	0	0	0
00.000,00.000	34.7	0	-200	0	4.5	4436.42	1519.38	1293.48	752.35	429.642	226.559	138.723	48.2049	22.9564	5.12744	0	0	0	0	0	0	0	0	0	0	0
00.000,00.000	34.8	0	-200	0	4.5	4452.39	1524.97	1296.88	754.594	431.286	227.608	139.764	48.8972	23.1274	5.26364	0	0	0	0	0	0	0	0	0	0	0
00.000,00.000	34.9	0	-200	0	4.5	4459.89	1527.66	1298.48	755.615	432.019	228.081	140.264	49.229	23.2161	5.32714	0	0	0	0	0	0	0	0	0	0	0
00.000,00.000	35	0	-200	0	4.5	4504.79	1543.7	1308.04	761.662	436.377	230.912	143.329	51.2899	23.77	5.71048	0	0	0	0	0	0	0	0	0	0	0
00.000,00.000	35.1	0	-200	0	4.5	4533.43	1554.03	1313.98	765.536	439.148	232.679	145.285	52.6682	24.143	5.95918	0	0	0	0	0	0	0	0	0	0	0
00.000,00.000	35.2	0	-200	0	4.5	4555.12	1561.82	1318.49	768.483	441.189	233.989	146.774	53.7384	24.4843	6.14938	0	0	0	0	0	0	0	0	0	0	0
00.000,00.000	35.3	0	-200	0	4.5	4576.68	1569.62	1322.96	771.368	443.182	235.262	148.26	54.8344	24.8425	6.34133	0	0	0	0	0	0	0	0	0	0	0
00.000,00.000	35.4	0	-200	0	4.5	4597.93	1577.4	1327.35	774.148	445.118	236.518	149.693	55.9509	25.216	6.53433	0	0	0	0	0	0	0	0	0	0	0
00.000,00.000	35.5	0	-200	0	4.5	4618.78	1585.07	1331.62	776.828	446.995	237.729	151.116	57.0883	25.6049	6.72846	0	0	0	0	0	0	0	0	0	0	0
00.000,00.000	35.6	0	-200	0	4.5	4649.68	1595.75	1337.97	780.858	449.883	239.519	153.449	58.9458	26.2558	7.05251	0	0	0	0	0	0	0	0	0	0	0
00.000,00.000	35.7	0	-200	0	4.5	4660.44	1599.76	1340.07	782.212	450.853	240.066	154.243	59.5858	26.484	7.16496	0	0	0	0	0	0	0	0	0	0	0
00.000,00.000	35.8	0	-200	0	4.5	4718.29	1620.59	1351.35	789.579	456.023	243.26	158.476	63.2922	27.9163	7.80194	0	0	0	0	0	0	0	0	0	0	0
00.000,00.000	35.9	0	-200	0	4.5	4731.24	1625.62	1353.76	791.171	457.134	243.917	159.338	64.1089	28.2463	7.94438	0	0	0	0	0	0	0	0	0	0	0
00.000,00.000	36	0	-200	0	4.5	4772.29	1641.97	1361.33	795.99	460.441	245.95	162.154	66.7149	29.3515	8.38811	0	0	0	0	0	0	0	0	0	0	0
00.000,00.000	36.1	0	-200	0	4.5	4798.58	1652.53	1366.1	799.051	462.557	247.274	163.974	68.3242	30.0917	8.68155	0	0	0	0	0	0	0	0	0	0	0
00.000,00.000	36.2	0	-200	0	4.5	4816.5	1659.92	1369.25	801.051	463.942	248.156	165.229	69.4512	30.6145	8.88144	0	0	0	0	0	0	0	0	0	0	0
00.000,00.000	36.3	0	-200	0	4.5	4834.88	1667.69	1372.35	803.046	465.34	249.043	166.513	70.6366	31.1757	9.09111	0	0	0	0	0	0	0	0	0	0	0
00.000,00.000	36.4	0	-200	0	4.5	4852.91	1675.46	1375.27	804.951	466.684	249.883	167.777	71.8278	31.7495	9.30106	0	0	0	0	0	0	0	0	0	0	0
00.000,00.000	36.5	0	-200	0	4.5	4870.64	1683.18	1378.11	806.78	467.985	250.683	169.029	73.0336	32.3239	9.51291	0	0	0	0	0	0	0	0	0	0	0
00.000,00.000	36.6	0	-200	0	4.5	4895.87	1693.49	1382.17	809.465	469.922	251.867	170.955	74.8988	33.2506	9.84641	0	0	0	0	0	0	0	0	0	0	0
00.000,00.000	36.7	0	-200	0	4.5	4941.74	1712.48	1389.25	814.291	473.372	253.946	174.528	78.3829	35.0214	10.4696	0	0	0	0	0	0	0	0	0	0	0
00.000,00.000	36.8	0	-200	0	4.5	4949.9	1716.15	1390.43	815.07	473.985	254.298	175.124	78.9582	35.3111	10.5783	0	0	0	0	0	0	0	0	0	0	0
00.000,00.000	36.9	0	-200	0	4.5	4958.34	1720.12	1391.65	815.835	474.539	254.62	175.708	79.5576	35.6198	10.6185	0.0676592	0	0	0	0	0	0	0	0	0	0
00.000,00.000	37	0	-200	0	4.5	4985.77	1733.05	1395.57	818.226	476.395	255.648	177.592	81.5644	36.6789	10.6917	0.356321	0	0	0	0	0	0	0	0	0	0
00.000,00.000	37.1	0	-200	0	4.5	5004.67	1742.19	1398.19	819.881	477.586	256.338	178.809	82.9641	37.4132	10.7242	0.577237	0	0	0	0	0	0	0	0	0	0
00.000,00.000	37.2	0	-200	0	4.5	5020.55	1749.98	1400.34	821.244	478.524	256.891	179.826	84.159	38.062	10.7524	0.762934	0	0	0	0	0	0	0	0	0	0
00.000,00.000	37.3	0	-200	0	4.5	5036.09	1757.72	1402.4	822.538	479.42	257.415	180.769	85.3729	38.7211	10.7814	0.946688	0	0	0	0	0	0	0	0	0	0
00.000,00.000	37.4	0	-200	0	4.5	5051.32	1765.41	1404.38	823.762	480.269	257.908	181.673	86.5916	39.3915	10.8112	1.12796	0	0	0	0	0	0	0	0	0	0
00.000,00.000	37.5	0	-200	0	4.5	5066.33	1773.03	1406.29	824.932	481.087	258.38	182.532	87.8426	40.0781	10.8421	1.30991	0	0	0	0	0	0	0	0	0	0
00.000,00.000	37.6	0	-200	0	4.5	5104.36	1788.64	1411.67	828.572	483.551	259.806	185.349	91.6259	42.3136	10.9445	1.89474	0	0	0	0	0	0	0	0	0	0
00.000,00.000	37.7	0	-200	0	4.5	5113.17	1793.19	1412.67	829.288	484.04	260.094	185.891	92.307	42.7046	10.9672	2.01351	0	0	0	0	0	0	0	0	0	0
00.000,00.000	37.8	0	-200	0	4.5	5137.68	1803.5	1416.1	831.518	485.549	260.964	187.7	94.6402	44.2713	11.0482	2.39869	0	0	0	0	0	0	0	0	0	0
00.000,00.000	37.9	0	-200	0	4.5	5145.11	1807.44	1416.91	832.077	485.933	261.198	188.125	95.2207	44.6304	11.0709	2.49887	0	0	0	0	0	0	0	0	0	0
00.000,00.000	38	0	-200	0	4.5	5172.34	1822.5	1419.83	833.904	487.16	261.935	189.693	97.2228	46.0997	11.1577	2.83915	0	0	0	0	0	0	0	0	0	0
00.000,00.000	38.1	0	-200	0	4.5	5188.21	1831.09	1421.53	834.958	488.042	262.383	190.621	98.3576	46.9782	11.2142	3.04426	0	0	0	0	0	0	0	0	0	0
00.000,00.000	38.2	0	-200	0	4.5	5199.6	1837.46	1422.71	835.658	488.698	262.67	191.251	99.0956	47.6191	11.2577	3.18644	0	0	0	0	0	0	0	0	0	0
00.000,00.000	38.3	0	-200	0	4.5	5213.06	1845.07	1424.06	836.446	489.492	262.998	191.974	99.9595	48.3962	11.3137	3.35397	0	0	0	0	0	0	0	0	0	0
00.000,00.000	38.4	0	-200	0	4.5	5226.25	1852.59	1425.36	837.188	490.255	263.312	192.672	100.801	49.1828	11.3738	3.51952	0	0	0	0	0	0	0	0	0	0
00.000,00.000	38.5	0	-200	0	4.5	5239	1859.92	1426.57	837.875	490.98	263.609	193.339	101.62	49.9733	11.4376	3.68142	0	0	0	0	0	0	0	0	0	0
00.000,00.000	38.6	0	-200	0	4.5	5253.31	1866.51	1428.29	838.776	491.993	264.015	194.289	102.813	51.1643	11.5384	3.91842	0	0	0	0	0	0	0	0	0	0
00.000,00.000	38.7	0	-200	0	4.5	5266	1872.59	1429.77	839.528	492.855	264.359	195.096	103.834	52.2204	11.6325	4.12439	0	0	0	0	0	0	0	0	0	0
00.000,00.000	38.8	0	-200	0	4.5	5278.03	1879.59	1430.83	840.063	493.525	264.614	195.707	104.632	53.0714	11.7117	4.28668	0	0	0	0	0	0	0	0	0	0
00.000,00.000	38.9	0	-200	0	4.5	5279.98	1880.71	1431	840.15	493.642	264.658	195.803	104.763	53.2111	11.7255	4.31329	0	0	0	0	0	0	0	0	0	0
00.000,00.000	39	0	-200	0	4.5	5295.35	1889.43	1432.46	840.814	494.537	264.971	196.566	105.822	54.3814	11.8441	4.52563	0	0	0	0	0	0	0	0	0	0
00.000,00.000	39.1	0	-200	0	4.5	5308.32	1897.23	1433.56	841.312	495.243	265.219	197.154	106.652	55.3168	11.9426	4.69372	0	0	0	0	0	0	0	0	0	0
00.000,00.000	39.2	0	-200	0	4.5	5320.25	1904.46	1434.53	841.751	495.881	265.434	197.709	107.386	56.2057	12.0392	4.84922	0	0	0	0	0	0	0	0	0	0
00.000,00.000	39.3	0	-200	0	4.5	5330.6	1910.23	1435.57	842.168	496.487	265.634	198.227	108.082	57.0701	12.1375	4.99805	0	0	0	0	0	0	0	0	0	0
00.000,00.000	39.4	0	-200	0	4.5	5341.01	1916.48	1436.56	842.518	497.026	265.807	198.678	108.707	57.8652	12.2318	5.13244	0	0	0	0	0	0	0	0	0	0
00.000,00.000	39.5	0	-200	0	4.5	5351.94	1922.85	1437.64	842.883	497.618	265.992	199.166	109.398	58.772	12.3437	5.28278	0	0	0	0	0	0	0	0	0	0
00.000,00.000	39.6	0	-200	0	4.5	5362.16	1927.82	1438.73	843.271	498.319	266.206	199.74	110.239	59.8715	12.4893	5.46724	0	0	0	0	0	0	0	0	0	0
00.000,00.000	39.7	0	-200	0	4.5	5370.28	1932.62	1439.36	843.505	498.655	266.468	200.097	110.788	60.5988	12.5992	5.5888	0	0	0	0	0	0	0	0	0	0
00.000,00.000	39.8	0	-200	0	4.5	5384.28	1939.56	1440.87	843.933	499.141	267.216	200.807	111.914	62.1583	12.8433	5.84148	0	0	0	0	0	0	0	0	0	0
00.000,00.000	39.9	0	-200	0	4.5	5387.43	1940.94	1441.34	844.031	499.259	267.399	200.953	112.209	62.4984	12.9051	5.89827	0	0	0	0	0	0	0	0	0	0
00.000,00.000	40	0	-200	0	4.5	5397.58	1946.81	1442.45	844.251	499.538	267.828	201.329	112.87	63.4085	13.0573	6.03993	0	0	0	0	0	0	0	0	0	0
00.000,00.000	40.1	0	-200	0	4.5	5409.11	1952.61	1444.01	844.521	499.901	268.402	201.804	113.74	64.6194	13.2713	6.22635	0	0	0	0	0	0	0	0	0	0
00.000,00.000	40.2	0	-200	0	4.5	5417.46	1956.54	1445.62	844.69	500.141	268.795	202.111	114.327	65.4516	13.4254	6.35244	0	0	0	0	0	0	0	0	0	0
00.000,00.000	40.3	0	-200	0	4.5	5426.3	1960.74	1447.44	844.843	500.377	269.19	202.417	114.899	66.3173	13.5884	6.48014	0	0	0	0	0	0	0	0	0	0
00.000,00.000	40.4	0	-200	0	4.5	5434.78	1964.55	1449.4	844.978	500.599	269.575	202.702	115.446	67.1702	13.7552	6.60375	0	0	0	0	0	0	0	0	0	0
00.000,00.000	40.5	0	-200	0	4.5	5443.35	1968.15	1451.68	845.099	500.817	269.966	202.978	115.983	68.0143	13.9321	6.72801	0	0	0	0	0	0	0	0	0	0
00.000,00.000	40.6	0	-200	0	4.5	5451.28	1970.5	1453.84	845.226	501.081	270.469	203.324	116.658	69.1162	14.1754	6.8897	0	0	0	0	0	0	0	0	0	0
00.000,00.000	40.7	0	-200	0	4.5	5477.49	1979.91	1460.19	845.514	501.836	272.042	204.358	118.687	72.5931	14.9651	7.39112	0	0	0	0	0	0	0	0	0	0
00.000,00.000	40.8	0	-200	0	4.5	5482.32	1981.42	1461.58	845.57	501.98	272.297	204.539	119.075	73.2385	15.1326	7.48602	0	0	0	0	0	0	0	0	0	0
00.000,00.000	40.9	0	-200	0	4.5	5482.52	1981.48	1461.64	845.572	501.986	272.305	204.546	119.09	73.2667	15.1395	7.48997	0	0	0	0	0	0	0	0	0	0
00.000,00.000	41	0	-200	0	4.5	5500.24	1987.09	1467.34	845.73	502.488	272.818	205.171	120.337	75.6763	15.7615	7.82241	0	0	0	0	0	0	0	0	0	0
00.000,00.000	41.1	0	-200	0	4.5	5509.9	1989.85	1470.48	845.814	502.781	273.113	205.525	121.061	77.1014	16.1502	8.01888	0	0	0	0	0	0	0	0	0	0
00.000,00.000	41.2	0	-200	0	4.5	5515.01	1991.37	1472.19	845.85	502.929	273.257	205.699	121.407	77.8328	16.3527	8.1175	0	0	0	0	0	0	0	0	0	0
00.000,00.000	41.3	0	-200	0	4.5	5521.14	1993.11	1474.28	845.887	503.11	273.434	205.908	121.82	78.7504	16.6151	8.23938	0	0	0	0	0	0	0	0	0	0
00.000,00.000	41.4	0	-200	0	4.5	5528.97	1995.25	1477.06	845.924	503.333	273.66	206.159	122.314	79.9047	16.9754	8.39088	0	0	0	0	0	0	0	0	0	0
00.000,00.000	41.5	0	-200	0	4.5	5531.09	1995.84	1477.8	845.933	503.392	273.728	206.224	122.443	80.2142	17.0824	8.43153	0	0	0	0	0	0	0	0	0	0
00.000,00.000	41.6	0	-200	0	4.5	5536.65	1997.06	1479.68	845.948	503.569	273.917	206.419	122.837	81.2193	17.4372	8.56082	0	0	0	0	0	0	0	0	0	0
00.000,00.000	41.7	0	-200	0	4.5	5559.44	2002.33	1486.91	845.997	504.277	274.678	207.191	124.439	85.453	19.0585	9.1052	0	0	0	0	0	0	0	0	0	0
00.000,00.000	41.8	0	-200	0	4.5	5563.82	2003.42	1488.21	846.006	504.419	274.894	207.34	124.745	86.1933	19.3924	9.21018	0	0	0	0	0	0	0	0	0	0
00.000,00.000	41.9	0	-200	0	4.5	5563.98	2003.46	1488.25	846.006	504.424	274.9	207.345	124.755	86.2193	19.4045	9.21375	0	0	0	0	0	0	0	0	0	0
00.000,00.000	42	0	-200	0	4.5	5579.17	2007.16	1492.95	846.024	504.928	275.566	207.804	125.677	88.8391	20.6531	9.56955	0	0	0	0	0	0	0	0	0	0