
label	time(d)	x	depth	z	radius	total	0-10	10-20	20-30	30-40	40-50	50-60	60-70	70-80	80-90	90-100	100-110	110-120	120-130	130-140	140-150	150-160	160-170	170-180	180-190	190-200
05.500,00.000	0	5.5	-200	0	4.5	0	0	0	0	0	0	0	0	0	0	0	0	0	0	0	0	0	0	0	0	0
05.500,00.000	0.1	5.5	-200	0	4.5	0	0	0	0	0	0	0	0	0	0	0	0	0	0	0	0	0	0	0	0	0
05.500,00.000	0.2	5.5	-200	0	4.5	0	0	0	0	0	0	0	0	0	0	0	0	0	0	0	0	0	0	0	0	0
05.500,00.000	0.3	5.5	-200	0	4.5	0	0	0	0	0	0	0	0	0	0	0	0	0	0	0	0	0	0	0	0	0
05.500,00.000	0.4	5.5	-200	0	4.5	0	0	0	0	0	0	0	0	0	0	0	0	0	0	0	0	0	0	0	0	0
05.500,00.000	0.5	5.5	-200	0	4.5	0	0	0	0	0	0	0	0	0	0	0	0	0	0	0	0	0	0	0	0	0
05.500,00.000	0.6	5.5	-200	0	4.5	0	0	0	0	0	0	0	0	0	0	0	0	0	0	0	0	0	0	0	0	0
05.500,00.000	0.7	5.5	-200	0	4.5	0	0	0	0	0	0	0	0	0	0	0	0	0	0	0	0	0	0	0	0	0
05.500,00.000	0.8	5.5	-200	0	4.5	0	0	0	0	0	0	0	0	0	0	0	0	0	0	0	0	0	0	0	0	0
05.500,00.000	0.9	5.5	-200	0	4.5	0	0	0	0	0	0	0	0	0	0	0	0	0	0	0	0	0	0	0	0	0
05.500,00.000	1	5.5	-200	0	4.5	0	0	0	0	0	0	0	0	0	0	0	0	0	0	0	0	0	0	0	0	0
05.500,00.000	1.1	5.5	-200	0	4.5	0	0	0	0	0	0	0	0	0	0	0	0	0	0	0	0	0	0	0	0	0
05.500,00.000	1.2	5.5	-200	0	4.5	0	0	0	0	0	0	0	0	0	0	0	0	0	0	0	0	0	0	0	0	0
05.500,00.000	1.3	5.5	-200	0	4.5	0	0	0	0	0	0	0	0	0	0	0	0	0	0	0	0	0	0	0	0	0
05.500,00.000	1.4	5.5	-200	0	4.5	0	0	0	0	0	0	0	0	0	0	0	0	0	0	0	0	0	0	0	0	0
05.500,00.000	1.5	5.5	-200	0	4.5	0	0	0	0	0	0	0	0	0	0	0	0	0	0	0	0	0	0	0	0	0
05.500,00.000	1.6	5.5	-200	0	4.5	0	0	0	0	0	0	0	0	0	0	0	0	0	0	0	0	0	0	0	0	0
05.500,00.000	1.7	5.5	-200	0	4.5	0	0	0	0	0	0	0	0	0	0	0	0	0	0	0	0	0	0	0	0	0
05.500,00.000	1.8	5.5	-200	0	4.5	0	0	0	0	0	0	0	0	0	0	0	0	0	0	0	0	0	0	0	0	0
05.500,00.000	1.9	5.5	-200	0	4.5	0	0	0	0	0	0	0	0	0	0	0	0	0	0	0	0	0	0	0	0	0
05.500,00.000	2	5.5	-200	0	4.5	0	0	0	0	0	0	0	0	0	0	0	0	0	0	0	0	0	0	0	0	0
05.500,00.000	2.1	5.5	-200	0	4.5	0	0	0	0	0	0	0	0	0	0	0	0	0	0	0	0	0	0	0	0	0
05.500,00.000	2.2	5.5	-200	0	4.5	0	0	0	0	0	0	0	0	0	0	0	0	0	0	0	0	0	0	0	0	0
05.500,00.000	2.3	5.5	-200	0	4.5	0	0	0	0	0	0	0	0	0	0	0	0	0	0	0	0	0	0	0	0	0
05.500,00.000	2.4	5.5	-200	0	4.5	0	0	0	0	0	0	0	0	0	0	0	0	0	0	0	0	0	0	0	0	0
05.500,00.000	2.5	5.5	-200	0	4.5	0	0	0	0	0	0	0	0	0	0	0	0	0	0	0	0	0	0	0	0	0
05.500,00.000	2.6	5.5	-200	0	4.5	0	0	0	0	0	0	0	0	0	0	0	0	0	0	0	0	0	0	0	0	0
05.500,00.000	2.7	5.5	-200	0	4.5	0	0	0	0	0	0	0	0	0	0	0	0	0	0	0	0	0	0	0	0	0
05.500,00.000	2.8	5.5	-200	0	4.5	0	0	0	0	0	0	0	0	0	0	0	0	0	0	0	0	0	0	0	0	0
05.500,00.000	2.9	5.5	-200	0	4.5	0	0	0	0	0	0	0	0	0	0	0	0	0	0	0	0	0	0	0	0	0
05.500,00.000	3	5.5	-200	0	4.5	0	0	0	0	0	0	0	0	0	0	0	0	0	0	0	0	0	0	0	0	0
05.500,00.000	3.1	5.5	-200	0	4.5	0	0	0	0	0	0	0	0	0	0	0	0	0	0	0	0	0	0	0	0	0
05.500,00.000	3.2	5.5	-200	0	4.5	0	0	0	0	0	0	0	0	0	0	0	0	0	0	0	0	0	0	0	0	0
05.500,00.000	3.3	5.5	-200	0	4.5	0.131321	0.131321	0	0	0	0	0	0	0	0	0	0	0	0	0	0	0	0	0	0	0
05.500,00.000	3.4	5.5	-200	0	4.5	0.389241	0.389241	0	0	0	0	0	0	0	0	0	0	0	0	0	0	0	0	0	0	0
05.500,00.000	3.5	5.5	-200	0	4.5	0.645598	0.645598	0	0	0	0	0	0	0	0	0	0	0	0	0	0	0	0	0	0	0
05.500,00.000	3.6	5.5	-200	0	4.5	0.899792	0.899792	0	0	0	0	0	0	0	0	0	0	0	0	0	0	0	0	0	0	0
05.500,00.000	3.7	5.5	-200	0	4.5	1.15366	1.15366	0	0	0	0	0	0	0	0	0	0	0	0	0	0	0	0	0	0	0
05.500,00.000	3.8	5.5	-200	0	4.5	1.40752	1.40752	0	0	0	0	0	0	0	0	0	0	0	0	0	0	0	0	0	0	0
05.500,00.000	3.9	5.5	-200	0	4.5	1.66195	1.66195	0	0	0	0	0	0	0	0	0	0	0	0	0	0	0	0	0	0	0
05.500,00.000	4	5.5	-200	0	4.5	1.91756	1.91756	0	0	0	0	0	0	0	0	0	0	0	0	0	0	0	0	0	0	0
05.500,00.000	4.1	5.5	-200	0	4.5	2.17361	2.17361	0	0	0	0	0	0	0	0	0	0	0	0	0	0	0	0	0	0	0
05.500,00.000	4.2	5.5	-200	0	4.5	2.43012	2.43012	0	0	0	0	0	0	0	0	0	0	0	0	0	0	0	0	0	0	0
05.500,00.000	4.3	5.5	-200	0	4.5	2.68656	2.68656	0	0	0	0	0	0	0	0	0	0	0	0	0	0	0	0	0	0	0
05.500,00.000	4.4	5.5	-200	0	4.5	2.94321	2.94321	0	0	0	0	0	0	0	0	0	0	0	0	0	0	0	0	0	0	0
05.500,00.000	4.5	5.5	-200	0	4.5	3.19974	3.19974	0	0	0	0	0	0	0	0	0	0	0	0	0	0	0	0	0	0	0
05.500,00.000	4.6	5.5	-200	0	4.5	3.4552	3.4552	0	0	0	0	0	0	0	0	0	0	0	0	0	0	0	0	0	0	0
05.500,00.000	4.7	5.5	-200	0	4.5	3.70994	3.70994	0	0	0	0	0	0	0	0	0	0	0	0	0	0	0	0	0	0	0
05.500,00.000	4.8	5.5	-200	0	4.5	3.96469	3.96469	0	0	0	0	0	0	0	0	0	0	0	0	0	0	0	0	0	0	0
05.500,00.000	4.9	5.5	-200	0	4.5	4.21935	4.21935	0	0	0	0	0	0	0	0	0	0	0	0	0	0	0	0	0	0	0
05.500,00.000	5	5.5	-200	0	4.5	4.47405	4.47405	0	0	0	0	0	0	0	0	0	0	0	0	0	0	0	0	0	0	0
05.500,00.000	5.1	5.5	-200	0	4.5	4.729	4.50264	0.226357	0	0	0	0	0	0	0	0	0	0	0	0	0	0	0	0	0	0
05.500,00.000	5.2	5.5	-200	0	4.5	4.98333	4.49985	0.483471	0	0	0	0	0	0	0	0	0	0	0	0	0	0	0	0	0	0
05.500,00.000	5.3	5.5	-200	0	4.5	5.23682	4.49985	0.736969	0	0	0	0	0	0	0	0	0	0	0	0	0	0	0	0	0	0
05.500,00.000	5.4	5.5	-200	0	4.5	5.4908	4.49985	0.990947	0	0	0	0	0	0	0	0	0	0	0	0	0	0	0	0	0	0
05.500,00.000	5.5	5.5	-200	0	4.5	5.74417	4.49985	1.24432	0	0	0	0	0	0	0	0	0	0	0	0	0	0	0	0	0	0
05.500,00.000	5.6	5.5	-200	0	4.5	5.9974	4.49985	1.49754	0	0	0	0	0	0	0	0	0	0	0	0	0	0	0	0	0	0
05.500,00.000	5.7	5.5	-200	0	4.5	6.24911	4.49985	1.74925	0	0	0	0	0	0	0	0	0	0	0	0	0	0	0	0	0	0
05.500,00.000	5.8	5.5	-200	0	4.5	6.50163	4.49985	2.00178	0	0	0	0	0	0	0	0	0	0	0	0	0	0	0	0	0	0
05.500,00.000	5.9	5.5	-200	0	4.5	6.75401	4.49985	2.25416	0	0	0	0	0	0	0	0	0	0	0	0	0	0	0	0	0	0
05.500,00.000	6	5.5	-200	0	4.5	7.00596	4.49985	2.5061	0	0	0	0	0	0	0	0	0	0	0	0	0	0	0	0	0	0
05.500,00.000	6.1	5.5	-200	0	4.5	7.25811	4.49985	2.75826	0	0	0	0	0	0	0	0	0	0	0	0	0	0	0	0	0	0
05.500,00.000	6.2	5.5	-200	0	4.5	7.50972	4.49985	3.00986	0	0	0	0	0	0	0	0	0	0	0	0	0	0	0	0	0	0
05.500,00.000	6.3	5.5	-200	0	4.5	7.76115	4.49985	3.26129	0	0	0	0	0	0	0	0	0	0	0	0	0	0	0	0	0	0
05.500,00.000	6.4	5.5	-200	0	4.5	8.01286	4.49985	3.51301	0	0	0	0	0	0	0	0	0	0	0	0	0	0	0	0	0	0
05.500,00.000	6.5	5.5	-200	0	4.5	8.26308	4.49985	3.76322	0	0	0	0	0	0	0	0	0	0	0	0	0	0	0	0	0	0
05.500,00.000	6.6	5.5	-200	0	4.5	8.51339	4.49985	4.01354	0	0	0	0	0	0	0	0	0	0	0	0	0	0	0	0	0	0
05.500,00.000	6.7	5.5	-200	0	4.5	8.76326	4.49985	4.26341	0	0	0	0	0	0	0	0	0	0	0	0	0	0	0	0	0	0
05.500,00.000	6.8	5.5	-200	0	4.5	9.01331	4.49985	4.51346	0	0	0	0	0	0	0	0	0	0	0	0	0	0	0	0	0	0
05.500,00.000	6.9	5.5	-200	0	4.5	9.26301	4.49985	4.76316	0	0	0	0	0	0	0	0	0	0	0	0	0	0	0	0	0	0
05.500,00.000	7	5.5	-200	0	4.5	9.51221	4.49985	5.01236	0	0	0	0	0	0	0	0	0	0	0	0	0	0	0	0	0	0
05.500,00.000	7.1	5.5	-200	0	4.5	9.76115	4.49985	5.26129	0	0	0	0	0	0	0	0	0	0	0	0	0	0	0	0	0	0
05.500,00.000	7.2	5.5	-200	0	4.5	10.01	4.49985	5.5101	0	0	0	0	0	0	0	0	0	0	0	0	0	0	0	0	0	0
05.500,00.000	7.3	5.5	-200	0	4.5	10.2584	4.49985	5.75858	0	0	0	0	0	0	0	0	0	0	0	0	0	0	0	0	0	0
05.500,00.000	7.4	5.5	-200	0	4.5	10.5065	4.49985	6.00668	0	0	0	0	0	0	0	0	0	0	0	0	0	0	0	0	0	0
05.500,00.000	7.5	5.5	-200	0	4.5	10.8069	4.49985	6.25391	0.053164	0	0	0	0	0	0	0	0	0	0	0	0	0	0	0	0	0
05.500,00.000	7.6	5.5	-200	0	4.5	11.3157	4.49985	6.50149	0.314318	0	0	0	0	0	0	0	0	0	0	0	0	0	0	0	0	0
05.500,00.000	7.7	5.5	-200	0	4.5	11.8016	4.50003	6.74847	0.5531	0	0	0	0	0	0	0	0	0	0	0	0	0	0	0	0	0
05.500,00.000	7.8	5.5	-200	0	4.5	12.2876	4.50099	6.99516	0.791459	0	0	0	0	0	0	0	0	0	0	0	0	0	0	0	0	0
05.500,00.000	7.9	5.5	-200	0	4.5	12.7746	4.5037	7.24153	1.02937	0	0	0	0	0	0	0	0	0	0	0	0	0	0	0	0	0
05.500,00.000	8	5.5	-200	0	4.5	13.2625	4.50826	7.48762	1.26664	0	0	0	0	0	0	0	0	0	0	0	0	0	0	0	0	0
05.500,00.000	8.1	5.5	-200	0	4.5	13.7537	4.51674	7.73344	1.5035	0	0	0	0	0	0	0	0	0	0	0	0	0	0	0	0	0
05.500,00.000	8.2	5.5	-200	0	4.5	14.2476	4.52907	7.97864	1.73987	0	0	0	0	0	0	0	0	0	0	0	0	0	0	0	0	0
05.500,00.000	8.3	5.5	-200	0	4.5	14.7443	4.54527	8.22334	1.97565	0	0	0	0	0	0	0	0	0	0	0	0	0	0	0	0	0
05.500,00.000	8.4	5.5	-200	0	4.5	15.2443	4.56573	8.46782	2.2108	0	0	0	0	0	0	0	0	0	0	0	0	0	0	0	0	0
05.500,00.000	8.5	5.5	-200	0	4.5	15.7461	4.59006	8.71111	2.44489	0	0	0	0	0	0	0	0	0	0	0	0	0	0	0	0	0
05.500,00.000	8.6	5.5	-200	0	4.5	16.1407	4.61967	8.8421	2.67889	0	0	0	0	0	0	0	0	0	0	0	0	0	0	0	0	0
05.500,00.000	8.7	5.5	-200	0	4.5	16.4127	4.65329	8.84724	2.9122	0	0	0	0	0	0	0	0	0	0	0	0	0	0	0	0	0
05.500,00.000	8.8	5.5	-200	0	4.5	16.6849	4.69251	8.84724	3.14516	0	0	0	0	0	0	0	0	0	0	0	0	0	0	0	0	0
05.500,00.000	8.9	5.5	-200	0	4.5	16.9625	4.73774	8.84724	3.37755	0	0	0	0	0	0	0	0	0	0	0	0	0	0	0	0	0
05.500,00.000	9	5.5	-200	0	4.5	17.2446	4.78795	8.84724	3.60945	0	0	0	0	0	0	0	0	0	0	0	0	0	0	0	0	0
05.500,00.000	9.1	5.5	-200	0	4.5	17.5339	4.84586	8.84724	3.84083	0	0	0	0	0	0	0	0	0	0	0	0	0	0	0	0	0
05.500,00.000	9.2	5.5	-200	0	4.5	17.8333	4.91442	8.84724	4.07163	0	0	0	0	0	0	0	0	0	0	0	0	0	0	0	0	0
05.500,00.000	9.3	5.5	-200	0	4.5	18.1405	4.99144	8.84724	4.30182	0	0	0	0	0	0	0	0	0	0	0	0	0	0	0	0	0
05.500,00.000	9.4	5.5	-200	0	4.5	18.4545	5.07567	8.84724	4.53154	0	0	0	0	0	0	0	0	0	0	0	0	0	0	0	0	0
05.500,00.000	9.5	5.5	-200	0	4.5	18.7733	5.16569	8.84726	4.76038	0	0	0	0	0	0	0	0	0	0	0	0	0	0	0	0	0
05.500,00.000	9.6	5.5	-200	0	4.5	19.101	5.26395	8.8482	4.98883	0	0	0	0	0	0	0	0	0	0	0	0	0	0	0	0	0
05.500,00.000	9.7	5.5	-200	0	4.5	19.4378	5.37164	8.84962	5.2165	0	0	0	0	0	0	0	0	0	0	0	0	0	0	0	0	0
05.500,00.000	9.8	5.5	-200	0	4.5	19.8223	5.52612	8.85253	5.44366	0	0	0	0	0	0	0	0	0	0	0	0	0	0	0	0	0
05.500,00.000	9.9	5.5	-200	0	4.5	20.2199	5.69003	8.85915	5.62122	0.0494975	0	0	0	0	0	0	0	0	0	0	0	0	0	0	0	0
05.500,00.000	10	5.5	-200	0	4.5	20.6283	5.86321	8.86789	5.62218	0.275005	0	0	0	0	0	0	0	0	0	0	0	0	0	0	0	0
05.500,00.000	10.1	5.5	-200	0	4.5	21.0727	6.04672	8.90296	5.62241	0.50058	0	0	0	0	0	0	0	0	0	0	0	0	0	0	0	0
05.500,00.000	10.2	5.5	-200	0	4.5	21.5539	6.23902	8.96665	5.62241	0.725849	0	0	0	0	0	0	0	0	0	0	0	0	0	0	0	0
05.500,00.000	10.3	5.5	-200	0	4.5	22.0475	6.43851	9.03589	5.62241	0.950677	0	0	0	0	0	0	0	0	0	0	0	0	0	0	0	0
05.500,00.000	10.4	5.5	-200	0	4.5	22.5543	6.64468	9.11221	5.62241	1.17497	0	0	0	0	0	0	0	0	0	0	0	0	0	0	0	0
05.500,00.000	10.5	5.5	-200	0	4.5	23.0678	6.85173	9.19559	5.62241	1.39811	0	0	0	0	0	0	0	0	0	0	0	0	0	0	0	0
05.500,00.000	10.6	5.5	-200	0	4.5	23.5921	7.06135	9.28761	5.62241	1.62077	0	0	0	0	0	0	0	0	0	0	0	0	0	0	0	0
05.500,00.000	10.7	5.5	-200	0	4.5	24.1228	7.26929	9.38809	5.62241	1.84298	0	0	0	0	0	0	0	0	0	0	0	0	0	0	0	0
05.500,00.000	10.8	5.5	-200	0	4.5	24.668	7.48407	9.49661	5.62241	2.06491	0	0	0	0	0	0	0	0	0	0	0	0	0	0	0	0
05.500,00.000	10.9	5.5	-200	0	4.5	25.1938	7.67064	9.61438	5.62241	2.28638	0	0	0	0	0	0	0	0	0	0	0	0	0	0	0	0
05.500,00.000	11	5.5	-200	0	4.5	25.7259	7.85615	9.74026	5.62241	2.50712	0	0	0	0	0	0	0	0	0	0	0	0	0	0	0	0
05.500,00.000	11.1	5.5	-200	0	4.5	26.2759	8.0498	9.87637	5.62241	2.72737	0	0	0	0	0	0	0	0	0	0	0	0	0	0	0	0
05.500,00.000	11.2	5.5	-200	0	4.5	26.8486	8.25689	10.0221	5.62241	2.94713	0	0	0	0	0	0	0	0	0	0	0	0	0	0	0	0
05.500,00.000	11.3	5.5	-200	0	4.5	27.4683	8.49993	10.1795	5.62241	3.16649	0	0	0	0	0	0	0	0	0	0	0	0	0	0	0	0
05.500,00.000	11.4	5.5	-200	0	4.5	28.1014	8.74607	10.3476	5.62241	3.38532	0	0	0	0	0	0	0	0	0	0	0	0	0	0	0	0
05.500,00.000	11.5	5.5	-200	0	4.5	28.7379	8.98738	10.5249	5.62241	3.60322	0	0	0	0	0	0	0	0	0	0	0	0	0	0	0	0
05.500,00.000	11.6	5.5	-200	0	4.5	29.4068	9.25047	10.7135	5.62241	3.82045	0	0	0	0	0	0	0	0	0	0	0	0	0	0	0	0
05.500,00.000	11.7	5.5	-200	0	4.5	30.1066	9.53371	10.9133	5.62241	4.0372	0	0	0	0	0	0	0	0	0	0	0	0	0	0	0	0
05.500,00.000	11.8	5.5	-200	0	4.5	30.8225	9.82086	11.1256	5.62241	4.2536	0	0	0	0	0	0	0	0	0	0	0	0	0	0	0	0
05.500,00.000	11.9	5.5	-200	0	4.5	31.5578	10.1149	11.351	5.62241	4.46952	0	0	0	0	0	0	0	0	0	0	0	0	0	0	0	0
05.500,00.000	12	5.5	-200	0	4.5	32.3624	10.4344	11.606	5.62241	4.69954	0	0	0	0	0	0	0	0	0	0	0	0	0	0	0	0
05.500,00.000	12.1	5.5	-200	0	4.5	33.2359	10.7641	11.913	5.62241	4.93639	0	0	0	0	0	0	0	0	0	0	0	0	0	0	0	0
05.500,00.000	12.2	5.5	-200	0	4.5	34.086	11.0943	12.2184	5.62241	5.15092	0	0	0	0	0	0	0	0	0	0	0	0	0	0	0	0
05.500,00.000	12.3	5.5	-200	0	4.5	34.9808	11.4545	12.539	5.62241	5.3649	0	0	0	0	0	0	0	0	0	0	0	0	0	0	0	0
05.500,00.000	12.4	5.5	-200	0	4.5	35.8955	11.82	12.8752	5.62244	5.57787	0	0	0	0	0	0	0	0	0	0	0	0	0	0	0	0
05.500,00.000	12.5	5.5	-200	0	4.5	37.3534	12.3979	13.4289	5.62557	5.90102	0	0	0	0	0	0	0	0	0	0	0	0	0	0	0	0
05.500,00.000	12.6	5.5	-200	0	4.5	38.0392	12.6612	13.6951	5.62722	6.05571	0	0	0	0	0	0	0	0	0	0	0	0	0	0	0	0
05.500,00.000	12.7	5.5	-200	0	4.5	38.9824	13.0202	14.0692	5.63084	6.26222	0	0	0	0	0	0	0	0	0	0	0	0	0	0	0	0
05.500,00.000	12.8	5.5	-200	0	4.5	39.6061	13.2527	14.3225	5.63396	6.39694	0	0	0	0	0	0	0	0	0	0	0	0	0	0	0	0
05.500,00.000	12.9	5.5	-200	0	4.5	40.2056	13.4739	14.5709	5.63833	6.52243	0	0	0	0	0	0	0	0	0	0	0	0	0	0	0	0
05.500,00.000	13	5.5	-200	0	4.5	41.4727	13.9387	15.1069	5.64981	6.77734	0	0	0	0	0	0	0	0	0	0	0	0	0	0	0	0
05.500,00.000	13.1	5.5	-200	0	4.5	42.6457	14.3848	15.594	5.66185	7.00512	0	0	0	0	0	0	0	0	0	0	0	0	0	0	0	0
05.500,00.000	13.2	5.5	-200	0	4.5	43.7814	14.8405	16.0517	5.67565	7.21362	0	0	0	0	0	0	0	0	0	0	0	0	0	0	0	0
05.500,00.000	13.3	5.5	-200	0	4.5	44.9458	15.3044	16.528	5.6916	7.42176	0	0	0	0	0	0	0	0	0	0	0	0	0	0	0	0
05.500,00.000	13.4	5.5	-200	0	4.5	46.1401	15.7761	17.024	5.71027	7.62964	0	0	0	0	0	0	0	0	0	0	0	0	0	0	0	0
05.500,00.000	13.5	5.5	-200	0	4.5	48.6222	16.742	18.0707	5.75483	8.05476	0	0	0	0	0	0	0	0	0	0	0	0	0	0	0	0
05.500,00.000	13.6	5.5	-200	0	4.5	49.3932	17.0413	18.3964	5.76973	8.1858	0	0	0	0	0	0	0	0	0	0	0	0	0	0	0	0
05.500,00.000	13.7	5.5	-200	0	4.5	50.7358	17.5606	18.9851	5.79941	8.39067	0	0	0	0	0	0	0	0	0	0	0	0	0	0	0	0
05.500,00.000	13.8	5.5	-200	0	4.5	51.8445	17.9782	19.4686	5.82582	8.57193	0	0	0	0	0	0	0	0	0	0	0	0	0	0	0	0
05.500,00.000	13.9	5.5	-200	0	4.5	52.0585	18.0595	19.5613	5.83122	8.60651	0	0	0	0	0	0	0	0	0	0	0	0	0	0	0	0
05.500,00.000	14	5.5	-200	0	4.5	53.8735	18.7466	20.3538	5.88156	8.89156	0	0	0	0	0	0	0	0	0	0	0	0	0	0	0	0
05.500,00.000	14.1	5.5	-200	0	4.5	55.4497	19.4234	20.9672	5.92783	9.13123	0	0	0	0	0	0	0	0	0	0	0	0	0	0	0	0
05.500,00.000	14.2	5.5	-200	0	4.5	56.8271	19.9974	21.5244	5.97045	9.33486	0	0	0	0	0	0	0	0	0	0	0	0	0	0	0	0
05.500,00.000	14.3	5.5	-200	0	4.5	58.326	20.6121	22.1588	6.0165	9.53853	0	0	0	0	0	0	0	0	0	0	0	0	0	0	0	0
05.500,00.000	14.4	5.5	-200	0	4.5	59.7375	21.1707	22.7601	6.0662	9.74054	0	0	0	0	0	0	0	0	0	0	0	0	0	0	0	0
05.500,00.000	14.5	5.5	-200	0	4.5	64.1887	22.9881	24.6408	6.23086	10.22	0.108919	0	0	0	0	0	0	0	0	0	0	0	0	0	0	0
05.500,00.000	14.6	5.5	-200	0	4.5	65.0977	23.3696	25.009	6.26519	10.18	0.273981	0	0	0	0	0	0	0	0	0	0	0	0	0	0	0
05.500,00.000	14.7	5.5	-200	0	4.5	66.0921	23.774	25.4243	6.30594	10.2017	0.386135	0	0	0	0	0	0	0	0	0	0	0	0	0	0	0
05.500,00.000	14.8	5.5	-200	0	4.5	66.2098	23.8203	25.4752	6.31087	10.1987	0.404761	0	0	0	0	0	0	0	0	0	0	0	0	0	0	0
05.500,00.000	14.9	5.5	-200	0	4.5	70.608	25.545	27.3972	6.50915	10.2341	0.922463	0	0	0	0	0	0	0	0	0	0	0	0	0	0	0
05.500,00.000	15	5.5	-200	0	4.5	73.2407	26.7228	28.4062	6.62718	10.2353	1.24924	0	0	0	0	0	0	0	0	0	0	0	0	0	0	0
05.500,00.000	15.1	5.5	-200	0	4.5	74.816	27.3746	29.0559	6.70237	10.2383	1.4448	0	0	0	0	0	0	0	0	0	0	0	0	0	0	0
05.500,00.000	15.2	5.5	-200	0	4.5	76.388	28.0022	29.721	6.78127	10.2428	1.64077	0	0	0	0	0	0	0	0	0	0	0	0	0	0	0
05.500,00.000	15.3	5.5	-200	0	4.5	77.9786	28.6224	30.4056	6.86405	10.2489	1.83756	0	0	0	0	0	0	0	0	0	0	0	0	0	0	0
05.500,00.000	15.4	5.5	-200	0	4.5	79.5487	29.2233	31.0841	6.95028	10.2567	2.03433	0	0	0	0	0	0	0	0	0	0	0	0	0	0	0
05.500,00.000	15.5	5.5	-200	0	4.5	87.6662	32.2167	34.7531	7.4157	10.3122	2.9684	0	0	0	0	0	0	0	0	0	0	0	0	0	0	0
05.500,00.000	15.6	5.5	-200	0	4.5	89.244	32.7557	35.4551	7.54039	10.3242	3.16855	0	0	0	0	0	0	0	0	0	0	0	0	0	0	0
05.500,00.000	15.7	5.5	-200	0	4.5	89.2589	32.7609	35.4617	7.54155	10.3244	3.17036	0	0	0	0	0	0	0	0	0	0	0	0	0	0	0
05.500,00.000	15.8	5.5	-200	0	4.5	89.2589	32.7609	35.4617	7.54155	10.3244	3.17036	0	0	0	0	0	0	0	0	0	0	0	0	0	0	0
05.500,00.000	15.9	5.5	-200	0	4.5	96.6932	35.003	38.9257	8.25162	10.432	4.08085	0	0	0	0	0	0	0	0	0	0	0	0	0	0	0
05.500,00.000	16	5.5	-200	0	4.5	100.137	35.9309	40.5871	8.62279	10.4884	4.5078	0	0	0	0	0	0	0	0	0	0	0	0	0	0	0
05.500,00.000	16.1	5.5	-200	0	4.5	101.711	36.3684	41.342	8.79018	10.518	4.69235	0	0	0	0	0	0	0	0	0	0	0	0	0	0	0
05.500,00.000	16.2	5.5	-200	0	4.5	103.324	36.8234	42.1008	8.96664	10.5516	4.88135	0	0	0	0	0	0	0	0	0	0	0	0	0	0	0
05.500,00.000	16.3	5.5	-200	0	4.5	104.924	37.2643	42.857	9.14644	10.5885	5.06815	0	0	0	0	0	0	0	0	0	0	0	0	0	0	0
05.500,00.000	16.4	5.5	-200	0	4.5	106.493	37.6957	43.5808	9.3321	10.6291	5.25566	0	0	0	0	0	0	0	0	0	0	0	0	0	0	0
05.500,00.000	16.5	5.5	-200	0	4.5	117.099	40.5587	48.6207	10.5546	10.9351	6.42991	0	0	0	0	0	0	0	0	0	0	0	0	0	0	0
05.500,00.000	16.6	5.5	-200	0	4.5	118.999	41.0214	49.5328	10.7641	10.9983	6.6822	0	0	0	0	0	0	0	0	0	0	0	0	0	0	0
05.500,00.000	16.7	5.5	-200	0	4.5	136.936	45.1673	58.0697	13.1241	11.6834	8.89134	0	0	0	0	0	0	0	0	0	0	0	0	0	0	0
05.500,00.000	16.8	5.5	-200	0	4.5	140.903	45.7814	60.0371	13.7654	11.8609	9.18644	0.271867	0	0	0	0	0	0	0	0	0	0	0	0	0	0
05.500,00.000	16.9	5.5	-200	0	4.5	149.307	47.2819	64.2098	15.0325	12.2653	9.36352	1.15437	0	0	0	0	0	0	0	0	0	0	0	0	0	0
05.500,00.000	17	5.5	-200	0	4.5	152.876	47.8838	65.9844	15.584	12.4468	9.36413	1.6124	0	0	0	0	0	0	0	0	0	0	0	0	0	0
05.500,00.000	17.1	5.5	-200	0	4.5	154.329	48.1298	66.7109	15.8058	12.5258	9.36668	1.79009	0	0	0	0	0	0	0	0	0	0	0	0	0	0
05.500,00.000	17.2	5.5	-200	0	4.5	155.796	48.3625	67.4536	16.0325	12.6104	9.36952	1.96754	0	0	0	0	0	0	0	0	0	0	0	0	0	0
05.500,00.000	17.3	5.5	-200	0	4.5	157.276	48.5845	68.2114	16.263	12.7004	9.37336	2.14355	0	0	0	0	0	0	0	0	0	0	0	0	0	0
05.500,00.000	17.4	5.5	-200	0	4.5	158.786	48.7969	68.9947	16.4996	12.7966	9.37824	2.31999	0	0	0	0	0	0	0	0	0	0	0	0	0	0
05.500,00.000	17.5	5.5	-200	0	4.5	170.072	50.34	74.906	18.3149	13.5629	9.42389	3.52463	0	0	0	0	0	0	0	0	0	0	0	0	0	0
05.500,00.000	17.6	5.5	-200	0	4.5	172.174	50.6132	75.9449	18.678	13.7186	9.43429	3.785	0	0	0	0	0	0	0	0	0	0	0	0	0	0
05.500,00.000	17.7	5.5	-200	0	4.5	195.897	53.6244	88.2948	22.5677	15.459	9.60268	6.34823	0	0	0	0	0	0	0	0	0	0	0	0	0	0
05.500,00.000	17.8	5.5	-200	0	4.5	201.575	54.4006	91.2621	23.358	15.8952	9.64983	7.00938	0	0	0	0	0	0	0	0	0	0	0	0	0	0
05.500,00.000	17.9	5.5	-200	0	4.5	213.025	55.8894	97.4301	24.8911	16.7315	9.79563	8.28726	0	0	0	0	0	0	0	0	0	0	0	0	0	0
05.500,00.000	18	5.5	-200	0	4.5	217.17	56.5573	99.4477	25.5538	16.9677	9.85734	8.45293	0.333348	0	0	0	0	0	0	0	0	0	0	0	0	0
05.500,00.000	18.1	5.5	-200	0	4.5	218.709	56.7735	100.238	25.7889	17.0722	9.88476	8.47982	0.471851	0	0	0	0	0	0	0	0	0	0	0	0	0
05.500,00.000	18.2	5.5	-200	0	4.5	220.652	57.0608	101.22	26.0879	17.2017	9.92346	8.50148	0.656382	0	0	0	0	0	0	0	0	0	0	0	0	0
05.500,00.000	18.3	5.5	-200	0	4.5	222.296	57.3079	102.051	26.3404	17.3102	9.95944	8.50148	0.825753	0	0	0	0	0	0	0	0	0	0	0	0	0
05.500,00.000	18.4	5.5	-200	0	4.5	223.986	57.5604	102.911	26.5984	17.4227	9.99951	8.50148	0.993183	0	0	0	0	0	0	0	0	0	0	0	0	0
05.500,00.000	18.5	5.5	-200	0	4.5	241.8	60.1561	112.146	29.3964	18.6044	10.454	8.50279	2.54039	0	0	0	0	0	0	0	0	0	0	0	0	0
05.500,00.000	18.6	5.5	-200	0	4.5	245.302	60.662	113.909	29.9569	18.8429	10.5492	8.5045	2.87706	0	0	0	0	0	0	0	0	0	0	0	0	0
05.500,00.000	18.7	5.5	-200	0	4.5	278.545	65.2659	130.831	35.7263	21.0076	11.489	8.58325	5.64243	0	0	0	0	0	0	0	0	0	0	0	0	0
05.500,00.000	18.8	5.5	-200	0	4.5	286.73	66.2996	135.048	37.1139	21.5577	11.7343	8.60884	6.36784	0	0	0	0	0	0	0	0	0	0	0	0	0
05.500,00.000	18.9	5.5	-200	0	4.5	296.998	67.5879	140.342	38.9766	22.2019	12.0349	8.67467	7.17992	0	0	0	0	0	0	0	0	0	0	0	0	0
05.500,00.000	19	5.5	-200	0	4.5	304.215	68.5347	144.144	40.2251	22.6143	12.2477	8.72695	7.72201	0	0	0	0	0	0	0	0	0	0	0	0	0
05.500,00.000	19.1	5.5	-200	0	4.5	307.362	68.9374	145.867	40.7578	22.7802	12.3342	8.75429	7.93057	0	0	0	0	0	0	0	0	0	0	0	0	0
05.500,00.000	19.2	5.5	-200	0	4.5	310.077	69.2726	147.334	41.2612	22.9202	12.4081	8.78172	8.09996	0	0	0	0	0	0	0	0	0	0	0	0	0
05.500,00.000	19.3	5.5	-200	0	4.5	312.958	69.6244	148.871	41.8301	23.064	12.4854	8.81415	8.26898	0	0	0	0	0	0	0	0	0	0	0	0	0
05.500,00.000	19.4	5.5	-200	0	4.5	315.966	69.994	150.476	42.4318	23.2107	12.5653	8.85125	8.43669	0	0	0	0	0	0	0	0	0	0	0	0	0
05.500,00.000	19.5	5.5	-200	0	4.5	319.288	70.424	152.225	43.107	23.3696	12.6529	8.89553	8.61383	0	0	0	0	0	0	0	0	0	0	0	0	0
05.500,00.000	19.6	5.5	-200	0	4.5	340.951	73.1149	162.925	48.2808	24.4211	13.2308	9.21641	9.01819	0.743066	0	0	0	0	0	0	0	0	0	0	0	0
05.500,00.000	19.7	5.5	-200	0	4.5	355.732	74.9876	169.609	52.4041	25.132	13.63	9.44965	9.01819	1.50157	0	0	0	0	0	0	0	0	0	0	0	0
05.500,00.000	19.8	5.5	-200	0	4.5	356.385	75.0707	169.898	52.5911	25.1629	13.648	9.46063	9.01819	1.53502	0	0	0	0	0	0	0	0	0	0	0	0
05.500,00.000	19.9	5.5	-200	0	4.5	373.97	77.3383	177.623	57.6212	26.0382	14.1423	9.78323	9.01896	2.40473	0	0	0	0	0	0	0	0	0	0	0	0
05.500,00.000	20	5.5	-200	0	4.5	378.854	78.0894	179.779	59.1203	26.295	14.2919	9.88218	9.02004	2.37676	0	0	0	0	0	0	0	0	0	0	0	0
05.500,00.000	20.1	5.5	-200	0	4.5	394.474	80.4107	186.563	63.8568	27.1475	14.7694	10.2128	9.03229	2.48179	0	0	0	0	0	0	0	0	0	0	0	0
05.500,00.000	20.2	5.5	-200	0	4.5	401.799	81.5441	189.671	66.1397	27.5506	14.9988	10.3738	9.03928	2.48179	0	0	0	0	0	0	0	0	0	0	0	0
05.500,00.000	20.3	5.5	-200	0	4.5	405.155	82.0511	191.087	67.1914	27.7438	15.105	10.4504	9.04392	2.48179	0	0	0	0	0	0	0	0	0	0	0	0
05.500,00.000	20.4	5.5	-200	0	4.5	408.6	82.5694	192.525	68.2795	27.9467	15.216	10.5323	9.04987	2.48179	0	0	0	0	0	0	0	0	0	0	0	0
05.500,00.000	20.5	5.5	-200	0	4.5	412.065	83.0813	193.959	69.3814	28.1569	15.3298	10.6176	9.05706	2.48179	0	0	0	0	0	0	0	0	0	0	0	0
05.500,00.000	20.6	5.5	-200	0	4.5	415.545	83.5847	195.388	70.4968	28.3745	15.4465	10.7064	9.06625	2.48179	0	0	0	0	0	0	0	0	0	0	0	0
05.500,00.000	20.7	5.5	-200	0	4.5	440.063	86.9685	205.49	78.3508	29.9685	16.2981	11.3612	9.14419	2.48179	0	0	0	0	0	0	0	0	0	0	0	0
05.500,00.000	20.8	5.5	-200	0	4.5	451.736	88.5853	210.26	82.1027	30.7129	16.7193	11.6861	9.18774	2.48179	0	0	0	0	0	0	0	0	0	0	0	0
05.500,00.000	20.9	5.5	-200	0	4.5	451.741	88.586	210.262	82.1042	30.7132	16.7194	11.6863	9.18776	2.48179	0	0	0	0	0	0	0	0	0	0	0	0
05.500,00.000	21	5.5	-200	0	4.5	475.958	91.7909	220.301	89.6258	32.4148	17.6368	12.3967	9.31073	2.48179	0	0	0	0	0	0	0	0	0	0	0	0
05.500,00.000	21.1	5.5	-200	0	4.5	486.06	93.2687	224.556	92.3655	33.2843	18.0328	12.7034	9.36805	2.48179	0	0	0	0	0	0	0	0	0	0	0	0
05.500,00.000	21.2	5.5	-200	0	4.5	489.593	93.7681	226.042	93.2727	33.657	18.1703	12.8099	9.39128	2.48179	0	0	0	0	0	0	0	0	0	0	0	0
05.500,00.000	21.3	5.5	-200	0	4.5	493.249	94.2767	227.572	94.1832	34.0794	18.3155	12.9224	9.41786	2.48179	0	0	0	0	0	0	0	0	0	0	0	0
05.500,00.000	21.4	5.5	-200	0	4.5	508.267	96.2636	233.836	97.9193	35.9134	18.9217	13.3921	9.53825	2.48179	0	0	0	0	0	0	0	0	0	0	0	0
05.500,00.000	21.5	5.5	-200	0	4.5	511.342	96.6195	235.125	98.7176	36.2915	19.0504	13.4918	9.56477	2.48179	0	0	0	0	0	0	0	0	0	0	0	0
05.500,00.000	21.6	5.5	-200	0	4.5	540.685	100.382	247.015	106.448	39.8442	20.253	14.4231	9.83764	2.48179	0	0	0	0	0	0	0	0	0	0	0	0
05.500,00.000	21.7	5.5	-200	0	4.5	566.447	104.41	256.887	113.458	42.6737	21.2544	15.2024	10.0789	2.48211	0	0	0	0	0	0	0	0	0	0	0	0
05.500,00.000	21.8	5.5	-200	0	4.5	568.566	104.776	257.653	114.082	42.8722	21.3355	15.2657	10.0993	2.4823	0	0	0	0	0	0	0	0	0	0	0	0
05.500,00.000	21.9	5.5	-200	0	4.5	571.05	105.204	258.528	114.831	43.1068	21.4312	15.3414	10.1258	2.48292	0	0	0	0	0	0	0	0	0	0	0	0
05.500,00.000	22	5.5	-200	0	4.5	574.685	105.826	259.826	115.91	43.4495	21.5716	15.4528	10.1654	2.48405	0	0	0	0	0	0	0	0	0	0	0	0
05.500,00.000	22.1	5.5	-200	0	4.5	586.966	108.051	264.137	119.441	44.658	22.0475	15.8337	10.3058	2.4925	0	0	0	0	0	0	0	0	0	0	0	0
05.500,00.000	22.2	5.5	-200	0	4.5	593.94	109.382	266.54	121.419	45.3334	22.3231	16.0554	10.3889	2.49817	0	0	0	0	0	0	0	0	0	0	0	0
05.500,00.000	22.3	5.5	-200	0	4.5	598.638	110.287	268.117	122.772	45.7923	22.5103	16.2072	10.447	2.50367	0	0	0	0	0	0	0	0	0	0	0	0
05.500,00.000	22.4	5.5	-200	0	4.5	616.12	113.733	273.849	127.847	47.4938	23.2146	16.7821	10.6715	2.52879	0	0	0	0	0	0	0	0	0	0	0	0
05.500,00.000	22.5	5.5	-200	0	4.5	619.816	114.483	275.011	128.96	47.8367	23.3655	16.9057	10.7202	2.53472	0	0	0	0	0	0	0	0	0	0	0	0
05.500,00.000	22.6	5.5	-200	0	4.5	641.665	117.948	282.546	135.563	50.0134	24.3016	17.6778	11.0298	2.58512	0	0	0	0	0	0	0	0	0	0	0	0
05.500,00.000	22.7	5.5	-200	0	4.5	673.178	122.271	294.314	144.909	52.9666	25.7037	18.8434	11.5017	2.66822	0	0	0	0	0	0	0	0	0	0	0	0
05.500,00.000	22.8	5.5	-200	0	4.5	677.651	122.918	295.952	146.311	53.298	25.9067	19.013	11.5706	2.68101	0	0	0	0	0	0	0	0	0	0	0	0
05.500,00.000	22.9	5.5	-200	0	4.5	677.932	122.959	296.056	146.395	53.3226	25.9193	19.0237	11.575	2.68194	0	0	0	0	0	0	0	0	0	0	0	0
05.500,00.000	23	5.5	-200	0	4.5	679.616	123.214	296.649	146.919	53.4564	25.997	19.0898	11.6024	2.68817	0	0	0	0	0	0	0	0	0	0	0	0
05.500,00.000	23.1	5.5	-200	0	4.5	693.276	125.276	301.363	151.153	54.6049	26.6717	19.6363	11.8295	2.74149	0	0	0	0	0	0	0	0	0	0	0	0
05.500,00.000	23.2	5.5	-200	0	4.5	700.415	126.54	303.491	153.461	54.9508	27.3054	19.9391	11.956	2.77192	0	0	0	0	0	0	0	0	0	0	0	0
05.500,00.000	23.3	5.5	-200	0	4.5	705.14	127.418	304.889	154.945	55.1972	27.7173	20.1394	12.0404	2.79291	0	0	0	0	0	0	0	0	0	0	0	0
05.500,00.000	23.4	5.5	-200	0	4.5	717.602	129.777	308.531	158.843	55.8617	28.7975	20.6731	12.2671	2.85072	0	0	0	0	0	0	0	0	0	0	0	0
05.500,00.000	23.5	5.5	-200	0	4.5	720.391	130.327	309.333	159.725	55.9917	29.0384	20.7931	12.3183	2.8639	0	0	0	0	0	0	0	0	0	0	0	0
05.500,00.000	23.6	5.5	-200	0	4.5	734.956	133.145	313.418	164.279	56.7949	30.3329	21.4488	12.599	2.93771	0	0	0	0	0	0	0	0	0	0	0	0
05.500,00.000	23.7	5.5	-200	0	4.5	739.044	133.968	314.538	165.564	57.0116	30.693	21.6333	12.6788	2.95874	0	0	0	0	0	0	0	0	0	0	0	0
05.500,00.000	23.8	5.5	-200	0	4.5	746.589	135.47	316.611	167.882	57.4374	31.3685	21.9865	12.8334	2.99996	0	0	0	0	0	0	0	0	0	0	0	0
05.500,00.000	23.9	5.5	-200	0	4.5	759.719	138.183	320.123	171.87	58.1713	32.5655	22.6195	13.1119	3.07438	0	0	0	0	0	0	0	0	0	0	0	0
05.500,00.000	24	5.5	-200	0	4.5	762.419	138.753	320.833	172.682	58.3267	32.8139	22.7521	13.1707	3.08735	0	0	0	0	0	0	0	0	0	0	0	0
05.500,00.000	24.1	5.5	-200	0	4.5	770.696	140.591	322.974	175.128	58.7748	33.5717	23.1662	13.3566	3.13367	0	0	0	0	0	0	0	0	0	0	0	0
05.500,00.000	24.2	5.5	-200	0	4.5	776.839	141.98	324.542	176.927	59.1088	34.1364	23.4788	13.498	3.16765	0	0	0	0	0	0	0	0	0	0	0	0
05.500,00.000	24.3	5.5	-200	0	4.5	781.616	143.071	325.758	178.312	59.3623	34.5779	23.7274	13.6116	3.19574	0	0	0	0	0	0	0	0	0	0	0	0
05.500,00.000	24.4	5.5	-200	0	4.5	790.566	145.126	328.051	180.878	59.8281	35.4034	24.1997	13.8295	3.2505	0	0	0	0	0	0	0	0	0	0	0	0
05.500,00.000	24.5	5.5	-200	0	4.5	792.669	145.602	328.592	181.476	59.9416	35.5995	24.313	13.882	3.26282	0	0	0	0	0	0	0	0	0	0	0	0
05.500,00.000	24.6	5.5	-200	0	4.5	799.091	147.112	330.176	183.292	60.2777	36.2062	24.6718	14.0502	3.30529	0	0	0	0	0	0	0	0	0	0	0	0
05.500,00.000	24.7	5.5	-200	0	4.5	807.966	149.175	332.353	185.799	60.7448	37.0536	25.1825	14.2918	3.36616	0	0	0	0	0	0	0	0	0	0	0	0
05.500,00.000	24.8	5.5	-200	0	4.5	809.889	149.615	332.826	186.34	60.8487	37.2391	25.2959	14.3458	3.37912	0	0	0	0	0	0	0	0	0	0	0	0
05.500,00.000	24.9	5.5	-200	0	4.5	826.189	153.528	336.647	190.882	61.6995	38.8087	26.295	14.8263	3.5019	0	0	0	0	0	0	0	0	0	0	0	0
05.500,00.000	25	5.5	-200	0	4.5	830.021	154.435	337.594	191.885	61.9101	39.1828	26.5365	14.9433	3.53463	0	0	0	0	0	0	0	0	0	0	0	0
05.500,00.000	25.1	5.5	-200	0	4.5	839.836	156.915	339.853	194.485	62.4287	40.1075	27.1643	15.2514	3.63037	0	0	0	0	0	0	0	0	0	0	0	0
05.500,00.000	25.2	5.5	-200	0	4.5	846.167	158.494	341.328	196.13	62.7655	40.7097	27.5826	15.4579	3.69985	0	0	0	0	0	0	0	0	0	0	0	0
05.500,00.000	25.3	5.5	-200	0	4.5	850.526	159.574	342.327	197.272	62.998	41.1219	27.8793	15.6056	3.74744	0	0	0	0	0	0	0	0	0	0	0	0
05.500,00.000	25.4	5.5	-200	0	4.5	854.853	160.648	343.325	198.385	63.2305	41.5293	28.1819	15.7574	3.79586	0	0	0	0	0	0	0	0	0	0	0	0
05.500,00.000	25.5	5.5	-200	0	4.5	859.146	161.72	344.3	199.48	63.4624	41.9325	28.4908	15.9133	3.84606	0	0	0	0	0	0	0	0	0	0	0	0
05.500,00.000	25.6	5.5	-200	0	4.5	876.652	166.114	348.199	203.887	64.4439	43.5824	29.7952	16.5919	4.03971	0	0	0	0	0	0	0	0	0	0	0	0
05.500,00.000	25.7	5.5	-200	0	4.5	880.475	167.09	349.081	204.765	64.666	43.9685	30.0754	16.7475	4.08131	0	0	0	0	0	0	0	0	0	0	0	0
05.500,00.000	25.8	5.5	-200	0	4.5	892.326	170.529	351.535	207.514	65.3357	45.0771	30.9166	17.2128	4.20581	0	0	0	0	0	0	0	0	0	0	0	0
05.500,00.000	25.9	5.5	-200	0	4.5	908.97	175.683	354.992	211.128	66.2521	46.5987	32.0701	17.8705	4.37592	0	0	0	0	0	0	0	0	0	0	0	0
05.500,00.000	26	5.5	-200	0	4.5	912.083	176.684	355.663	211.75	66.4229	46.8832	32.2803	18.0015	4.39884	0	0	0	0	0	0	0	0	0	0	0	0
05.500,00.000	26.1	5.5	-200	0	4.5	921.493	179.77	357.596	213.701	66.9572	47.7014	32.8727	18.4002	4.49513	0	0	0	0	0	0	0	0	0	0	0	0
05.500,00.000	26.2	5.5	-200	0	4.5	927.556	181.779	358.851	214.911	67.3106	48.2434	33.2343	18.6738	4.55293	0	0	0	0	0	0	0	0	0	0	0	0
05.500,00.000	26.3	5.5	-200	0	4.5	931.671	183.076	359.717	215.76	67.5603	48.6089	33.4832	18.867	4.59847	0	0	0	0	0	0	0	0	0	0	0	0
05.500,00.000	26.4	5.5	-200	0	4.5	964.779	193.806	366.916	222.206	69.5561	50.7409	36.1312	20.4246	4.9974	0	0	0	0	0	0	0	0	0	0	0	0
05.500,00.000	26.5	5.5	-200	0	4.5	974.673	197.02	369.165	223.989	70.2223	51.1933	37.0793	20.9056	5.09796	0	0	0	0	0	0	0	0	0	0	0	0
05.500,00.000	26.6	5.5	-200	0	4.5	983.184	199.838	371.045	225.537	70.8057	51.5583	37.8792	21.3257	5.19505	0	0	0	0	0	0	0	0	0	0	0	0
05.500,00.000	26.7	5.5	-200	0	4.5	1001.2	205.881	374.966	228.643	72.0622	52.3332	39.6302	22.2681	5.41299	0	0	0	0	0	0	0	0	0	0	0	0
05.500,00.000	26.8	5.5	-200	0	4.5	1004.76	207.15	375.786	229.123	72.3251	52.4799	39.9723	22.4784	5.4431	0	0	0	0	0	0	0	0	0	0	0	0
05.500,00.000	26.9	5.5	-200	0	4.5	1012.44	209.819	377.503	230.28	72.9178	52.7736	40.6683	22.9429	5.53887	0	0	0	0	0	0	0	0	0	0	0	0
05.500,00.000	27	5.5	-200	0	4.5	1016.04	211.124	378.326	230.745	73.2106	52.902	40.9823	23.1777	5.57697	0	0	0	0	0	0	0	0	0	0	0	0
05.500,00.000	27.1	5.5	-200	0	4.5	1021.1	212.96	379.443	231.475	73.5992	53.0779	41.4205	23.4818	5.64317	0	0	0	0	0	0	0	0	0	0	0	0
05.500,00.000	27.2	5.5	-200	0	4.5	1025.5	214.563	380.407	232.102	73.9442	53.226	41.7971	23.7588	5.69916	0	0	0	0	0	0	0	0	0	0	0	0
05.500,00.000	27.3	5.5	-200	0	4.5	1029.42	216.006	381.264	232.652	74.2509	53.3549	42.1304	24.0052	5.75229	0	0	0	0	0	0	0	0	0	0	0	0
05.500,00.000	27.4	5.5	-200	0	4.5	1059.1	227.009	387.894	236.667	76.6885	54.2886	44.5528	25.8013	6.20216	0	0	0	0	0	0	0	0	0	0	0	0
05.500,00.000	27.5	5.5	-200	0	4.5	1069.28	230.906	390.275	237.893	77.5912	54.5612	45.3053	26.394	6.35381	0	0	0	0	0	0	0	0	0	0	0	0
05.500,00.000	27.6	5.5	-200	0	4.5	1073.31	232.433	391.202	238.398	77.9272	54.6793	45.631	26.618	6.41968	0	0	0	0	0	0	0	0	0	0	0	0
05.500,00.000	27.7	5.5	-200	0	4.5	1074.38	232.839	391.45	238.53	78.0228	54.7089	45.7146	26.6756	6.43726	0	0	0	0	0	0	0	0	0	0	0	0
05.500,00.000	27.8	5.5	-200	0	4.5	1089.87	238.867	394.898	240.403	79.3618	55.1428	46.9535	27.5348	6.70493	0	0	0	0	0	0	0	0	0	0	0	0
05.500,00.000	27.9	5.5	-200	0	4.5	1094.99	240.914	396.039	241.002	79.8206	55.2754	47.3404	27.8034	6.79075	0	0	0	0	0	0	0	0	0	0	0	0
05.500,00.000	28	5.5	-200	0	4.5	1095.54	241.135	396.162	241.066	79.8685	55.2903	47.3832	27.833	6.80056	0	0	0	0	0	0	0	0	0	0	0	0
05.500,00.000	28.1	5.5	-200	0	4.5	1096.12	241.367	396.289	241.132	79.9194	55.3057	47.4274	27.8635	6.81103	0	0	0	0	0	0	0	0	0	0	0	0
05.500,00.000	28.2	5.5	-200	0	4.5	1096.62	241.573	396.399	241.189	79.9649	55.3193	47.466	27.89	6.82046	0	0	0	0	0	0	0	0	0	0	0	0
05.500,00.000	28.3	5.5	-200	0	4.5	1097.07	241.755	396.495	241.237	80.0056	55.3311	47.4996	27.9129	6.82895	0	0	0	0	0	0	0	0	0	0	0	0
05.500,00.000	28.4	5.5	-200	0	4.5	1097.13	241.783	396.51	241.245	80.0122	55.3329	47.5047	27.9161	6.83025	0	0	0	0	0	0	0	0	0	0	0	0
05.500,00.000	28.5	5.5	-200	0	4.5	1115.96	249.582	400.576	243.113	81.8404	55.8404	48.929	28.8575	7.21932	0	0	0	0	0	0	0	0	0	0	0	0
05.500,00.000	28.6	5.5	-200	0	4.5	1145.71	262.287	406.423	245.933	84.7841	56.6782	51.281	30.4365	7.88876	0	0	0	0	0	0	0	0	0	0	0	0
05.500,00.000	28.7	5.5	-200	0	4.5	1173.54	274.904	411.703	248.475	87.269	57.4802	52.1533	33.049	8.50854	0	0	0	0	0	0	0	0	0	0	0	0
05.500,00.000	28.8	5.5	-200	0	4.5	1176.75	276.333	412.36	248.76	87.5394	57.5725	52.2374	33.3557	8.59521	0	0	0	0	0	0	0	0	0	0	0	0
05.500,00.000	28.9	5.5	-200	0	4.5	1176.89	276.392	412.386	248.772	87.5511	57.5769	52.2407	33.3681	8.59892	0	0	0	0	0	0	0	0	0	0	0	0
05.500,00.000	29	5.5	-200	0	4.5	1177.2	276.532	412.449	248.8	87.5789	57.5875	52.248	33.3961	8.60761	0	0	0	0	0	0	0	0	0	0	0	0
05.500,00.000	29.1	5.5	-200	0	4.5	1194.62	284.347	415.967	250.346	89.1502	58.2202	52.5869	34.9092	9.09462	0	0	0	0	0	0	0	0	0	0	0	0
05.500,00.000	29.2	5.5	-200	0	4.5	1202.72	287.978	417.638	251.06	89.8855	58.5292	52.7205	35.5836	9.32324	0	0	0	0	0	0	0	0	0	0	0	0
05.500,00.000	29.3	5.5	-200	0	4.5	1206.01	289.466	418.296	251.352	90.192	58.6636	52.777	35.8477	9.41511	0	0	0	0	0	0	0	0	0	0	0	0
05.500,00.000	29.4	5.5	-200	0	4.5	1224.98	298.121	422.045	253.026	91.9767	59.4808	53.0794	37.3114	9.93981	0	0	0	0	0	0	0	0	0	0	0	0
05.500,00.000	29.5	5.5	-200	0	4.5	1233.71	302.181	423.751	253.793	92.7888	59.8648	53.2052	37.948	10.1793	0	0	0	0	0	0	0	0	0	0	0	0
05.500,00.000	29.6	5.5	-200	0	4.5	1237.19	303.769	424.42	254.113	93.1225	60.0284	53.2591	38.2049	10.2752	0	0	0	0	0	0	0	0	0	0	0	0
05.500,00.000	29.7	5.5	-200	0	4.5	1256.42	312.135	427.967	256.012	95.0809	61.0351	53.5827	39.7473	10.8561	0	0	0	0	0	0	0	0	0	0	0	0
05.500,00.000	29.8	5.5	-200	0	4.5	1268.56	316.786	431.027	257.185	96.2109	61.6875	53.7881	40.6334	11.2387	0	0	0	0	0	0	0	0	0	0	0	0
05.500,00.000	29.9	5.5	-200	0	4.5	1269	316.959	431.142	257.22	96.2518	61.7111	53.7953	40.6617	11.2539	0	0	0	0	0	0	0	0	0	0	0	0
05.500,00.000	30	5.5	-200	0	4.5	1290.81	325.338	436.94	259.199	98.2748	62.9036	54.1945	42.0581	11.9027	0	0	0	0	0	0	0	0	0	0	0	0
05.500,00.000	30.1	5.5	-200	0	4.5	1300.59	329.134	439.587	260.042	99.1803	63.4408	54.3784	42.6358	12.1952	0	0	0	0	0	0	0	0	0	0	0	0
05.500,00.000	30.2	5.5	-200	0	4.5	1304.16	330.525	440.519	260.386	99.5072	63.6376	54.4499	42.8412	12.2927	0	0	0	0	0	0	0	0	0	0	0	0
05.500,00.000	30.3	5.5	-200	0	4.5	1307.94	332.009	441.492	260.761	99.8558	63.8495	54.5291	43.0522	12.3934	0	0	0	0	0	0	0	0	0	0	0	0
05.500,00.000	30.4	5.5	-200	0	4.5	1326.23	339.211	446.125	262.626	101.546	64.8885	54.9274	44.0284	12.8818	0	0	0	0	0	0	0	0	0	0	0	0
05.500,00.000	30.5	5.5	-200	0	4.5	1331.66	341.378	447.496	263.156	102.048	65.198	55.048	44.298	13.033	0	0	0	0	0	0	0	0	0	0	0	0
05.500,00.000	30.6	5.5	-200	0	4.5	1337.3	343.569	448.888	263.769	102.585	65.535	55.1845	44.5882	13.1857	0	0	0	0	0	0	0	0	0	0	0	0
05.500,00.000	30.7	5.5	-200	0	4.5	1363.4	353.35	454.486	266.846	105.403	67.3107	55.9247	45.6666	14.417	0	0	0	0	0	0	0	0	0	0	0	0
05.500,00.000	30.8	5.5	-200	0	4.5	1382.57	361.547	457.766	269.152	107.4	68.5903	56.4702	45.8627	15.7832	0	0	0	0	0	0	0	0	0	0	0	0
05.500,00.000	30.9	5.5	-200	0	4.5	1383.52	361.946	457.928	269.267	107.501	68.6549	56.4981	45.8711	15.8552	0	0	0	0	0	0	0	0	0	0	0	0
05.500,00.000	31	5.5	-200	0	4.5	1415.2	375.006	463.421	273.21	110.91	70.864	57.4976	46.1146	18.1794	0	0	0	0	0	0	0	0	0	0	0	0
05.500,00.000	31.1	5.5	-200	0	4.5	1428.25	380.619	465.771	274.616	112.232	71.7845	57.9199	46.1736	19.1378	0	0	0	0	0	0	0	0	0	0	0	0
05.500,00.000	31.2	5.5	-200	0	4.5	1432.03	382.243	466.424	275.039	112.638	72.0441	58.0442	46.1963	19.4038	0	0	0	0	0	0	0	0	0	0	0	0
05.500,00.000	31.3	5.5	-200	0	4.5	1435.98	383.923	467.115	275.482	113.088	72.2977	58.1766	46.2195	19.6752	0	0	0	0	0	0	0	0	0	0	0	0
05.500,00.000	31.4	5.5	-200	0	4.5	1445.32	387.914	468.755	276.523	114.156	72.9016	58.4937	46.2747	20.2982	0	0	0	0	0	0	0	0	0	0	0	0
05.500,00.000	31.5	5.5	-200	0	4.5	1447.55	388.881	469.145	276.765	114.41	73.0444	58.5703	46.2854	20.4459	0	0	0	0	0	0	0	0	0	0	0	0
05.500,00.000	31.6	5.5	-200	0	4.5	1454.38	391.786	470.303	277.515	115.243	73.4968	58.8166	46.3257	20.8976	0	0	0	0	0	0	0	0	0	0	0	0
05.500,00.000	31.7	5.5	-200	0	4.5	1463.11	395.422	471.664	278.453	116.39	74.1183	59.1575	46.3809	21.5226	0	0	0	0	0	0	0	0	0	0	0	0
05.500,00.000	31.8	5.5	-200	0	4.5	1513.6	416.255	480.045	283.778	122.95	77.6868	61.1262	46.7234	24.9105	0.123296	0	0	0	0	0	0	0	0	0	0	0
05.500,00.000	31.9	5.5	-200	0	4.5	1522.41	419.738	481.689	284.645	124.065	78.3279	61.4803	46.7838	25.51	0.168331	0	0	0	0	0	0	0	0	0	0	0
05.500,00.000	32	5.5	-200	0	4.5	1522.75	419.872	481.749	284.68	124.11	78.3528	61.494	46.7874	25.5319	0.170044	0	0	0	0	0	0	0	0	0	0	0
05.500,00.000	32.1	5.5	-200	0	4.5	1547.23	429.733	486.185	287.087	127.354	79.9864	62.492	47.0353	27.0672	0.294184	0	0	0	0	0	0	0	0	0	0	0
05.500,00.000	32.2	5.5	-200	0	4.5	1558.17	434.179	488.255	288.057	128.834	80.6254	62.9532	47.1559	27.761	0.351371	0	0	0	0	0	0	0	0	0	0	0
05.500,00.000	32.3	5.5	-200	0	4.5	1562.45	435.91	489.032	288.449	129.422	80.9011	63.1323	47.2088	28.0161	0.373363	0	0	0	0	0	0	0	0	0	0	0
05.500,00.000	32.4	5.5	-200	0	4.5	1579.35	442.788	492.074	289.979	131.721	81.9879	63.8365	47.4353	28.9754	0.500982	0.0543077	0	0	0	0	0	0	0	0	0	0
05.500,00.000	32.5	5.5	-200	0	4.5	1583.4	444.414	492.82	290.32	132.282	82.2413	64.007	47.4923	29.2031	0.54136	0.0799629	0	0	0	0	0	0	0	0	0	0
05.500,00.000	32.6	5.5	-200	0	4.5	1593.35	448.429	494.477	291.276	133.66	82.8958	64.4334	47.6531	29.7421	0.641548	0.144967	0	0	0	0	0	0	0	0	0	0
05.500,00.000	32.7	5.5	-200	0	4.5	1608.33	454.443	496.68	292.736	135.809	83.9456	65.1202	47.9275	30.2306	1.1799	0.253235	0	0	0	0	0	0	0	0	0	0
05.500,00.000	32.8	5.5	-200	0	4.5	1656.04	474.137	503.897	297.346	142.387	87.1295	67.2783	48.8575	31.1569	3.26483	0.584737	0	0	0	0	0	0	0	0	0	0
05.500,00.000	32.9	5.5	-200	0	4.5	1663.41	477.277	505.036	298.013	143.424	87.4882	67.6257	49.0124	31.3018	3.59553	0.638042	0	0	0	0	0	0	0	0	0	0
05.500,00.000	33	5.5	-200	0	4.5	1703.92	494.678	510.865	301.694	149.102	89.8944	69.5136	49.927	32.0155	5.30642	0.926509	0	0	0	0	0	0	0	0	0	0
05.500,00.000	33.1	5.5	-200	0	4.5	1719.88	501.706	513.215	303.044	151.237	90.7408	70.3117	50.2998	32.2976	5.98303	1.0423	0	0	0	0	0	0	0	0	0	0
05.500,00.000	33.2	5.5	-200	0	4.5	1724.48	503.707	513.936	303.418	151.865	91.0024	70.5163	50.4123	32.3754	6.16943	1.07535	0	0	0	0	0	0	0	0	0	0
05.500,00.000	33.3	5.5	-200	0	4.5	1729.27	505.788	514.71	303.798	152.515	91.2728	70.7297	50.5337	32.4547	6.35931	1.10982	0	0	0	0	0	0	0	0	0	0
05.500,00.000	33.4	5.5	-200	0	4.5	1756.16	517.512	518.984	305.967	156.132	92.8071	71.9267	51.2395	32.889	7.39894	1.3038	0	0	0	0	0	0	0	0	0	0
05.500,00.000	33.5	5.5	-200	0	4.5	1763.11	520.561	520.097	306.493	157.062	93.2063	72.2325	51.4292	33.0034	7.67173	1.35528	0	0	0	0	0	0	0	0	0	0
05.500,00.000	33.6	5.5	-200	0	4.5	1777.78	526.677	522.31	307.715	159.119	94.1366	72.9311	51.8748	33.255	8.28398	1.4752	0	0	0	0	0	0	0	0	0	0
05.500,00.000	33.7	5.5	-200	0	4.5	1804.34	537.747	526.657	309.953	162.75	95.6844	74.171	52.6817	33.6559	9.35585	1.68347	0	0	0	0	0	0	0	0	0	0
05.500,00.000	33.8	5.5	-200	0	4.5	1814.11	541.73	528.15	310.695	164.368	96.2477	74.626	52.9802	33.7849	9.76328	1.76065	0	0	0	0	0	0	0	0	0	0
05.500,00.000	33.9	5.5	-200	0	4.5	1835.45	550.413	531.493	312.319	167.834	97.5058	75.6242	53.6453	34.0852	10.5992	1.92793	0	0	0	0	0	0	0	0	0	0
05.500,00.000	34	5.5	-200	0	4.5	1838.57	551.67	531.997	312.543	168.35	97.687	75.774	53.7456	34.1173	10.7358	1.95289	0	0	0	0	0	0	0	0	0	0
05.500,00.000	34.1	5.5	-200	0	4.5	1879.22	568.226	538.421	315.398	174.856	100.115	77.7848	55.1108	34.6939	12.33	2.28264	0	0	0	0	0	0	0	0	0	0
05.500,00.000	34.2	5.5	-200	0	4.5	1895.82	575.178	541.003	316.657	176.757	101.56	78.6277	55.6846	34.9272	12.9512	2.47321	0	0	0	0	0	0	0	0	0	0
05.500,00.000	34.3	5.5	-200	0	4.5	1900.65	577.149	541.768	317.016	177.306	102.023	78.8763	55.8561	35.006	13.0492	2.59972	0	0	0	0	0	0	0	0	0	0
05.500,00.000	34.4	5.5	-200	0	4.5	1905.64	579.163	542.568	317.374	177.867	102.518	79.1377	56.038	35.0922	13.1355	2.7428	0	0	0	0	0	0	0	0	0	0
05.500,00.000	34.5	5.5	-200	0	4.5	1910.63	581.165	543.379	317.728	178.42	103.025	79.404	56.2248	35.183	13.2106	2.89492	0	0	0	0	0	0	0	0	0	0
05.500,00.000	34.6	5.5	-200	0	4.5	1921.34	585.331	545.005	318.462	179.639	104.186	80.0245	56.661	35.4036	13.3068	3.32005	0	0	0	0	0	0	0	0	0	0
05.500,00.000	34.7	5.5	-200	0	4.5	1946.28	595.007	548.995	320.133	182.438	106.856	81.4544	57.6804	35.9295	13.5125	4.27537	0	0	0	0	0	0	0	0	0	0
05.500,00.000	34.8	5.5	-200	0	4.5	1950.46	596.655	549.653	320.416	182.854	107.307	81.7022	57.8573	36.0207	13.5491	4.4404	0	0	0	0	0	0	0	0	0	0
05.500,00.000	34.9	5.5	-200	0	4.5	2006.56	618.175	558.954	323.833	188.997	113.381	84.9173	60.3874	37.3508	13.969	6.59836	0	0	0	0	0	0	0	0	0	0
05.500,00.000	35	5.5	-200	0	4.5	2018.75	622.969	560.981	324.532	190.228	114.686	85.5791	60.9572	37.69	14.0651	7.06313	0	0	0	0	0	0	0	0	0	0
05.500,00.000	35.1	5.5	-200	0	4.5	2062.52	639.799	568.242	326.923	194.861	119.521	88.1294	63.0565	38.8906	14.3925	8.70163	0	0	0	0	0	0	0	0	0	0
05.500,00.000	35.2	5.5	-200	0	4.5	2076.42	645.335	570.666	327.644	196.241	120.866	88.9486	63.718	39.2855	14.504	9.21636	0	0	0	0	0	0	0	0	0	0
05.500,00.000	35.3	5.5	-200	0	4.5	2078.14	645.999	570.96	327.729	196.416	121.044	89.0562	63.8019	39.3338	14.5183	9.28053	0	0	0	0	0	0	0	0	0	0
05.500,00.000	35.4	5.5	-200	0	4.5	2084.22	648.325	572.004	328.014	197.031	121.695	89.45	64.1008	39.5159	14.5713	9.5108	0	0	0	0	0	0	0	0	0	0
05.500,00.000	35.5	5.5	-200	0	4.5	2092.83	651.589	573.486	328.403	197.895	122.626	90.0246	64.5309	39.7821	14.6499	9.84066	0	0	0	0	0	0	0	0	0	0
05.500,00.000	35.6	5.5	-200	0	4.5	2097.8	653.473	574.332	328.615	198.386	123.172	90.3679	64.7857	39.9412	14.6974	10.0343	0	0	0	0	0	0	0	0	0	0
05.500,00.000	35.7	5.5	-200	0	4.5	2113.52	659.259	576.871	329.257	199.923	125	91.5139	65.6599	40.4787	14.8647	10.6923	0	0	0	0	0	0	0	0	0	0
05.500,00.000	35.8	5.5	-200	0	4.5	2150.94	672.983	583.062	330.691	203.69	129.26	94.2138	67.7636	41.7794	15.2745	12.2194	0	0	0	0	0	0	0	0	0	0
05.500,00.000	35.9	5.5	-200	0	4.5	2156.8	675.134	584.058	330.91	204.293	129.874	94.6315	68.0922	42	15.342	12.4613	0	0	0	0	0	0	0	0	0	0
05.500,00.000	36	5.5	-200	0	4.5	2157.05	675.226	584.101	330.919	204.319	129.903	94.6511	68.1072	42.0093	15.3452	12.4719	0	0	0	0	0	0	0	0	0	0
05.500,00.000	36.1	5.5	-200	0	4.5	2181.47	684.16	588.189	331.744	206.765	132.655	96.6069	69.5859	42.9292	15.6794	13.1548	0	0	0	0	0	0	0	0	0	0
05.500,00.000	36.2	5.5	-200	0	4.5	2194.6	689.042	590.397	332.194	208.09	133.931	97.8649	70.4053	43.4515	15.8703	13.3583	0	0	0	0	0	0	0	0	0	0
05.500,00.000	36.3	5.5	-200	0	4.5	2198.62	690.544	591.067	332.321	208.492	134.264	98.2994	70.6627	43.6118	15.9328	13.4232	0	0	0	0	0	0	0	0	0	0
05.500,00.000	36.4	5.5	-200	0	4.5	2219.43	698.321	594.468	332.932	210.528	135.993	100.635	72.0432	44.4564	16.2808	13.7735	0	0	0	0	0	0	0	0	0	0
05.500,00.000	36.5	5.5	-200	0	4.5	2223.66	699.932	595.132	333.055	210.957	136.296	101.119	72.3245	44.6389	16.3543	13.8464	0	0	0	0	0	0	0	0	0	0
05.500,00.000	36.6	5.5	-200	0	4.5	2237.03	705.048	597.182	333.392	212.201	137.34	102.703	73.2527	45.2059	16.6098	14.091	0	0	0	0	0	0	0	0	0	0
05.500,00.000	36.7	5.5	-200	0	4.5	2249.89	709.968	598.964	333.701	213.347	138.343	104.328	74.2111	45.7932	16.8835	14.3518	0	0	0	0	0	0	0	0	0	0
05.500,00.000	36.8	5.5	-200	0	4.5	2261.89	714.476	600.632	333.967	214.459	139.3	105.832	75.1187	46.3502	17.1543	14.5985	0	0	0	0	0	0	0	0	0	0
05.500,00.000	36.9	5.5	-200	0	4.5	2263.37	715.028	600.834	333.998	214.6	139.412	106.021	75.2324	46.4236	17.1895	14.6298	0	0	0	0	0	0	0	0	0	0
05.500,00.000	37	5.5	-200	0	4.5	2263.66	715.138	600.875	334.004	214.626	139.435	106.058	75.2558	46.438	17.1971	14.636	0	0	0	0	0	0	0	0	0	0
05.500,00.000	37.1	5.5	-200	0	4.5	2271.36	718.015	601.966	334.137	215.3	140.014	107.023	75.881	46.8253	17.4045	14.7976	0	0	0	0	0	0	0	0	0	0
05.500,00.000	37.2	5.5	-200	0	4.5	2277.72	720.387	602.875	334.241	215.856	140.48	107.817	76.3908	47.1596	17.5826	14.9317	0	0	0	0	0	0	0	0	0	0
05.500,00.000	37.3	5.5	-200	0	4.5	2283.85	722.655	603.769	334.332	216.369	140.933	108.586	76.8859	47.4843	17.7625	15.0692	0	0	0	0	0	0	0	0	0	0
05.500,00.000	37.4	5.5	-200	0	4.5	2301.78	729.262	606.41	334.567	217.813	142.246	110.836	78.4088	48.4426	18.3158	15.4807	0	0	0	0	0	0	0	0	0	0
05.500,00.000	37.5	5.5	-200	0	4.5	2305.19	730.504	606.917	334.601	218.095	142.484	111.274	78.6951	48.6276	18.4242	15.5683	0	0	0	0	0	0	0	0	0	0
05.500,00.000	37.6	5.5	-200	0	4.5	2319.96	736.055	609.01	334.748	219.206	143.526	113.11	80.0238	49.4405	18.9368	15.9082	0	0	0	0	0	0	0	0	0	0
05.500,00.000	37.7	5.5	-200	0	4.5	2332.03	740.588	610.675	334.854	220.041	144.339	114.643	81.1272	50.1529	19.4193	16.196	0	0	0	0	0	0	0	0	0	0
05.500,00.000	37.8	5.5	-200	0	4.5	2339.57	743.363	611.716	334.913	220.585	144.874	115.575	81.8409	50.6027	19.726	16.3732	0	0	0	0	0	0	0	0	0	0
05.500,00.000	37.9	5.5	-200	0	4.5	2340.18	743.589	611.801	334.917	220.63	144.916	115.65	81.8942	50.6417	19.7563	16.3859	0	0	0	0	0	0	0	0	0	0
05.500,00.000	38	5.5	-200	0	4.5	2341.32	744.002	611.961	334.922	220.71	144.996	115.787	82.0016	50.7189	19.8155	16.4107	0	0	0	0	0	0	0	0	0	0
05.500,00.000	38.1	5.5	-200	0	4.5	2349.37	746.867	613.086	334.961	221.262	145.563	116.751	82.8186	51.2535	20.204	16.6001	0	0	0	0	0	0	0	0	0	0
05.500,00.000	38.2	5.5	-200	0	4.5	2353.09	748.212	613.606	334.976	221.519	145.821	117.195	83.1554	51.5138	20.3996	16.6879	0	0	0	0	0	0	0	0	0	0
05.500,00.000	38.3	5.5	-200	0	4.5	2358.08	750.027	614.309	334.993	221.85	146.172	117.712	83.6618	51.8741	20.6622	16.817	0	0	0	0	0	0	0	0	0	0
05.500,00.000	38.4	5.5	-200	0	4.5	2364.18	752.159	615.301	335.02	222.259	146.616	118.193	84.302	52.3395	21.0144	16.9738	0	0	0	0	0	0	0	0	0	0
05.500,00.000	38.5	5.5	-200	0	4.5	2365.88	752.736	615.604	335.028	222.372	146.739	118.323	84.4608	52.4757	21.1234	17.0146	0	0	0	0	0	0	0	0	0	0
05.500,00.000	38.6	5.5	-200	0	4.5	2373.72	755.402	616.904	335.084	222.857	147.291	118.925	85.2858	53.1194	21.6157	17.2315	0	0	0	0	0	0	0	0	0	0
05.500,00.000	38.7	5.5	-200	0	4.5	2390.85	761.118	619.688	335.368	223.897	148.498	120.181	87.0904	54.5671	22.7453	17.7009	0	0	0	0	0	0	0	0	0	0
05.500,00.000	38.8	5.5	-200	0	4.5	2393.48	761.992	620.098	335.428	224.061	148.684	120.381	87.325	54.8025	22.9575	17.7549	0	0	0	0	0	0	0	0	0	0
05.500,00.000	38.9	5.5	-200	0	4.5	2412.66	768.19	623.217	335.753	225.188	150.072	121.716	89.291	56.565	24.3724	18.2921	0	0	0	0	0	0	0	0	0	0
05.500,00.000	39	5.5	-200	0	4.5	2417.24	769.622	623.975	335.85	225.468	150.41	122.036	89.7208	57.0013	24.7775	18.382	0	0	0	0	0	0	0	0	0	0
05.500,00.000	39.1	5.5	-200	0	4.5	2428.53	773.29	625.814	336.05	226.089	151.19	122.754	90.827	58.1109	25.7141	18.6876	0	0	0	0	0	0	0	0	0	0
05.500,00.000	39.2	5.5	-200	0	4.5	2434.2	775.149	626.734	336.161	226.411	151.584	123.106	91.3196	58.6842	26.2313	18.8184	0	0	0	0	0	0	0	0	0	0
05.500,00.000	39.3	5.5	-200	0	4.5	2436.67	775.973	627.119	336.206	226.548	151.766	123.251	91.5314	58.9376	26.4475	18.8874	0	0	0	0	0	0	0	0	0	0
05.500,00.000	39.4	5.5	-200	0	4.5	2446.73	779.423	628.677	336.391	227.034	152.429	123.822	92.4046	60.0101	27.353	19.1899	0	0	0	0	0	0	0	0	0	0
05.500,00.000	39.5	5.5	-200	0	4.5	2448.73	780.097	628.977	336.433	227.143	152.571	123.926	92.5692	60.2232	27.5539	19.2333	0	0	0	0	0	0	0	0	0	0
05.500,00.000	39.6	5.5	-200	0	4.5	2457.63	783.195	630.271	336.598	227.518	153.107	124.394	93.3441	61.2489	28.4267	19.5317	0	0	0	0	0	0	0	0	0	0
05.500,00.000	39.7	5.5	-200	0	4.5	2466.87	786.429	631.551	336.764	227.958	153.744	124.842	94.1138	62.2995	29.3368	19.8323	0	0	0	0	0	0	0	0	0	0
05.500,00.000	39.8	5.5	-200	0	4.5	2468	786.829	631.706	336.784	228.008	153.819	124.893	94.2058	62.4293	29.4583	19.8637	0	0	0	0	0	0	0	0	0	0
05.500,00.000	39.9	5.5	-200	0	4.5	2470.37	787.653	632.035	336.823	228.116	153.987	124.996	94.3962	62.7106	29.7012	19.9527	0	0	0	0	0	0	0	0	0	0
05.500,00.000	40	5.5	-200	0	4.5	2470.87	787.829	632.104	336.831	228.138	154.022	125.016	94.4354	62.7706	29.7572	19.9686	0	0	0	0	0	0	0	0	0	0
05.500,00.000	40.1	5.5	-200	0	4.5	2477.34	790.07	633.006	336.934	228.384	154.438	125.269	94.9431	63.5809	30.4784	20.232	0	0	0	0	0	0	0	0	0	0
05.500,00.000	40.2	5.5	-200	0	4.5	2480.93	791.273	633.517	336.99	228.541	154.695	125.402	95.2166	64.0255	30.8936	20.3715	0	0	0	0	0	0	0	0	0	0
05.500,00.000	40.3	5.5	-200	0	4.5	2482.78	791.891	633.782	337.019	228.621	154.83	125.467	95.3566	64.2472	31.113	20.4519	0	0	0	0	0	0	0	0	0	0
05.500,00.000	40.4	5.5	-200	0	4.5	2488.77	793.876	634.621	337.106	228.883	155.307	125.667	95.8013	64.9746	31.806	20.7295	0	0	0	0	0	0	0	0	0	0
05.500,00.000	40.5	5.5	-200	0	4.5	2490.08	794.321	634.808	337.126	228.944	155.41	125.71	95.8984	65.1298	31.9477	20.7869	0	0	0	0	0	0	0	0	0	0
05.500,00.000	40.6	5.5	-200	0	4.5	2498.58	797.181	635.971	337.249	229.256	156.01	125.966	96.5215	66.218	32.9836	21.2265	0	0	0	0	0	0	0	0	0	0
05.500,00.000	40.7	5.5	-200	0	4.5	2506.5	799.785	637.071	337.361	229.602	156.617	126.192	97.0801	67.215	33.9397	21.6367	0	0	0	0	0	0	0	0	0	0
05.500,00.000	40.8	5.5	-200	0	4.5	2507.3	800.04	637.182	337.372	229.637	156.682	126.215	97.1366	67.3048	34.0557	21.6773	0	0	0	0	0	0	0	0	0	0
05.500,00.000	40.9	5.5	-200	0	4.5	2507.32	800.046	637.185	337.372	229.638	156.684	126.215	97.1379	67.3073	34.0583	21.6785	0	0	0	0	0	0	0	0	0	0
05.500,00.000	41	5.5	-200	0	4.5	2508.54	800.406	637.355	337.388	229.693	156.789	126.245	97.2197	67.4576	34.2349	21.7504	0	0	0	0	0	0	0	0	0	0
05.500,00.000	41.1	5.5	-200	0	4.5	2511.04	801.133	637.7	337.419	229.797	157.009	126.309	97.3889	67.7698	34.6091	21.903	0	0	0	0	0	0	0	0	0	0
05.500,00.000	41.2	5.5	-200	0	4.5	2513.02	801.696	637.975	337.442	229.892	157.19	126.357	97.5192	68.0143	34.9182	22.014	0	0	0	0	0	0	0	0	0	0
05.500,00.000	41.3	5.5	-200	0	4.5	2515.45	802.372	638.312	337.47	230.005	157.42	126.41	97.6735	68.317	35.3101	22.1571	0	0	0	0	0	0	0	0	0	0
05.500,00.000	41.4	5.5	-200	0	4.5	2520.96	803.86	639.066	337.531	230.279	157.977	126.541	98.0162	68.9899	36.2083	22.4946	0	0	0	0	0	0	0	0	0	0
05.500,00.000	41.5	5.5	-200	0	4.5	2522.04	804.146	639.213	337.543	230.334	158.084	126.567	98.0834	69.1179	36.3993	22.554	0	0	0	0	0	0	0	0	0	0
05.500,00.000	41.6	5.5	-200	0	4.5	2533.4	807.108	640.783	337.664	230.866	159.208	126.773	98.7396	70.52	38.4169	23.3261	0	0	0	0	0	0	0	0	0	0
05.500,00.000	41.7	5.5	-200	0	4.5	2535.88	807.702	641.135	337.69	230.997	159.463	126.83	98.8845	70.8134	38.8836	23.4766	0	0	0	0	0	0	0	0	0	0
05.500,00.000	41.8	5.5	-200	0	4.5	2537.47	808.083	641.357	337.705	231.08	159.637	126.861	98.9684	71.0008	39.1819	23.5917	0	0	0	0	0	0	0	0	0	0
05.500,00.000	41.9	5.5	-200	0	4.5	2539.42	808.531	641.628	337.723	231.191	159.864	126.909	99.0696	71.2233	39.5524	23.7344	0	0	0	0	0	0	0	0	0	0
05.500,00.000	42	5.5	-200	0	4.5	2539.77	808.606	641.676	337.726	231.21	159.904	126.917	99.0867	71.2612	39.6198	23.7585	0	0	0	0	0	0	0	0	0	0