
label	time(d)	x	depth	z	radius	total	0-10	10-20	20-30	30-40	40-50	50-60	60-70	70-80	80-90	90-100	100-110	110-120	120-130	130-140	140-150	150-160	160-170	170-180	180-190	190-200
00.000,00.000	0	0	-200	0	4.5	0	0	0	0	0	0	0	0	0	0	0	0	0	0	0	0	0	0	0	0	0
00.000,00.000	0.1	0	-200	0	4.5	0.37949	0.37949	0	0	0	0	0	0	0	0	0	0	0	0	0	0	0	0	0	0	0
00.000,00.000	0.2	0	-200	0	4.5	0.761528	0.761528	0	0	0	0	0	0	0	0	0	0	0	0	0	0	0	0	0	0	0
00.000,00.000	0.3	0	-200	0	4.5	1.14629	1.14629	0	0	0	0	0	0	0	0	0	0	0	0	0	0	0	0	0	0	0
00.000,00.000	0.4	0	-200	0	4.5	1.5338	1.5338	0	0	0	0	0	0	0	0	0	0	0	0	0	0	0	0	0	0	0
00.000,00.000	0.5	0	-200	0	4.5	1.92344	1.92344	0	0	0	0	0	0	0	0	0	0	0	0	0	0	0	0	0	0	0
00.000,00.000	0.6	0	-200	0	4.5	2.31489	2.31489	0	0	0	0	0	0	0	0	0	0	0	0	0	0	0	0	0	0	0
00.000,00.000	0.7	0	-200	0	4.5	2.70846	2.70846	0	0	0	0	0	0	0	0	0	0	0	0	0	0	0	0	0	0	0
00.000,00.000	0.8	0	-200	0	4.5	3.10417	3.10417	0	0	0	0	0	0	0	0	0	0	0	0	0	0	0	0	0	0	0
00.000,00.000	0.9	0	-200	0	4.5	3.50212	3.50212	0	0	0	0	0	0	0	0	0	0	0	0	0	0	0	0	0	0	0
00.000,00.000	1	0	-200	0	4.5	3.90301	3.90301	0	0	0	0	0	0	0	0	0	0	0	0	0	0	0	0	0	0	0
00.000,00.000	1.1	0	-200	0	4.5	4.31505	4.31505	0	0	0	0	0	0	0	0	0	0	0	0	0	0	0	0	0	0	0
00.000,00.000	1.2	0	-200	0	4.5	4.73924	4.73924	0	0	0	0	0	0	0	0	0	0	0	0	0	0	0	0	0	0	0
00.000,00.000	1.3	0	-200	0	4.5	5.17526	5.17526	0	0	0	0	0	0	0	0	0	0	0	0	0	0	0	0	0	0	0
00.000,00.000	1.4	0	-200	0	4.5	5.62311	5.62311	0	0	0	0	0	0	0	0	0	0	0	0	0	0	0	0	0	0	0
00.000,00.000	1.5	0	-200	0	4.5	6.08111	6.08111	0	0	0	0	0	0	0	0	0	0	0	0	0	0	0	0	0	0	0
00.000,00.000	1.6	0	-200	0	4.5	6.54744	6.54744	0	0	0	0	0	0	0	0	0	0	0	0	0	0	0	0	0	0	0
00.000,00.000	1.7	0	-200	0	4.5	7.02537	7.02537	0	0	0	0	0	0	0	0	0	0	0	0	0	0	0	0	0	0	0
00.000,00.000	1.8	0	-200	0	4.5	7.51796	7.45133	0.0666331	0	0	0	0	0	0	0	0	0	0	0	0	0	0	0	0	0	0
00.000,00.000	1.9	0	-200	0	4.5	8.02465	7.6852	0.339453	0	0	0	0	0	0	0	0	0	0	0	0	0	0	0	0	0	0
00.000,00.000	2	0	-200	0	4.5	8.54587	7.93469	0.611183	0	0	0	0	0	0	0	0	0	0	0	0	0	0	0	0	0	0
00.000,00.000	2.1	0	-200	0	4.5	9.13597	8.25316	0.882809	0	0	0	0	0	0	0	0	0	0	0	0	0	0	0	0	0	0
00.000,00.000	2.2	0	-200	0	4.5	9.84766	8.69364	1.15402	0	0	0	0	0	0	0	0	0	0	0	0	0	0	0	0	0	0
00.000,00.000	2.3	0	-200	0	4.5	10.6814	9.256	1.4254	0	0	0	0	0	0	0	0	0	0	0	0	0	0	0	0	0	0
00.000,00.000	2.4	0	-200	0	4.5	11.6365	9.9412	1.69534	0	0	0	0	0	0	0	0	0	0	0	0	0	0	0	0	0	0
00.000,00.000	2.5	0	-200	0	4.5	12.7116	10.7468	1.96481	0	0	0	0	0	0	0	0	0	0	0	0	0	0	0	0	0	0
00.000,00.000	2.6	0	-200	0	4.5	13.9054	11.6716	2.23384	0	0	0	0	0	0	0	0	0	0	0	0	0	0	0	0	0	0
00.000,00.000	2.7	0	-200	0	4.5	15.2248	12.7224	2.50236	0	0	0	0	0	0	0	0	0	0	0	0	0	0	0	0	0	0
00.000,00.000	2.8	0	-200	0	4.5	16.6546	13.8846	2.77003	0	0	0	0	0	0	0	0	0	0	0	0	0	0	0	0	0	0
00.000,00.000	2.9	0	-200	0	4.5	18.2172	15.1797	3.03749	0	0	0	0	0	0	0	0	0	0	0	0	0	0	0	0	0	0
00.000,00.000	3	0	-200	0	4.5	19.907	16.602	3.30502	0	0	0	0	0	0	0	0	0	0	0	0	0	0	0	0	0	0
00.000,00.000	3.1	0	-200	0	4.5	21.6567	18.0852	3.57153	0	0	0	0	0	0	0	0	0	0	0	0	0	0	0	0	0	0
00.000,00.000	3.2	0	-200	0	4.5	23.4029	19.5658	3.83712	0	0	0	0	0	0	0	0	0	0	0	0	0	0	0	0	0	0
00.000,00.000	3.3	0	-200	0	4.5	25.1486	21.046	4.10261	0	0	0	0	0	0	0	0	0	0	0	0	0	0	0	0	0	0
00.000,00.000	3.4	0	-200	0	4.5	26.8954	22.5274	4.36794	0	0	0	0	0	0	0	0	0	0	0	0	0	0	0	0	0	0
00.000,00.000	3.5	0	-200	0	4.5	28.6329	24.0007	4.63225	0	0	0	0	0	0	0	0	0	0	0	0	0	0	0	0	0	0
00.000,00.000	3.6	0	-200	0	4.5	30.3534	25.4579	4.89548	0	0	0	0	0	0	0	0	0	0	0	0	0	0	0	0	0	0
00.000,00.000	3.7	0	-200	0	4.5	32.0666	26.9082	5.15848	0	0	0	0	0	0	0	0	0	0	0	0	0	0	0	0	0	0
00.000,00.000	3.8	0	-200	0	4.5	33.7742	28.353	5.42121	0	0	0	0	0	0	0	0	0	0	0	0	0	0	0	0	0	0
00.000,00.000	3.9	0	-200	0	4.5	35.4807	29.7973	5.68341	0	0	0	0	0	0	0	0	0	0	0	0	0	0	0	0	0	0
00.000,00.000	4	0	-200	0	4.5	37.1862	31.2412	5.94504	0	0	0	0	0	0	0	0	0	0	0	0	0	0	0	0	0	0
00.000,00.000	4.1	0	-200	0	4.5	38.8861	32.6798	6.20634	0	0	0	0	0	0	0	0	0	0	0	0	0	0	0	0	0	0
00.000,00.000	4.2	0	-200	0	4.5	40.5804	34.1131	6.46723	0	0	0	0	0	0	0	0	0	0	0	0	0	0	0	0	0	0
00.000,00.000	4.3	0	-200	0	4.5	42.2704	35.5431	6.72729	0	0	0	0	0	0	0	0	0	0	0	0	0	0	0	0	0	0
00.000,00.000	4.4	0	-200	0	4.5	43.955	36.9684	6.98659	0	0	0	0	0	0	0	0	0	0	0	0	0	0	0	0	0	0
00.000,00.000	4.5	0	-200	0	4.5	45.6143	38.3688	7.24548	0	0	0	0	0	0	0	0	0	0	0	0	0	0	0	0	0	0
00.000,00.000	4.6	0	-200	0	4.5	46.9936	39.4898	7.50376	0	0	0	0	0	0	0	0	0	0	0	0	0	0	0	0	0	0
00.000,00.000	4.7	0	-200	0	4.5	48.3582	40.5969	7.76132	0	0	0	0	0	0	0	0	0	0	0	0	0	0	0	0	0	0
00.000,00.000	4.8	0	-200	0	4.5	49.7165	41.2303	8.48617	0	0	0	0	0	0	0	0	0	0	0	0	0	0	0	0	0	0
00.000,00.000	4.9	0	-200	0	4.5	50.8731	41.3645	9.5086	0	0	0	0	0	0	0	0	0	0	0	0	0	0	0	0	0	0
00.000,00.000	5	0	-200	0	4.5	51.9557	41.3814	10.5743	0	0	0	0	0	0	0	0	0	0	0	0	0	0	0	0	0	0
00.000,00.000	5.1	0	-200	0	4.5	53.0375	41.3981	11.6394	0	0	0	0	0	0	0	0	0	0	0	0	0	0	0	0	0	0
00.000,00.000	5.2	0	-200	0	4.5	53.9317	41.4182	12.5135	0	0	0	0	0	0	0	0	0	0	0	0	0	0	0	0	0	0
00.000,00.000	5.3	0	-200	0	4.5	54.6048	41.4411	13.1637	0	0	0	0	0	0	0	0	0	0	0	0	0	0	0	0	0	0
00.000,00.000	5.4	0	-200	0	4.5	54.9658	41.467	13.4987	0	0	0	0	0	0	0	0	0	0	0	0	0	0	0	0	0	0
00.000,00.000	5.5	0	-200	0	4.5	55.2493	41.4945	13.7548	0	0	0	0	0	0	0	0	0	0	0	0	0	0	0	0	0	0
00.000,00.000	5.6	0	-200	0	4.5	55.5334	41.5262	14.0072	0	0	0	0	0	0	0	0	0	0	0	0	0	0	0	0	0	0
00.000,00.000	5.7	0	-200	0	4.5	55.8191	41.5602	14.2589	0	0	0	0	0	0	0	0	0	0	0	0	0	0	0	0	0	0
00.000,00.000	5.8	0	-200	0	4.5	56.1079	41.5977	14.3972	0.112993	0	0	0	0	0	0	0	0	0	0	0	0	0	0	0	0	0
00.000,00.000	5.9	0	-200	0	4.5	56.3999	41.6389	14.3972	0.363795	0	0	0	0	0	0	0	0	0	0	0	0	0	0	0	0	0
00.000,00.000	6	0	-200	0	4.5	56.6946	41.6836	14.3972	0.613796	0	0	0	0	0	0	0	0	0	0	0	0	0	0	0	0	0
00.000,00.000	6.1	0	-200	0	4.5	56.9917	41.7313	14.3972	0.863234	0	0	0	0	0	0	0	0	0	0	0	0	0	0	0	0	0
00.000,00.000	6.2	0	-200	0	4.5	57.2923	41.7824	14.3974	1.11246	0	0	0	0	0	0	0	0	0	0	0	0	0	0	0	0	0
00.000,00.000	6.3	0	-200	0	4.5	57.5971	41.838	14.3983	1.36089	0	0	0	0	0	0	0	0	0	0	0	0	0	0	0	0	0
00.000,00.000	6.4	0	-200	0	4.5	57.9062	41.8979	14.3999	1.60844	0	0	0	0	0	0	0	0	0	0	0	0	0	0	0	0	0
00.000,00.000	6.5	0	-200	0	4.5	58.2179	41.96	14.403	1.85489	0	0	0	0	0	0	0	0	0	0	0	0	0	0	0	0	0
00.000,00.000	6.6	0	-200	0	4.5	58.54	42.0309	14.4077	2.10136	0	0	0	0	0	0	0	0	0	0	0	0	0	0	0	0	0
00.000,00.000	6.7	0	-200	0	4.5	58.8744	42.113	14.4143	2.34707	0	0	0	0	0	0	0	0	0	0	0	0	0	0	0	0	0
00.000,00.000	6.8	0	-200	0	4.5	59.2221	42.2076	14.4227	2.59183	0	0	0	0	0	0	0	0	0	0	0	0	0	0	0	0	0
00.000,00.000	6.9	0	-200	0	4.5	59.5889	42.3194	14.433	2.83646	0	0	0	0	0	0	0	0	0	0	0	0	0	0	0	0	0
00.000,00.000	7	0	-200	0	4.5	59.9806	42.454	14.4459	3.08078	0	0	0	0	0	0	0	0	0	0	0	0	0	0	0	0	0
00.000,00.000	7.1	0	-200	0	4.5	60.3986	42.6135	14.4607	3.32437	0	0	0	0	0	0	0	0	0	0	0	0	0	0	0	0	0
00.000,00.000	7.2	0	-200	0	4.5	60.8501	42.8047	14.4783	3.56711	0	0	0	0	0	0	0	0	0	0	0	0	0	0	0	0	0
00.000,00.000	7.3	0	-200	0	4.5	61.3387	43.0301	14.4993	3.80927	0	0	0	0	0	0	0	0	0	0	0	0	0	0	0	0	0
00.000,00.000	7.4	0	-200	0	4.5	61.8665	43.2917	14.5237	4.05105	0	0	0	0	0	0	0	0	0	0	0	0	0	0	0	0	0
00.000,00.000	7.5	0	-200	0	4.5	62.4279	43.5833	14.5528	4.29177	0	0	0	0	0	0	0	0	0	0	0	0	0	0	0	0	0
00.000,00.000	7.6	0	-200	0	4.5	63.0312	43.9129	14.5863	4.53195	0	0	0	0	0	0	0	0	0	0	0	0	0	0	0	0	0
00.000,00.000	7.7	0	-200	0	4.5	63.677	44.2809	14.6246	4.77157	0	0	0	0	0	0	0	0	0	0	0	0	0	0	0	0	0
00.000,00.000	7.8	0	-200	0	4.5	64.1545	44.6899	14.6681	4.79651	0	0	0	0	0	0	0	0	0	0	0	0	0	0	0	0	0
00.000,00.000	7.9	0	-200	0	4.5	64.6607	45.1483	14.7168	4.79558	0	0	0	0	0	0	0	0	0	0	0	0	0	0	0	0	0
00.000,00.000	8	0	-200	0	4.5	65.2201	45.6531	14.7714	4.79558	0	0	0	0	0	0	0	0	0	0	0	0	0	0	0	0	0
00.000,00.000	8.1	0	-200	0	4.5	65.8342	46.2074	14.8312	4.79558	0	0	0	0	0	0	0	0	0	0	0	0	0	0	0	0	0
00.000,00.000	8.2	0	-200	0	4.5	66.5054	46.8129	14.8969	4.79558	0	0	0	0	0	0	0	0	0	0	0	0	0	0	0	0	0
00.000,00.000	8.3	0	-200	0	4.5	67.2338	47.4703	14.9679	4.79558	0	0	0	0	0	0	0	0	0	0	0	0	0	0	0	0	0
00.000,00.000	8.4	0	-200	0	4.5	68.0187	48.1785	15.0446	4.79558	0	0	0	0	0	0	0	0	0	0	0	0	0	0	0	0	0
00.000,00.000	8.5	0	-200	0	4.5	68.8372	48.9157	15.1259	4.79558	0	0	0	0	0	0	0	0	0	0	0	0	0	0	0	0	0
00.000,00.000	8.6	0	-200	0	4.5	69.7129	49.7047	15.2127	4.79558	0	0	0	0	0	0	0	0	0	0	0	0	0	0	0	0	0
00.000,00.000	8.7	0	-200	0	4.5	70.6382	50.5378	15.3047	4.79558	0	0	0	0	0	0	0	0	0	0	0	0	0	0	0	0	0
00.000,00.000	8.8	0	-200	0	4.5	71.6174	51.4188	15.403	4.79558	0	0	0	0	0	0	0	0	0	0	0	0	0	0	0	0	0
00.000,00.000	8.9	0	-200	0	4.5	72.6664	52.3629	15.5079	4.79558	0	0	0	0	0	0	0	0	0	0	0	0	0	0	0	0	0
00.000,00.000	9	0	-200	0	4.5	73.7766	53.3595	15.6215	4.79558	0	0	0	0	0	0	0	0	0	0	0	0	0	0	0	0	0
00.000,00.000	9.1	0	-200	0	4.5	74.9632	54.4234	15.7443	4.79558	0	0	0	0	0	0	0	0	0	0	0	0	0	0	0	0	0
00.000,00.000	9.2	0	-200	0	4.5	76.2352	55.5624	15.8772	4.79558	0	0	0	0	0	0	0	0	0	0	0	0	0	0	0	0	0
00.000,00.000	9.3	0	-200	0	4.5	77.5952	56.7778	16.0218	4.79558	0	0	0	0	0	0	0	0	0	0	0	0	0	0	0	0	0
00.000,00.000	9.4	0	-200	0	4.5	79.0443	58.0687	16.1801	4.79558	0	0	0	0	0	0	0	0	0	0	0	0	0	0	0	0	0
00.000,00.000	9.5	0	-200	0	4.5	80.5369	59.3912	16.3501	4.79558	0	0	0	0	0	0	0	0	0	0	0	0	0	0	0	0	0
00.000,00.000	9.6	0	-200	0	4.5	82.1179	60.7847	16.5377	4.79558	0	0	0	0	0	0	0	0	0	0	0	0	0	0	0	0	0
00.000,00.000	9.7	0	-200	0	4.5	83.7745	62.239	16.7399	4.79558	0	0	0	0	0	0	0	0	0	0	0	0	0	0	0	0	0
00.000,00.000	9.8	0	-200	0	4.5	85.5162	63.7629	16.9578	4.79558	0	0	0	0	0	0	0	0	0	0	0	0	0	0	0	0	0
00.000,00.000	9.9	0	-200	0	4.5	87.3699	65.3822	17.1921	4.79558	0	0	0	0	0	0	0	0	0	0	0	0	0	0	0	0	0
00.000,00.000	10	0	-200	0	4.5	89.3114	67.0739	17.442	4.79558	0	0	0	0	0	0	0	0	0	0	0	0	0	0	0	0	0
00.000,00.000	10.1	0	-200	0	4.5	91.3529	68.8507	17.7067	4.79558	0	0	0	0	0	0	0	0	0	0	0	0	0	0	0	0	0
00.000,00.000	10.2	0	-200	0	4.5	93.5043	70.7226	17.9862	4.79558	0	0	0	0	0	0	0	0	0	0	0	0	0	0	0	0	0
00.000,00.000	10.3	0	-200	0	4.5	95.7669	72.691	18.2803	4.79558	0	0	0	0	0	0	0	0	0	0	0	0	0	0	0	0	0
00.000,00.000	10.4	0	-200	0	4.5	98.1394	74.7552	18.5886	4.79558	0	0	0	0	0	0	0	0	0	0	0	0	0	0	0	0	0
00.000,00.000	10.5	0	-200	0	4.5	100.549	76.8463	18.9066	4.79566	0	0	0	0	0	0	0	0	0	0	0	0	0	0	0	0	0
00.000,00.000	10.6	0	-200	0	4.5	103.06	79.0251	19.2381	4.79689	0	0	0	0	0	0	0	0	0	0	0	0	0	0	0	0	0
00.000,00.000	10.7	0	-200	0	4.5	105.658	81.2781	19.5818	4.79835	0	0	0	0	0	0	0	0	0	0	0	0	0	0	0	0	0
00.000,00.000	10.8	0	-200	0	4.5	108.358	83.619	19.9382	4.80054	0	0	0	0	0	0	0	0	0	0	0	0	0	0	0	0	0
00.000,00.000	10.9	0	-200	0	4.5	111.194	86.08	20.3089	4.80468	0	0	0	0	0	0	0	0	0	0	0	0	0	0	0	0	0
00.000,00.000	11	0	-200	0	4.5	114.14	88.6378	20.6921	4.80973	0	0	0	0	0	0	0	0	0	0	0	0	0	0	0	0	0
00.000,00.000	11.1	0	-200	0	4.5	117.206	91.3017	21.0881	4.81638	0	0	0	0	0	0	0	0	0	0	0	0	0	0	0	0	0
00.000,00.000	11.2	0	-200	0	4.5	120.422	94.0995	21.4973	4.82557	0	0	0	0	0	0	0	0	0	0	0	0	0	0	0	0	0
00.000,00.000	11.3	0	-200	0	4.5	123.804	97.0472	21.9201	4.83698	0	0	0	0	0	0	0	0	0	0	0	0	0	0	0	0	0
00.000,00.000	11.4	0	-200	0	4.5	127.338	100.13	22.3574	4.85069	0	0	0	0	0	0	0	0	0	0	0	0	0	0	0	0	0
00.000,00.000	11.5	0	-200	0	4.5	130.92	103.248	22.8045	4.8672	0	0	0	0	0	0	0	0	0	0	0	0	0	0	0	0	0
00.000,00.000	11.6	0	-200	0	4.5	134.616	106.464	23.2666	4.88592	0	0	0	0	0	0	0	0	0	0	0	0	0	0	0	0	0
00.000,00.000	11.7	0	-200	0	4.5	138.406	109.757	23.742	4.90696	0	0	0	0	0	0	0	0	0	0	0	0	0	0	0	0	0
00.000,00.000	11.8	0	-200	0	4.5	142.309	113.147	24.2311	4.93044	0	0	0	0	0	0	0	0	0	0	0	0	0	0	0	0	0
00.000,00.000	11.9	0	-200	0	4.5	146.326	116.623	24.7466	4.95658	0	0	0	0	0	0	0	0	0	0	0	0	0	0	0	0	0
00.000,00.000	12	0	-200	0	4.5	150.499	120.236	25.2775	4.98504	0	0	0	0	0	0	0	0	0	0	0	0	0	0	0	0	0
00.000,00.000	12.1	0	-200	0	4.5	154.832	123.981	25.8352	5.01586	0	0	0	0	0	0	0	0	0	0	0	0	0	0	0	0	0
00.000,00.000	12.2	0	-200	0	4.5	159.257	127.796	26.4115	5.04923	0	0	0	0	0	0	0	0	0	0	0	0	0	0	0	0	0
00.000,00.000	12.3	0	-200	0	4.5	163.766	131.675	27.0053	5.08492	0	0	0	0	0	0	0	0	0	0	0	0	0	0	0	0	0
00.000,00.000	12.4	0	-200	0	4.5	168.354	135.576	27.6552	5.12293	0	0	0	0	0	0	0	0	0	0	0	0	0	0	0	0	0
00.000,00.000	12.5	0	-200	0	4.5	172.978	139.282	28.5323	5.16342	0	0	0	0	0	0	0	0	0	0	0	0	0	0	0	0	0
00.000,00.000	12.6	0	-200	0	4.5	178.249	143.349	29.6869	5.21334	0	0	0	0	0	0	0	0	0	0	0	0	0	0	0	0	0
00.000,00.000	12.7	0	-200	0	4.5	183.012	146.928	30.8236	5.26115	0	0	0	0	0	0	0	0	0	0	0	0	0	0	0	0	0
00.000,00.000	12.8	0	-200	0	4.5	187.169	149.855	32.0093	5.30513	0	0	0	0	0	0	0	0	0	0	0	0	0	0	0	0	0
00.000,00.000	12.9	0	-200	0	4.5	192.185	153.224	33.6005	5.36048	0	0	0	0	0	0	0	0	0	0	0	0	0	0	0	0	0
00.000,00.000	13	0	-200	0	4.5	197.24	156.529	35.2929	5.41814	0	0	0	0	0	0	0	0	0	0	0	0	0	0	0	0	0
00.000,00.000	13.1	0	-200	0	4.5	202.26	159.825	36.9568	5.47736	0	0	0	0	0	0	0	0	0	0	0	0	0	0	0	0	0
00.000,00.000	13.2	0	-200	0	4.5	207.367	163.188	38.6389	5.53923	0	0	0	0	0	0	0	0	0	0	0	0	0	0	0	0	0
00.000,00.000	13.3	0	-200	0	4.5	212.562	166.63	40.3284	5.60388	0	0	0	0	0	0	0	0	0	0	0	0	0	0	0	0	0
00.000,00.000	13.4	0	-200	0	4.5	217.824	170.148	42.005	5.67136	0	0	0	0	0	0	0	0	0	0	0	0	0	0	0	0	0
00.000,00.000	13.5	0	-200	0	4.5	223.373	173.853	43.7759	5.74456	0	0	0	0	0	0	0	0	0	0	0	0	0	0	0	0	0
00.000,00.000	13.6	0	-200	0	4.5	229.833	178.165	45.8355	5.8324	0	0	0	0	0	0	0	0	0	0	0	0	0	0	0	0	0
00.000,00.000	13.7	0	-200	0	4.5	235.197	181.744	47.5458	5.90747	0	0	0	0	0	0	0	0	0	0	0	0	0	0	0	0	0
00.000,00.000	13.8	0	-200	0	4.5	239.587	184.663	48.9527	5.97104	0	0	0	0	0	0	0	0	0	0	0	0	0	0	0	0	0
00.000,00.000	13.9	0	-200	0	4.5	244.819	188.139	50.6309	6.04909	0	0	0	0	0	0	0	0	0	0	0	0	0	0	0	0	0
00.000,00.000	14	0	-200	0	4.5	250.607	191.985	52.4843	6.1375	0	0	0	0	0	0	0	0	0	0	0	0	0	0	0	0	0
00.000,00.000	14.1	0	-200	0	4.5	256.171	195.685	54.2621	6.22451	0	0	0	0	0	0	0	0	0	0	0	0	0	0	0	0	0
00.000,00.000	14.2	0	-200	0	4.5	261.669	199.336	56.02	6.31287	0	0	0	0	0	0	0	0	0	0	0	0	0	0	0	0	0
00.000,00.000	14.3	0	-200	0	4.5	267.168	202.985	57.7788	6.40418	0	0	0	0	0	0	0	0	0	0	0	0	0	0	0	0	0
00.000,00.000	14.4	0	-200	0	4.5	272.643	206.587	59.5577	6.49836	0	0	0	0	0	0	0	0	0	0	0	0	0	0	0	0	0
00.000,00.000	14.5	0	-200	0	4.5	279.657	211.129	61.9034	6.62458	0	0	0	0	0	0	0	0	0	0	0	0	0	0	0	0	0
00.000,00.000	14.6	0	-200	0	4.5	286.201	215.338	64.1163	6.74725	0	0	0	0	0	0	0	0	0	0	0	0	0	0	0	0	0
00.000,00.000	14.7	0	-200	0	4.5	291.811	218.921	66.0332	6.85685	0	0	0	0	0	0	0	0	0	0	0	0	0	0	0	0	0
00.000,00.000	14.8	0	-200	0	4.5	297.125	222.289	67.8686	6.96758	0	0	0	0	0	0	0	0	0	0	0	0	0	0	0	0	0
00.000,00.000	14.9	0	-200	0	4.5	300.471	224.363	69.0648	7.04273	0	0	0	0	0	0	0	0	0	0	0	0	0	0	0	0	0
00.000,00.000	15	0	-200	0	4.5	306.485	228.077	71.2264	7.18171	0	0	0	0	0	0	0	0	0	0	0	0	0	0	0	0	0
00.000,00.000	15.1	0	-200	0	4.5	311.937	231.414	73.2102	7.31283	0	0	0	0	0	0	0	0	0	0	0	0	0	0	0	0	0
00.000,00.000	15.2	0	-200	0	4.5	316.885	234.388	75.0599	7.43686	0	0	0	0	0	0	0	0	0	0	0	0	0	0	0	0	0
00.000,00.000	15.3	0	-200	0	4.5	321.772	237.255	76.9526	7.56444	0	0	0	0	0	0	0	0	0	0	0	0	0	0	0	0	0
00.000,00.000	15.4	0	-200	0	4.5	326.63	240.044	78.8912	7.69541	0	0	0	0	0	0	0	0	0	0	0	0	0	0	0	0	0
00.000,00.000	15.5	0	-200	0	4.5	336.26	245.448	82.5796	8.23239	0	0	0	0	0	0	0	0	0	0	0	0	0	0	0	0	0
00.000,00.000	15.6	0	-200	0	4.5	338.129	246.481	83.2392	8.4087	0	0	0	0	0	0	0	0	0	0	0	0	0	0	0	0	0
00.000,00.000	15.7	0	-200	0	4.5	342.54	248.88	84.8246	8.83461	0	0	0	0	0	0	0	0	0	0	0	0	0	0	0	0	0
00.000,00.000	15.8	0	-200	0	4.5	343.538	249.429	85.1734	8.93599	0	0	0	0	0	0	0	0	0	0	0	0	0	0	0	0	0
00.000,00.000	15.9	0	-200	0	4.5	345.127	250.284	85.7468	9.09671	0	0	0	0	0	0	0	0	0	0	0	0	0	0	0	0	0
00.000,00.000	16	0	-200	0	4.5	351.176	253.518	87.939	9.71833	0	0	0	0	0	0	0	0	0	0	0	0	0	0	0	0	0
00.000,00.000	16.1	0	-200	0	4.5	356.043	256.066	89.7426	10.2345	0	0	0	0	0	0	0	0	0	0	0	0	0	0	0	0	0
00.000,00.000	16.2	0	-200	0	4.5	360.336	258.278	91.3694	10.6883	0	0	0	0	0	0	0	0	0	0	0	0	0	0	0	0	0
00.000,00.000	16.3	0	-200	0	4.5	364.619	260.47	92.8286	11.3204	0	0	0	0	0	0	0	0	0	0	0	0	0	0	0	0	0
00.000,00.000	16.4	0	-200	0	4.5	368.85	262.611	94.1982	12.0411	0	0	0	0	0	0	0	0	0	0	0	0	0	0	0	0	0
00.000,00.000	16.5	0	-200	0	4.5	380.647	268.469	98.1125	14.0658	0	0	0	0	0	0	0	0	0	0	0	0	0	0	0	0	0
00.000,00.000	16.6	0	-200	0	4.5	382.987	269.605	98.8408	14.5415	0	0	0	0	0	0	0	0	0	0	0	0	0	0	0	0	0
00.000,00.000	16.7	0	-200	0	4.5	399.162	277.202	103.517	18.443	0	0	0	0	0	0	0	0	0	0	0	0	0	0	0	0	0
00.000,00.000	16.8	0	-200	0	4.5	402.975	279.007	104.593	19.3748	0	0	0	0	0	0	0	0	0	0	0	0	0	0	0	0	0
00.000,00.000	16.9	0	-200	0	4.5	413.097	283.698	107.466	21.9331	0	0	0	0	0	0	0	0	0	0	0	0	0	0	0	0	0
00.000,00.000	17	0	-200	0	4.5	419.269	286.674	109.161	23.435	0	0	0	0	0	0	0	0	0	0	0	0	0	0	0	0	0
00.000,00.000	17.1	0	-200	0	4.5	423.282	288.563	110.322	24.397	0	0	0	0	0	0	0	0	0	0	0	0	0	0	0	0	0
00.000,00.000	17.2	0	-200	0	4.5	427.272	290.453	111.46	25.3584	0	0	0	0	0	0	0	0	0	0	0	0	0	0	0	0	0
00.000,00.000	17.3	0	-200	0	4.5	431.2	292.334	112.549	26.3169	0	0	0	0	0	0	0	0	0	0	0	0	0	0	0	0	0
00.000,00.000	17.4	0	-200	0	4.5	435.125	294.215	113.631	27.2787	0	0	0	0	0	0	0	0	0	0	0	0	0	0	0	0	0
00.000,00.000	17.5	0	-200	0	4.5	448.248	300.384	117.312	30.5518	0	0	0	0	0	0	0	0	0	0	0	0	0	0	0	0	0
00.000,00.000	17.6	0	-200	0	4.5	450.88	301.58	118.081	31.2194	0	0	0	0	0	0	0	0	0	0	0	0	0	0	0	0	0
00.000,00.000	17.7	0	-200	0	4.5	464.104	307.112	122.196	34.7967	0	0	0	0	0	0	0	0	0	0	0	0	0	0	0	0	0
00.000,00.000	17.8	0	-200	0	4.5	467.232	308.515	123.169	35.4832	0.0646835	0	0	0	0	0	0	0	0	0	0	0	0	0	0	0	0
00.000,00.000	17.9	0	-200	0	4.5	476.004	312.027	126.013	37.3567	0.607981	0	0	0	0	0	0	0	0	0	0	0	0	0	0	0	0
00.000,00.000	18	0	-200	0	4.5	482.832	315.292	127.951	38.5233	1.06566	0	0	0	0	0	0	0	0	0	0	0	0	0	0	0	0
00.000,00.000	18.1	0	-200	0	4.5	488.009	317.909	129.348	39.3596	1.39233	0	0	0	0	0	0	0	0	0	0	0	0	0	0	0	0
00.000,00.000	18.2	0	-200	0	4.5	492.643	320.133	130.661	40.15	1.69977	0	0	0	0	0	0	0	0	0	0	0	0	0	0	0	0
00.000,00.000	18.3	0	-200	0	4.5	496.475	321.989	131.74	40.7965	1.94999	0	0	0	0	0	0	0	0	0	0	0	0	0	0	0	0
00.000,00.000	18.4	0	-200	0	4.5	500.452	323.943	132.845	41.4588	2.20539	0	0	0	0	0	0	0	0	0	0	0	0	0	0	0	0
00.000,00.000	18.5	0	-200	0	4.5	521.639	334.195	138.862	44.6219	3.96026	0	0	0	0	0	0	0	0	0	0	0	0	0	0	0	0
00.000,00.000	18.6	0	-200	0	4.5	526.003	336.291	140.129	45.1109	4.47198	0	0	0	0	0	0	0	0	0	0	0	0	0	0	0	0
00.000,00.000	18.7	0	-200	0	4.5	567.677	351.821	154.336	49.816	11.7048	0	0	0	0	0	0	0	0	0	0	0	0	0	0	0	0
00.000,00.000	18.8	0	-200	0	4.5	579.084	355.55	159.124	50.658	13.7523	0	0	0	0	0	0	0	0	0	0	0	0	0	0	0	0
00.000,00.000	18.9	0	-200	0	4.5	601.128	362.352	169.969	52.0363	16.7707	0	0	0	0	0	0	0	0	0	0	0	0	0	0	0	0
00.000,00.000	19	0	-200	0	4.5	611.804	365.053	175.475	52.8475	18.1669	0.261549	0	0	0	0	0	0	0	0	0	0	0	0	0	0	0
00.000,00.000	19.1	0	-200	0	4.5	616.225	366.17	177.768	53.1985	18.6153	0.472324	0	0	0	0	0	0	0	0	0	0	0	0	0	0	0
00.000,00.000	19.2	0	-200	0	4.5	620.644	367.307	180.039	53.5668	19.028	0.704223	0	0	0	0	0	0	0	0	0	0	0	0	0	0	0
00.000,00.000	19.3	0	-200	0	4.5	625.269	368.517	182.389	53.9702	19.4509	0.941786	0	0	0	0	0	0	0	0	0	0	0	0	0	0	0
00.000,00.000	19.4	0	-200	0	4.5	629.951	369.76	184.745	54.3975	19.8712	1.17772	0	0	0	0	0	0	0	0	0	0	0	0	0	0	0
00.000,00.000	19.5	0	-200	0	4.5	634.859	371.047	187.206	54.8697	20.3109	1.4245	0	0	0	0	0	0	0	0	0	0	0	0	0	0	0
00.000,00.000	19.6	0	-200	0	4.5	639.363	372.202	189.46	55.3288	20.7183	1.65325	0	0	0	0	0	0	0	0	0	0	0	0	0	0	0
00.000,00.000	19.7	0	-200	0	4.5	644.001	373.446	191.743	55.8089	21.1228	1.88033	0	0	0	0	0	0	0	0	0	0	0	0	0	0	0
00.000,00.000	19.8	0	-200	0	4.5	648.716	374.674	194.075	56.315	21.5385	2.11313	0	0	0	0	0	0	0	0	0	0	0	0	0	0	0
00.000,00.000	19.9	0	-200	0	4.5	672.593	380.878	205.861	58.8726	23.6756	3.30512	0	0	0	0	0	0	0	0	0	0	0	0	0	0	0
00.000,00.000	20	0	-200	0	4.5	677.772	382.286	208.403	59.4213	24.1139	3.54804	0	0	0	0	0	0	0	0	0	0	0	0	0	0	0
00.000,00.000	20.1	0	-200	0	4.5	694.466	387.141	216.313	61.2401	25.3835	4.38865	0	0	0	0	0	0	0	0	0	0	0	0	0	0	0
00.000,00.000	20.2	0	-200	0	4.5	703.64	389.841	220.222	62.6628	25.7583	5.15647	0	0	0	0	0	0	0	0	0	0	0	0	0	0	0
00.000,00.000	20.3	0	-200	0	4.5	708.988	391.503	222.376	63.5527	25.9737	5.58186	0	0	0	0	0	0	0	0	0	0	0	0	0	0	0
00.000,00.000	20.4	0	-200	0	4.5	714.582	393.279	224.577	64.5163	26.197	6.01243	0	0	0	0	0	0	0	0	0	0	0	0	0	0	0
00.000,00.000	20.5	0	-200	0	4.5	720.276	395.117	226.791	65.4989	26.4272	6.44229	0	0	0	0	0	0	0	0	0	0	0	0	0	0	0
00.000,00.000	20.6	0	-200	0	4.5	725.956	396.977	228.965	66.4814	26.6621	6.87031	0	0	0	0	0	0	0	0	0	0	0	0	0	0	0
00.000,00.000	20.7	0	-200	0	4.5	731.784	398.927	231.18	67.4807	26.9021	7.29372	0	0	0	0	0	0	0	0	0	0	0	0	0	0	0
00.000,00.000	20.8	0	-200	0	4.5	737.82	400.98	233.455	68.5085	27.1526	7.72395	0	0	0	0	0	0	0	0	0	0	0	0	0	0	0
00.000,00.000	20.9	0	-200	0	4.5	768.111	411.503	244.562	73.7791	28.0372	10.2298	0	0	0	0	0	0	0	0	0	0	0	0	0	0	0
00.000,00.000	21	0	-200	0	4.5	774.536	413.725	246.521	75.3305	28.1053	10.8542	0	0	0	0	0	0	0	0	0	0	0	0	0	0	0
00.000,00.000	21.1	0	-200	0	4.5	795.432	421.367	252.645	80.2912	28.37	12.7583	0	0	0	0	0	0	0	0	0	0	0	0	0	0	0
00.000,00.000	21.2	0	-200	0	4.5	807.133	425.653	255.704	83.4442	28.5274	13.8044	0	0	0	0	0	0	0	0	0	0	0	0	0	0	0
00.000,00.000	21.3	0	-200	0	4.5	814.015	428.203	257.49	85.2878	28.6343	14.4006	0	0	0	0	0	0	0	0	0	0	0	0	0	0	0
00.000,00.000	21.4	0	-200	0	4.5	829.908	434.185	261.604	89.4836	28.9	15.7354	0	0	0	0	0	0	0	0	0	0	0	0	0	0	0
00.000,00.000	21.5	0	-200	0	4.5	833.449	435.464	262.552	90.4354	28.9636	16.0338	0	0	0	0	0	0	0	0	0	0	0	0	0	0	0
00.000,00.000	21.6	0	-200	0	4.5	844.882	439.706	265.551	93.4531	29.1976	16.8557	0.117879	0	0	0	0	0	0	0	0	0	0	0	0	0	0
00.000,00.000	21.7	0	-200	0	4.5	881.155	451.864	275.541	103.113	30.2153	19.1531	1.26888	0	0	0	0	0	0	0	0	0	0	0	0	0	0
00.000,00.000	21.8	0	-200	0	4.5	892.638	456.295	278.629	105.777	30.5566	19.7661	1.61385	0	0	0	0	0	0	0	0	0	0	0	0	0	0
00.000,00.000	21.9	0	-200	0	4.5	892.96	456.411	278.721	105.854	30.5676	19.7832	1.62341	0	0	0	0	0	0	0	0	0	0	0	0	0	0
00.000,00.000	22	0	-200	0	4.5	894.243	456.925	279.067	106.138	30.6109	19.8444	1.65772	0	0	0	0	0	0	0	0	0	0	0	0	0	0
00.000,00.000	22.1	0	-200	0	4.5	915.453	465.315	284.816	110.87	31.3722	20.8551	2.22494	0	0	0	0	0	0	0	0	0	0	0	0	0	0
00.000,00.000	22.2	0	-200	0	4.5	927.82	469.9	288.353	113.685	31.8708	21.4508	2.56012	0	0	0	0	0	0	0	0	0	0	0	0	0	0
00.000,00.000	22.3	0	-200	0	4.5	935.409	472.888	290.454	115.337	32.1846	21.7927	2.75228	0	0	0	0	0	0	0	0	0	0	0	0	0	0
00.000,00.000	22.4	0	-200	0	4.5	955.134	480.688	295.923	119.599	33.0283	22.6575	3.23827	0	0	0	0	0	0	0	0	0	0	0	0	0	0
00.000,00.000	22.5	0	-200	0	4.5	959.612	482.425	297.183	120.576	33.2269	22.8532	3.34802	0	0	0	0	0	0	0	0	0	0	0	0	0	0
00.000,00.000	22.6	0	-200	0	4.5	973.797	487.829	301.215	123.683	33.8991	23.4758	3.69561	0	0	0	0	0	0	0	0	0	0	0	0	0	0
00.000,00.000	22.7	0	-200	0	4.5	1017.7	501.99	314.556	133.853	36.4779	25.8185	5.00909	0	0	0	0	0	0	0	0	0	0	0	0	0	0
00.000,00.000	22.8	0	-200	0	4.5	1064.49	521.337	327.773	142.491	39	27.0567	6.83538	0	0	0	0	0	0	0	0	0	0	0	0	0	0
00.000,00.000	22.9	0	-200	0	4.5	1068.16	522.484	329.076	143.217	39.2415	27.14	7.00404	0	0	0	0	0	0	0	0	0	0	0	0	0	0
00.000,00.000	23	0	-200	0	4.5	1126.86	539.013	353.11	153.591	43.0903	28.4676	9.58394	0	0	0	0	0	0	0	0	0	0	0	0	0	0
00.000,00.000	23.1	0	-200	0	4.5	1152.25	545.262	364.664	157.693	44.8948	28.9585	10.7815	0	0	0	0	0	0	0	0	0	0	0	0	0	0
00.000,00.000	23.2	0	-200	0	4.5	1161.55	547.738	368.745	159.103	45.628	29.0611	11.2702	0	0	0	0	0	0	0	0	0	0	0	0	0	0
00.000,00.000	23.3	0	-200	0	4.5	1171.54	550.485	373.075	160.57	46.4603	29.1592	11.7944	0	0	0	0	0	0	0	0	0	0	0	0	0	0
00.000,00.000	23.4	0	-200	0	4.5	1189.56	555.598	380.781	163.147	47.9923	29.2794	12.7663	0	0	0	0	0	0	0	0	0	0	0	0	0	0
00.000,00.000	23.5	0	-200	0	4.5	1193.82	556.805	382.608	163.747	48.3602	29.31	12.9933	0	0	0	0	0	0	0	0	0	0	0	0	0	0
00.000,00.000	23.6	0	-200	0	4.5	1232.27	567.042	398.995	169.483	51.9109	29.6612	14.8906	0.290438	0	0	0	0	0	0	0	0	0	0	0	0	0
00.000,00.000	23.7	0	-200	0	4.5	1242.01	569.856	403.097	170.841	52.7764	29.7498	15.1787	0.514076	0	0	0	0	0	0	0	0	0	0	0	0	0
00.000,00.000	23.8	0	-200	0	4.5	1243.01	570.144	403.512	170.986	52.8641	29.7605	15.2113	0.531921	0	0	0	0	0	0	0	0	0	0	0	0	0
00.000,00.000	23.9	0	-200	0	4.5	1275.74	580.185	416.843	175.603	55.661	30.1271	16.2208	1.09561	0	0	0	0	0	0	0	0	0	0	0	0	0
00.000,00.000	24	0	-200	0	4.5	1284.3	582.849	420.328	176.771	56.4019	30.2271	16.4775	1.24603	0	0	0	0	0	0	0	0	0	0	0	0	0
00.000,00.000	24.1	0	-200	0	4.5	1312.3	591.75	431.505	180.746	58.7439	30.5823	17.2623	1.70519	0	0	0	0	0	0	0	0	0	0	0	0	0
00.000,00.000	24.2	0	-200	0	4.5	1330.49	597.583	438.686	183.339	60.2889	30.8245	17.7697	2.00184	0	0	0	0	0	0	0	0	0	0	0	0	0
00.000,00.000	24.3	0	-200	0	4.5	1343.28	601.856	443.492	185.221	61.3765	31.0073	18.1195	2.20574	0	0	0	0	0	0	0	0	0	0	0	0	0
00.000,00.000	24.4	0	-200	0	4.5	1356.4	606.304	448.352	187.169	62.4912	31.2036	18.4707	2.41025	0	0	0	0	0	0	0	0	0	0	0	0	0
00.000,00.000	24.5	0	-200	0	4.5	1369.53	610.892	452.788	189.366	63.6286	31.4142	18.8239	2.6148	0	0	0	0	0	0	0	0	0	0	0	0	0
00.000,00.000	24.6	0	-200	0	4.5	1382.75	615.541	457.069	191.722	64.7829	31.6378	19.1812	2.82064	0	0	0	0	0	0	0	0	0	0	0	0	0
00.000,00.000	24.7	0	-200	0	4.5	1396.13	620.287	461.367	194.106	65.9469	31.8716	19.5334	3.02218	0	0	0	0	0	0	0	0	0	0	0	0	0
00.000,00.000	24.8	0	-200	0	4.5	1409.89	625.21	465.543	196.748	67.1475	32.123	19.8923	3.22643	0	0	0	0	0	0	0	0	0	0	0	0	0
00.000,00.000	24.9	0	-200	0	4.5	1457.87	642.611	479.567	206.237	71.3503	33.036	21.1408	3.93124	0	0	0	0	0	0	0	0	0	0	0	0	0
00.000,00.000	25	0	-200	0	4.5	1468.04	646.377	482.52	208.188	72.245	33.2339	21.4015	4.07767	0	0	0	0	0	0	0	0	0	0	0	0	0
00.000,00.000	25.1	0	-200	0	4.5	1501.25	658.832	492.152	214.448	75.1367	33.9151	22.2286	4.53421	0	0	0	0	0	0	0	0	0	0	0	0	0
00.000,00.000	25.2	0	-200	0	4.5	1522.61	666.979	498.362	218.239	77.0549	34.3732	22.7678	4.82976	0	0	0	0	0	0	0	0	0	0	0	0	0
00.000,00.000	25.3	0	-200	0	4.5	1537.58	672.662	502.714	220.931	78.3903	34.7067	23.1425	5.03184	0	0	0	0	0	0	0	0	0	0	0	0	0
00.000,00.000	25.4	0	-200	0	4.5	1609.05	699.788	523.232	234.002	84.7767	36.3606	24.9177	5.97702	0	0	0	0	0	0	0	0	0	0	0	0	0
00.000,00.000	25.5	0	-200	0	4.5	1630.28	707.824	529.032	238.109	86.7322	36.87	25.3884	6.32708	0	0	0	0	0	0	0	0	0	0	0	0	0
00.000,00.000	25.6	0	-200	0	4.5	1630.38	707.859	529.059	238.127	86.7411	36.8724	25.3892	6.32993	0	0	0	0	0	0	0	0	0	0	0	0	0
00.000,00.000	25.7	0	-200	0	4.5	1631.42	708.249	529.346	238.332	86.8354	36.8996	25.4085	6.34999	0	0	0	0	0	0	0	0	0	0	0	0	0
00.000,00.000	25.8	0	-200	0	4.5	1691.47	730.768	545.894	249.93	92.3219	38.5346	26.3786	7.64374	0	0	0	0	0	0	0	0	0	0	0	0	0
00.000,00.000	25.9	0	-200	0	4.5	1723.08	742.445	554.605	256.049	95.2988	39.4332	26.8325	8.41377	0	0	0	0	0	0	0	0	0	0	0	0	0
00.000,00.000	26	0	-200	0	4.5	1725.2	743.255	555.181	256.45	95.4958	39.4946	26.8626	8.46325	0	0	0	0	0	0	0	0	0	0	0	0	0
00.000,00.000	26.1	0	-200	0	4.5	1740.25	748.982	559.269	259.276	96.891	39.9454	27.0776	8.80525	0	0	0	0	0	0	0	0	0	0	0	0	0
00.000,00.000	26.2	0	-200	0	4.5	1746.39	751.253	560.926	260.462	97.4918	40.1399	27.1694	8.94954	0	0	0	0	0	0	0	0	0	0	0	0	0
00.000,00.000	26.3	0	-200	0	4.5	1747.99	751.849	561.36	260.765	97.6444	40.1913	27.1929	8.98556	0	0	0	0	0	0	0	0	0	0	0	0	0
00.000,00.000	26.4	0	-200	0	4.5	1748.24	751.943	561.428	260.814	97.6698	40.1999	27.1968	8.99142	0	0	0	0	0	0	0	0	0	0	0	0	0
00.000,00.000	26.5	0	-200	0	4.5	1749.39	752.371	561.742	261.03	97.781	40.2391	27.2141	9.01671	0	0	0	0	0	0	0	0	0	0	0	0	0
00.000,00.000	26.6	0	-200	0	4.5	1751.02	752.964	562.182	261.342	97.9437	40.2971	27.2395	9.05373	0	0	0	0	0	0	0	0	0	0	0	0	0
00.000,00.000	26.7	0	-200	0	4.5	1802.32	772.087	575.929	270.842	103.067	42.173	28.038	10.1872	0	0	0	0	0	0	0	0	0	0	0	0	0
00.000,00.000	26.8	0	-200	0	4.5	1830.37	782.131	583.945	275.638	105.888	43.4258	28.5019	10.8387	0	0	0	0	0	0	0	0	0	0	0	0	0
00.000,00.000	26.9	0	-200	0	4.5	1874.66	796.543	597.934	283.111	110.335	45.6338	29.2498	11.5529	0.302206	0	0	0	0	0	0	0	0	0	0	0	0
00.000,00.000	27	0	-200	0	4.5	1884.19	799.575	600.998	284.646	111.337	46.1417	29.4164	11.6582	0.420482	0	0	0	0	0	0	0	0	0	0	0	0
00.000,00.000	27.1	0	-200	0	4.5	1914.94	809.085	611.169	289.71	114.473	47.7821	29.7489	12.1883	0.785503	0	0	0	0	0	0	0	0	0	0	0	0
00.000,00.000	27.2	0	-200	0	4.5	1937	815.822	618.5	293.313	116.761	48.9881	29.9234	12.642	1.04845	0	0	0	0	0	0	0	0	0	0	0	0
00.000,00.000	27.3	0	-200	0	4.5	1941.38	817.187	619.916	294.026	117.222	49.2339	29.9599	12.7324	1.10081	0	0	0	0	0	0	0	0	0	0	0	0
00.000,00.000	27.4	0	-200	0	4.5	1941.7	817.289	620.02	294.078	117.256	49.2523	29.9627	12.7391	1.10466	0	0	0	0	0	0	0	0	0	0	0	0
00.000,00.000	27.5	0	-200	0	4.5	2051.92	852.1	654.873	312.36	129.012	55.925	31.0119	14.2209	2.41886	0	0	0	0	0	0	0	0	0	0	0	0
00.000,00.000	27.6	0	-200	0	4.5	2085.37	862.806	664.835	318.061	132.824	58.0566	31.3632	14.5796	2.84734	0	0	0	0	0	0	0	0	0	0	0	0
00.000,00.000	27.7	0	-200	0	4.5	2086.81	863.277	665.263	318.303	132.986	58.1431	31.3797	14.5946	2.86485	0	0	0	0	0	0	0	0	0	0	0	0
00.000,00.000	27.8	0	-200	0	4.5	2129.64	877.256	678.021	325.515	137.815	60.691	31.9042	15.0452	3.38871	0	0	0	0	0	0	0	0	0	0	0	0
00.000,00.000	27.9	0	-200	0	4.5	2142.73	881.514	681.923	327.735	139.302	61.4501	32.0712	15.1856	3.55141	0	0	0	0	0	0	0	0	0	0	0	0
00.000,00.000	28	0	-200	0	4.5	2144.23	882.013	682.369	327.979	139.467	61.5368	32.0912	15.2011	3.56905	0	0	0	0	0	0	0	0	0	0	0	0
00.000,00.000	28.1	0	-200	0	4.5	2145.86	882.563	682.856	328.245	139.647	61.6332	32.114	15.218	3.58816	0	0	0	0	0	0	0	0	0	0	0	0
00.000,00.000	28.2	0	-200	0	4.5	2147.31	883.052	683.286	328.48	139.804	61.72	32.1351	15.2329	3.60488	0	0	0	0	0	0	0	0	0	0	0	0
00.000,00.000	28.3	0	-200	0	4.5	2148.59	883.485	683.666	328.686	139.941	61.7978	32.1543	15.2461	3.61946	0	0	0	0	0	0	0	0	0	0	0	0
00.000,00.000	28.4	0	-200	0	4.5	2148.79	883.553	683.725	328.717	139.962	61.8101	32.1574	15.2481	3.62174	0	0	0	0	0	0	0	0	0	0	0	0
00.000,00.000	28.5	0	-200	0	4.5	2263.64	922.537	717.725	346.78	151.899	69.2748	34.0557	16.4446	4.91999	0	0	0	0	0	0	0	0	0	0	0	0
00.000,00.000	28.6	0	-200	0	4.5	2307.02	935.925	730.195	353.674	157.21	72.6362	34.9022	16.9827	5.49745	0	0	0	0	0	0	0	0	0	0	0	0
00.000,00.000	28.7	0	-200	0	4.5	2420.29	976.581	760	370.263	170.038	81.0119	37.1182	18.3531	6.92687	0	0	0	0	0	0	0	0	0	0	0	0
00.000,00.000	28.8	0	-200	0	4.5	2441.17	983.333	765.829	373.432	172.467	82.7087	37.5693	18.6244	7.20369	0	0	0	0	0	0	0	0	0	0	0	0
00.000,00.000	28.9	0	-200	0	4.5	2441.88	983.602	766.016	373.532	172.542	82.7615	37.5843	18.633	7.21207	0	0	0	0	0	0	0	0	0	0	0	0
00.000,00.000	29	0	-200	0	4.5	2457.54	989.319	770.252	375.755	174.117	83.9484	37.9298	18.8259	7.39364	0	0	0	0	0	0	0	0	0	0	0	0
00.000,00.000	29.1	0	-200	0	4.5	2498.63	1004.25	781.349	381.695	178.152	87.1075	38.8699	19.3412	7.86823	0	0	0	0	0	0	0	0	0	0	0	0
00.000,00.000	29.2	0	-200	0	4.5	2521.94	1013.25	787.405	385.005	180.296	88.816	39.4074	19.6311	8.1289	0	0	0	0	0	0	0	0	0	0	0	0
00.000,00.000	29.3	0	-200	0	4.5	2539.79	1020.23	792.068	387.514	181.887	90.0894	39.8268	19.8537	8.32184	0	0	0	0	0	0	0	0	0	0	0	0
00.000,00.000	29.4	0	-200	0	4.5	2583.09	1037.27	803.361	393.59	185.634	93.1744	40.8774	20.4023	8.50048	0.281008	0	0	0	0	0	0	0	0	0	0	0
00.000,00.000	29.5	0	-200	0	4.5	2609.62	1047.9	810.234	397.209	187.88	95.0551	41.5376	20.7447	8.50048	0.560813	0	0	0	0	0	0	0	0	0	0	0
00.000,00.000	29.6	0	-200	0	4.5	2627.95	1055.26	814.894	399.727	189.421	96.3836	42.0123	20.989	8.50048	0.754611	0	0	0	0	0	0	0	0	0	0	0
00.000,00.000	29.7	0	-200	0	4.5	2782.72	1111.34	852.79	423.454	203.616	109.783	46.9463	23.5482	8.5006	2.74341	0	0	0	0	0	0	0	0	0	0	0
00.000,00.000	29.8	0	-200	0	4.5	2816.68	1124.76	861.402	428.126	206.176	112.498	47.9928	23.8012	8.78111	3.14514	0	0	0	0	0	0	0	0	0	0	0
00.000,00.000	29.9	0	-200	0	4.5	2919.88	1166.94	888.171	441.741	213.338	120.104	51.1337	24.4739	9.7069	4.27062	0	0	0	0	0	0	0	0	0	0	0
00.000,00.000	30	0	-200	0	4.5	2963.41	1183.37	900.316	447.632	216.405	123.411	52.6034	24.7704	10.1326	4.76322	0	0	0	0	0	0	0	0	0	0	0
00.000,00.000	30.1	0	-200	0	4.5	2980.33	1189.73	905.104	449.954	217.533	124.701	53.1681	24.8946	10.294	4.94589	0	0	0	0	0	0	0	0	0	0	0
00.000,00.000	30.2	0	-200	0	4.5	2997.94	1196.38	910.105	452.37	218.662	126.031	53.7663	25.0328	10.4621	5.13365	0	0	0	0	0	0	0	0	0	0	0
00.000,00.000	30.3	0	-200	0	4.5	3015.88	1203.19	915.193	454.831	219.773	127.359	54.4009	25.1812	10.6325	5.32127	0	0	0	0	0	0	0	0	0	0	0
00.000,00.000	30.4	0	-200	0	4.5	3034.15	1210.19	920.366	457.308	220.88	128.684	55.0686	25.3396	10.8049	5.50856	0	0	0	0	0	0	0	0	0	0	0
00.000,00.000	30.5	0	-200	0	4.5	3052.63	1217.3	925.579	459.815	221.978	130.018	55.7579	25.5082	10.98	5.69593	0	0	0	0	0	0	0	0	0	0	0
00.000,00.000	30.6	0	-200	0	4.5	3070.56	1224.02	930.597	462.323	223.055	131.375	56.4646	25.6879	11.1604	5.88609	0	0	0	0	0	0	0	0	0	0	0
00.000,00.000	30.7	0	-200	0	4.5	3088.78	1231.15	935.617	464.793	224.085	132.685	57.1719	25.8713	11.3363	6.06843	0	0	0	0	0	0	0	0	0	0	0
00.000,00.000	30.8	0	-200	0	4.5	3106.99	1238.21	940.502	467.331	225.134	134.038	57.923	26.0702	11.5208	6.25688	0	0	0	0	0	0	0	0	0	0	0
00.000,00.000	30.9	0	-200	0	4.5	3174.46	1264.78	958.166	476.65	228.949	139.081	60.8015	26.848	12.2197	6.96	0	0	0	0	0	0	0	0	0	0	0
00.000,00.000	31	0	-200	0	4.5	3188.1	1270.3	961.632	478.458	229.736	140.101	61.401	27.0113	12.364	7.10348	0	0	0	0	0	0	0	0	0	0	0
00.000,00.000	31.1	0	-200	0	4.5	3233.7	1288.7	973.398	484.661	232.127	143.449	63.3951	27.5699	12.8385	7.56049	0	0	0	0	0	0	0	0	0	0	0
00.000,00.000	31.2	0	-200	0	4.5	3261.7	1300.05	980.42	488.541	233.589	145.54	64.6576	27.9279	13.1373	7.84426	0	0	0	0	0	0	0	0	0	0	0
00.000,00.000	31.3	0	-200	0	4.5	3280.21	1307.62	985.018	491.126	234.514	146.894	65.5027	28.1725	13.3365	8.02891	0	0	0	0	0	0	0	0	0	0	0
00.000,00.000	31.4	0	-200	0	4.5	3394.77	1354.18	1013.65	507.183	240.113	155.249	70.8617	29.7585	14.5971	9.17111	0	0	0	0	0	0	0	0	0	0	0
00.000,00.000	31.5	0	-200	0	4.5	3444.23	1374.26	1025.84	514.15	242.61	158.881	73.1787	30.4691	15.1606	9.24787	0.425865	0	0	0	0	0	0	0	0	0	0
00.000,00.000	31.6	0	-200	0	4.5	3461.72	1380.96	1030.23	516.706	243.514	160.236	74.0748	30.7532	15.3814	9.25853	0.605766	0	0	0	0	0	0	0	0	0	0
00.000,00.000	31.7	0	-200	0	4.5	3479.07	1388.22	1034.42	519.076	244.326	161.47	74.9102	31.0219	15.5876	9.26513	0.772502	0	0	0	0	0	0	0	0	0	0
00.000,00.000	31.8	0	-200	0	4.5	3496.7	1395.06	1038.85	521.633	245.182	162.779	75.8286	31.3219	15.8152	9.26513	0.959158	0	0	0	0	0	0	0	0	0	0
00.000,00.000	31.9	0	-200	0	4.5	3581.75	1431.56	1058.65	533.11	249.023	168.569	80.1134	32.7614	16.8859	9.26513	1.81604	0	0	0	0	0	0	0	0	0	0
00.000,00.000	32	0	-200	0	4.5	3598.24	1438.59	1062.53	535.308	249.772	169.671	80.9735	33.0461	17.1023	9.26529	1.98666	0	0	0	0	0	0	0	0	0	0
00.000,00.000	32.1	0	-200	0	4.5	3653.84	1462.22	1075.97	542.68	252.162	173.29	83.8332	34.0528	17.8213	9.27067	2.53235	0	0	0	0	0	0	0	0	0	0
00.000,00.000	32.2	0	-200	0	4.5	3685.99	1476.67	1083.3	546.759	253.534	175.284	85.462	34.6322	18.2333	9.27496	2.84052	0	0	0	0	0	0	0	0	0	0
00.000,00.000	32.3	0	-200	0	4.5	3705.7	1485.67	1087.83	549.227	254.324	176.435	86.4368	34.9943	18.482	9.27938	3.02173	0	0	0	0	0	0	0	0	0	0
00.000,00.000	32.4	0	-200	0	4.5	3708.97	1487.17	1088.57	549.629	254.458	176.618	86.6019	35.0555	18.5244	9.28025	3.05225	0	0	0	0	0	0	0	0	0	0
00.000,00.000	32.5	0	-200	0	4.5	3760.39	1511.2	1100.27	555.887	256.421	179.397	89.1558	36.0545	19.1857	9.29962	3.51401	0	0	0	0	0	0	0	0	0	0
00.000,00.000	32.6	0	-200	0	4.5	3779.47	1520.14	1104.48	558.157	257.206	180.399	90.1733	36.4494	19.3791	9.38019	3.69876	0	0	0	0	0	0	0	0	0	0
00.000,00.000	32.7	0	-200	0	4.5	3784.02	1522.37	1105.48	558.674	257.375	180.614	90.4034	36.5438	19.3952	9.42756	3.73966	0	0	0	0	0	0	0	0	0	0
00.000,00.000	32.8	0	-200	0	4.5	3860.5	1559.28	1122.08	567.653	260.203	184.333	94.3612	38.2247	19.94	9.98585	4.4386	0	0	0	0	0	0	0	0	0	0
00.000,00.000	32.9	0	-200	0	4.5	3915.14	1586.17	1133.55	574.05	262.219	186.823	97.2007	39.4657	20.2711	10.4547	4.93517	0	0	0	0	0	0	0	0	0	0
00.000,00.000	33	0	-200	0	4.5	3921.33	1589.26	1134.82	574.772	262.451	187.082	97.5239	39.6114	20.3095	10.5082	4.99103	0	0	0	0	0	0	0	0	0	0
00.000,00.000	33.1	0	-200	0	4.5	3966.27	1611.64	1144.44	579.918	264.019	188.936	99.7951	40.6654	20.5914	10.8875	5.37832	0	0	0	0	0	0	0	0	0	0
00.000,00.000	33.2	0	-200	0	4.5	3980.08	1618.68	1147.24	581.492	264.49	189.496	100.486	41.0056	20.6818	11.0085	5.50075	0	0	0	0	0	0	0	0	0	0
00.000,00.000	33.3	0	-200	0	4.5	3981.78	1619.55	1147.6	581.682	264.546	189.561	100.57	41.0471	20.693	11.0232	5.51513	0	0	0	0	0	0	0	0	0	0
00.000,00.000	33.4	0	-200	0	4.5	3982.04	1619.68	1147.65	581.711	264.555	189.57	100.584	41.0539	20.6948	11.0255	5.51742	0	0	0	0	0	0	0	0	0	0
00.000,00.000	33.5	0	-200	0	4.5	4101.52	1681.15	1172.79	594.761	268.424	193.755	106.475	44.0657	21.5174	12.0782	6.50588	0	0	0	0	0	0	0	0	0	0
00.000,00.000	33.6	0	-200	0	4.5	4152.95	1707.61	1183.38	600.252	270.116	195.6	109.148	45.4085	21.9023	12.5721	6.96368	0	0	0	0	0	0	0	0	0	0
00.000,00.000	33.7	0	-200	0	4.5	4220.97	1742.82	1197.39	607.46	272.25	197.896	112.685	47.2512	22.4282	13.2367	7.5567	0	0	0	0	0	0	0	0	0	0
00.000,00.000	33.8	0	-200	0	4.5	4234.8	1749.99	1200.25	608.907	272.69	198.345	113.407	47.6264	22.5389	13.3753	7.67865	0	0	0	0	0	0	0	0	0	0
00.000,00.000	33.9	0	-200	0	4.5	4235.94	1750.58	1200.49	609.026	272.725	198.379	113.464	47.6574	22.5479	13.3863	7.68799	0	0	0	0	0	0	0	0	0	0
00.000,00.000	34	0	-200	0	4.5	4277.31	1772.1	1209.29	613.368	273.978	199.571	115.507	48.793	22.8839	13.7915	8.02208	0	0	0	0	0	0	0	0	0	0
00.000,00.000	34.1	0	-200	0	4.5	4311.75	1790.15	1216.58	616.907	275.045	200.537	117.181	49.7454	23.172	14.1356	8.30032	0	0	0	0	0	0	0	0	0	0
00.000,00.000	34.2	0	-200	0	4.5	4335.94	1803.28	1221.73	619.239	275.724	201.149	118.232	50.3809	23.366	14.3639	8.44557	0.0345466	0	0	0	0	0	0	0	0	0
00.000,00.000	34.3	0	-200	0	4.5	4361.19	1816.9	1227.3	621.721	276.395	201.749	119.268	51.0372	23.5682	14.5982	8.47055	0.189908	0	0	0	0	0	0	0	0	0
00.000,00.000	34.4	0	-200	0	4.5	4386.83	1830.64	1232.94	624.422	277.073	202.322	120.291	51.6947	23.7744	14.8336	8.48306	0.354488	0	0	0	0	0	0	0	0	0
00.000,00.000	34.5	0	-200	0	4.5	4412.84	1844.49	1238.63	627.332	277.779	202.874	121.307	52.3589	23.986	15.0718	8.48306	0.529634	0	0	0	0	0	0	0	0	0
00.000,00.000	34.6	0	-200	0	4.5	4439.52	1858.68	1244.45	630.3	278.585	203.408	122.325	53.0532	24.2083	15.3206	8.48306	0.709282	0	0	0	0	0	0	0	0	0
00.000,00.000	34.7	0	-200	0	4.5	4482.36	1881.41	1253.8	635.054	280.026	204.2	123.931	54.1687	24.5714	15.7202	8.48306	0.99215	0	0	0	0	0	0	0	0	0
00.000,00.000	34.8	0	-200	0	4.5	4497.08	1889.22	1257.02	636.675	280.53	204.462	124.503	54.5418	24.7006	15.8603	8.48306	1.08969	0	0	0	0	0	0	0	0	0
00.000,00.000	34.9	0	-200	0	4.5	4513.36	1897.8	1260.54	638.513	281.133	204.782	125.096	54.9565	24.8446	16.0127	8.48306	1.19287	0	0	0	0	0	0	0	0	0
00.000,00.000	35	0	-200	0	4.5	4546.37	1915.21	1267.63	642.252	282.364	205.502	126.245	55.8164	25.1438	16.3252	8.48306	1.4004	0	0	0	0	0	0	0	0	0
00.000,00.000	35.1	0	-200	0	4.5	4576.24	1930.98	1273.95	645.624	283.487	206.204	127.295	56.5936	25.4208	16.6109	8.48306	1.58647	0	0	0	0	0	0	0	0	0
00.000,00.000	35.2	0	-200	0	4.5	4604.11	1945.5	1279.7	648.804	284.566	206.875	128.401	57.4077	25.7062	16.9014	8.48306	1.77161	0	0	0	0	0	0	0	0	0
00.000,00.000	35.3	0	-200	0	4.5	4629.6	1958.85	1284.81	651.71	285.548	207.473	129.47	58.1651	25.9792	17.1763	8.48306	1.94329	0	0	0	0	0	0	0	0	0
00.000,00.000	35.4	0	-200	0	4.5	4654.97	1972.15	1289.81	654.59	286.526	208.05	130.587	58.9385	26.2628	17.4591	8.48306	2.11606	0	0	0	0	0	0	0	0	0
00.000,00.000	35.5	0	-200	0	4.5	4680.34	1985.53	1294.71	657.435	287.499	208.61	131.729	59.7452	26.5581	17.7507	8.48306	2.29048	0	0	0	0	0	0	0	0	0
00.000,00.000	35.6	0	-200	0	4.5	4705.39	1998.73	1299.56	660.221	288.39	209.149	132.888	60.5802	26.8638	18.0525	8.48306	2.4677	0	0	0	0	0	0	0	0	0
00.000,00.000	35.7	0	-200	0	4.5	4738.57	2016.19	1305.99	663.817	289.64	209.834	134.406	61.7531	27.285	18.4637	8.48306	2.70352	0	0	0	0	0	0	0	0	0
00.000,00.000	35.8	0	-200	0	4.5	4768.01	2031.74	1311.7	666.899	290.779	210.422	135.725	62.8333	27.6752	18.8412	8.48319	2.91563	0	0	0	0	0	0	0	0	0
00.000,00.000	35.9	0	-200	0	4.5	4773.05	2034.42	1312.7	667.385	290.963	210.522	135.944	63.0214	27.7445	18.9078	8.48328	2.95245	0	0	0	0	0	0	0	0	0
00.000,00.000	36	0	-200	0	4.5	4803.25	2050.5	1318.49	670.515	292.099	211.077	137.196	64.2396	28.1735	19.3135	8.48437	3.17006	0	0	0	0	0	0	0	0	0
00.000,00.000	36.1	0	-200	0	4.5	4830.11	2064.93	1323.56	673.246	293.102	211.548	138.263	65.3448	28.5732	19.6876	8.48615	3.36732	0	0	0	0	0	0	0	0	0
00.000,00.000	36.2	0	-200	0	4.5	4853.74	2077.74	1327.98	675.627	293.991	211.933	139.165	66.3181	28.936	20.0224	8.48883	3.54008	0	0	0	0	0	0	0	0	0
00.000,00.000	36.3	0	-200	0	4.5	4877.4	2090.62	1332.36	677.976	294.903	212.307	140.053	67.2907	29.312	20.3651	8.49255	3.71336	0	0	0	0	0	0	0	0	0
00.000,00.000	36.4	0	-200	0	4.5	4900.99	2103.54	1336.69	680.31	295.801	212.665	140.922	68.2602	29.7007	20.7149	8.49746	3.88672	0	0	0	0	0	0	0	0	0
00.000,00.000	36.5	0	-200	0	4.5	4924.47	2116.47	1340.96	682.597	296.68	213.018	141.768	69.2325	30.102	21.0712	8.5035	4.05999	0	0	0	0	0	0	0	0	0
00.000,00.000	36.6	0	-200	0	4.5	4947.86	2129.41	1345.17	684.865	297.505	213.372	142.608	70.2192	30.5207	21.4394	8.51094	4.23664	0	0	0	0	0	0	0	0	0
00.000,00.000	36.7	0	-200	0	4.5	5003.25	2160.16	1355.13	690.165	299.467	214.116	144.443	72.6234	31.6208	22.3366	8.53368	4.65793	0	0	0	0	0	0	0	0	0
00.000,00.000	36.8	0	-200	0	4.5	5013.52	2165.95	1357.11	691.115	299.804	214.04	144.782	73.0679	31.8585	22.5127	8.53877	4.73969	0	0	0	0	0	0	0	0	0
00.000,00.000	36.9	0	-200	0	4.5	5015.25	2166.92	1357.42	691.269	299.859	214.067	144.835	73.14	31.8969	22.5424	8.53997	4.753	0	0	0	0	0	0	0	0	0
00.000,00.000	37	0	-200	0	4.5	5048.31	2185.59	1363.25	694.248	300.965	214.603	145.912	74.4495	32.6107	23.1158	8.56601	5.00575	0	0	0	0	0	0	0	0	0
00.000,00.000	37.1	0	-200	0	4.5	5074.97	2200.64	1367.97	696.62	301.821	215.056	146.771	75.4695	33.2262	23.5899	8.5899	5.21083	0	0	0	0	0	0	0	0	0
00.000,00.000	37.2	0	-200	0	4.5	5097.26	2213.47	1371.83	698.549	302.523	215.419	147.46	76.2877	33.7455	23.9869	8.61258	5.37769	0	0	0	0	0	0	0	0	0
00.000,00.000	37.3	0	-200	0	4.5	5120.06	2226.7	1375.72	700.492	303.23	215.782	148.085	77.1794	34.2742	24.3998	8.6385	5.54669	0	0	0	0	0	0	0	0	0
00.000,00.000	37.4	0	-200	0	4.5	5142.75	2239.89	1379.64	702.399	303.95	216.134	148.651	78.0895	34.8064	24.8177	8.66701	5.71329	0	0	0	0	0	0	0	0	0
00.000,00.000	37.5	0	-200	0	4.5	5165.35	2253.09	1383.46	704.282	304.698	216.478	149.193	78.9831	35.3424	25.241	8.69831	5.87756	0	0	0	0	0	0	0	0	0
00.000,00.000	37.6	0	-200	0	4.5	5187.85	2266.34	1387.2	706.122	305.435	216.804	149.712	79.9059	35.89	25.6202	8.7885	6.04275	0	0	0	0	0	0	0	0	0
00.000,00.000	37.7	0	-200	0	4.5	5216.75	2283.5	1391.91	708.442	306.374	217.209	150.357	81.0774	36.6039	26.0157	9.01257	6.25366	0	0	0	0	0	0	0	0	0
00.000,00.000	37.8	0	-200	0	4.5	5239.76	2297.26	1395.64	710.243	307.116	217.525	150.847	81.9988	37.1814	26.3324	9.20256	6.42083	0	0	0	0	0	0	0	0	0
00.000,00.000	37.9	0	-200	0	4.5	5247.83	2302.1	1396.94	710.865	307.375	217.633	151.011	82.3194	37.3865	26.4481	9.2689	6.47914	0	0	0	0	0	0	0	0	0
00.000,00.000	38	0	-200	0	4.5	5273.08	2317.42	1400.93	712.75	308.177	218.005	151.488	83.3165	38.0309	26.8208	9.47798	6.6584	0	0	0	0	0	0	0	0	0
00.000,00.000	38.1	0	-200	0	4.5	5296.99	2331.97	1404.69	714.504	308.927	218.38	151.921	84.2561	38.6473	27.1842	9.67899	6.82754	0	0	0	0	0	0	0	0	0
00.000,00.000	38.2	0	-200	0	4.5	5318.49	2345.09	1407.97	716.067	309.607	218.727	152.327	85.0964	39.222	27.5309	9.8674	6.98275	0	0	0	0	0	0	0	0	0
00.000,00.000	38.3	0	-200	0	4.5	5338.95	2357.58	1411.11	717.507	310.25	219.063	152.686	85.9156	39.7821	27.8759	10.052	7.13158	0	0	0	0	0	0	0	0	0
00.000,00.000	38.4	0	-200	0	4.5	5359.13	2369.92	1414.17	718.884	310.886	219.425	153.03	86.7195	40.3461	28.2308	10.2392	7.27902	0	0	0	0	0	0	0	0	0
00.000,00.000	38.5	0	-200	0	4.5	5379.01	2381.74	1417.53	720.205	311.547	219.788	153.327	87.5116	40.9162	28.598	10.4304	7.42618	0	0	0	0	0	0	0	0	0
00.000,00.000	38.6	0	-200	0	4.5	5398.27	2393.03	1420.91	721.45	312.185	220.158	153.598	88.2874	41.4865	28.9751	10.6242	7.57213	0	0	0	0	0	0	0	0	0
00.000,00.000	38.7	0	-200	0	4.5	5436.61	2415.5	1427.65	723.873	313.454	220.873	154.134	89.8033	42.6536	29.771	11.0268	7.86822	0	0	0	0	0	0	0	0	0
00.000,00.000	38.8	0	-200	0	4.5	5443.86	2419.58	1429.06	724.339	313.703	221.022	154.221	90.0888	42.8802	29.9279	11.1056	7.92539	0	0	0	0	0	0	0	0	0
00.000,00.000	38.9	0	-200	0	4.5	5468.86	2433.95	1433.83	725.83	314.516	221.474	154.541	91.061	43.6609	30.4972	11.3836	8.11995	0	0	0	0	0	0	0	0	0
00.000,00.000	39	0	-200	0	4.5	5490.26	2445.61	1438.53	727.091	315.211	221.867	154.795	91.8894	44.3411	31.0057	11.6296	8.28871	0	0	0	0	0	0	0	0	0
00.000,00.000	39.1	0	-200	0	4.5	5507.58	2454.74	1442.7	728.088	315.78	222.157	154.99	92.5464	44.8953	31.4337	11.8346	8.42562	0	0	0	0	0	0	0	0	0
00.000,00.000	39.2	0	-200	0	4.5	5524.24	2463.38	1446.83	729.027	316.338	222.417	155.167	93.1707	45.4384	31.8659	12.0404	8.55938	0	0	0	0	0	0	0	0	0
00.000,00.000	39.3	0	-200	0	4.5	5540.48	2471.63	1451.05	729.903	316.873	222.706	155.328	93.7688	45.9759	32.3058	12.2488	8.69139	0	0	0	0	0	0	0	0	0
00.000,00.000	39.4	0	-200	0	4.5	5556.36	2479.57	1455.31	730.727	317.384	223.01	155.477	94.3395	46.5077	32.7532	12.46	8.82164	0	0	0	0	0	0	0	0	0
00.000,00.000	39.5	0	-200	0	4.5	5571.91	2486.98	1459.82	731.495	317.87	223.365	155.635	94.8782	47.0334	33.2078	12.6742	8.95017	0	0	0	0	0	0	0	0	0
00.000,00.000	39.6	0	-200	0	4.5	5587.15	2493.84	1464.63	732.216	318.336	223.735	155.777	95.3929	47.5647	33.6798	12.8963	9.08015	0	0	0	0	0	0	0	0	0
00.000,00.000	39.7	0	-200	0	4.5	5617.36	2506.32	1475.35	733.59	319.232	224.474	156.026	96.3733	48.6383	34.6597	13.3581	9.3425	0	0	0	0	0	0	0	0	0
00.000,00.000	39.8	0	-200	0	4.5	5623.03	2508.6	1477.41	733.852	319.409	224.622	156.074	96.524	48.8462	34.852	13.4489	9.39326	0	0	0	0	0	0	0	0	0
00.000,00.000	39.9	0	-200	0	4.5	5642.18	2516.42	1484.38	734.652	319.944	225.127	156.21	97.0913	49.5292	35.5068	13.7625	9.55958	0	0	0	0	0	0	0	0	0
00.000,00.000	40	0	-200	0	4.5	5659.22	2523.31	1490.68	735.344	320.392	225.594	156.328	97.5697	50.1427	36.1051	14.0512	9.70876	0	0	0	0	0	0	0	0	0
00.000,00.000	40.1	0	-200	0	4.5	5672.97	2528.86	1495.81	735.877	320.72	225.967	156.416	97.9524	50.641	36.6019	14.2935	9.82974	0	0	0	0	0	0	0	0	0
00.000,00.000	40.2	0	-200	0	4.5	5686.07	2534.19	1500.62	736.359	321.02	226.366	156.52	98.309	51.1221	37.0904	14.5346	9.83789	0.108492	0	0	0	0	0	0	0	0
00.000,00.000	40.3	0	-200	0	4.5	5698.51	2539.33	1505.03	736.805	321.303	226.761	156.613	98.6457	51.5957	37.5787	14.7795	9.83789	0.223178	0	0	0	0	0	0	0	0
00.000,00.000	40.4	0	-200	0	4.5	5710.53	2544.3	1509.3	737.217	321.565	227.149	156.697	98.9642	52.0629	38.0682	15.0285	9.83789	0.33619	0	0	0	0	0	0	0	0
00.000,00.000	40.5	0	-200	0	4.5	5722.19	2549.11	1513.46	737.597	321.81	227.531	156.773	99.2649	52.5235	38.558	15.2815	9.83789	0.447532	0	0	0	0	0	0	0	0
00.000,00.000	40.6	0	-200	0	4.5	5737.58	2555.37	1518.95	738.068	322.136	228.052	156.867	99.6624	53.1561	39.2416	15.6415	9.83789	0.601145	0	0	0	0	0	0	0	0
00.000,00.000	40.7	0	-200	0	4.5	5750.5	2560.61	1523.6	738.436	322.399	228.493	156.941	99.9803	53.6879	39.8245	15.9547	9.83789	0.730747	0	0	0	0	0	0	0	0
00.000,00.000	40.8	0	-200	0	4.5	5752.55	2561.43	1524.36	738.489	322.44	228.568	156.955	100.026	53.7737	39.9192	16.0064	9.83789	0.751694	0	0	0	0	0	0	0	0
00.000,00.000	40.9	0	-200	0	4.5	5766.13	2566.89	1529.33	738.854	322.682	229.058	157.022	100.336	54.3327	40.5442	16.3589	9.83789	0.887902	0	0	0	0	0	0	0	0
00.000,00.000	41	0	-200	0	4.5	5777.84	2571.54	1533.62	739.167	322.854	229.54	157.084	100.593	54.8252	41.0977	16.6767	9.83789	1.0076	0	0	0	0	0	0	0	0
00.000,00.000	41.1	0	-200	0	4.5	5787.48	2575.41	1537.03	739.439	322.999	229.95	157.132	100.802	55.2441	41.5707	16.9558	9.83789	1.10896	0	0	0	0	0	0	0	0
00.000,00.000	41.2	0	-200	0	4.5	5796.86	2579.12	1540.38	739.712	323.141	230.355	157.176	100.996	55.6573	42.0383	17.2391	9.83789	1.20852	0	0	0	0	0	0	0	0
00.000,00.000	41.3	0	-200	0	4.5	5805.98	2582.69	1543.66	739.968	323.277	230.755	157.216	101.177	56.0647	42.5008	17.5268	9.83789	1.30643	0	0	0	0	0	0	0	0
00.000,00.000	41.4	0	-200	0	4.5	5814.59	2586.09	1546.65	740.209	323.408	231.153	157.254	101.345	56.4659	42.9578	17.8192	9.838	1.40268	0	0	0	0	0	0	0	0
00.000,00.000	41.5	0	-200	0	4.5	5822.86	2589.34	1549.51	740.432	323.529	231.546	157.288	101.499	56.8607	43.4089	18.116	9.83883	1.49725	0	0	0	0	0	0	0	0
00.000,00.000	41.6	0	-200	0	4.5	5831.71	2592.72	1552.11	741.124	323.655	231.984	157.323	101.659	57.3029	43.915	18.4595	9.84027	1.6032	0	0	0	0	0	0	0	0
00.000,00.000	41.7	0	-200	0	4.5	5843	2597.04	1555.19	742.251	323.808	232.552	157.365	101.852	57.8744	44.5702	18.9182	9.84313	1.74001	0	0	0	0	0	0	0	0
00.000,00.000	41.8	0	-200	0	4.5	5845.22	2597.9	1555.77	742.478	323.835	232.667	157.374	101.887	57.9874	44.6999	19.0107	9.84394	1.76707	0	0	0	0	0	0	0	0
00.000,00.000	41.9	0	-200	0	4.5	5854.35	2601.36	1558.25	743.417	323.943	233.135	157.401	102.019	58.4481	45.2336	19.409	9.84932	1.87778	0	0	0	0	0	0	0	0
00.000,00.000	42	0	-200	0	4.5	5862.39	2604.38	1560.43	744.255	324.006	233.585	157.425	102.129	58.86	45.7111	19.7748	9.85517	1.97673	0	0	0	0	0	0	0	0