
label	time(d)	x	depth	z	radius	total	0-10	10-20	20-30	30-40	40-50	50-60	60-70	70-80	80-90	90-100	100-110	110-120	120-130	130-140	140-150	150-160	160-170	170-180	180-190	190-200
00.000,00.000	0	0	-200	0	4.5	0	0	0	0	0	0	0	0	0	0	0	0	0	0	0	0	0	0	0	0	0
00.000,00.000	0.1	0	-200	0	4.5	0.37949	0.37949	0	0	0	0	0	0	0	0	0	0	0	0	0	0	0	0	0	0	0
00.000,00.000	0.2	0	-200	0	4.5	0.761529	0.761529	0	0	0	0	0	0	0	0	0	0	0	0	0	0	0	0	0	0	0
00.000,00.000	0.3	0	-200	0	4.5	1.14632	1.14632	0	0	0	0	0	0	0	0	0	0	0	0	0	0	0	0	0	0	0
00.000,00.000	0.4	0	-200	0	4.5	1.53371	1.53371	0	0	0	0	0	0	0	0	0	0	0	0	0	0	0	0	0	0	0
00.000,00.000	0.5	0	-200	0	4.5	1.92307	1.92307	0	0	0	0	0	0	0	0	0	0	0	0	0	0	0	0	0	0	0
00.000,00.000	0.6	0	-200	0	4.5	2.31445	2.31445	0	0	0	0	0	0	0	0	0	0	0	0	0	0	0	0	0	0	0
00.000,00.000	0.7	0	-200	0	4.5	2.70815	2.70815	0	0	0	0	0	0	0	0	0	0	0	0	0	0	0	0	0	0	0
00.000,00.000	0.8	0	-200	0	4.5	3.10381	3.10381	0	0	0	0	0	0	0	0	0	0	0	0	0	0	0	0	0	0	0
00.000,00.000	0.9	0	-200	0	4.5	3.50171	3.50171	0	0	0	0	0	0	0	0	0	0	0	0	0	0	0	0	0	0	0
00.000,00.000	1	0	-200	0	4.5	3.90283	3.90283	0	0	0	0	0	0	0	0	0	0	0	0	0	0	0	0	0	0	0
00.000,00.000	1.1	0	-200	0	4.5	4.31035	4.31035	0	0	0	0	0	0	0	0	0	0	0	0	0	0	0	0	0	0	0
00.000,00.000	1.2	0	-200	0	4.5	4.72352	4.72352	0	0	0	0	0	0	0	0	0	0	0	0	0	0	0	0	0	0	0
00.000,00.000	1.3	0	-200	0	4.5	5.14234	5.14234	0	0	0	0	0	0	0	0	0	0	0	0	0	0	0	0	0	0	0
00.000,00.000	1.4	0	-200	0	4.5	5.56671	5.56671	0	0	0	0	0	0	0	0	0	0	0	0	0	0	0	0	0	0	0
00.000,00.000	1.5	0	-200	0	4.5	5.99531	5.99531	0	0	0	0	0	0	0	0	0	0	0	0	0	0	0	0	0	0	0
00.000,00.000	1.6	0	-200	0	4.5	6.42625	6.42625	0	0	0	0	0	0	0	0	0	0	0	0	0	0	0	0	0	0	0
00.000,00.000	1.7	0	-200	0	4.5	6.86286	6.86286	0	0	0	0	0	0	0	0	0	0	0	0	0	0	0	0	0	0	0
00.000,00.000	1.8	0	-200	0	4.5	7.30832	7.17744	0.130872	0	0	0	0	0	0	0	0	0	0	0	0	0	0	0	0	0	0
00.000,00.000	1.9	0	-200	0	4.5	7.76171	7.35798	0.403728	0	0	0	0	0	0	0	0	0	0	0	0	0	0	0	0	0	0
00.000,00.000	2	0	-200	0	4.5	8.22336	7.54823	0.675133	0	0	0	0	0	0	0	0	0	0	0	0	0	0	0	0	0	0
00.000,00.000	2.1	0	-200	0	4.5	8.72587	7.77911	0.946758	0	0	0	0	0	0	0	0	0	0	0	0	0	0	0	0	0	0
00.000,00.000	2.2	0	-200	0	4.5	9.30001	8.08158	1.21844	0	0	0	0	0	0	0	0	0	0	0	0	0	0	0	0	0	0
00.000,00.000	2.3	0	-200	0	4.5	9.94407	8.45521	1.48886	0	0	0	0	0	0	0	0	0	0	0	0	0	0	0	0	0	0
00.000,00.000	2.4	0	-200	0	4.5	10.6586	8.90031	1.75829	0	0	0	0	0	0	0	0	0	0	0	0	0	0	0	0	0	0
00.000,00.000	2.5	0	-200	0	4.5	11.4442	9.41616	2.02805	0	0	0	0	0	0	0	0	0	0	0	0	0	0	0	0	0	0
00.000,00.000	2.6	0	-200	0	4.5	12.2969	9.99951	2.29735	0	0	0	0	0	0	0	0	0	0	0	0	0	0	0	0	0	0
00.000,00.000	2.7	0	-200	0	4.5	13.2221	10.6565	2.5656	0	0	0	0	0	0	0	0	0	0	0	0	0	0	0	0	0	0
00.000,00.000	2.8	0	-200	0	4.5	14.2111	11.3784	2.83278	0	0	0	0	0	0	0	0	0	0	0	0	0	0	0	0	0	0
00.000,00.000	2.9	0	-200	0	4.5	15.2755	12.1749	3.10059	0	0	0	0	0	0	0	0	0	0	0	0	0	0	0	0	0	0
00.000,00.000	3	0	-200	0	4.5	16.4138	13.0461	3.36771	0	0	0	0	0	0	0	0	0	0	0	0	0	0	0	0	0	0
00.000,00.000	3.1	0	-200	0	4.5	17.5857	13.9521	3.6336	0	0	0	0	0	0	0	0	0	0	0	0	0	0	0	0	0	0
00.000,00.000	3.2	0	-200	0	4.5	18.7571	14.8579	3.89912	0	0	0	0	0	0	0	0	0	0	0	0	0	0	0	0	0	0
00.000,00.000	3.3	0	-200	0	4.5	19.9278	15.7629	4.16492	0	0	0	0	0	0	0	0	0	0	0	0	0	0	0	0	0	0
00.000,00.000	3.4	0	-200	0	4.5	21.0962	16.6666	4.42959	0	0	0	0	0	0	0	0	0	0	0	0	0	0	0	0	0	0
00.000,00.000	3.5	0	-200	0	4.5	22.2571	17.5638	4.69323	0	0	0	0	0	0	0	0	0	0	0	0	0	0	0	0	0	0
00.000,00.000	3.6	0	-200	0	4.5	23.4053	18.4491	4.9562	0	0	0	0	0	0	0	0	0	0	0	0	0	0	0	0	0	0
00.000,00.000	3.7	0	-200	0	4.5	24.5478	19.3288	5.21903	0	0	0	0	0	0	0	0	0	0	0	0	0	0	0	0	0	0
00.000,00.000	3.8	0	-200	0	4.5	25.6825	20.2015	5.48097	0	0	0	0	0	0	0	0	0	0	0	0	0	0	0	0	0	0
00.000,00.000	3.9	0	-200	0	4.5	26.8123	21.0699	5.74241	0	0	0	0	0	0	0	0	0	0	0	0	0	0	0	0	0	0
00.000,00.000	4	0	-200	0	4.5	27.9407	21.9369	6.00375	0	0	0	0	0	0	0	0	0	0	0	0	0	0	0	0	0	0
00.000,00.000	4.1	0	-200	0	4.5	28.8981	22.6335	6.26457	0	0	0	0	0	0	0	0	0	0	0	0	0	0	0	0	0	0
00.000,00.000	4.2	0	-200	0	4.5	29.4943	22.9697	6.5246	0	0	0	0	0	0	0	0	0	0	0	0	0	0	0	0	0	0
00.000,00.000	4.3	0	-200	0	4.5	30.041	23.257	6.78398	0	0	0	0	0	0	0	0	0	0	0	0	0	0	0	0	0	0
00.000,00.000	4.4	0	-200	0	4.5	30.5816	23.5386	7.04304	0	0	0	0	0	0	0	0	0	0	0	0	0	0	0	0	0	0
00.000,00.000	4.5	0	-200	0	4.5	31.1154	23.814	7.30134	0	0	0	0	0	0	0	0	0	0	0	0	0	0	0	0	0	0
00.000,00.000	4.6	0	-200	0	4.5	31.4842	23.9254	7.55876	0	0	0	0	0	0	0	0	0	0	0	0	0	0	0	0	0	0
00.000,00.000	4.7	0	-200	0	4.5	31.7677	23.9522	7.81552	0	0	0	0	0	0	0	0	0	0	0	0	0	0	0	0	0	0
00.000,00.000	4.8	0	-200	0	4.5	32.0474	23.9754	8.072	0	0	0	0	0	0	0	0	0	0	0	0	0	0	0	0	0	0
00.000,00.000	4.9	0	-200	0	4.5	32.3236	23.9955	8.3281	0	0	0	0	0	0	0	0	0	0	0	0	0	0	0	0	0	0
00.000,00.000	5	0	-200	0	4.5	32.5961	24.0126	8.58346	0	0	0	0	0	0	0	0	0	0	0	0	0	0	0	0	0	0
00.000,00.000	5.1	0	-200	0	4.5	32.8684	24.0302	8.83814	0	0	0	0	0	0	0	0	0	0	0	0	0	0	0	0	0	0
00.000,00.000	5.2	0	-200	0	4.5	33.1436	24.051	9.09259	0	0	0	0	0	0	0	0	0	0	0	0	0	0	0	0	0	0
00.000,00.000	5.3	0	-200	0	4.5	33.4216	24.075	9.34657	0	0	0	0	0	0	0	0	0	0	0	0	0	0	0	0	0	0
00.000,00.000	5.4	0	-200	0	4.5	33.7027	24.1031	9.59959	0	0	0	0	0	0	0	0	0	0	0	0	0	0	0	0	0	0
00.000,00.000	5.5	0	-200	0	4.5	33.9835	24.1325	9.85096	0	0	0	0	0	0	0	0	0	0	0	0	0	0	0	0	0	0
00.000,00.000	5.6	0	-200	0	4.5	34.2689	24.1662	10.1027	0	0	0	0	0	0	0	0	0	0	0	0	0	0	0	0	0	0
00.000,00.000	5.7	0	-200	0	4.5	34.557	24.2033	10.1194	0.234284	0	0	0	0	0	0	0	0	0	0	0	0	0	0	0	0	0
00.000,00.000	5.8	0	-200	0	4.5	34.8488	24.2447	10.119	0.485052	0	0	0	0	0	0	0	0	0	0	0	0	0	0	0	0	0
00.000,00.000	5.9	0	-200	0	4.5	35.1445	24.2904	10.1189	0.735207	0	0	0	0	0	0	0	0	0	0	0	0	0	0	0	0	0
00.000,00.000	6	0	-200	0	4.5	35.4431	24.3396	10.1189	0.98457	0	0	0	0	0	0	0	0	0	0	0	0	0	0	0	0	0
00.000,00.000	6.1	0	-200	0	4.5	35.7451	24.3925	10.1192	1.23334	0	0	0	0	0	0	0	0	0	0	0	0	0	0	0	0	0
00.000,00.000	6.2	0	-200	0	4.5	36.0512	24.4492	10.1206	1.48142	0	0	0	0	0	0	0	0	0	0	0	0	0	0	0	0	0
00.000,00.000	6.3	0	-200	0	4.5	36.3621	24.5101	10.123	1.72897	0	0	0	0	0	0	0	0	0	0	0	0	0	0	0	0	0
00.000,00.000	6.4	0	-200	0	4.5	36.6803	24.5762	10.1282	1.97587	0	0	0	0	0	0	0	0	0	0	0	0	0	0	0	0	0
00.000,00.000	6.5	0	-200	0	4.5	37.0021	24.6459	10.1344	2.22175	0	0	0	0	0	0	0	0	0	0	0	0	0	0	0	0	0
00.000,00.000	6.6	0	-200	0	4.5	37.3366	24.7249	10.1442	2.4675	0	0	0	0	0	0	0	0	0	0	0	0	0	0	0	0	0
00.000,00.000	6.7	0	-200	0	4.5	37.6812	24.8127	10.1562	2.7123	0	0	0	0	0	0	0	0	0	0	0	0	0	0	0	0	0
00.000,00.000	6.8	0	-200	0	4.5	38.0407	24.9129	10.1711	2.95665	0	0	0	0	0	0	0	0	0	0	0	0	0	0	0	0	0
00.000,00.000	6.9	0	-200	0	4.5	38.4165	25.0266	10.1893	3.20054	0	0	0	0	0	0	0	0	0	0	0	0	0	0	0	0	0
00.000,00.000	7	0	-200	0	4.5	38.8108	25.156	10.2109	3.44389	0	0	0	0	0	0	0	0	0	0	0	0	0	0	0	0	0
00.000,00.000	7.1	0	-200	0	4.5	39.2278	25.3055	10.2357	3.68654	0	0	0	0	0	0	0	0	0	0	0	0	0	0	0	0	0
00.000,00.000	7.2	0	-200	0	4.5	39.6679	25.4756	10.2637	3.92862	0	0	0	0	0	0	0	0	0	0	0	0	0	0	0	0	0
00.000,00.000	7.3	0	-200	0	4.5	40.1346	25.6689	10.2952	4.17044	0	0	0	0	0	0	0	0	0	0	0	0	0	0	0	0	0
00.000,00.000	7.4	0	-200	0	4.5	40.6294	25.8879	10.3299	4.41156	0	0	0	0	0	0	0	0	0	0	0	0	0	0	0	0	0
00.000,00.000	7.5	0	-200	0	4.5	41.1417	26.124	10.3664	4.65132	0	0	0	0	0	0	0	0	0	0	0	0	0	0	0	0	0
00.000,00.000	7.6	0	-200	0	4.5	41.69	26.3907	10.4084	4.89083	0	0	0	0	0	0	0	0	0	0	0	0	0	0	0	0	0
00.000,00.000	7.7	0	-200	0	4.5	42.2638	26.6807	10.4533	5.1298	0	0	0	0	0	0	0	0	0	0	0	0	0	0	0	0	0
00.000,00.000	7.8	0	-200	0	4.5	42.8734	27.003	10.5019	5.36849	0	0	0	0	0	0	0	0	0	0	0	0	0	0	0	0	0
00.000,00.000	7.9	0	-200	0	4.5	43.5235	27.3621	10.5548	5.60653	0	0	0	0	0	0	0	0	0	0	0	0	0	0	0	0	0
00.000,00.000	8	0	-200	0	4.5	44.2087	27.7534	10.6114	5.8439	0	0	0	0	0	0	0	0	0	0	0	0	0	0	0	0	0
00.000,00.000	8.1	0	-200	0	4.5	44.9337	28.1809	10.6718	6.08102	0	0	0	0	0	0	0	0	0	0	0	0	0	0	0	0	0
00.000,00.000	8.2	0	-200	0	4.5	45.6952	28.6416	10.736	6.31754	0	0	0	0	0	0	0	0	0	0	0	0	0	0	0	0	0
00.000,00.000	8.3	0	-200	0	4.5	46.493	29.1343	10.8053	6.55336	0	0	0	0	0	0	0	0	0	0	0	0	0	0	0	0	0
00.000,00.000	8.4	0	-200	0	4.5	47.3264	29.6591	10.8786	6.78865	0	0	0	0	0	0	0	0	0	0	0	0	0	0	0	0	0
00.000,00.000	8.5	0	-200	0	4.5	48.1888	30.2095	10.956	7.02327	0	0	0	0	0	0	0	0	0	0	0	0	0	0	0	0	0
00.000,00.000	8.6	0	-200	0	4.5	49.0847	30.7878	11.0393	7.25758	0	0	0	0	0	0	0	0	0	0	0	0	0	0	0	0	0
00.000,00.000	8.7	0	-200	0	4.5	49.9819	31.3674	11.1239	7.49063	0	0	0	0	0	0	0	0	0	0	0	0	0	0	0	0	0
00.000,00.000	8.8	0	-200	0	4.5	50.9347	31.9951	11.2161	7.7236	0	0	0	0	0	0	0	0	0	0	0	0	0	0	0	0	0
00.000,00.000	8.9	0	-200	0	4.5	51.8977	32.6314	11.3107	7.95558	0	0	0	0	0	0	0	0	0	0	0	0	0	0	0	0	0
00.000,00.000	9	0	-200	0	4.5	52.9114	33.3114	11.4123	8.18765	0	0	0	0	0	0	0	0	0	0	0	0	0	0	0	0	0
00.000,00.000	9.1	0	-200	0	4.5	53.9647	34.0273	11.5183	8.41912	0	0	0	0	0	0	0	0	0	0	0	0	0	0	0	0	0
00.000,00.000	9.2	0	-200	0	4.5	55.0659	34.786	11.63	8.6499	0	0	0	0	0	0	0	0	0	0	0	0	0	0	0	0	0
00.000,00.000	9.3	0	-200	0	4.5	56.2177	35.5908	11.7468	8.8801	0	0	0	0	0	0	0	0	0	0	0	0	0	0	0	0	0
00.000,00.000	9.4	0	-200	0	4.5	57.4185	36.4397	11.869	9.10986	0	0	0	0	0	0	0	0	0	0	0	0	0	0	0	0	0
00.000,00.000	9.5	0	-200	0	4.5	58.6589	37.3236	11.9962	9.33907	0	0	0	0	0	0	0	0	0	0	0	0	0	0	0	0	0
00.000,00.000	9.6	0	-200	0	4.5	59.9381	38.2413	12.1293	9.56759	0	0	0	0	0	0	0	0	0	0	0	0	0	0	0	0	0
00.000,00.000	9.7	0	-200	0	4.5	61.2411	39.1798	12.266	9.79525	0	0	0	0	0	0	0	0	0	0	0	0	0	0	0	0	0
00.000,00.000	9.8	0	-200	0	4.5	62.5969	40.1651	12.4092	10.0225	0	0	0	0	0	0	0	0	0	0	0	0	0	0	0	0	0
00.000,00.000	9.9	0	-200	0	4.5	64.0007	41.1926	12.5586	10.1514	0.098014	0	0	0	0	0	0	0	0	0	0	0	0	0	0	0	0
00.000,00.000	10	0	-200	0	4.5	65.4651	42.2723	12.7171	10.1512	0.32451	0	0	0	0	0	0	0	0	0	0	0	0	0	0	0	0
00.000,00.000	10.1	0	-200	0	4.5	66.9866	43.404	12.8812	10.1511	0.550285	0	0	0	0	0	0	0	0	0	0	0	0	0	0	0	0
00.000,00.000	10.2	0	-200	0	4.5	68.5734	44.5945	13.0523	10.1511	0.775475	0	0	0	0	0	0	0	0	0	0	0	0	0	0	0	0
00.000,00.000	10.3	0	-200	0	4.5	70.228	45.8447	13.232	10.1511	1.00019	0	0	0	0	0	0	0	0	0	0	0	0	0	0	0	0
00.000,00.000	10.4	0	-200	0	4.5	71.9472	47.1529	13.419	10.1511	1.22426	0	0	0	0	0	0	0	0	0	0	0	0	0	0	0	0
00.000,00.000	10.5	0	-200	0	4.5	73.7164	48.5044	13.6132	10.1512	1.44765	0	0	0	0	0	0	0	0	0	0	0	0	0	0	0	0
00.000,00.000	10.6	0	-200	0	4.5	75.5285	49.8917	13.8145	10.152	1.67042	0	0	0	0	0	0	0	0	0	0	0	0	0	0	0	0
00.000,00.000	10.7	0	-200	0	4.5	77.3797	51.3116	14.0227	10.1529	1.89257	0	0	0	0	0	0	0	0	0	0	0	0	0	0	0	0
00.000,00.000	10.8	0	-200	0	4.5	79.2911	52.7836	14.239	10.1542	2.11427	0	0	0	0	0	0	0	0	0	0	0	0	0	0	0	0
00.000,00.000	10.9	0	-200	0	4.5	81.2776	54.3214	14.4639	10.1567	2.33556	0	0	0	0	0	0	0	0	0	0	0	0	0	0	0	0
00.000,00.000	11	0	-200	0	4.5	83.3414	55.9288	14.6967	10.1597	2.55627	0	0	0	0	0	0	0	0	0	0	0	0	0	0	0	0
00.000,00.000	11.1	0	-200	0	4.5	85.4787	57.6021	14.9368	10.1634	2.7763	0	0	0	0	0	0	0	0	0	0	0	0	0	0	0	0
00.000,00.000	11.2	0	-200	0	4.5	87.6965	59.3479	15.1846	10.168	2.99593	0	0	0	0	0	0	0	0	0	0	0	0	0	0	0	0
00.000,00.000	11.3	0	-200	0	4.5	90.0081	61.1786	15.4401	10.1743	3.21513	0	0	0	0	0	0	0	0	0	0	0	0	0	0	0	0
00.000,00.000	11.4	0	-200	0	4.5	92.4154	63.0965	15.7037	10.1815	3.43375	0	0	0	0	0	0	0	0	0	0	0	0	0	0	0	0
00.000,00.000	11.5	0	-200	0	4.5	94.8787	65.0625	15.9747	10.1899	3.65167	0	0	0	0	0	0	0	0	0	0	0	0	0	0	0	0
00.000,00.000	11.6	0	-200	0	4.5	97.3763	67.055	16.2525	10.1999	3.86889	0	0	0	0	0	0	0	0	0	0	0	0	0	0	0	0
00.000,00.000	11.7	0	-200	0	4.5	99.9198	69.085	16.5381	10.211	4.08574	0	0	0	0	0	0	0	0	0	0	0	0	0	0	0	0
00.000,00.000	11.8	0	-200	0	4.5	102.516	71.1597	16.831	10.2233	4.3019	0	0	0	0	0	0	0	0	0	0	0	0	0	0	0	0
00.000,00.000	11.9	0	-200	0	4.5	105.212	73.3235	17.1329	10.2377	4.51751	0	0	0	0	0	0	0	0	0	0	0	0	0	0	0	0
00.000,00.000	12	0	-200	0	4.5	108.132	75.6775	17.4578	10.2541	4.74238	0	0	0	0	0	0	0	0	0	0	0	0	0	0	0	0
00.000,00.000	12.1	0	-200	0	4.5	111.136	78.1006	17.7918	10.272	4.97198	0	0	0	0	0	0	0	0	0	0	0	0	0	0	0	0
00.000,00.000	12.2	0	-200	0	4.5	114.053	80.4549	18.1207	10.2908	5.18658	0	0	0	0	0	0	0	0	0	0	0	0	0	0	0	0
00.000,00.000	12.3	0	-200	0	4.5	117.013	82.8422	18.4584	10.3124	5.40015	0	0	0	0	0	0	0	0	0	0	0	0	0	0	0	0
00.000,00.000	12.4	0	-200	0	4.5	120.014	85.26	18.805	10.3356	5.61314	0	0	0	0	0	0	0	0	0	0	0	0	0	0	0	0
00.000,00.000	12.5	0	-200	0	4.5	124.175	88.6103	19.2953	10.3706	5.89867	0	0	0	0	0	0	0	0	0	0	0	0	0	0	0	0
00.000,00.000	12.6	0	-200	0	4.5	127.009	90.8816	19.6341	10.3962	6.09749	0	0	0	0	0	0	0	0	0	0	0	0	0	0	0	0
00.000,00.000	12.7	0	-200	0	4.5	130.082	93.2266	20.1158	10.4272	6.31199	0	0	0	0	0	0	0	0	0	0	0	0	0	0	0	0
00.000,00.000	12.8	0	-200	0	4.5	132.632	95.001	20.6882	10.4545	6.48866	0	0	0	0	0	0	0	0	0	0	0	0	0	0	0	0
00.000,00.000	12.9	0	-200	0	4.5	134.749	96.4854	21.1524	10.4786	6.6328	0	0	0	0	0	0	0	0	0	0	0	0	0	0	0	0
00.000,00.000	13	0	-200	0	4.5	138.414	99.0618	21.9516	10.5226	6.87756	0	0	0	0	0	0	0	0	0	0	0	0	0	0	0	0
00.000,00.000	13.1	0	-200	0	4.5	141.786	101.405	22.7128	10.567	7.10168	0	0	0	0	0	0	0	0	0	0	0	0	0	0	0	0
00.000,00.000	13.2	0	-200	0	4.5	144.987	103.412	23.6536	10.6111	7.31039	0	0	0	0	0	0	0	0	0	0	0	0	0	0	0	0
00.000,00.000	13.3	0	-200	0	4.5	148.234	105.449	24.6079	10.6582	7.51843	0	0	0	0	0	0	0	0	0	0	0	0	0	0	0	0
00.000,00.000	13.4	0	-200	0	4.5	151.532	107.524	25.5734	10.7088	7.72638	0	0	0	0	0	0	0	0	0	0	0	0	0	0	0	0
00.000,00.000	13.5	0	-200	0	4.5	157.258	111.123	27.2478	10.8016	8.08483	0	0	0	0	0	0	0	0	0	0	0	0	0	0	0	0
00.000,00.000	13.6	0	-200	0	4.5	159.384	112.457	27.8711	10.8381	8.21798	0	0	0	0	0	0	0	0	0	0	0	0	0	0	0	0
00.000,00.000	13.7	0	-200	0	4.5	162.43	114.373	28.77	10.8949	8.39124	0	0	0	0	0	0	0	0	0	0	0	0	0	0	0	0
00.000,00.000	13.8	0	-200	0	4.5	164.003	115.357	29.2311	10.9254	8.48953	0	0	0	0	0	0	0	0	0	0	0	0	0	0	0	0
00.000,00.000	13.9	0	-200	0	4.5	165.468	116.304	29.6703	10.9566	8.53728	0	0	0	0	0	0	0	0	0	0	0	0	0	0	0	0
00.000,00.000	14	0	-200	0	4.5	169.59	119.052	30.9294	11.0514	8.55759	0	0	0	0	0	0	0	0	0	0	0	0	0	0	0	0
00.000,00.000	14.1	0	-200	0	4.5	173.127	121.427	32.0126	11.1363	8.55115	0	0	0	0	0	0	0	0	0	0	0	0	0	0	0	0
00.000,00.000	14.2	0	-200	0	4.5	176.299	123.542	32.9825	11.2162	8.55827	0	0	0	0	0	0	0	0	0	0	0	0	0	0	0	0
00.000,00.000	14.3	0	-200	0	4.5	179.461	125.648	33.9543	11.3	8.55827	0	0	0	0	0	0	0	0	0	0	0	0	0	0	0	0
00.000,00.000	14.4	0	-200	0	4.5	182.59	127.723	34.9206	11.3882	8.55827	0	0	0	0	0	0	0	0	0	0	0	0	0	0	0	0
00.000,00.000	14.5	0	-200	0	4.5	190.548	132.948	37.4157	11.6266	8.55827	0	0	0	0	0	0	0	0	0	0	0	0	0	0	0	0
00.000,00.000	14.6	0	-200	0	4.5	192.067	133.925	37.9086	11.6751	8.55827	0	0	0	0	0	0	0	0	0	0	0	0	0	0	0	0
00.000,00.000	14.7	0	-200	0	4.5	194.132	135.246	38.5806	11.7465	8.55827	0	0	0	0	0	0	0	0	0	0	0	0	0	0	0	0
00.000,00.000	14.8	0	-200	0	4.5	194.458	135.453	38.6887	11.7583	8.55827	0	0	0	0	0	0	0	0	0	0	0	0	0	0	0	0
00.000,00.000	14.9	0	-200	0	4.5	200.492	139.243	40.695	11.9958	8.55827	0	0	0	0	0	0	0	0	0	0	0	0	0	0	0	0
00.000,00.000	15	0	-200	0	4.5	204.701	141.878	42.0952	12.1695	8.55827	0	0	0	0	0	0	0	0	0	0	0	0	0	0	0	0
00.000,00.000	15.1	0	-200	0	4.5	207.546	143.649	43.0444	12.2937	8.55836	0	0	0	0	0	0	0	0	0	0	0	0	0	0	0	0
00.000,00.000	15.2	0	-200	0	4.5	210.3	145.349	43.9708	12.4208	8.55975	0	0	0	0	0	0	0	0	0	0	0	0	0	0	0	0
00.000,00.000	15.3	0	-200	0	4.5	213.028	147.018	44.8951	12.5537	8.56146	0	0	0	0	0	0	0	0	0	0	0	0	0	0	0	0
00.000,00.000	15.4	0	-200	0	4.5	215.721	148.651	45.8149	12.692	8.56391	0	0	0	0	0	0	0	0	0	0	0	0	0	0	0	0
00.000,00.000	15.5	0	-200	0	4.5	227.229	155.516	49.8111	13.3215	8.58042	0	0	0	0	0	0	0	0	0	0	0	0	0	0	0	0
00.000,00.000	15.6	0	-200	0	4.5	229.412	156.781	50.598	13.4481	8.58499	0	0	0	0	0	0	0	0	0	0	0	0	0	0	0	0
00.000,00.000	15.7	0	-200	0	4.5	229.853	157.033	50.758	13.4751	8.58664	0	0	0	0	0	0	0	0	0	0	0	0	0	0	0	0
00.000,00.000	15.8	0	-200	0	4.5	229.853	157.033	50.758	13.4751	8.58664	0	0	0	0	0	0	0	0	0	0	0	0	0	0	0	0
00.000,00.000	15.9	0	-200	0	4.5	238.856	162.4	53.2319	14.5794	8.6455	0	0	0	0	0	0	0	0	0	0	0	0	0	0	0	0
00.000,00.000	16	0	-200	0	4.5	242.923	164.817	53.9779	15.4498	8.67823	0	0	0	0	0	0	0	0	0	0	0	0	0	0	0	0
00.000,00.000	16.1	0	-200	0	4.5	244.927	166.023	54.3243	15.8796	8.69987	0	0	0	0	0	0	0	0	0	0	0	0	0	0	0	0
00.000,00.000	16.2	0	-200	0	4.5	246.964	167.244	54.6251	16.3703	8.72468	0	0	0	0	0	0	0	0	0	0	0	0	0	0	0	0
00.000,00.000	16.3	0	-200	0	4.5	248.976	168.444	54.9151	16.8638	8.75277	0	0	0	0	0	0	0	0	0	0	0	0	0	0	0	0
00.000,00.000	16.4	0	-200	0	4.5	250.986	169.637	55.1989	17.3655	8.78444	0	0	0	0	0	0	0	0	0	0	0	0	0	0	0	0
00.000,00.000	16.5	0	-200	0	4.5	263.039	176.689	56.9141	20.4357	8.99939	0	0	0	0	0	0	0	0	0	0	0	0	0	0	0	0
00.000,00.000	16.6	0	-200	0	4.5	265.377	178.035	57.2412	21.0563	9.04423	0	0	0	0	0	0	0	0	0	0	0	0	0	0	0	0
00.000,00.000	16.7	0	-200	0	4.5	287.414	190.279	60.4096	27.1665	9.55931	0	0	0	0	0	0	0	0	0	0	0	0	0	0	0	0
00.000,00.000	16.8	0	-200	0	4.5	292.987	193.465	61.1942	28.6359	9.69162	0	0	0	0	0	0	0	0	0	0	0	0	0	0	0	0
00.000,00.000	16.9	0	-200	0	4.5	302.717	199.468	62.9313	30.3072	10.0106	0	0	0	0	0	0	0	0	0	0	0	0	0	0	0	0
00.000,00.000	17	0	-200	0	4.5	307.014	202.25	63.6055	31.0004	10.1588	0	0	0	0	0	0	0	0	0	0	0	0	0	0	0	0
00.000,00.000	17.1	0	-200	0	4.5	308.845	203.416	63.9194	31.2839	10.2261	0	0	0	0	0	0	0	0	0	0	0	0	0	0	0	0
00.000,00.000	17.2	0	-200	0	4.5	310.732	204.611	64.2506	31.5717	10.2991	0	0	0	0	0	0	0	0	0	0	0	0	0	0	0	0
00.000,00.000	17.3	0	-200	0	4.5	312.678	205.835	64.6041	31.8621	10.3774	0	0	0	0	0	0	0	0	0	0	0	0	0	0	0	0
00.000,00.000	17.4	0	-200	0	4.5	314.692	207.091	64.9832	32.1567	10.4614	0	0	0	0	0	0	0	0	0	0	0	0	0	0	0	0
00.000,00.000	17.5	0	-200	0	4.5	328.756	215.757	67.7384	34.188	11.0731	0	0	0	0	0	0	0	0	0	0	0	0	0	0	0	0
00.000,00.000	17.6	0	-200	0	4.5	331.522	217.456	68.274	34.595	11.1979	0	0	0	0	0	0	0	0	0	0	0	0	0	0	0	0
00.000,00.000	17.7	0	-200	0	4.5	358.348	232.781	74.4682	38.4876	12.6113	0	0	0	0	0	0	0	0	0	0	0	0	0	0	0	0
00.000,00.000	17.8	0	-200	0	4.5	365.278	236.891	76.1668	39.2574	12.9621	0	0	0	0	0	0	0	0	0	0	0	0	0	0	0	0
00.000,00.000	17.9	0	-200	0	4.5	378.687	244.23	79.7542	41.0225	13.6804	0	0	0	0	0	0	0	0	0	0	0	0	0	0	0	0
00.000,00.000	18	0	-200	0	4.5	384.487	247.476	81.291	41.7389	13.9814	0	0	0	0	0	0	0	0	0	0	0	0	0	0	0	0
00.000,00.000	18.1	0	-200	0	4.5	387.01	248.972	81.9099	42.0299	14.0981	0	0	0	0	0	0	0	0	0	0	0	0	0	0	0	0
00.000,00.000	18.2	0	-200	0	4.5	389.51	250.396	82.5613	42.3343	14.2186	0	0	0	0	0	0	0	0	0	0	0	0	0	0	0	0
00.000,00.000	18.3	0	-200	0	4.5	392.063	251.838	83.2354	42.6481	14.341	0	0	0	0	0	0	0	0	0	0	0	0	0	0	0	0
00.000,00.000	18.4	0	-200	0	4.5	394.73	253.338	83.9464	42.9773	14.4679	0	0	0	0	0	0	0	0	0	0	0	0	0	0	0	0
00.000,00.000	18.5	0	-200	0	4.5	420.028	266.089	92.1223	46.1214	15.695	0	0	0	0	0	0	0	0	0	0	0	0	0	0	0	0
00.000,00.000	18.6	0	-200	0	4.5	425.291	268.528	94.044	46.7547	15.9639	0	0	0	0	0	0	0	0	0	0	0	0	0	0	0	0
00.000,00.000	18.7	0	-200	0	4.5	464.819	284.248	109.79	52.4951	18.287	0	0	0	0	0	0	0	0	0	0	0	0	0	0	0	0
00.000,00.000	18.8	0	-200	0	4.5	474.182	288.485	112.859	53.947	18.8909	0	0	0	0	0	0	0	0	0	0	0	0	0	0	0	0
00.000,00.000	18.9	0	-200	0	4.5	487.842	294.225	117.756	56.0754	19.786	0	0	0	0	0	0	0	0	0	0	0	0	0	0	0	0
00.000,00.000	19	0	-200	0	4.5	494.787	297.157	120.273	57.1979	20.1585	0	0	0	0	0	0	0	0	0	0	0	0	0	0	0	0
00.000,00.000	19.1	0	-200	0	4.5	497.611	298.462	121.242	57.6075	20.2989	0	0	0	0	0	0	0	0	0	0	0	0	0	0	0	0
00.000,00.000	19.2	0	-200	0	4.5	500.376	299.755	122.174	58.0105	20.4371	0	0	0	0	0	0	0	0	0	0	0	0	0	0	0	0
00.000,00.000	19.3	0	-200	0	4.5	503.133	301.009	123.119	58.427	20.578	0	0	0	0	0	0	0	0	0	0	0	0	0	0	0	0
00.000,00.000	19.4	0	-200	0	4.5	505.951	302.292	124.077	58.8581	20.7228	0	0	0	0	0	0	0	0	0	0	0	0	0	0	0	0
00.000,00.000	19.5	0	-200	0	4.5	508.95	303.644	125.1	59.3275	20.8793	0	0	0	0	0	0	0	0	0	0	0	0	0	0	0	0
00.000,00.000	19.6	0	-200	0	4.5	526.809	311.297	131.304	62.3151	21.8933	0	0	0	0	0	0	0	0	0	0	0	0	0	0	0	0
00.000,00.000	19.7	0	-200	0	4.5	535.707	315.35	134.232	63.7673	22.3573	0	0	0	0	0	0	0	0	0	0	0	0	0	0	0	0
00.000,00.000	19.8	0	-200	0	4.5	535.728	315.36	134.239	63.771	22.3585	0	0	0	0	0	0	0	0	0	0	0	0	0	0	0	0
00.000,00.000	19.9	0	-200	0	4.5	546.1	320.104	137.69	65.4116	22.8947	0	0	0	0	0	0	0	0	0	0	0	0	0	0	0	0
00.000,00.000	20	0	-200	0	4.5	549.438	321.621	138.78	65.9603	23.0771	0	0	0	0	0	0	0	0	0	0	0	0	0	0	0	0
00.000,00.000	20.1	0	-200	0	4.5	561.442	327.084	142.757	67.8693	23.7317	0	0	0	0	0	0	0	0	0	0	0	0	0	0	0	0
00.000,00.000	20.2	0	-200	0	4.5	567.551	329.874	144.76	68.8433	24.0737	0	0	0	0	0	0	0	0	0	0	0	0	0	0	0	0
00.000,00.000	20.3	0	-200	0	4.5	570.807	331.371	145.828	69.3568	24.2517	0	0	0	0	0	0	0	0	0	0	0	0	0	0	0	0
00.000,00.000	20.4	0	-200	0	4.5	574.196	332.934	146.938	69.8868	24.437	0	0	0	0	0	0	0	0	0	0	0	0	0	0	0	0
00.000,00.000	20.5	0	-200	0	4.5	577.652	334.524	148.074	70.4271	24.6269	0	0	0	0	0	0	0	0	0	0	0	0	0	0	0	0
00.000,00.000	20.6	0	-200	0	4.5	581.152	336.122	149.232	70.9768	24.8211	0	0	0	0	0	0	0	0	0	0	0	0	0	0	0	0
00.000,00.000	20.7	0	-200	0	4.5	606.79	347.309	157.435	74.9692	26.2475	0	0	0	0.83035	0	0	0	0	0	0	0	0	0	0	0	0
00.000,00.000	20.8	0	-200	0	4.5	616.375	351.509	160.397	76.4327	26.7762	0	0	0	1.26101	0	0	0	0	0	0	0	0	0	0	0	0
00.000,00.000	20.9	0	-200	0	4.5	616.42	351.528	160.41	76.4393	26.7785	0	0	0	1.26291	0	0	0	0	0	0	0	0	0	0	0	0
00.000,00.000	21	0	-200	0	4.5	641.719	362.848	168.173	80.2252	28.1508	0	0	0	2.32221	0	0	0	0	0	0	0	0	0	0	0	0
00.000,00.000	21.1	0	-200	0	4.5	652.339	367.609	171.282	81.914	28.7546	4.21885e-15	0	0	2.7794	0	0	0	0	0	0	0	0	0	0	0	0
00.000,00.000	21.2	0	-200	0	4.5	656.326	369.407	172.446	82.5245	28.9944	0.014906	0	0	2.93969	0	0	0	0	0	0	0	0	0	0	0	0
00.000,00.000	21.3	0	-200	0	4.5	660.47	371.287	173.647	83.1566	29.2453	0.0306129	0	0	3.10371	0	0	0	0	0	0	0	0	0	0	0	0
00.000,00.000	21.4	0	-200	0	4.5	676.998	378.976	178.223	85.6885	30.2631	0.094815	0	0	3.7528	0	0	0	0	0	0	0	0	0	0	0	0
00.000,00.000	21.5	0	-200	0	4.5	680.199	380.605	178.876	86.2385	30.4805	0.108563	0	0	3.88992	0	0	0	0	0	0	0	0	0	0	0	0
00.000,00.000	21.6	0	-200	0	4.5	712.714	395.449	187.89	91.3494	32.6268	0.239395	0	0	5.1601	0	0	0	0	0	0	0	0	0	0	0	0
00.000,00.000	21.7	0	-200	0	4.5	738.114	407.402	194.674	95.2296	34.3531	0.341465	0	0	6.11459	0	0	0	0	0	0	0	0	0	0	0	0
00.000,00.000	21.8	0	-200	0	4.5	739.9	408.195	195.199	95.5024	34.4724	0.348926	0	0	6.18325	0	0	0	0	0	0	0	0	0	0	0	0
00.000,00.000	21.9	0	-200	0	4.5	740.126	408.298	195.262	95.5366	34.4872	0.349847	0	0	6.19138	0	0	0	0	0	0	0	0	0	0	0	0
00.000,00.000	22	0	-200	0	4.5	741.781	409.083	195.714	95.785	34.5911	0.356824	0	0	6.25092	0	0	0	0	0	0	0	0	0	0	0	0
00.000,00.000	22.1	0	-200	0	4.5	757.707	416.485	200.195	98.1246	35.6297	0.474785	0	0	6.79738	0	0	0	0	0	0	0	0	0	0	0	0
00.000,00.000	22.2	0	-200	0	4.5	765.802	420.26	202.507	99.3125	36.0963	0.549801	0	0	7.07624	0	0	0	0	0	0	0	0	0	0	0	0
00.000,00.000	22.3	0	-200	0	4.5	770.616	422.572	203.824	100.012	36.3762	0.596872	0	0	7.23595	0	0	0	0	0	0	0	0	0	0	0	0
00.000,00.000	22.4	0	-200	0	4.5	785.771	429.912	207.92	102.169	37.2979	0.742534	0	0	7.48566	0.24441	0	0	0	0	0	0	0	0	0	0	0
00.000,00.000	22.5	0	-200	0	4.5	789.024	431.444	208.836	102.618	37.5014	0.787165	0	0	7.48496	0.353248	0	0	0	0	0	0	0	0	0	0	0
00.000,00.000	22.6	0	-200	0	4.5	808.847	440.436	214.386	105.538	38.9786	1.00333	0	0	7.48566	1.02006	0	0	0	0	0	0	0	0	0	0	0
00.000,00.000	22.7	0	-200	0	4.5	837.414	452.972	222.569	109.9	41.0926	1.41667	0	0	7.48566	1.97827	0	0	0	0	0	0	0	0	0	0	0
00.000,00.000	22.8	0	-200	0	4.5	841.206	454.446	223.735	110.53	41.4051	1.48768	0	0	7.48566	2.11596	0	0	0	0	0	0	0	0	0	0	0
00.000,00.000	22.9	0	-200	0	4.5	864.299	463.41	230.906	114.291	43.4322	1.85311	0	0	7.48566	2.92189	0	0	0	0	0	0	0	0	0	0	0
00.000,00.000	23	0	-200	0	4.5	871.336	466.17	233.132	115.414	43.9761	1.9834	0	0	7.48567	3.17473	0	0	0	0	0	0	0	0	0	0	0
00.000,00.000	23.1	0	-200	0	4.5	880.928	470.061	236.132	116.875	44.7606	2.12965	0	0	7.48637	3.48334	0	0	0	0	0	0	0	0	0	0	0
00.000,00.000	23.2	0	-200	0	4.5	887.688	472.841	238.244	117.875	45.3075	2.23616	0	0	7.48693	3.69698	0	0	0	0	0	0	0	0	0	0	0
00.000,00.000	23.3	0	-200	0	4.5	893.006	475.115	239.854	118.622	45.7354	2.33801	0	0	7.48753	3.85452	0	0	0	0	0	0	0	0	0	0	0
00.000,00.000	23.4	0	-200	0	4.5	905.343	480.511	243.567	120.293	46.7095	2.56723	0	0	7.48926	4.20538	0	0	0	0	0	0	0	0	0	0	0
00.000,00.000	23.5	0	-200	0	4.5	908.176	481.737	244.448	120.67	46.9213	2.62409	0	0	7.48971	4.28662	0	0	0	0	0	0	0	0	0	0	0
00.000,00.000	23.6	0	-200	0	4.5	923.186	488.12	249.101	122.665	48.1863	2.91091	0	0	7.49313	4.71032	0	0	0	0	0	0	0	0	0	0	0
00.000,00.000	23.7	0	-200	0	4.5	927.367	489.896	250.42	123.174	48.5611	2.99369	0	0	7.49457	4.82749	0	0	0	0	0	0	0	0	0	0	0
00.000,00.000	23.8	0	-200	0	4.5	936.16	493.814	253.053	124.27	49.3039	3.15987	0	0	7.49917	5.05986	0	0	0	0	0	0	0	0	0	0	0
00.000,00.000	23.9	0	-200	0	4.5	951.827	500.958	257.66	126.203	50.5635	3.45994	0	0	7.50949	5.47187	0	0	0	0	0	0	0	0	0	0	0
00.000,00.000	24	0	-200	0	4.5	955.073	502.472	258.572	126.604	50.8274	3.52518	0	0	7.51223	5.55916	0	0	0	0	0	0	0	0	0	0	0
00.000,00.000	24.1	0	-200	0	4.5	965.518	507.422	261.548	127.819	51.6464	3.72203	0.0173835	0	7.52347	5.81941	0	0	0	0	0	0	0	0	0	0	0
00.000,00.000	24.2	0	-200	0	4.5	973.485	511.241	263.769	128.722	52.2764	3.87475	0.0507883	0	7.53359	6.01743	0	0	0	0	0	0	0	0	0	0	0
00.000,00.000	24.3	0	-200	0	4.5	979.991	514.393	265.574	129.441	52.7828	3.99708	0.0857917	0	7.544	6.17362	0	0	0	0	0	0	0	0	0	0	0
00.000,00.000	24.4	0	-200	0	4.5	991.405	519.985	268.716	130.678	53.662	4.2106	0.146319	0	7.56489	6.44182	0	0	0	0	0	0	0	0	0	0	0
00.000,00.000	24.5	0	-200	0	4.5	994.163	521.346	269.458	130.961	53.8801	4.26391	0.175688	0	7.57081	6.50745	0	0	0	0	0	0	0	0	0	0	0
00.000,00.000	24.6	0	-200	0	4.5	1002.78	525.613	271.785	131.864	54.5509	4.42595	0.239304	0	7.59339	6.70683	0	0	0	0	0	0	0	0	0	0	0
00.000,00.000	24.7	0	-200	0	4.5	1016.29	532.355	275.397	133.233	55.6124	4.69227	0.348694	0	7.63303	7.01773	0	0	0	0	0	0	0	0	0	0	0
00.000,00.000	24.8	0	-200	0	4.5	1019.28	533.859	276.182	133.513	55.8388	4.774	0.379829	0	7.64262	7.08715	0	0	0	0	0	0	0	0	0	0	0
00.000,00.000	24.9	0	-200	0	4.5	1043.82	546.395	282.629	135.805	57.7181	5.31791	0.578479	0	7.73262	7.64641	0	0	0	0	0	0	0	0	0	0	0
00.000,00.000	25	0	-200	0	4.5	1049.84	549.509	284.154	136.325	58.1656	5.5048	0.641568	0	7.75576	7.78246	0	0	0	0	0	0	0	0	0	0	0
00.000,00.000	25.1	0	-200	0	4.5	1065.02	557.541	287.972	137.607	59.3213	5.87766	0.769193	0	7.8209	8.11349	0	0	0	0	0	0	0	0	0	0	0
00.000,00.000	25.2	0	-200	0	4.5	1075.03	562.896	290.43	138.423	60.0866	6.12791	0.861869	0	7.86667	8.33323	0	0	0	0	0	0	0	0	0	0	0
00.000,00.000	25.3	0	-200	0	4.5	1082.17	566.745	292.197	138.987	60.6258	6.29923	0.924645	0	7.90204	8.48758	0	0	0	0	0	0	0	0	0	0	0
00.000,00.000	25.4	0	-200	0	4.5	1110.3	582.113	299.057	141.027	62.8326	6.95447	1.17399	0	8.05147	9.09261	0	0	0	0	0	0	0	0	0	0	0
00.000,00.000	25.5	0	-200	0	4.5	1117.61	586.235	300.732	141.476	63.4429	7.127	1.25017	0	8.09279	9.25353	0	0	0	0	0	0	0	0	0	0	0
00.000,00.000	25.6	0	-200	0	4.5	1152.79	605.148	309.419	143.88	66.428	7.93901	1.5835	0.0553933	8.28489	9.57464	0.47249	0	0	0	0	0	0	0	0	0	0
00.000,00.000	25.7	0	-200	0	4.5	1160.53	609.126	311.378	144.444	67.1338	8.13162	1.67536	0.0816751	8.31933	9.57464	0.662645	0	0	0	0	0	0	0	0	0	0
00.000,00.000	25.8	0	-200	0	4.5	1178.52	618.055	316.267	145.626	68.9008	8.54779	1.86603	0.144262	8.4398	9.57464	1.09557	0	0	0	0	0	0	0	0	0	0
00.000,00.000	25.9	0	-200	0	4.5	1201.46	629.242	322.609	147.092	71.2228	9.07913	2.05557	0.315086	8.60255	9.57503	1.66417	0	0	0	0	0	0	0	0	0	0
00.000,00.000	26	0	-200	0	4.5	1205.61	631.254	323.774	147.354	71.6225	9.17131	2.08463	0.373951	8.63034	9.57539	1.76803	0	0	0	0	0	0	0	0	0	0
00.000,00.000	26.1	0	-200	0	4.5	1218.65	637.584	327.499	148.14	72.9294	9.40766	2.15976	0.522759	8.7389	9.57781	2.08507	0	0	0	0	0	0	0	0	0	0
00.000,00.000	26.2	0	-200	0	4.5	1227.38	641.825	330.004	148.66	73.7982	9.55744	2.21166	0.631899	8.81131	9.58003	2.29792	0	0	0	0	0	0	0	0	0	0
00.000,00.000	26.3	0	-200	0	4.5	1233.73	644.908	331.852	149.025	74.423	9.66453	2.24608	0.706828	8.86844	9.58289	2.44945	0	0	0	0	0	0	0	0	0	0
00.000,00.000	26.4	0	-200	0	4.5	1291.91	672.575	349.204	152.605	80.0879	10.59	2.55244	1.41938	9.42247	9.61797	3.83196	0	0	0	0	0	0	0	0	0	0
00.000,00.000	26.5	0	-200	0	4.5	1309.31	680.536	354.734	153.699	81.7326	10.8339	2.64477	1.66457	9.57962	9.63107	4.25094	0	0	0	0	0	0	0	0	0	0
00.000,00.000	26.6	0	-200	0	4.5	1321.72	686.306	358.598	154.425	82.9591	11.0161	2.70524	1.81944	9.70587	9.64656	4.53871	0	0	0	0	0	0	0	0	0	0
00.000,00.000	26.7	0	-200	0	4.5	1350.77	699.37	367.797	156.152	85.9307	11.4639	2.848	2.25535	10.0191	9.69145	5.24127	0	0	0	0	0	0	0	0	0	0
00.000,00.000	26.8	0	-200	0	4.5	1374.06	710.234	374.995	157.464	88.203	11.7968	2.95379	2.63928	10.2675	9.73246	5.77483	0	0	0	0	0	0	0	0	0	0
00.000,00.000	26.9	0	-200	0	4.5	1376.3	711.274	375.696	157.588	88.4103	11.8275	2.96359	2.68413	10.2903	9.73686	5.82527	0	0	0	0	0	0	0	0	0	0
00.000,00.000	27	0	-200	0	4.5	1395.38	720.451	381.481	158.6	90.1792	12.0563	3.03899	3.06349	10.4964	9.78165	6.2351	0	0	0	0	0	0	0	0	0	0
00.000,00.000	27.1	0	-200	0	4.5	1414.33	729.621	387.222	159.592	91.8799	12.2727	3.11114	3.46489	10.7005	9.83019	6.63652	0	0	0	0	0	0	0	0	0	0
00.000,00.000	27.2	0	-200	0	4.5	1423.46	734.079	389.953	160.078	92.7039	12.3681	3.14408	3.64807	10.8011	9.85588	6.82659	0	0	0	0	0	0	0	0	0	0
00.000,00.000	27.3	0	-200	0	4.5	1430.73	737.695	392.08	160.458	93.3625	12.4378	3.16868	3.78746	10.8835	9.87824	6.97487	0	0	0	0	0	0	0	0	0	0
00.000,00.000	27.4	0	-200	0	4.5	1438.12	741.413	394.22	160.836	94.0269	12.5037	3.19234	3.93043	10.9686	9.90326	7.12335	0	0	0	0	0	0	0	0	0	0
00.000,00.000	27.5	0	-200	0	4.5	1445.52	745.181	396.332	161.207	94.6863	12.5652	3.21501	4.07487	11.0564	9.93039	7.27185	0	0	0	0	0	0	0	0	0	0
00.000,00.000	27.6	0	-200	0	4.5	1452.82	748.936	398.373	161.569	95.3363	12.6221	3.23663	4.22356	11.1465	9.95939	7.42021	0	0	0	0	0	0	0	0	0	0
00.000,00.000	27.7	0	-200	0	4.5	1460.09	752.705	400.393	161.919	95.9755	12.6745	3.25721	4.37288	11.2337	9.99041	7.56814	0	0	0	0	0	0	0	0	0	0
00.000,00.000	27.8	0	-200	0	4.5	1467.27	756.46	402.368	162.258	96.6033	12.7224	3.27677	4.52503	11.3149	10.0237	7.71594	0	0	0	0	0	0	0	0	0	0
00.000,00.000	27.9	0	-200	0	4.5	1480.14	763.261	405.862	162.842	97.7214	12.8007	3.31049	4.79681	11.47	10.088	7.98542	0	0	0	0	0	0	0	0	0	0
00.000,00.000	28	0	-200	0	4.5	1483.47	765.052	406.75	162.991	97.9954	12.8207	3.31896	4.8746	11.5056	10.1054	8.05543	0	0	0	0	0	0	0	0	0	0
00.000,00.000	28.1	0	-200	0	4.5	1492.71	770.119	409.149	163.372	98.7634	12.8649	3.34055	5.06552	11.6253	10.1574	8.24806	0	0	0	0	0	0	0	0	0	0
00.000,00.000	28.2	0	-200	0	4.5	1500.69	774.548	411.191	163.692	99.4129	12.9	3.35851	5.23537	11.7277	10.2052	8.41523	0	0	0	0	0	0	0	0	0	0
00.000,00.000	28.3	0	-200	0	4.5	1507.58	778.424	412.925	163.955	99.9643	12.9255	3.37305	5.37992	11.8217	10.25	8.55894	0	0	0	0	0	0	0	0	0	0
00.000,00.000	28.4	0	-200	0	4.5	1509.28	779.394	413.349	164.018	100.096	12.9314	3.37653	5.41732	11.8426	10.2616	8.5948	0	0	0	0	0	0	0	0	0	0
00.000,00.000	28.5	0	-200	0	4.5	1549.25	802.413	423.125	165.401	103.151	13.0256	3.45014	6.26328	12.4297	10.5585	9.08207	0.348119	0	0	0	0	0	0	0	0	0
00.000,00.000	28.6	0	-200	0	4.5	1596.15	828.478	434.862	167.072	106.998	13.1262	3.53963	7.41167	13.1916	10.9635	9.08495	1.42135	0	0	0	0	0	0	0	0	0
00.000,00.000	28.7	0	-200	0	4.5	1604.15	833.154	436.677	167.374	107.599	13.1415	3.55355	7.61636	13.3216	11.0334	9.08496	1.59621	0	0	0	0	0	0	0	0	0
00.000,00.000	28.8	0	-200	0	4.5	1604.67	833.454	436.794	167.393	107.638	13.1421	3.55432	7.62922	13.3304	11.0384	9.08503	1.60729	0	0	0	0	0	0	0	0	0
00.000,00.000	28.9	0	-200	0	4.5	1605.49	833.951	436.973	167.421	107.696	13.1429	3.55539	7.64882	13.3444	11.0466	9.08518	1.6243	0	0	0	0	0	0	0	0	0
00.000,00.000	29	0	-200	0	4.5	1616.66	840.744	439.366	167.804	108.466	13.1522	3.56804	7.91125	13.5415	11.1658	9.08811	1.85374	0	0	0	0	0	0	0	0	0
00.000,00.000	29.1	0	-200	0	4.5	1628.66	847.999	441.931	168.232	109.292	13.1612	3.58052	8.1977	13.764	11.3033	9.09204	2.1052	0	0	0	0	0	0	0	0	0
00.000,00.000	29.2	0	-200	0	4.5	1635.94	852.494	443.433	168.485	109.774	13.1655	3.58689	8.36632	13.9013	11.3903	9.09491	2.25484	0	0	0	0	0	0	0	0	0
00.000,00.000	29.3	0	-200	0	4.5	1642.23	856.416	444.699	168.696	110.174	13.1798	3.59127	8.50686	14.0226	11.469	9.09787	2.38194	0	0	0	0	0	0	0	0	0
00.000,00.000	29.4	0	-200	0	4.5	1680.64	880.662	452.179	169.971	112.54	13.3026	3.61126	9.34131	14.7883	11.9772	9.11984	3.15181	0	0	0	0	0	0	0	0	0
00.000,00.000	29.5	0	-200	0	4.5	1691.3	887.25	454.292	170.365	113.21	13.3373	3.61638	9.58462	15.0155	12.1293	9.12784	3.37674	0	0	0	0	0	0	0	0	0
00.000,00.000	29.6	0	-200	0	4.5	1701.08	893.224	456.32	170.697	113.814	13.3647	3.61847	9.80081	15.2365	12.2814	9.13823	3.58403	0	0	0	0	0	0	0	0	0
00.000,00.000	29.7	0	-200	0	4.5	1726.96	907.206	462.411	171.752	115.752	13.4501	3.62097	10.5071	15.9932	12.8074	9.17924	4.27939	0	0	0	0	0	0	0	0	0
00.000,00.000	29.8	0	-200	0	4.5	1736.16	912.383	464.46	172.117	116.393	13.4776	3.62112	10.743	16.2576	12.9931	9.19519	4.51469	0	0	0	0	0	0	0	0	0
00.000,00.000	29.9	0	-200	0	4.5	1736.48	912.566	464.531	172.129	116.414	13.4784	3.62112	10.7507	16.2671	12.9998	9.19586	4.5227	0	0	0	0	0	0	0	0	0
00.000,00.000	30	0	-200	0	4.5	1737.06	912.901	464.659	172.151	116.452	13.4798	3.62112	10.7646	16.2852	13.0129	9.1973	4.5375	0	0	0	0	0	0	0	0	0
00.000,00.000	30.1	0	-200	0	4.5	1751.35	921.41	467.597	172.646	117.317	13.5092	3.62112	11.0761	16.7204	13.3321	9.23562	4.88155	0	0	0	0	0	0	0	0	0
00.000,00.000	30.2	0	-200	0	4.5	1759.25	926.121	469.201	172.934	117.783	13.5245	3.62112	11.2477	16.9698	13.5165	9.25881	5.0747	0	0	0	0	0	0	0	0	0
00.000,00.000	30.3	0	-200	0	4.5	1763.85	928.882	470.135	173.093	118.043	13.532	3.62112	11.3419	17.1185	13.6282	9.27396	5.18557	0	0	0	0	0	0	0	0	0
00.000,00.000	30.4	0	-200	0	4.5	1771.83	933.791	471.678	173.352	118.47	13.5425	3.62112	11.4952	17.378	13.8257	9.30259	5.373	0	0	0	0	0	0	0	0	0
00.000,00.000	30.5	0	-200	0	4.5	1773.8	935.001	472.056	173.419	118.573	13.5449	3.62112	11.5331	17.445	13.877	9.31046	5.42047	0	0	0	0	0	0	0	0	0
00.000,00.000	30.6	0	-200	0	4.5	1779.48	938.532	473.084	173.614	118.866	13.5496	3.62112	11.6362	17.6476	14.035	9.33632	5.55824	0	0	0	0	0	0	0	0	0
00.000,00.000	30.7	0	-200	0	4.5	1801.11	950.79	477.31	174.515	120.23	13.5669	3.62112	12.1142	18.4361	14.8249	9.47118	6.22744	0	0	0	0	0	0	0	0	0
00.000,00.000	30.8	0	-200	0	4.5	1827.42	967.078	481.943	175.481	121.622	13.5811	3.62112	12.5928	19.2543	15.6905	9.62539	6.92641	0	0	0	0	0	0	0	0	0
00.000,00.000	30.9	0	-200	0	4.5	1830.02	968.669	482.411	175.582	121.758	13.5823	3.62112	12.6401	19.339	15.7807	9.64181	6.99738	0	0	0	0	0	0	0	0	0
00.000,00.000	31	0	-200	0	4.5	1862.19	988.419	488.469	176.689	123.312	13.5883	3.62112	13.1506	20.3039	16.9301	9.86509	7.84047	0	0	0	0	0	0	0	0	0
00.000,00.000	31.1	0	-200	0	4.5	1875.28	996.406	490.997	177.196	123.923	13.5898	3.62112	13.3542	20.6324	17.4108	9.96113	8.18579	0	0	0	0	0	0	0	0	0
00.000,00.000	31.2	0	-200	0	4.5	1879.23	998.979	491.673	177.316	124.084	13.5898	3.62112	13.4054	20.7377	17.5504	9.99136	8.28064	0	0	0	0	0	0	0	0	0
00.000,00.000	31.3	0	-200	0	4.5	1883.22	1001.58	492.35	177.432	124.241	13.5898	3.62112	13.4548	20.8476	17.6995	10.0251	8.37791	0	0	0	0	0	0	0	0	0
00.000,00.000	31.4	0	-200	0	4.5	1891.32	1007.03	493.647	177.638	124.527	13.5898	3.62112	13.5434	21.0659	17.9985	10.0958	8.56506	0	0	0	0	0	0	0	0	0
00.000,00.000	31.5	0	-200	0	4.5	1893.31	1008.37	493.971	177.688	124.593	13.5898	3.62112	13.5641	21.1148	18.0732	10.1138	8.61069	0	0	0	0	0	0	0	0	0
00.000,00.000	31.6	0	-200	0	4.5	1898.98	1012.23	494.835	177.813	124.775	13.5898	3.62112	13.6183	21.2782	18.3065	10.1727	8.74549	0	0	0	0	0	0	0	0	0
00.000,00.000	31.7	0	-200	0	4.5	1903.73	1015.57	495.502	177.906	124.91	13.5898	3.62112	13.6579	21.4045	18.4956	10.2215	8.8511	0	0	0	0	0	0	0	0	0
00.000,00.000	31.8	0	-200	0	4.5	1907.64	1018.31	496.051	177.976	125.018	13.5898	3.62112	13.6888	21.5117	18.6643	10.2662	8.94122	0	0	0	0	0	0	0	0	0
00.000,00.000	31.9	0	-200	0	4.5	1927.21	1031.98	498.788	178.305	125.547	13.5898	3.62112	13.8395	21.9968	19.5986	10.5207	9.12536	0.294338	0	0	0	0	0	0	0	0
00.000,00.000	32	0	-200	0	4.5	1931.53	1035.09	499.389	178.374	125.651	13.5898	3.62112	13.8696	22.0527	19.7966	10.5754	9.12536	0.393548	0	0	0	0	0	0	0	0
00.000,00.000	32.1	0	-200	0	4.5	1944.58	1044.61	501.036	178.536	125.927	13.5898	3.62112	13.9447	22.3323	20.4149	10.7526	9.12536	0.684136	0	0	0	0	0	0	0	0
00.000,00.000	32.2	0	-200	0	4.5	1951.59	1049.75	501.948	178.628	126.058	13.5898	3.62112	13.9816	22.4613	20.7493	10.85	9.12536	0.837197	0	0	0	0	0	0	0	0
00.000,00.000	32.3	0	-200	0	4.5	1955.63	1052.81	502.412	178.669	126.116	13.5898	3.62112	13.9979	22.5377	20.9326	10.9047	9.12536	0.917163	0	0	0	0	0	0	0	0
00.000,00.000	32.4	0	-200	0	4.5	1963.06	1058.51	503.227	178.731	126.209	13.5898	3.62112	14.0224	22.6754	21.2757	11.0093	9.12536	1.06062	0	0	0	0	0	0	0	0
00.000,00.000	32.5	0	-200	0	4.5	1968.31	1062.59	503.78	178.771	126.267	13.5898	3.62112	14.037	22.767	21.5207	11.0852	9.12536	1.15984	0	0	0	0	0	0	0	0
00.000,00.000	32.6	0	-200	0	4.5	1972.33	1065.68	504.193	178.799	126.31	13.5898	3.62112	14.0466	22.8447	21.7258	11.1501	9.12536	1.23952	0	0	0	0	0	0	0	0
00.000,00.000	32.7	0	-200	0	4.5	2002.08	1088.06	507.019	179.008	126.659	13.5898	3.62112	14.1151	23.5191	23.6383	11.7674	9.12536	1.95734	0	0	0	0	0	0	0	0
00.000,00.000	32.8	0	-200	0	4.5	2016.19	1098.97	508.343	179.093	126.792	13.5898	3.62112	14.1393	23.7744	24.4526	12.0349	9.12591	2.25347	0	0	0	0	0	0	0	0
00.000,00.000	32.9	0	-200	0	4.5	2016.15	1098.94	508.344	179.094	126.791	13.5898	3.62112	14.1393	23.769	24.4526	12.0349	9.12591	2.25347	0	0	0	0	0	0	0	0
00.000,00.000	33	0	-200	0	4.5	2051.65	1126.94	511.365	179.259	127.036	13.5898	3.62112	14.17	24.4076	26.4698	12.734	9.13882	2.92111	0	0	0	0	0	0	0	0
00.000,00.000	33.1	0	-200	0	4.5	2065.87	1138.14	512.556	179.324	127.125	13.5898	3.69145	14.1802	24.6434	27.2722	13.0145	9.14586	3.18225	0	0	0	0	0	0	0	0
00.000,00.000	33.2	0	-200	0	4.5	2070.14	1141.56	512.888	179.339	127.148	13.5898	3.71007	14.1818	24.7178	27.502	13.0972	9.14984	3.25346	0	0	0	0	0	0	0	0
00.000,00.000	33.3	0	-200	0	4.5	2074.27	1144.9	513.191	179.352	127.166	13.5898	3.72675	14.1829	24.7877	27.7192	13.1768	9.15476	3.31874	0	0	0	0	0	0	0	0
00.000,00.000	33.4	0	-200	0	4.5	2084.57	1153.33	513.891	179.38	127.206	13.5898	3.76491	14.1846	24.9606	28.2464	13.3749	9.16982	3.47211	0	0	0	0	0	0	0	0
00.000,00.000	33.5	0	-200	0	4.5	2086.95	1155.26	514.062	179.386	127.214	13.5898	3.77366	14.1849	24.9989	28.3711	13.4223	9.17376	3.5078	0	0	0	0	0	0	0	0
00.000,00.000	33.6	0	-200	0	4.5	2100.51	1165.85	514.995	179.533	127.265	13.5898	3.83055	14.1852	25.291	29.2434	13.7675	9.20868	3.75064	0	0	0	0	0	0	0	0
00.000,00.000	33.7	0	-200	0	4.5	2114.04	1176.51	515.849	179.763	127.306	13.5898	3.88163	14.1852	25.5669	30.0634	14.1001	9.24565	3.97469	0	0	0	0	0	0	0	0
00.000,00.000	33.8	0	-200	0	4.5	2124.29	1184.64	516.469	179.934	127.333	13.5898	3.9172	14.1852	25.7751	30.6723	14.356	9.27755	4.13661	0	0	0	0	0	0	0	0
00.000,00.000	33.9	0	-200	0	4.5	2125.25	1185.4	516.53	179.95	127.335	13.5898	3.92045	14.1852	25.7937	30.73	14.3806	9.28079	4.15175	0	0	0	0	0	0	0	0
00.000,00.000	34	0	-200	0	4.5	2145.58	1201.8	517.634	180.252	127.369	13.5898	3.97956	14.1852	26.1832	31.888	14.9	9.35684	4.44473	0	0	0	0	0	0	0	0
00.000,00.000	34.1	0	-200	0	4.5	2156.1	1210.24	518.252	180.405	127.385	13.5898	4.00897	14.1852	26.3795	32.4857	15.1725	9.39891	4.59406	0	0	0	0	0	0	0	0
00.000,00.000	34.2	0	-200	0	4.5	2160.31	1213.64	518.498	180.461	127.389	13.5898	4.01945	14.1852	26.457	32.7178	15.2825	9.41718	4.65051	0	0	0	0	0	0	0	0
00.000,00.000	34.3	0	-200	0	4.5	2164.36	1216.94	518.717	180.513	127.393	13.5898	4.02862	14.1852	26.5303	32.9373	15.39	9.436	4.70275	0	0	0	0	0	0	0	0
00.000,00.000	34.4	0	-200	0	4.5	2168.43	1220.27	518.925	180.562	127.395	13.5898	4.037	14.1852	26.6027	33.1545	15.5001	9.45615	4.75344	0	0	0	0	0	0	0	0
00.000,00.000	34.5	0	-200	0	4.5	2172.55	1223.65	519.12	180.608	127.396	13.5898	4.0446	14.2094	26.6742	33.3693	15.6126	9.47763	4.80262	0	0	0	0	0	0	0	0
00.000,00.000	34.6	0	-200	0	4.5	2176.37	1226.7	519.294	180.656	127.397	13.5898	4.05212	14.2353	26.7514	33.6037	15.7391	9.50277	4.85539	0	0	0	0	0	0	0	0
00.000,00.000	34.7	0	-200	0	4.5	2214.65	1257.39	521.12	181.081	127.397	13.5898	4.11474	14.4715	27.6179	35.8006	16.9707	9.75666	5.34077	0	0	0	0	0	0	0	0
00.000,00.000	34.8	0	-200	0	4.5	2222.13	1263.43	521.503	181.163	127.397	13.5898	4.12641	14.5173	27.8128	36.1289	17.2173	9.80847	5.43521	0	0	0	0	0	0	0	0
00.000,00.000	34.9	0	-200	0	4.5	2227.18	1267.56	521.73	181.213	127.397	13.5898	4.13214	14.5448	27.9374	36.3501	17.3832	9.84569	5.49279	0	0	0	0	0	0	0	0
00.000,00.000	35	0	-200	0	4.5	2233.89	1273.07	522.023	181.279	127.397	13.5898	4.13889	14.5824	28.1018	36.6367	17.6081	9.89731	5.56802	0	0	0	0	0	0	0	0
00.000,00.000	35.1	0	-200	0	4.5	2241.59	1279.42	522.328	181.348	127.397	13.5898	4.14478	14.6395	28.2814	36.9709	17.8637	9.95778	5.64859	0	0	0	0	0	0	0	0
00.000,00.000	35.2	0	-200	0	4.5	2246.43	1283.43	522.509	181.39	127.397	13.5898	4.14761	14.6727	28.3913	37.1789	18.0267	9.99712	5.69738	0	0	0	0	0	0	0	0
00.000,00.000	35.3	0	-200	0	4.5	2250.39	1286.74	522.645	181.422	127.397	13.5898	4.14907	14.6969	28.4779	37.3453	18.1616	10.0304	5.73526	0	0	0	0	0	0	0	0
00.000,00.000	35.4	0	-200	0	4.5	2254.37	1290.08	522.772	181.452	127.397	13.5898	4.14977	14.72	28.5624	37.5091	18.2995	10.0651	5.7718	0	0	0	0	0	0	0	0
00.000,00.000	35.5	0	-200	0	4.5	2258.39	1293.48	522.891	181.481	127.397	13.5898	4.14993	14.7418	28.6449	37.6698	18.4403	10.1012	5.80695	0	0	0	0	0	0	0	0
00.000,00.000	35.6	0	-200	0	4.5	2262.46	1296.93	523.002	181.509	127.397	13.5898	4.14993	14.7621	28.7268	37.8298	18.5871	10.1395	5.8415	0	0	0	0	0	0	0	0
00.000,00.000	35.7	0	-200	0	4.5	2288.31	1318.41	523.678	181.7	127.397	13.5898	4.14993	14.8969	29.31	38.9738	19.6904	10.4327	6.0858	0	0	0	0	0	0	0	0
00.000,00.000	35.8	0	-200	0	4.5	2303.43	1331.06	524.052	181.803	127.397	13.5898	4.14993	14.9752	29.6365	39.6071	20.332	10.6059	6.22134	0	0	0	0	0	0	0	0
00.000,00.000	35.9	0	-200	0	4.5	2303.62	1331.22	524.056	181.805	127.397	13.5898	4.14993	14.9763	29.6407	39.615	20.3405	10.6083	6.22306	0	0	0	0	0	0	0	0
00.000,00.000	36	0	-200	0	4.5	2330.68	1354.16	524.606	181.962	127.397	13.5898	4.14993	15.0882	30.1685	40.6467	21.5265	10.9468	6.44007	0	0	0	0	0	0	0	0
00.000,00.000	36.1	0	-200	0	4.5	2342.01	1363.78	524.832	182.026	127.397	13.5898	4.14993	15.1383	30.3857	41.0655	22.0283	11.0916	6.52908	0	0	0	0	0	0	0	0
00.000,00.000	36.2	0	-200	0	4.5	2345.49	1366.75	524.903	182.043	127.397	13.5898	4.14993	15.1502	30.4487	41.1862	22.1823	11.1377	6.55409	0	0	0	0	0	0	0	0
00.000,00.000	36.3	0	-200	0	4.5	2349.1	1369.84	524.974	182.059	127.397	13.5898	4.14993	15.161	30.5119	41.305	22.3432	11.1869	6.57848	0	0	0	0	0	0	0	0
00.000,00.000	36.4	0	-200	0	4.5	2357.95	1377.46	525.136	182.096	127.397	13.5898	4.14993	15.1834	30.6624	41.5819	22.7423	11.3121	6.63463	0	0	0	0	0	0	0	0
00.000,00.000	36.5	0	-200	0	4.5	2359.83	1379.07	525.177	182.103	127.397	13.5898	4.14993	15.1881	30.6949	41.6402	22.8303	11.3401	6.64655	0	0	0	0	0	0	0	0
00.000,00.000	36.6	0	-200	0	4.5	2373.77	1391	525.392	182.154	127.397	13.5898	4.14993	15.2193	30.9416	42.0799	23.5409	11.5765	6.73364	0	0	0	0	0	0	0	0
00.000,00.000	36.7	0	-200	0	4.5	2385.87	1401.36	525.649	182.191	127.397	13.5898	4.14993	15.2428	31.1451	42.4279	24.1348	11.779	6.80203	0	0	0	0	0	0	0	0
00.000,00.000	36.8	0	-200	0	4.5	2396.62	1410.56	525.932	182.219	127.397	13.5898	4.14993	15.2607	31.3194	42.7144	24.6566	11.9631	6.8572	0	0	0	0	0	0	0	0
00.000,00.000	36.9	0	-200	0	4.5	2397.73	1411.51	525.964	182.221	127.397	13.5898	4.14993	15.2625	31.3377	42.7436	24.7121	11.983	6.86284	0	0	0	0	0	0	0	0
00.000,00.000	37	0	-200	0	4.5	2397.8	1411.57	525.966	182.221	127.397	13.5898	4.14993	15.2625	31.3389	42.7454	24.7158	11.9844	6.86317	0	0	0	0	0	0	0	0
00.000,00.000	37.1	0	-200	0	4.5	2417.57	1428.55	526.491	182.246	127.397	13.5898	4.14993	15.2813	31.6478	43.1927	25.7131	12.372	6.94227	0	0	0	0	0	0	0	0
00.000,00.000	37.2	0	-200	0	4.5	2426.56	1436.29	526.736	182.255	127.397	13.5898	4.14993	15.2885	31.7821	43.3842	26.2176	12.4871	6.97556	0	0	0	0	0	0	0	0
00.000,00.000	37.3	0	-200	0	4.5	2429.79	1439.1	526.818	182.256	127.397	13.5898	4.14993	15.29	31.8273	43.4475	26.395	12.5355	6.98576	0	0	0	0	0	0	0	0
00.000,00.000	37.4	0	-200	0	4.5	2433.01	1441.9	526.896	182.257	127.397	13.5898	4.14993	15.2908	31.8696	43.5059	26.5713	12.5836	6.99451	0	0	0	0	0	0	0	0
00.000,00.000	37.5	0	-200	0	4.5	2436.35	1444.83	526.974	182.257	127.397	13.5898	4.14993	15.291	31.9108	43.5622	26.752	12.6352	7.00213	0	0	0	0	0	0	0	0
00.000,00.000	37.6	0	-200	0	4.5	2440.76	1448.71	527.074	182.257	127.397	13.5898	4.14993	15.291	31.9612	43.6314	26.9865	12.7067	7.0103	0	0	0	0	0	0	0	0
00.000,00.000	37.7	0	-200	0	4.5	2462.27	1467.59	527.543	182.257	127.397	13.5898	4.14993	15.291	32.1968	43.9615	28.1433	13.113	7.04218	0	0	0	0	0	0	0	0
00.000,00.000	37.8	0	-200	0	4.5	2469.14	1473.62	527.694	182.257	127.397	13.5898	4.14993	15.291	32.2695	44.0641	28.5116	13.2452	7.05051	0	0	0	0	0	0	0	0
00.000,00.000	37.9	0	-200	0	4.5	2469.1	1473.58	527.695	182.257	127.397	13.5898	4.14993	15.291	32.2695	44.0641	28.5116	13.2452	7.05051	0	0	0	0	0	0	0	0
00.000,00.000	38	0	-200	0	4.5	2479.31	1482.6	527.912	182.257	127.397	13.5898	4.14993	15.291	32.3626	44.1656	29.0654	13.4634	7.052	0	0	0	0	0	0	0	0
00.000,00.000	38.1	0	-200	0	4.5	2486.49	1488.91	528.075	182.257	127.397	13.5898	4.14993	15.291	32.428	44.2319	29.4755	13.6293	7.052	0	0	0	0	0	0	0	0
00.000,00.000	38.2	0	-200	0	4.5	2489.64	1491.67	528.147	182.257	127.397	13.5898	4.14993	15.291	32.4554	44.2653	29.6596	13.7074	7.052	0	0	0	0	0	0	0	0
00.000,00.000	38.3	0	-200	0	4.5	2491.8	1493.55	528.198	182.257	127.397	13.5898	4.14993	15.291	32.4732	44.2891	29.7852	13.7632	7.052	0	0	0	0	0	0	0	0
00.000,00.000	38.4	0	-200	0	4.5	2502.43	1502.45	528.563	182.257	127.397	13.5898	4.14993	15.6124	32.552	44.4062	30.3718	14.0367	7.052	0	0	0	0	0	0	0	0
00.000,00.000	38.5	0	-200	0	4.5	2504.72	1504.32	528.619	182.257	127.397	13.5898	4.14993	15.749	32.5683	44.4278	30.4955	14.0955	7.052	0	0	0	0	0	0	0	0
00.000,00.000	38.6	0	-200	0	4.5	2512.88	1510.82	528.908	182.257	127.397	13.5898	4.14993	16.2767	32.6236	44.5232	30.9574	14.3308	7.052	0	0	0	0	0	0	0	0
00.000,00.000	38.7	0	-200	0	4.5	2519.88	1516.17	529.252	182.257	127.397	13.5898	4.14993	16.7798	32.6721	44.6109	31.3904	14.5588	7.052	0	0	0	0	0	0	0	0
00.000,00.000	38.8	0	-200	0	4.5	2530.26	1524.11	529.719	182.257	127.397	13.5898	4.14993	17.5449	32.7417	44.7447	32.0368	14.9167	7.052	0	0	0	0	0	0	0	0
00.000,00.000	38.9	0	-200	0	4.5	2531.79	1525.26	529.798	182.257	127.397	13.5898	4.14993	17.661	32.752	44.7632	32.1341	14.9716	7.052	0	0	0	0	0	0	0	0
00.000,00.000	39	0	-200	0	4.5	2533.21	1526.34	529.864	182.257	127.397	13.5898	4.14993	17.7694	32.7605	44.7814	32.2208	15.025	7.052	0	0	0	0	0	0	0	0
00.000,00.000	39.1	0	-200	0	4.5	2537.19	1529.22	530.191	182.257	127.397	13.5898	4.14993	18.0763	32.7833	44.8319	32.462	15.1787	7.052	0	0	0	0	0	0	0	0
00.000,00.000	39.2	0	-200	0	4.5	2540.03	1531.21	530.484	182.257	127.397	13.5898	4.14993	18.2976	32.7989	44.8673	32.6315	15.2918	7.052	0	0	0	0	0	0	0	0
00.000,00.000	39.3	0	-200	0	4.5	2542.7	1533.08	530.741	182.257	127.397	13.5898	4.14993	18.5092	32.8127	44.9189	32.7876	15.4023	7.052	0	0	0	0	0	0	0	0
00.000,00.000	39.4	0	-200	0	4.5	2546.29	1535.5	530.92	182.257	127.397	13.5898	4.14993	19.0492	32.8293	45.0162	32.985	15.55	7.052	0	0	0	0	0	0	0	0
00.000,00.000	39.5	0	-200	0	4.5	2547.22	1536.11	530.947	182.257	127.397	13.5898	4.14993	19.2059	32.8335	45.0456	33.0356	15.5893	7.052	0	0	0	0	0	0	0	0
00.000,00.000	39.6	0	-200	0	4.5	2552.64	1539.74	531.209	182.257	127.397	13.5898	4.14993	20.0518	32.8551	45.1908	33.3211	15.8296	7.052	0	0	0	0	0	0	0	0
00.000,00.000	39.7	0	-200	0	4.5	2564.06	1547.29	531.698	182.257	127.397	13.5898	4.14993	21.9255	32.8989	45.5134	33.9201	16.3618	7.052	0	0	0	0	0	0	0	0
00.000,00.000	39.8	0	-200	0	4.5	2565.8	1548.41	531.779	182.257	127.397	13.5898	4.14993	22.224	32.9056	45.57	34.0138	16.4473	7.052	0	0	0	0	0	0	0	0
00.000,00.000	39.9	0	-200	0	4.5	2580.46	1557.45	532.36	182.257	127.397	13.7849	4.73261	23.943	33.6394	45.9709	34.7102	17.1556	7.052	0	0	0	0	0	0	0	0
00.000,00.000	40	0	-200	0	4.5	2584.09	1559.6	532.509	182.257	127.397	13.7849	5.01123	24.2395	33.9477	46.0759	34.8795	17.3322	7.052	0	0	0	0	0	0	0	0
00.000,00.000	40.1	0	-200	0	4.5	2593.33	1565.11	532.867	182.257	127.397	13.7849	5.73457	25.0053	34.7349	46.318	35.2768	17.7924	7.052	0	0	0	0	0	0	0	0
00.000,00.000	40.2	0	-200	0	4.5	2596.85	1567.2	533.007	182.257	127.397	13.7849	6.0115	25.2846	35.0493	46.4101	35.4254	17.9693	7.052	0	0	0	0	0	0	0	0
00.000,00.000	40.3	0	-200	0	4.5	2598.57	1568.23	533.075	182.257	127.397	13.7849	6.14879	25.3383	35.289	46.4536	35.4927	18.0567	7.052	0	0	0	0	0	0	0	0
00.000,00.000	40.4	0	-200	0	4.5	2606.1	1572.7	533.382	182.257	127.397	13.7849	6.7551	25.453	36.469	46.6397	35.7724	18.4433	7.052	0	0	0	0	0	0	0	0
00.000,00.000	40.5	0	-200	0	4.5	2607.61	1573.56	533.471	182.257	127.397	13.7849	6.87738	25.453	36.7301	46.6767	35.8273	18.5214	7.052	0	0	0	0	0	0	0	0
00.000,00.000	40.6	0	-200	0	4.5	2615.81	1578.33	533.867	182.257	127.397	13.7849	7.55833	25.453	38.1807	46.8696	36.105	18.9547	7.052	0	0	0	0	0	0	0	0
00.000,00.000	40.7	0	-200	0	4.5	2625.64	1583.97	534.351	182.257	127.397	13.7849	8.3969	25.453	39.9646	47.0995	36.4311	19.4895	7.052	0	0	0	0	0	0	0	0
00.000,00.000	40.8	0	-200	0	4.5	2626.93	1584.7	534.424	182.257	127.397	13.7849	8.50651	25.4531	40.1975	47.1293	36.4723	19.5594	7.052	0	0	0	0	0	0	0	0
00.000,00.000	40.9	0	-200	0	4.5	2628.72	1585.72	534.517	182.257	127.397	13.7849	8.66356	25.4536	40.5278	47.169	36.5253	19.6578	7.052	0	0	0	0	0	0	0	0
00.000,00.000	41	0	-200	0	4.5	2629.13	1585.94	534.54	182.257	127.397	13.7849	8.6993	25.4538	40.6036	47.1779	36.5372	19.6804	7.052	0	0	0	0	0	0	0	0
00.000,00.000	41.1	0	-200	0	4.5	2634	1588.65	534.811	182.257	127.397	13.7849	9.14159	25.4575	41.543	47.282	36.6687	19.9566	7.052	0	0	0	0	0	0	0	0
00.000,00.000	41.2	0	-200	0	4.5	2636.71	1590.12	534.975	182.257	127.397	13.7849	9.39222	25.4613	42.0759	47.3396	36.74	20.1122	7.052	0	0	0	0	0	0	0	0
00.000,00.000	41.3	0	-200	0	4.5	2638.32	1590.98	535.08	182.257	127.397	13.7849	9.54512	25.4659	42.4005	47.3727	36.7793	20.205	7.052	0	0	0	0	0	0	0	0
00.000,00.000	41.4	0	-200	0	4.5	2641.7	1592.77	535.3	182.257	127.397	13.7849	9.87064	25.4798	43.0944	47.44	36.8563	20.4003	7.052	0	0	0	0	0	0	0	0
00.000,00.000	41.5	0	-200	0	4.5	2642.42	1593.13	535.354	182.257	127.397	13.7849	9.94126	25.4835	43.2448	47.4543	36.8724	20.4403	7.052	0	0	0	0	0	0	0	0
00.000,00.000	41.6	0	-200	0	4.5	2648.8	1596.43	535.781	182.257	127.397	13.7849	10.5932	25.5334	44.6369	47.5747	37.0022	20.7614	7.052	0	0	0	0	0	0	0	0
00.000,00.000	41.7	0	-200	0	4.5	2653.47	1599.09	536.151	182.257	127.397	13.7849	11.1441	25.5831	45.211	47.6722	37.1048	21.0264	7.052	0	0	0	0	0	0	0	0
00.000,00.000	41.8	0	-200	0	4.5	2653.86	1599.3	536.186	182.257	127.397	13.7849	11.191	25.5881	45.2612	47.6802	37.113	21.0483	7.052	0	0	0	0	0	0	0	0
00.000,00.000	41.9	0	-200	0	4.5	2653.87	1599.3	536.186	182.257	127.397	13.7849	11.1922	25.5882	45.2625	47.6804	37.1132	21.0489	7.052	0	0	0	0	0	0	0	0
00.000,00.000	42	0	-200	0	4.5	2654.08	1599.42	536.206	182.257	127.397	13.7849	11.2214	25.5931	45.2935	47.6846	37.1169	21.0617	7.052	0	0	0	0	0	0	0	0