
label	time(d)	x	depth	z	radius	total	0-10	10-20	20-30	30-40	40-50	50-60	60-70	70-80	80-90	90-100	100-110	110-120	120-130	130-140	140-150	150-160	160-170	170-180	180-190	190-200
00.000,00.000	0	0	-200	0	4.5	0	0	0	0	0	0	0	0	0	0	0	0	0	0	0	0	0	0	0	0	0
00.000,00.000	0.1	0	-200	0	4.5	0.37949	0.37949	0	0	0	0	0	0	0	0	0	0	0	0	0	0	0	0	0	0	0
00.000,00.000	0.2	0	-200	0	4.5	0.761527	0.761527	0	0	0	0	0	0	0	0	0	0	0	0	0	0	0	0	0	0	0
00.000,00.000	0.3	0	-200	0	4.5	1.14629	1.14629	0	0	0	0	0	0	0	0	0	0	0	0	0	0	0	0	0	0	0
00.000,00.000	0.4	0	-200	0	4.5	1.53366	1.53366	0	0	0	0	0	0	0	0	0	0	0	0	0	0	0	0	0	0	0
00.000,00.000	0.5	0	-200	0	4.5	1.92317	1.92317	0	0	0	0	0	0	0	0	0	0	0	0	0	0	0	0	0	0	0
00.000,00.000	0.6	0	-200	0	4.5	2.31464	2.31464	0	0	0	0	0	0	0	0	0	0	0	0	0	0	0	0	0	0	0
00.000,00.000	0.7	0	-200	0	4.5	2.70824	2.70824	0	0	0	0	0	0	0	0	0	0	0	0	0	0	0	0	0	0	0
00.000,00.000	0.8	0	-200	0	4.5	3.10392	3.10392	0	0	0	0	0	0	0	0	0	0	0	0	0	0	0	0	0	0	0
00.000,00.000	0.9	0	-200	0	4.5	3.50189	3.50189	0	0	0	0	0	0	0	0	0	0	0	0	0	0	0	0	0	0	0
00.000,00.000	1	0	-200	0	4.5	3.90291	3.90291	0	0	0	0	0	0	0	0	0	0	0	0	0	0	0	0	0	0	0
00.000,00.000	1.1	0	-200	0	4.5	4.3145	4.3145	0	0	0	0	0	0	0	0	0	0	0	0	0	0	0	0	0	0	0
00.000,00.000	1.2	0	-200	0	4.5	4.73764	4.73764	0	0	0	0	0	0	0	0	0	0	0	0	0	0	0	0	0	0	0
00.000,00.000	1.3	0	-200	0	4.5	5.17215	5.17215	0	0	0	0	0	0	0	0	0	0	0	0	0	0	0	0	0	0	0
00.000,00.000	1.4	0	-200	0	4.5	5.61775	5.61775	0	0	0	0	0	0	0	0	0	0	0	0	0	0	0	0	0	0	0
00.000,00.000	1.5	0	-200	0	4.5	6.07273	6.07273	0	0	0	0	0	0	0	0	0	0	0	0	0	0	0	0	0	0	0
00.000,00.000	1.6	0	-200	0	4.5	6.53529	6.53529	0	0	0	0	0	0	0	0	0	0	0	0	0	0	0	0	0	0	0
00.000,00.000	1.7	0	-200	0	4.5	7.0101	7.0101	0	0	0	0	0	0	0	0	0	0	0	0	0	0	0	0	0	0	0
00.000,00.000	1.8	0	-200	0	4.5	7.49901	7.36431	0.134691	0	0	0	0	0	0	0	0	0	0	0	0	0	0	0	0	0	0
00.000,00.000	1.9	0	-200	0	4.5	8.00093	7.59342	0.407509	0	0	0	0	0	0	0	0	0	0	0	0	0	0	0	0	0	0
00.000,00.000	2	0	-200	0	4.5	8.51677	7.83775	0.67902	0	0	0	0	0	0	0	0	0	0	0	0	0	0	0	0	0	0
00.000,00.000	2.1	0	-200	0	4.5	9.09892	8.14828	0.95064	0	0	0	0	0	0	0	0	0	0	0	0	0	0	0	0	0	0
00.000,00.000	2.2	0	-200	0	4.5	9.79841	8.57624	1.22217	0	0	0	0	0	0	0	0	0	0	0	0	0	0	0	0	0	0
00.000,00.000	2.3	0	-200	0	4.5	10.614	9.12136	1.4926	0	0	0	0	0	0	0	0	0	0	0	0	0	0	0	0	0	0
00.000,00.000	2.4	0	-200	0	4.5	11.5467	9.78411	1.76263	0	0	0	0	0	0	0	0	0	0	0	0	0	0	0	0	0	0
00.000,00.000	2.5	0	-200	0	4.5	12.5954	10.5631	2.03234	0	0	0	0	0	0	0	0	0	0	0	0	0	0	0	0	0	0
00.000,00.000	2.6	0	-200	0	4.5	13.7572	11.4557	2.30157	0	0	0	0	0	0	0	0	0	0	0	0	0	0	0	0	0	0
00.000,00.000	2.7	0	-200	0	4.5	15.0402	12.4703	2.56984	0	0	0	0	0	0	0	0	0	0	0	0	0	0	0	0	0	0
00.000,00.000	2.8	0	-200	0	4.5	16.4289	13.5917	2.83723	0	0	0	0	0	0	0	0	0	0	0	0	0	0	0	0	0	0
00.000,00.000	2.9	0	-200	0	4.5	17.9469	14.8417	3.10523	0	0	0	0	0	0	0	0	0	0	0	0	0	0	0	0	0	0
00.000,00.000	3	0	-200	0	4.5	19.5868	16.2144	3.37244	0	0	0	0	0	0	0	0	0	0	0	0	0	0	0	0	0	0
00.000,00.000	3.1	0	-200	0	4.5	21.282	17.6436	3.63838	0	0	0	0	0	0	0	0	0	0	0	0	0	0	0	0	0	0
00.000,00.000	3.2	0	-200	0	4.5	22.9765	19.0725	3.90401	0	0	0	0	0	0	0	0	0	0	0	0	0	0	0	0	0	0
00.000,00.000	3.3	0	-200	0	4.5	24.6702	20.5006	4.16963	0	0	0	0	0	0	0	0	0	0	0	0	0	0	0	0	0	0
00.000,00.000	3.4	0	-200	0	4.5	26.3621	21.9279	4.43423	0	0	0	0	0	0	0	0	0	0	0	0	0	0	0	0	0	0
00.000,00.000	3.5	0	-200	0	4.5	28.0459	23.348	4.69789	0	0	0	0	0	0	0	0	0	0	0	0	0	0	0	0	0	0
00.000,00.000	3.6	0	-200	0	4.5	29.7116	24.7505	4.96108	0	0	0	0	0	0	0	0	0	0	0	0	0	0	0	0	0	0
00.000,00.000	3.7	0	-200	0	4.5	31.373	26.1492	5.22387	0	0	0	0	0	0	0	0	0	0	0	0	0	0	0	0	0	0
00.000,00.000	3.8	0	-200	0	4.5	33.0285	27.5427	5.48578	0	0	0	0	0	0	0	0	0	0	0	0	0	0	0	0	0	0
00.000,00.000	3.9	0	-200	0	4.5	34.6786	28.9313	5.74726	0	0	0	0	0	0	0	0	0	0	0	0	0	0	0	0	0	0
00.000,00.000	4	0	-200	0	4.5	36.3282	30.3197	6.0085	0	0	0	0	0	0	0	0	0	0	0	0	0	0	0	0	0	0
00.000,00.000	4.1	0	-200	0	4.5	37.9757	31.7063	6.26942	0	0	0	0	0	0	0	0	0	0	0	0	0	0	0	0	0	0
00.000,00.000	4.2	0	-200	0	4.5	39.6183	33.0889	6.52932	0	0	0	0	0	0	0	0	0	0	0	0	0	0	0	0	0	0
00.000,00.000	4.3	0	-200	0	4.5	41.255	34.4664	6.78861	0	0	0	0	0	0	0	0	0	0	0	0	0	0	0	0	0	0
00.000,00.000	4.4	0	-200	0	4.5	42.8882	35.8272	7.06093	0	0	0	0	0	0	0	0	0	0	0	0	0	0	0	0	0	0
00.000,00.000	4.5	0	-200	0	4.5	44.5113	36.875	7.63625	0	0	0	0	0	0	0	0	0	0	0	0	0	0	0	0	0	0
00.000,00.000	4.6	0	-200	0	4.5	46.1264	37.9169	8.20947	0	0	0	0	0	0	0	0	0	0	0	0	0	0	0	0	0	0
00.000,00.000	4.7	0	-200	0	4.5	47.627	38.7008	8.92616	0	0	0	0	0	0	0	0	0	0	0	0	0	0	0	0	0	0
00.000,00.000	4.8	0	-200	0	4.5	48.9568	39.1875	9.76933	0	0	0	0	0	0	0	0	0	0	0	0	0	0	0	0	0	0
00.000,00.000	4.9	0	-200	0	4.5	49.9758	39.675	10.3008	0	0	0	0	0	0	0	0	0	0	0	0	0	0	0	0	0	0
00.000,00.000	5	0	-200	0	4.5	50.9866	40.1617	10.8249	0	0	0	0	0	0	0	0	0	0	0	0	0	0	0	0	0	0
00.000,00.000	5.1	0	-200	0	4.5	52.0004	40.6501	11.3504	0	0	0	0	0	0	0	0	0	0	0	0	0	0	0	0	0	0
00.000,00.000	5.2	0	-200	0	4.5	53.0161	40.9139	12.1022	0	0	0	0	0	0	0	0	0	0	0	0	0	0	0	0	0	0
00.000,00.000	5.3	0	-200	0	4.5	53.8986	41.1655	12.7332	0	0	0	0	0	0	0	0	0	0	0	0	0	0	0	0	0	0
00.000,00.000	5.4	0	-200	0	4.5	54.6756	41.2634	13.4122	0	0	0	0	0	0	0	0	0	0	0	0	0	0	0	0	0	0
00.000,00.000	5.5	0	-200	0	4.5	55.4531	41.3037	14.1494	0	0	0	0	0	0	0	0	0	0	0	0	0	0	0	0	0	0
00.000,00.000	5.6	0	-200	0	4.5	56.2397	41.3528	14.8629	0.0239586	0	0	0	0	0	0	0	0	0	0	0	0	0	0	0	0	0
00.000,00.000	5.7	0	-200	0	4.5	56.9087	41.4069	15.2268	0.274867	0	0	0	0	0	0	0	0	0	0	0	0	0	0	0	0	0
00.000,00.000	5.8	0	-200	0	4.5	57.4431	41.4691	15.4483	0.525667	0	0	0	0	0	0	0	0	0	0	0	0	0	0	0	0	0
00.000,00.000	5.9	0	-200	0	4.5	57.9651	41.5388	15.6507	0.775618	0	0	0	0	0	0	0	0	0	0	0	0	0	0	0	0	0
00.000,00.000	6	0	-200	0	4.5	58.2953	41.6159	15.6543	1.02501	0	0	0	0	0	0	0	0	0	0	0	0	0	0	0	0	0
00.000,00.000	6.1	0	-200	0	4.5	58.6313	41.7021	15.6553	1.27385	0	0	0	0	0	0	0	0	0	0	0	0	0	0	0	0	0
00.000,00.000	6.2	0	-200	0	4.5	58.9811	41.8011	15.6581	1.52196	0	0	0	0	0	0	0	0	0	0	0	0	0	0	0	0	0
00.000,00.000	6.3	0	-200	0	4.5	59.3446	41.9132	15.6619	1.76939	0	0	0	0	0	0	0	0	0	0	0	0	0	0	0	0	0
00.000,00.000	6.4	0	-200	0	4.5	59.725	42.0407	15.668	2.01636	0	0	0	0	0	0	0	0	0	0	0	0	0	0	0	0	0
00.000,00.000	6.5	0	-200	0	4.5	60.1163	42.1766	15.6772	2.26253	0	0	0	0	0	0	0	0	0	0	0	0	0	0	0	0	0
00.000,00.000	6.6	0	-200	0	4.5	60.5287	42.3312	15.6895	2.50798	0	0	0	0	0	0	0	0	0	0	0	0	0	0	0	0	0
00.000,00.000	6.7	0	-200	0	4.5	60.9664	42.5087	15.7049	2.75282	0	0	0	0	0	0	0	0	0	0	0	0	0	0	0	0	0
00.000,00.000	6.8	0	-200	0	4.5	61.4377	42.7163	15.7241	2.99723	0	0	0	0	0	0	0	0	0	0	0	0	0	0	0	0	0
00.000,00.000	6.9	0	-200	0	4.5	61.9495	42.9604	15.7479	3.24122	0	0	0	0	0	0	0	0	0	0	0	0	0	0	0	0	0
00.000,00.000	7	0	-200	0	4.5	62.5046	43.2434	15.7766	3.48457	0	0	0	0	0	0	0	0	0	0	0	0	0	0	0	0	0
00.000,00.000	7.1	0	-200	0	4.5	63.1135	43.5741	15.812	3.72751	0	0	0	0	0	0	0	0	0	0	0	0	0	0	0	0	0
00.000,00.000	7.2	0	-200	0	4.5	63.7766	43.9546	15.8523	3.96972	0	0	0	0	0	0	0	0	0	0	0	0	0	0	0	0	0
00.000,00.000	7.3	0	-200	0	4.5	64.5004	44.3906	15.8985	4.21138	0	0	0	0	0	0	0	0	0	0	0	0	0	0	0	0	0
00.000,00.000	7.4	0	-200	0	4.5	65.2928	44.8896	15.9507	4.45253	0	0	0	0	0	0	0	0	0	0	0	0	0	0	0	0	0
00.000,00.000	7.5	0	-200	0	4.5	66.1313	45.4304	16.0082	4.69269	0	0	0	0	0	0	0	0	0	0	0	0	0	0	0	0	0
00.000,00.000	7.6	0	-200	0	4.5	67.0459	46.0411	16.0726	4.93217	0	0	0	0	0	0	0	0	0	0	0	0	0	0	0	0	0
00.000,00.000	7.7	0	-200	0	4.5	68.0337	46.7194	16.1428	5.17149	0	0	0	0	0	0	0	0	0	0	0	0	0	0	0	0	0
00.000,00.000	7.8	0	-200	0	4.5	69.1032	47.4728	16.2202	5.41026	0	0	0	0	0	0	0	0	0	0	0	0	0	0	0	0	0
00.000,00.000	7.9	0	-200	0	4.5	70.2759	48.3204	16.3071	5.64837	0	0	0	0	0	0	0	0	0	0	0	0	0	0	0	0	0
00.000,00.000	8	0	-200	0	4.5	71.5487	49.2617	16.4011	5.88585	0	0	0	0	0	0	0	0	0	0	0	0	0	0	0	0	0
00.000,00.000	8.1	0	-200	0	4.5	72.9328	50.3059	16.5039	6.12298	0	0	0	0	0	0	0	0	0	0	0	0	0	0	0	0	0
00.000,00.000	8.2	0	-200	0	4.5	74.4275	51.451	16.6168	6.35969	0	0	0	0	0	0	0	0	0	0	0	0	0	0	0	0	0
00.000,00.000	8.3	0	-200	0	4.5	76.0343	52.6982	16.7403	6.59573	0	0	0	0	0	0	0	0	0	0	0	0	0	0	0	0	0
00.000,00.000	8.4	0	-200	0	4.5	77.7555	54.0484	16.876	6.83117	0	0	0	0	0	0	0	0	0	0	0	0	0	0	0	0	0
00.000,00.000	8.5	0	-200	0	4.5	79.5337	55.4434	17.0247	7.06558	0	0	0	0	0	0	0	0	0	0	0	0	0	0	0	0	0
00.000,00.000	8.6	0	-200	0	4.5	81.4297	56.9427	17.1873	7.29981	0	0	0	0	0	0	0	0	0	0	0	0	0	0	0	0	0
00.000,00.000	8.7	0	-200	0	4.5	83.4294	58.5333	17.3626	7.53344	0	0	0	0	0	0	0	0	0	0	0	0	0	0	0	0	0
00.000,00.000	8.8	0	-200	0	4.5	85.5394	60.2207	17.5521	7.76664	0	0	0	0	0	0	0	0	0	0	0	0	0	0	0	0	0
00.000,00.000	8.9	0	-200	0	4.5	87.7928	62.0374	17.7558	7.99953	0	0	0	0	0	0	0	0	0	0	0	0	0	0	0	0	0
00.000,00.000	9	0	-200	0	4.5	90.1599	63.9539	17.9743	8.23177	0	0	0	0	0	0	0	0	0	0	0	0	0	0	0	0	0
00.000,00.000	9.1	0	-200	0	4.5	92.657	65.9845	18.2092	8.46339	0	0	0	0	0	0	0	0	0	0	0	0	0	0	0	0	0
00.000,00.000	9.2	0	-200	0	4.5	95.2981	68.1433	18.4604	8.69447	0	0	0	0	0	0	0	0	0	0	0	0	0	0	0	0	0
00.000,00.000	9.3	0	-200	0	4.5	98.0878	70.4325	18.73	8.9252	0	0	0	0	0	0	0	0	0	0	0	0	0	0	0	0	0
00.000,00.000	9.4	0	-200	0	4.5	101.028	72.8545	19.0184	9.15536	0	0	0	0	0	0	0	0	0	0	0	0	0	0	0	0	0
00.000,00.000	9.5	0	-200	0	4.5	104.017	75.3107	19.3217	9.38484	0	0	0	0	0	0	0	0	0	0	0	0	0	0	0	0	0
00.000,00.000	9.6	0	-200	0	4.5	107.158	77.8968	19.6474	9.61378	0	0	0	0	0	0	0	0	0	0	0	0	0	0	0	0	0
00.000,00.000	9.7	0	-200	0	4.5	110.429	80.5922	19.9948	9.84194	0	0	0	0	0	0	0	0	0	0	0	0	0	0	0	0	0
00.000,00.000	9.8	0	-200	0	4.5	113.852	83.4149	20.3678	10.0695	0	0	0	0	0	0	0	0	0	0	0	0	0	0	0	0	0
00.000,00.000	9.9	0	-200	0	4.5	117.47	86.4037	20.769	10.2969	0	0	0	0	0	0	0	0	0	0	0	0	0	0	0	0	0
00.000,00.000	10	0	-200	0	4.5	121.246	89.525	21.197	10.4513	0.0726352	0	0	0	0	0	0	0	0	0	0	0	0	0	0	0	0
00.000,00.000	10.1	0	-200	0	4.5	125.198	92.7961	21.6515	10.4509	0.299362	0	0	0	0	0	0	0	0	0	0	0	0	0	0	0	0
00.000,00.000	10.2	0	-200	0	4.5	129.337	96.2278	22.133	10.4509	0.525141	0	0	0	0	0	0	0	0	0	0	0	0	0	0	0	0
00.000,00.000	10.3	0	-200	0	4.5	133.668	99.8243	22.6424	10.4509	0.750302	0	0	0	0	0	0	0	0	0	0	0	0	0	0	0	0
00.000,00.000	10.4	0	-200	0	4.5	138.187	103.583	23.1777	10.4512	0.974947	0	0	0	0	0	0	0	0	0	0	0	0	0	0	0	0
00.000,00.000	10.5	0	-200	0	4.5	142.74	107.358	23.7299	10.4529	1.19883	0	0	0	0	0	0	0	0	0	0	0	0	0	0	0	0
00.000,00.000	10.6	0	-200	0	4.5	147.474	111.28	24.3148	10.4572	1.4222	0	0	0	0	0	0	0	0	0	0	0	0	0	0	0	0
00.000,00.000	10.7	0	-200	0	4.5	152.355	115.302	24.945	10.463	1.64511	0	0	0	0	0	0	0	0	0	0	0	0	0	0	0	0
00.000,00.000	10.8	0	-200	0	4.5	157.416	119.473	25.6034	10.472	1.86749	0	0	0	0	0	0	0	0	0	0	0	0	0	0	0	0
00.000,00.000	10.9	0	-200	0	4.5	162.728	123.868	26.2856	10.4849	2.08952	0	0	0	0	0	0	0	0	0	0	0	0	0	0	0	0
00.000,00.000	11	0	-200	0	4.5	168.242	128.441	26.9884	10.5019	2.31087	0	0	0	0	0	0	0	0	0	0	0	0	0	0	0	0
00.000,00.000	11.1	0	-200	0	4.5	173.966	133.195	27.7171	10.5229	2.53162	0	0	0	0	0	0	0	0	0	0	0	0	0	0	0	0
00.000,00.000	11.2	0	-200	0	4.5	179.951	138.18	28.472	10.5489	2.74976	0	0	0	0	0	0	0	0	0	0	0	0	0	0	0	0
00.000,00.000	11.3	0	-200	0	4.5	186.007	143.422	29.2546	10.5801	2.74976	0	0	0	0	0	0	0	0	0	0	0	0	0	0	0	0
00.000,00.000	11.4	0	-200	0	4.5	192.324	148.889	30.0676	10.6176	2.74976	0	0	0	0	0	0	0	0	0	0	0	0	0	0	0	0
00.000,00.000	11.5	0	-200	0	4.5	198.701	154.39	30.9004	10.6607	2.74976	0	0	0	0	0	0	0	0	0	0	0	0	0	0	0	0
00.000,00.000	11.6	0	-200	0	4.5	205.288	160.064	31.7637	10.7103	2.74976	0	0	0	0	0	0	0	0	0	0	0	0	0	0	0	0
00.000,00.000	11.7	0	-200	0	4.5	212.042	165.86	32.6665	10.7661	2.74976	0	0	0	0	0	0	0	0	0	0	0	0	0	0	0	0
00.000,00.000	11.8	0	-200	0	4.5	218.999	171.822	33.5995	10.828	2.74976	0	0	0	0	0	0	0	0	0	0	0	0	0	0	0	0
00.000,00.000	11.9	0	-200	0	4.5	226.261	178.051	34.5649	10.8962	2.74976	0	0	0	0	0	0	0	0	0	0	0	0	0	0	0	0
00.000,00.000	12	0	-200	0	4.5	233.799	184.518	35.5597	10.9712	2.74976	0	0	0	0	0	0	0	0	0	0	0	0	0	0	0	0
00.000,00.000	12.1	0	-200	0	4.5	241.595	191.204	36.5881	11.0535	2.74976	0	0	0	0	0	0	0	0	0	0	0	0	0	0	0	0
00.000,00.000	12.2	0	-200	0	4.5	249.581	198.033	37.6563	11.1421	2.74976	0	0	0	0	0	0	0	0	0	0	0	0	0	0	0	0
00.000,00.000	12.3	0	-200	0	4.5	257.767	205.013	38.7659	11.2383	2.74976	0	0	0	0	0	0	0	0	0	0	0	0	0	0	0	0
00.000,00.000	12.4	0	-200	0	4.5	266.136	212.139	39.9054	11.3418	2.74976	0	0	0	0	0	0	0	0	0	0	0	0	0	0	0	0
00.000,00.000	12.5	0	-200	0	4.5	274.603	219.332	41.0674	11.4539	2.74976	0	0	0	0	0	0	0	0	0	0	0	0	0	0	0	0
00.000,00.000	12.6	0	-200	0	4.5	283.498	226.879	42.2897	11.5792	2.74976	0	0	0	0	0	0	0	0	0	0	0	0	0	0	0	0
00.000,00.000	12.7	0	-200	0	4.5	292.304	234.324	43.5194	11.711	2.74976	0	0	0	0	0	0	0	0	0	0	0	0	0	0	0	0
00.000,00.000	12.8	0	-200	0	4.5	300.626	241.044	44.9911	11.8414	2.74976	0	0	0	0	0	0	0	0	0	0	0	0	0	0	0	0
00.000,00.000	12.9	0	-200	0	4.5	309.649	248.078	46.8315	11.9891	2.74976	0	0	0	0	0	0	0	0	0	0	0	0	0	0	0	0
00.000,00.000	13	0	-200	0	4.5	318.765	255.118	48.753	12.1448	2.74976	0	0	0	0	0	0	0	0	0	0	0	0	0	0	0	0
00.000,00.000	13.1	0	-200	0	4.5	327.993	262.008	50.9257	12.3092	2.74976	0	0	0	0	0	0	0	0	0	0	0	0	0	0	0	0
00.000,00.000	13.2	0	-200	0	4.5	337.345	269	53.1117	12.4836	2.74976	0	0	0	0	0	0	0	0	0	0	0	0	0	0	0	0
00.000,00.000	13.3	0	-200	0	4.5	346.866	276.154	55.294	12.6681	2.74976	0	0	0	0	0	0	0	0	0	0	0	0	0	0	0	0
00.000,00.000	13.4	0	-200	0	4.5	356.573	283.452	57.5084	12.863	2.74976	0	0	0	0	0	0	0	0	0	0	0	0	0	0	0	0
00.000,00.000	13.5	0	-200	0	4.5	366.369	290.757	59.7933	13.0687	2.74976	0	0	0	0	0	0	0	0	0	0	0	0	0	0	0	0
00.000,00.000	13.6	0	-200	0	4.5	377.369	298.935	62.3735	13.3107	2.74976	0	0	0	0	0	0	0	0	0	0	0	0	0	0	0	0
00.000,00.000	13.7	0	-200	0	4.5	387.452	306.373	64.7876	13.5416	2.74976	0	0	0	0	0	0	0	0	0	0	0	0	0	0	0	0
00.000,00.000	13.8	0	-200	0	4.5	396.163	312.8	66.8642	13.7492	2.74976	0	0	0	0	0	0	0	0	0	0	0	0	0	0	0	0
00.000,00.000	13.9	0	-200	0	4.5	406.785	320.642	69.381	14.0119	2.74976	0	0	0	0	0	0	0	0	0	0	0	0	0	0	0	0
00.000,00.000	14	0	-200	0	4.5	417.329	328.415	71.8821	14.2817	2.74976	0	0	0	0	0	0	0	0	0	0	0	0	0	0	0	0
00.000,00.000	14.1	0	-200	0	4.5	427.813	336.062	74.4439	14.5577	2.74976	0	0	0	0	0	0	0	0	0	0	0	0	0	0	0	0
00.000,00.000	14.2	0	-200	0	4.5	438.365	343.678	77.0906	14.8464	2.74976	0	0	0	0	0	0	0	0	0	0	0	0	0	0	0	0
00.000,00.000	14.3	0	-200	0	4.5	448.976	351.319	79.7594	15.1477	2.74976	0	0	0	0	0	0	0	0	0	0	0	0	0	0	0	0
00.000,00.000	14.4	0	-200	0	4.5	459.627	358.969	82.446	15.4625	2.74976	0	0	0	0	0	0	0	0	0	0	0	0	0	0	0	0
00.000,00.000	14.5	0	-200	0	4.5	471.003	367.067	85.3703	15.8154	2.74976	0	0	0	0	0	0	0	0	0	0	0	0	0	0	0	0
00.000,00.000	14.6	0	-200	0	4.5	484.01	376.234	88.7848	16.241	2.74976	0	0	0	0	0	0	0	0	0	0	0	0	0	0	0	0
00.000,00.000	14.7	0	-200	0	4.5	494.232	383.328	91.5611	16.5931	2.74976	0	0	0	0	0	0	0	0	0	0	0	0	0	0	0	0
00.000,00.000	14.8	0	-200	0	4.5	502.609	389.074	93.889	16.8964	2.74976	0	0	0	0	0	0	0	0	0	0	0	0	0	0	0	0
00.000,00.000	14.9	0	-200	0	4.5	511.992	395.479	96.5124	17.2504	2.74976	0	0	0	0	0	0	0	0	0	0	0	0	0	0	0	0
00.000,00.000	15	0	-200	0	4.5	523.252	403.129	99.683	17.6903	2.74976	0	0	0	0	0	0	0	0	0	0	0	0	0	0	0	0
00.000,00.000	15.1	0	-200	0	4.5	533.821	410.255	102.698	18.1183	2.74976	0	0	0	0	0	0	0	0	0	0	0	0	0	0	0	0
00.000,00.000	15.2	0	-200	0	4.5	544.035	417.09	105.647	18.5485	2.74987	0	0	0	0	0	0	0	0	0	0	0	0	0	0	0	0
00.000,00.000	15.3	0	-200	0	4.5	554.179	423.814	108.62	18.994	2.75161	0	0	0	0	0	0	0	0	0	0	0	0	0	0	0	0
00.000,00.000	15.4	0	-200	0	4.5	564.279	430.444	111.628	19.4544	2.75384	0	0	0	0	0	0	0	0	0	0	0	0	0	0	0	0
00.000,00.000	15.5	0	-200	0	4.5	578.739	439.758	116.074	20.1481	2.75968	0	0	0	0	0	0	0	0	0	0	0	0	0	0	0	0
00.000,00.000	15.6	0	-200	0	4.5	586.808	444.85	118.634	20.5595	2.76493	0	0	0	0	0	0	0	0	0	0	0	0	0	0	0	0
00.000,00.000	15.7	0	-200	0	4.5	596.711	451.015	121.829	21.0931	2.77371	0	0	0	0	0	0	0	0	0	0	0	0	0	0	0	0
00.000,00.000	15.8	0	-200	0	4.5	607.002	457.309	125.228	21.6787	2.78642	0	0	0	0	0	0	0	0	0	0	0	0	0	0	0	0
00.000,00.000	15.9	0	-200	0	4.5	610.667	459.502	126.483	21.8901	2.79182	0	0	0	0	0	0	0	0	0	0	0	0	0	0	0	0
00.000,00.000	16	0	-200	0	4.5	621.653	466.067	130.224	22.5491	2.81292	0	0	0	0	0	0	0	0	0	0	0	0	0	0	0	0
00.000,00.000	16.1	0	-200	0	4.5	631.584	471.937	133.64	23.17	2.83705	0	0	0	0	0	0	0	0	0	0	0	0	0	0	0	0
00.000,00.000	16.2	0	-200	0	4.5	640.335	477.077	136.658	23.7379	2.86266	0	0	0	0	0	0	0	0	0	0	0	0	0	0	0	0
00.000,00.000	16.3	0	-200	0	4.5	649.012	482.062	139.686	24.3712	2.89319	0	0	0	0	0	0	0	0	0	0	0	0	0	0	0	0
00.000,00.000	16.4	0	-200	0	4.5	657.586	486.974	142.487	25.1971	2.92816	0	0	0	0	0	0	0	0	0	0	0	0	0	0	0	0
00.000,00.000	16.5	0	-200	0	4.5	673.619	496.068	147.753	26.7951	3.00298	0	0	0	0	0	0	0	0	0	0	0	0	0	0	0	0
00.000,00.000	16.6	0	-200	0	4.5	678.114	498.592	149.201	27.2947	3.02603	0	0	0	0	0	0	0	0	0	0	0	0	0	0	0	0
00.000,00.000	16.7	0	-200	0	4.5	688.636	504.397	152.441	28.7082	3.08988	0	0	0	0	0	0	0	0	0	0	0	0	0	0	0	0
00.000,00.000	16.8	0	-200	0	4.5	691.22	505.816	153.192	29.1057	3.10636	0	0	0	0	0	0	0	0	0	0	0	0	0	0	0	0
00.000,00.000	16.9	0	-200	0	4.5	695.325	508.062	154.419	29.7076	3.13637	0	0	0	0	0	0	0	0	0	0	0	0	0	0	0	0
00.000,00.000	17	0	-200	0	4.5	705.737	513.775	157.473	31.2717	3.21727	0	0	0	0	0	0	0	0	0	0	0	0	0	0	0	0
00.000,00.000	17.1	0	-200	0	4.5	714.31	518.418	159.978	32.625	3.28807	0	0	0	0	0	0	0	0	0	0	0	0	0	0	0	0
00.000,00.000	17.2	0	-200	0	4.5	721.878	522.49	162.002	34.0318	3.35462	0	0	0	0	0	0	0	0	0	0	0	0	0	0	0	0
00.000,00.000	17.3	0	-200	0	4.5	729.323	526.461	163.984	35.4532	3.42428	0	0	0	0	0	0	0	0	0	0	0	0	0	0	0	0
00.000,00.000	17.4	0	-200	0	4.5	736.654	530.334	165.938	36.8847	3.49694	0	0	0	0	0	0	0	0	0	0	0	0	0	0	0	0
00.000,00.000	17.5	0	-200	0	4.5	752.721	538.738	170.182	40.1381	3.66328	0	0	0	0	0	0	0	0	0	0	0	0	0	0	0	0
00.000,00.000	17.6	0	-200	0	4.5	759.704	542.271	172.11	41.585	3.73767	0	0	0	0	0	0	0	0	0	0	0	0	0	0	0	0
00.000,00.000	17.7	0	-200	0	4.5	761.151	543.001	172.503	41.8928	3.75426	0	0	0	0	0	0	0	0	0	0	0	0	0	0	0	0
00.000,00.000	17.8	0	-200	0	4.5	770.059	547.231	175.016	43.9438	3.86817	0	0	0	0	0	0	0	0	0	0	0	0	0	0	0	0
00.000,00.000	17.9	0	-200	0	4.5	772.349	548.366	175.638	44.4497	3.89559	0	0	0	0	0	0	0	0	0	0	0	0	0	0	0	0
00.000,00.000	18	0	-200	0	4.5	786.568	555.496	179.406	47.5868	4.07895	0	0	0	0	0	0	0	0	0	0	0	0	0	0	0	0
00.000,00.000	18.1	0	-200	0	4.5	795.571	559.912	181.885	49.5778	4.1962	0	0	0	0	0	0	0	0	0	0	0	0	0	0	0	0
00.000,00.000	18.2	0	-200	0	4.5	802.105	563.131	183.661	51.0282	4.28457	0	0	0	0	0	0	0	0	0	0	0	0	0	0	0	0
00.000,00.000	18.3	0	-200	0	4.5	808.768	566.414	185.462	52.5149	4.37742	0	0	0	0	0	0	0	0	0	0	0	0	0	0	0	0
00.000,00.000	18.4	0	-200	0	4.5	815.442	569.698	187.264	54.0078	4.47225	0	0	0	0	0	0	0	0	0	0	0	0	0	0	0	0
00.000,00.000	18.5	0	-200	0	4.5	838.632	580.693	193.779	59.3371	4.82251	0	0	0	0	0	0	0	0	0	0	0	0	0	0	0	0
00.000,00.000	18.6	0	-200	0	4.5	843.46	582.962	195.202	60.4033	4.89189	0	0	0	0	0	0	0	0	0	0	0	0	0	0	0	0
00.000,00.000	18.7	0	-200	0	4.5	889.597	600.86	210.044	72.9263	5.76554	0	0	0	0	0	0	0	0	0	0	0	0	0	0	0	0
00.000,00.000	18.8	0	-200	0	4.5	901.391	605.747	213.968	75.7588	5.91661	0	0	0	0	0	0	0	0	0	0	0	0	0	0	0	0
00.000,00.000	18.9	0	-200	0	4.5	920.108	612.746	220.447	80.4005	6.5135	0	0	0	0	0	0	0	0	0	0	0	0	0	0	0	0
00.000,00.000	19	0	-200	0	4.5	926.862	615.252	222.897	81.8147	6.89876	0	0	0	0	0	0	0	0	0	0	0	0	0	0	0	0
00.000,00.000	19.1	0	-200	0	4.5	935.352	618.654	225.828	83.522	7.34831	0	0	0	0	0	0	0	0	0	0	0	0	0	0	0	0
00.000,00.000	19.2	0	-200	0	4.5	943.53	621.865	228.87	84.9501	7.84503	0	0	0	0	0	0	0	0	0	0	0	0	0	0	0	0
00.000,00.000	19.3	0	-200	0	4.5	951.083	624.792	231.84	86.0213	8.42983	0	0	0	0	0	0	0	0	0	0	0	0	0	0	0	0
00.000,00.000	19.4	0	-200	0	4.5	958.288	627.401	234.882	87.0461	8.95839	0	0	0	0	0	0	0	0	0	0	0	0	0	0	0	0
00.000,00.000	19.5	0	-200	0	4.5	965.23	629.831	238.018	88.0663	9.31501	0	0	0	0	0	0	0	0	0	0	0	0	0	0	0	0
00.000,00.000	19.6	0	-200	0	4.5	971.466	631.601	241.172	89.0359	9.65738	0	0	0	0	0	0	0	0	0	0	0	0	0	0	0	0
00.000,00.000	19.7	0	-200	0	4.5	1013.8	643.025	262.458	95.7296	12.5912	0	0	0	0	0	0	0	0	0	0	0	0	0	0	0	0
00.000,00.000	19.8	0	-200	0	4.5	1023.47	645.929	267.318	96.8647	13.3588	0	0	0	0	0	0	0	0	0	0	0	0	0	0	0	0
00.000,00.000	19.9	0	-200	0	4.5	1023.48	645.931	267.321	96.8653	13.3592	0	0	0	0	0	0	0	0	0	0	0	0	0	0	0	0
00.000,00.000	20	0	-200	0	4.5	1051.26	654.818	280.934	100.038	15.4747	0	0	0	0	0	0	0	0	0	0	0	0	0	0	0	0
00.000,00.000	20.1	0	-200	0	4.5	1069.92	661.267	289.722	102.059	16.8681	0	0	0	0	0	0	0	0	0	0	0	0	0	0	0	0
00.000,00.000	20.2	0	-200	0	4.5	1078.1	664.045	293.642	102.946	17.4677	0	0	0	0	0	0	0	0	0	0	0	0	0	0	0	0
00.000,00.000	20.3	0	-200	0	4.5	1085.67	666.754	297.169	103.746	18.0005	0	0	0	0	0	0	0	0	0	0	0	0	0	0	0	0
00.000,00.000	20.4	0	-200	0	4.5	1095.83	670.496	301.843	104.802	18.687	0	0	0	0	0	0	0	0	0	0	0	0	0	0	0	0
00.000,00.000	20.5	0	-200	0	4.5	1100.7	672.298	304.076	105.315	19.0159	0	0	0	0	0	0	0	0	0	0	0	0	0	0	0	0
00.000,00.000	20.6	0	-200	0	4.5	1116.25	677.983	310.961	107.142	20.1628	0	0	0	0	0	0	0	0	0	0	0	0	0	0	0	0
00.000,00.000	20.7	0	-200	0	4.5	1147.4	689.276	324.615	110.968	22.541	0	0	0	0	0	0	0	0	0	0	0	0	0	0	0	0
00.000,00.000	20.8	0	-200	0	4.5	1156.02	692.687	328.296	111.903	23.1373	0	0	0	0	0	0	0	0	0	0	0	0	0	0	0	0
00.000,00.000	20.9	0	-200	0	4.5	1156.18	692.748	328.361	111.921	23.1477	0	0	0	0	0	0	0	0	0	0	0	0	0	0	0	0
00.000,00.000	21	0	-200	0	4.5	1167.52	697.563	333.009	113.094	23.8538	0	0	0	0	0	0	0	0	0	0	0	0	0	0	0	0
00.000,00.000	21.1	0	-200	0	4.5	1189.48	706.921	341.839	115.521	25.1953	0	0	0	0	0	0	0	0	0	0	0	0	0	0	0	0
00.000,00.000	21.2	0	-200	0	4.5	1201.6	712.124	346.706	116.843	25.7947	0.132118	0	0	0	0	0	0	0	0	0	0	0	0	0	0	0
00.000,00.000	21.3	0	-200	0	4.5	1210.93	716.183	350.193	118.086	26.1607	0.312128	0	0	0	0	0	0	0	0	0	0	0	0	0	0	0
00.000,00.000	21.4	0	-200	0	4.5	1220.56	720.418	353.688	119.433	26.5124	0.509723	0	0	0	0	0	0	0	0	0	0	0	0	0	0	0
00.000,00.000	21.5	0	-200	0	4.5	1230.35	724.747	357.22	120.813	26.858	0.715944	0	0	0	0	0	0	0	0	0	0	0	0	0	0	0
00.000,00.000	21.6	0	-200	0	4.5	1239.93	728.852	360.679	122.26	27.2118	0.927073	0	0	0	0	0	0	0	0	0	0	0	0	0	0	0
00.000,00.000	21.7	0	-200	0	4.5	1282.43	745.701	375.475	130.439	28.8394	1.9737	0	0	0	0	0	0	0	0	0	0	0	0	0	0	0
00.000,00.000	21.8	0	-200	0	4.5	1294.14	751.013	379.207	132.515	29.1793	2.22805	0	0	0	0	0	0	0	0	0	0	0	0	0	0	0
00.000,00.000	21.9	0	-200	0	4.5	1294.45	751.147	379.306	132.57	29.189	2.23436	0	0	0	0	0	0	0	0	0	0	0	0	0	0	0
00.000,00.000	22	0	-200	0	4.5	1323.39	763.648	388.915	137.906	30.0944	2.82754	0	0	0	0	0	0	0	0	0	0	0	0	0	0	0
00.000,00.000	22.1	0	-200	0	4.5	1344.74	773.476	395.745	141.535	30.7485	3.23175	0	0	0	0	0	0	0	0	0	0	0	0	0	0	0
00.000,00.000	22.2	0	-200	0	4.5	1356.74	779.123	399.605	143.446	31.115	3.45271	0	0	0	0	0	0	0	0	0	0	0	0	0	0	0
00.000,00.000	22.3	0	-200	0	4.5	1367.86	784.146	403.308	145.283	31.4619	3.65802	0	0	0	0	0	0	0	0	0	0	0	0	0	0	0
00.000,00.000	22.4	0	-200	0	4.5	1378.68	789.263	406.765	147.014	31.789	3.8449	0	0	0	0	0	0	0	0	0	0	0	0	0	0	0
00.000,00.000	22.5	0	-200	0	4.5	1390.55	794.771	410.634	148.941	32.1537	4.04803	0	0	0	0	0	0	0	0	0	0	0	0	0	0	0
00.000,00.000	22.6	0	-200	0	4.5	1412.63	803.945	418.266	152.998	32.6686	4.75673	0	0	0	0	0	0	0	0	0	0	0	0	0	0	0
00.000,00.000	22.7	0	-200	0	4.5	1476.68	832.879	437.993	164.877	33.8938	7.03418	0	0	0	0	0	0	0	0	0	0	0	0	0	0	0
00.000,00.000	22.8	0	-200	0	4.5	1487.95	837.505	441.866	167.156	34.1348	7.28563	0	0	0	0	0	0	0	0	0	0	0	0	0	0	0
00.000,00.000	22.9	0	-200	0	4.5	1488.5	837.774	442.033	167.255	34.1462	7.29546	0	0	0	0	0	0	0	0	0	0	0	0	0	0	0
00.000,00.000	23	0	-200	0	4.5	1490.59	838.693	442.734	167.639	34.1908	7.3278	0	0	0	0	0	0	0	0	0	0	0	0	0	0	0
00.000,00.000	23.1	0	-200	0	4.5	1519.77	850.62	453.265	173.233	34.8566	7.79844	0	0	0	0	0	0	0	0	0	0	0	0	0	0	0
00.000,00.000	23.2	0	-200	0	4.5	1538.44	859.309	459.288	176.556	35.2322	8.05023	0	0	0	0	0	0	0	0	0	0	0	0	0	0	0
00.000,00.000	23.3	0	-200	0	4.5	1551.96	865.555	463.733	178.922	35.522	8.22677	0	0	0	0	0	0	0	0	0	0	0	0	0	0	0
00.000,00.000	23.4	0	-200	0	4.5	1565.77	871.897	468.353	181.307	35.8096	8.40005	0	0	0	0	0	0	0	0	0	0	0	0	0	0	0
00.000,00.000	23.5	0	-200	0	4.5	1580.11	878.177	473.501	183.747	36.112	8.57379	0	0	0	0	0	0	0	0	0	0	0	0	0	0	0
00.000,00.000	23.6	0	-200	0	4.5	1610.47	888.863	486.145	189.561	36.8964	9.00576	0	0	0	0	0	0	0	0	0	0	0	0	0	0	0
00.000,00.000	23.7	0	-200	0	4.5	1673.13	913.155	511.41	199.563	39.2164	9.78774	0	0	0	0	0	0	0	0	0	0	0	0	0	0	0
00.000,00.000	23.8	0	-200	0	4.5	1682.13	916.455	514.996	201.145	39.6275	9.90916	0	0	0	0	0	0	0	0	0	0	0	0	0	0	0
00.000,00.000	23.9	0	-200	0	4.5	1727.96	935.065	532.555	208.317	41.5752	10.4474	0	0	0	0	0	0	0	0	0	0	0	0	0	0	0
00.000,00.000	24	0	-200	0	4.5	1741.83	940.341	538.117	210.58	42.1772	10.6117	0	0	0	0	0	0	0	0	0	0	0	0	0	0	0
00.000,00.000	24.1	0	-200	0	4.5	1770.58	951.019	550.009	215.178	43.4377	10.9319	0	0	0	0	0	0	0	0	0	0	0	0	0	0	0
00.000,00.000	24.2	0	-200	0	4.5	1791.25	958.886	558.434	218.438	44.3362	11.1546	0	0	0	0	0	0	0	0	0	0	0	0	0	0	0
00.000,00.000	24.3	0	-200	0	4.5	1807.32	964.96	565.049	220.95	45.0373	11.3208	0	0	0	0	0	0	0	0	0	0	0	0	0	0	0
00.000,00.000	24.4	0	-200	0	4.5	1823.86	971.121	571.948	223.538	45.7639	11.4876	0	0	0	0	0	0	0	0	0	0	0	0	0	0	0
00.000,00.000	24.5	0	-200	0	4.5	1840.69	977.315	579.059	226.193	46.4703	11.6538	0	0	0	0	0	0	0	0	0	0	0	0	0	0	0
00.000,00.000	24.6	0	-200	0	4.5	1872.12	988.687	592.259	231.297	47.8965	11.9793	0	0	0	0	0	0	0	0	0	0	0	0	0	0	0
00.000,00.000	24.7	0	-200	0	4.5	1894.9	997.184	601.505	235.04	48.9608	12.2088	0	0	0	0	0	0	0	0	0	0	0	0	0	0	0
00.000,00.000	24.8	0	-200	0	4.5	1914.15	1004.31	609.289	238.256	49.8888	12.4035	0	0	0	0	0	0	0	0	0	0	0	0	0	0	0
00.000,00.000	24.9	0	-200	0	4.5	1917.54	1005.62	610.614	238.817	50.0473	12.4371	0	0	0	0	0	0	0	0	0	0	0	0	0	0	0
00.000,00.000	25	0	-200	0	4.5	1925.5	1008.72	613.734	240.118	50.417	12.5114	0	0	0	0	0	0	0	0	0	0	0	0	0	0	0
00.000,00.000	25.1	0	-200	0	4.5	1955.14	1020.17	625.384	244.989	51.8087	12.7836	0	0	0	0	0	0	0	0	0	0	0	0	0	0	0
00.000,00.000	25.2	0	-200	0	4.5	1977.3	1028.78	634.018	248.643	52.8764	12.987	0	0	0	0	0	0	0	0	0	0	0	0	0	0	0
00.000,00.000	25.3	0	-200	0	4.5	1996.09	1036.03	641.343	251.764	53.7964	13.1576	0	0	0	0	0	0	0	0	0	0	0	0	0	0	0
00.000,00.000	25.4	0	-200	0	4.5	2015.32	1043.42	648.808	254.975	54.7846	13.3306	0	0	0	0	0	0	0	0	0	0	0	0	0	0	0
00.000,00.000	25.5	0	-200	0	4.5	2034.88	1050.88	656.39	258.285	55.8153	13.509	0	0	0	0	0	0	0	0	0	0	0	0	0	0	0
00.000,00.000	25.6	0	-200	0	4.5	2054.03	1057.84	663.895	261.719	56.8852	13.6958	0	0	0	0	0	0	0	0	0	0	0	0	0	0	0
00.000,00.000	25.7	0	-200	0	4.5	2127.49	1081.22	693.716	276.473	61.5541	14.522	0	0	0	0	0	0	0	0	0	0	0	0	0	0	0
00.000,00.000	25.8	0	-200	0	4.5	2155.19	1091.96	703.72	281.476	63.2293	14.802	0	0	0	0	0	0	0	0	0	0	0	0	0	0	0
00.000,00.000	25.9	0	-200	0	4.5	2155.65	1092.12	703.9	281.565	63.2582	14.8069	0	0	0	0	0	0	0	0	0	0	0	0	0	0	0
00.000,00.000	26	0	-200	0	4.5	2202.64	1111.11	720.534	289.809	65.9287	15.2606	0	0	0	0	0	0	0	0	0	0	0	0	0	0	0
00.000,00.000	26.1	0	-200	0	4.5	2244.56	1127.53	735.41	297.471	68.4588	15.6916	0	0	0	0	0	0	0	0	0	0	0	0	0	0	0
00.000,00.000	26.2	0	-200	0	4.5	2267.78	1136.01	743.836	302.024	69.9642	15.8513	0.0925677	0	0	0	0	0	0	0	0	0	0	0	0	0	0
00.000,00.000	26.3	0	-200	0	4.5	2288.45	1144.32	750.871	305.889	71.2185	15.9273	0.230003	0	0	0	0	0	0	0	0	0	0	0	0	0	0
00.000,00.000	26.4	0	-200	0	4.5	2310.87	1153.22	758.51	310.15	72.5927	16.012	0.381576	0	0	0	0	0	0	0	0	0	0	0	0	0	0
00.000,00.000	26.5	0	-200	0	4.5	2333.32	1162.11	766.153	314.437	73.9811	16.099	0.536258	0	0	0	0	0	0	0	0	0	0	0	0	0	0
00.000,00.000	26.6	0	-200	0	4.5	2374.23	1176.79	780.539	322.945	76.6986	16.4024	0.847179	0	0	0	0	0	0	0	0	0	0	0	0	0	0
00.000,00.000	26.7	0	-200	0	4.5	2444.96	1203.01	805.67	336.765	80.6975	17.4336	1.37599	0	0	0	0	0	0	0	0	0	0	0	0	0	0
00.000,00.000	26.8	0	-200	0	4.5	2455.45	1206.34	809.623	339.058	81.3617	17.6051	1.46188	0	0	0	0	0	0	0	0	0	0	0	0	0	0
00.000,00.000	26.9	0	-200	0	4.5	2471.51	1212.59	815.179	342.074	82.2485	17.8384	1.57239	0	0	0	0	0	0	0	0	0	0	0	0	0	0
00.000,00.000	27	0	-200	0	4.5	2477.85	1214.81	817.542	343.329	82.6195	17.9356	1.61775	0	0	0	0	0	0	0	0	0	0	0	0	0	0
00.000,00.000	27.1	0	-200	0	4.5	2522.99	1230.79	834.165	352.183	85.2816	18.6392	1.93184	0	0	0	0	0	0	0	0	0	0	0	0	0	0
00.000,00.000	27.2	0	-200	0	4.5	2554.07	1242	845.429	358.223	87.1481	19.129	2.146	0	0	0	0	0	0	0	0	0	0	0	0	0	0
00.000,00.000	27.3	0	-200	0	4.5	2577.45	1250.42	853.963	362.739	88.5225	19.5013	2.30305	0	0	0	0	0	0	0	0	0	0	0	0	0	0
00.000,00.000	27.4	0	-200	0	4.5	2601.13	1258.97	862.551	367.301	89.9599	19.8845	2.46018	0	0	0	0	0	0	0	0	0	0	0	0	0	0
00.000,00.000	27.5	0	-200	0	4.5	2624.67	1267.58	870.9	371.865	91.4305	20.2778	2.61706	0	0	0	0	0	0	0	0	0	0	0	0	0	0
00.000,00.000	27.6	0	-200	0	4.5	2675.63	1284.82	889.242	382.457	94.8877	21.2294	2.99349	0	0	0	0	0	0	0	0	0	0	0	0	0	0
00.000,00.000	27.7	0	-200	0	4.5	2734.95	1306.39	909.469	394.373	98.9455	22.3482	3.42835	0	0	0	0	0	0	0	0	0	0	0	0	0	0
00.000,00.000	27.8	0	-200	0	4.5	2743.48	1309.43	912.508	396.041	99.5036	22.5077	3.48954	0	0	0	0	0	0	0	0	0	0	0	0	0	0
00.000,00.000	27.9	0	-200	0	4.5	2745.08	1310.04	913.053	396.342	99.6102	22.5372	3.50028	0	0	0	0	0	0	0	0	0	0	0	0	0	0
00.000,00.000	28	0	-200	0	4.5	2799.9	1330.73	932.098	406.372	103.293	23.5492	3.85673	0	0	0	0	0	0	0	0	0	0	0	0	0	0
00.000,00.000	28.1	0	-200	0	4.5	2834.55	1343.39	944.329	412.754	105.778	24.2088	4.08601	0	0	0	0	0	0	0	0	0	0	0	0	0	0
00.000,00.000	28.2	0	-200	0	4.5	2858.7	1352.47	952.67	417.093	107.567	24.6649	4.24079	0	0	0	0	0	0	0	0	0	0	0	0	0	0
00.000,00.000	28.3	0	-200	0	4.5	2883.32	1361.75	961.216	421.396	109.423	25.1367	4.39677	0	0	0	0	0	0	0	0	0	0	0	0	0	0
00.000,00.000	28.4	0	-200	0	4.5	2908.13	1371.04	969.862	425.726	111.33	25.6227	4.55303	0	0	0	0	0	0	0	0	0	0	0	0	0	0
00.000,00.000	28.5	0	-200	0	4.5	2933.06	1380.46	978.469	430.033	113.278	26.1129	4.70906	0	0	0	0	0	0	0	0	0	0	0	0	0	0
00.000,00.000	28.6	0	-200	0	4.5	3038.97	1414.09	1015.16	451.722	123.647	28.795	5.55834	0	0	0	0	0	0	0	0	0	0	0	0	0	0
00.000,00.000	28.7	0	-200	0	4.5	3063.23	1423.14	1023.12	456.114	125.791	29.3417	5.72896	0	0	0	0	0	0	0	0	0	0	0	0	0	0
00.000,00.000	28.8	0	-200	0	4.5	3064.46	1423.57	1023.53	456.348	125.905	29.3728	5.73792	0	0	0	0	0	0	0	0	0	0	0	0	0	0
00.000,00.000	28.9	0	-200	0	4.5	3165.69	1464.86	1054.86	473.412	134.445	31.7155	6.40391	0	0	0	0	0	0	0	0	0	0	0	0	0	0
00.000,00.000	29	0	-200	0	4.5	3189.23	1474.1	1062.37	477.45	136.496	32.2526	6.56574	0	0	0	0	0	0	0	0	0	0	0	0	0	0
00.000,00.000	29.1	0	-200	0	4.5	3251.08	1496.29	1083.53	488.09	142.373	33.8013	6.99322	0	0	0	0	0	0	0	0	0	0	0	0	0	0
00.000,00.000	29.2	0	-200	0	4.5	3288.81	1512.22	1095.08	493.722	145.881	34.6658	7.23558	0	0	0	0	0	0	0	0	0	0	0	0	0	0
00.000,00.000	29.3	0	-200	0	4.5	3313.62	1522.42	1102.77	497.496	148.258	35.2755	7.39571	0	0	0	0	0	0	0	0	0	0	0	0	0	0
00.000,00.000	29.4	0	-200	0	4.5	3342.75	1534.93	1111.54	501.726	150.994	35.9826	7.57659	0	0	0	0	0	0	0	0	0	0	0	0	0	0
00.000,00.000	29.5	0	-200	0	4.5	3361.46	1543.05	1117.1	504.414	152.764	36.4472	7.69298	0	0	0	0	0	0	0	0	0	0	0	0	0	0
00.000,00.000	29.6	0	-200	0	4.5	3385.77	1553.16	1124.09	508.18	155.333	37.1425	7.86257	0	0	0	0	0	0	0	0	0	0	0	0	0	0
00.000,00.000	29.7	0	-200	0	4.5	3553.3	1624.1	1168.82	533.906	174.912	41.5369	10.0222	0	0	0	0	0	0	0	0	0	0	0	0	0	0
00.000,00.000	29.8	0	-200	0	4.5	3590.23	1641.55	1178.44	538.778	178.73	42.1257	10.6057	0	0	0	0	0	0	0	0	0	0	0	0	0	0
00.000,00.000	29.9	0	-200	0	4.5	3652	1671.01	1194.11	547.171	184.793	43.3682	11.3463	0.195541	0	0	0	0	0	0	0	0	0	0	0	0	0
00.000,00.000	30	0	-200	0	4.5	3671.29	1679.49	1199.53	549.894	186.762	43.7559	11.4834	0.376558	0	0	0	0	0	0	0	0	0	0	0	0	0
00.000,00.000	30.1	0	-200	0	4.5	3723.75	1705.76	1212.53	556.475	191.543	44.8446	11.8866	0.708129	0	0	0	0	0	0	0	0	0	0	0	0	0
00.000,00.000	30.2	0	-200	0	4.5	3757.94	1722.02	1221.65	560.82	194.781	45.5775	12.1584	0.931959	0	0	0	0	0	0	0	0	0	0	0	0	0
00.000,00.000	30.3	0	-200	0	4.5	3780.89	1731.56	1228.72	563.925	197.109	46.1346	12.3481	1.08792	0	0	0	0	0	0	0	0	0	0	0	0	0
00.000,00.000	30.4	0	-200	0	4.5	3805.37	1742.69	1235.97	566.945	199.317	46.6866	12.5292	1.23673	0	0	0	0	0	0	0	0	0	0	0	0	0
00.000,00.000	30.5	0	-200	0	4.5	3828.79	1752.22	1243.28	570.133	201.729	47.3109	12.7277	1.40004	0	0	0	0	0	0	0	0	0	0	0	0	0
00.000,00.000	30.6	0	-200	0	4.5	3873.93	1772.34	1256.29	575.798	206.188	48.5069	13.0954	1.70268	0	0	0	0	0	0	0	0	0	0	0	0	0
00.000,00.000	30.7	0	-200	0	4.5	3926.58	1792.6	1272.17	583.476	212.365	50.2297	13.6122	2.12621	0	0	0	0	0	0	0	0	0	0	0	0	0
00.000,00.000	30.8	0	-200	0	4.5	4012.18	1835.42	1293	593.506	220.601	52.6516	14.3146	2.69653	0	0	0	0	0	0	0	0	0	0	0	0	0
00.000,00.000	30.9	0	-200	0	4.5	4022.4	1840.08	1295.62	594.846	221.697	52.9711	14.4075	2.77151	0	0	0	0	0	0	0	0	0	0	0	0	0
00.000,00.000	31	0	-200	0	4.5	4120.07	1879.57	1323.79	608.68	232.678	56.4786	15.3533	3.51271	0	0	0	0	0	0	0	0	0	0	0	0	0
00.000,00.000	31.1	0	-200	0	4.5	4170.35	1903.84	1335.99	615.064	237.613	58.1653	15.8081	3.86306	0	0	0	0	0	0	0	0	0	0	0	0	0
00.000,00.000	31.2	0	-200	0	4.5	4191.96	1913.76	1341.57	617.9	239.778	58.9326	16.0105	4.0129	0	0	0	0	0	0	0	0	0	0	0	0	0
00.000,00.000	31.3	0	-200	0	4.5	4213.78	1923.15	1347.55	620.886	242.035	59.7629	16.2285	4.16936	0	0	0	0	0	0	0	0	0	0	0	0	0
00.000,00.000	31.4	0	-200	0	4.5	4248.08	1940.93	1355.46	624.862	245.017	60.9095	16.5251	4.37638	0	0	0	0	0	0	0	0	0	0	0	0	0
00.000,00.000	31.5	0	-200	0	4.5	4258.77	1946.1	1358.12	626.187	245.996	61.2956	16.6254	4.4449	0	0	0	0	0	0	0	0	0	0	0	0	0
00.000,00.000	31.6	0	-200	0	4.5	4282.29	1956.87	1364.07	629.229	248.339	62.2836	16.8806	4.61319	0	0	0	0	0	0	0	0	0	0	0	0	0
00.000,00.000	31.7	0	-200	0	4.5	4357.1	1995.56	1381.27	637.714	254.736	65.121	17.6157	5.08557	0	0	0	0	0	0	0	0	0	0	0	0	0
00.000,00.000	31.8	0	-200	0	4.5	4370.9	2002.68	1384.28	639.359	255.946	65.6843	17.763	5.17862	0	0	0	0	0	0	0	0	0	0	0	0	0
00.000,00.000	31.9	0	-200	0	4.5	4372.22	2003.33	1384.6	639.52	256.071	65.7448	17.7786	5.18798	0	0	0	0	0	0	0	0	0	0	0	0	0
00.000,00.000	32	0	-200	0	4.5	4380.93	2008.12	1386.34	640.474	256.78	66.1019	17.8696	5.24081	0	0	0	0	0	0	0	0	0	0	0	0	0
00.000,00.000	32.1	0	-200	0	4.5	4421.05	2029.31	1395.08	644.938	260.083	67.8297	18.3139	5.49486	0	0	0	0	0	0	0	0	0	0	0	0	0
00.000,00.000	32.2	0	-200	0	4.5	4447.32	2042.6	1400.74	648.095	262.471	69.098	18.6359	5.6741	0	0	0	0	0	0	0	0	0	0	0	0	0
00.000,00.000	32.3	0	-200	0	4.5	4471.87	2056.55	1405.41	650.648	264.413	70.1264	18.9045	5.8205	0	0	0	0	0	0	0	0	0	0	0	0	0
00.000,00.000	32.4	0	-200	0	4.5	4507.99	2076.79	1412.44	654.431	267.24	71.7401	19.3108	6.03612	0	0	0	0	0	0	0	0	0	0	0	0	0
00.000,00.000	32.5	0	-200	0	4.5	4518.54	2082.55	1414.55	655.58	268.093	72.2309	19.4362	6.1015	0	0	0	0	0	0	0	0	0	0	0	0	0
00.000,00.000	32.6	0	-200	0	4.5	4653.76	2160.29	1438.27	668.434	279.161	79.2716	20.7474	7.58305	0	0	0	0	0	0	0	0	0	0	0	0	0
00.000,00.000	32.7	0	-200	0	4.5	4686.06	2179.68	1443.41	671.374	281.694	80.9326	20.8964	8.06984	0	0	0	0	0	0	0	0	0	0	0	0	0
00.000,00.000	32.8	0	-200	0	4.5	4685.89	2179.6	1443.35	671.352	281.687	80.9321	20.8964	8.06984	0	0	0	0	0	0	0	0	0	0	0	0	0
00.000,00.000	32.9	0	-200	0	4.5	4806.24	2246.18	1466.39	683.353	291.024	87.7385	21.6426	9.90931	0	0	0	0	0	0	0	0	0	0	0	0	0
00.000,00.000	33	0	-200	0	4.5	4844.49	2269.57	1472.61	686.647	293.7	89.6817	21.8602	10.4156	0	0	0	0	0	0	0	0	0	0	0	0	0
00.000,00.000	33.1	0	-200	0	4.5	4921.33	2316.2	1486.39	693.006	298.697	93.3627	22.3128	11.3633	0	0	0	0	0	0	0	0	0	0	0	0	0
00.000,00.000	33.2	0	-200	0	4.5	4963.02	2340.7	1493.99	696.728	301.527	95.5591	22.5954	11.9139	0	0	0	0	0	0	0	0	0	0	0	0	0
00.000,00.000	33.3	0	-200	0	4.5	4990.1	2357.72	1498.41	698.884	303.188	96.8879	22.775	12.2297	0	0	0	0	0	0	0	0	0	0	0	0	0
00.000,00.000	33.4	0	-200	0	4.5	5019.42	2375.41	1504.07	701.164	304.935	98.3107	22.978	12.4899	0.0731917	0	0	0	0	0	0	0	0	0	0	0	0
00.000,00.000	33.5	0	-200	0	4.5	5049.03	2393.44	1509.62	703.462	306.659	99.7517	23.2056	12.6815	0.211952	0	0	0	0	0	0	0	0	0	0	0	0
00.000,00.000	33.6	0	-200	0	4.5	5076.53	2410.21	1514.43	705.642	308.316	101.222	23.4633	12.8732	0.369513	0	0	0	0	0	0	0	0	0	0	0	0
00.000,00.000	33.7	0	-200	0	4.5	5225.23	2503.23	1538.87	716.969	316.905	109.2	24.9812	13.8798	1.19815	0	0	0	0	0	0	0	0	0	0	0	0
00.000,00.000	33.8	0	-200	0	4.5	5255.48	2522.01	1544.21	719.159	318.634	110.698	25.3307	14.0733	1.35752	0	0	0	0	0	0	0	0	0	0	0	0
00.000,00.000	33.9	0	-200	0	4.5	5327.63	2565.3	1558.65	724.301	322.629	114.341	26.1602	14.5206	1.72539	0	0	0	0	0	0	0	0	0	0	0	0
00.000,00.000	34	0	-200	0	4.5	5387.29	2601.61	1570.56	728.367	325.81	117.186	26.8614	14.8729	2.01462	0	0	0	0	0	0	0	0	0	0	0	0
00.000,00.000	34.1	0	-200	0	4.5	5422.01	2622.67	1577.65	730.695	327.618	118.839	27.2758	15.0769	2.18102	0	0	0	0	0	0	0	0	0	0	0	0
00.000,00.000	34.2	0	-200	0	4.5	5455.42	2643.13	1585.01	732.653	329.134	120.275	27.6452	15.2487	2.32033	0	0	0	0	0	0	0	0	0	0	0	0
00.000,00.000	34.3	0	-200	0	4.5	5493	2665.89	1593.66	734.812	330.78	121.875	28.0694	15.4381	2.47242	0	0	0	0	0	0	0	0	0	0	0	0
00.000,00.000	34.4	0	-200	0	4.5	5531.03	2688.8	1602.27	737.334	332.396	123.473	28.509	15.6262	2.62208	0	0	0	0	0	0	0	0	0	0	0	0
00.000,00.000	34.5	0	-200	0	4.5	5569.24	2711.56	1610.79	740.338	333.964	125.047	28.9589	15.8116	2.76771	0	0	0	0	0	0	0	0	0	0	0	0
00.000,00.000	34.6	0	-200	0	4.5	5610.35	2736.05	1619.96	743.716	335.584	126.653	29.4524	16.0137	2.92439	0	0	0	0	0	0	0	0	0	0	0	0
00.000,00.000	34.7	0	-200	0	4.5	5673.59	2773.52	1633.97	748.966	338.311	129.097	30.248	16.3193	3.15788	0	0	0	0	0	0	0	0	0	0	0	0
00.000,00.000	34.8	0	-200	0	4.5	5689.09	2782.68	1637.37	750.24	339.03	129.698	30.4598	16.3955	3.21538	0	0	0	0	0	0	0	0	0	0	0	0
00.000,00.000	34.9	0	-200	0	4.5	5726.72	2804.71	1645.55	753.315	341.127	131.139	30.9573	16.5742	3.34698	0	0	0	0	0	0	0	0	0	0	0	0
00.000,00.000	35	0	-200	0	4.5	5775.36	2832.99	1656.1	757.258	344.012	133.061	31.6242	16.8059	3.51506	0	0	0	0	0	0	0	0	0	0	0	0
00.000,00.000	35.1	0	-200	0	4.5	5819.43	2858.42	1665.57	760.795	346.589	135.14	32.2409	17.0159	3.66491	0	0	0	0	0	0	0	0	0	0	0	0
00.000,00.000	35.2	0	-200	0	4.5	5862.06	2882.6	1674.61	764.186	349.135	137.574	32.9035	17.2375	3.82019	0	0	0	0	0	0	0	0	0	0	0	0
00.000,00.000	35.3	0	-200	0	4.5	5900.77	2904.47	1682.78	767.224	351.465	139.864	33.5577	17.4466	3.964	0	0	0	0	0	0	0	0	0	0	0	0
00.000,00.000	35.4	0	-200	0	4.5	5939.09	2926.15	1690.86	770.128	353.775	142.122	34.2839	17.6603	4.10838	0	0	0	0	0	0	0	0	0	0	0	0
00.000,00.000	35.5	0	-200	0	4.5	5977.52	2947.89	1698.99	772.999	356.056	144.373	35.0753	17.8802	4.25417	0	0	0	0	0	0	0	0	0	0	0	0
00.000,00.000	35.6	0	-200	0	4.5	6015.57	2969.32	1707.07	775.78	358.303	146.675	35.9206	18.1073	4.40232	0	0	0	0	0	0	0	0	0	0	0	0
00.000,00.000	35.7	0	-200	0	4.5	6062.22	2995.59	1716.93	779.132	361.026	149.533	37.0265	18.3943	4.58623	0	0	0	0	0	0	0	0	0	0	0	0
00.000,00.000	35.8	0	-200	0	4.5	6087.62	3009.9	1722.28	780.945	362.491	151.105	37.6619	18.5553	4.68728	0	0	0	0	0	0	0	0	0	0	0	0
00.000,00.000	35.9	0	-200	0	4.5	6122.23	3029.46	1729.49	783.383	364.46	153.258	38.5675	18.7817	4.82506	0	0	0	0	0	0	0	0	0	0	0	0
00.000,00.000	36	0	-200	0	4.5	6160.74	3051.16	1737.5	786.093	366.67	155.678	39.6205	19.0422	4.97975	0	0	0	0	0	0	0	0	0	0	0	0
00.000,00.000	36.1	0	-200	0	4.5	6197.2	3071.72	1745.05	788.607	368.771	157.981	40.6571	19.1811	5.24286	0	0	0	0	0	0	0	0	0	0	0	0
00.000,00.000	36.2	0	-200	0	4.5	6233.07	3092.06	1752.34	791.082	370.797	160.243	41.7205	19.2614	5.56533	0	0	0	0	0	0	0	0	0	0	0	0
00.000,00.000	36.3	0	-200	0	4.5	6268.68	3112.28	1759.56	793.506	372.768	162.502	42.8243	19.3486	5.88801	0	0	0	0	0	0	0	0	0	0	0	0
00.000,00.000	36.4	0	-200	0	4.5	6304.16	3132.41	1766.76	795.935	374.684	164.757	43.9611	19.4428	6.21146	0	0	0	0	0	0	0	0	0	0	0	0
00.000,00.000	36.5	0	-200	0	4.5	6339.21	3152.34	1773.79	798.312	376.549	167.008	45.1287	19.5445	6.53543	0	0	0	0	0	0	0	0	0	0	0	0
00.000,00.000	36.6	0	-200	0	4.5	6374.04	3172.11	1780.75	800.65	378.383	169.281	46.3455	19.6554	6.8666	0	0	0	0	0	0	0	0	0	0	0	0
00.000,00.000	36.7	0	-200	0	4.5	6408.76	3191.89	1787.65	802.924	380.172	171.55	47.5962	19.7747	7.19947	0	0	0	0	0	0	0	0	0	0	0	0
00.000,00.000	36.8	0	-200	0	4.5	6450.29	3215.64	1795.85	805.626	382.267	174.254	49.1322	19.927	7.59824	0	0	0	0	0	0	0	0	0	0	0	0
00.000,00.000	36.9	0	-200	0	4.5	6470.71	3227.32	1799.84	806.973	383.276	175.588	49.9128	20.0064	7.79629	0	0	0	0	0	0	0	0	0	0	0	0
00.000,00.000	37	0	-200	0	4.5	6506.35	3247.82	1806.7	809.299	384.999	177.915	51.321	20.1555	8.14443	0	0	0	0	0	0	0	0	0	0	0	0
00.000,00.000	37.1	0	-200	0	4.5	6541.41	3268.04	1813.38	811.561	386.664	180.21	52.7527	20.3118	8.48997	0	0	0	0	0	0	0	0	0	0	0	0
00.000,00.000	37.2	0	-200	0	4.5	6574.62	3287.45	1819.59	813.677	388.168	182.344	54.1112	20.4659	8.81125	0	0	0	0	0	0	0	0	0	0	0	0
00.000,00.000	37.3	0	-200	0	4.5	6608.81	3307.52	1825.99	815.813	389.667	184.512	55.5286	20.6328	9.13875	0	0	0	0	0	0	0	0	0	0	0	0
00.000,00.000	37.4	0	-200	0	4.5	6643.04	3327.72	1832.34	817.94	391.128	186.659	56.9778	20.8093	9.46455	0	0	0	0	0	0	0	0	0	0	0	0
00.000,00.000	37.5	0	-200	0	4.5	6677.23	3348.01	1838.6	820.036	392.527	188.798	58.4669	20.998	9.79123	0	0	0	0	0	0	0	0	0	0	0	0
00.000,00.000	37.6	0	-200	0	4.5	6711.02	3368.19	1844.73	822.089	393.805	190.909	59.9869	21.1977	10.1167	0	0	0	0	0	0	0	0	0	0	0	0
00.000,00.000	37.7	0	-200	0	4.5	6748.72	3390.85	1851.46	824.357	395.175	193.251	61.7167	21.4343	10.478	0	0	0	0	0	0	0	0	0	0	0	0
00.000,00.000	37.8	0	-200	0	4.5	6777.37	3408.15	1856.52	826.059	396.194	195.021	63.0532	21.6242	10.7506	0	0	0	0	0	0	0	0	0	0	0	0
00.000,00.000	37.9	0	-200	0	4.5	6810.41	3428.15	1862.33	828.012	397.341	197.045	64.6225	21.8562	11.062	0	0	0	0	0	0	0	0	0	0	0	0
00.000,00.000	38	0	-200	0	4.5	6845.33	3449.35	1868.32	830.114	398.525	199.185	66.3263	22.1169	11.3915	0	0	0	0	0	0	0	0	0	0	0	0
00.000,00.000	38.1	0	-200	0	4.5	6879.28	3469.98	1874.02	832.211	399.659	201.272	68.0357	22.3885	11.7139	0	0	0	0	0	0	0	0	0	0	0	0
00.000,00.000	38.2	0	-200	0	4.5	6912.33	3489.83	1879.6	834.263	400.768	203.354	69.7969	22.6793	12.0383	0	0	0	0	0	0	0	0	0	0	0	0
00.000,00.000	38.3	0	-200	0	4.5	6943.93	3508.79	1884.92	836.201	401.802	205.341	71.5427	22.9798	12.3524	0	0	0	0	0	0	0	0	0	0	0	0
00.000,00.000	38.4	0	-200	0	4.5	6975.12	3527.48	1890.18	838.07	402.814	207.29	73.3216	23.2996	12.6667	0	0	0	0	0	0	0	0	0	0	0	0
00.000,00.000	38.5	0	-200	0	4.5	7005.64	3545.77	1895.29	839.836	403.787	209.2	75.129	23.6399	12.9815	0	0	0	0	0	0	0	0	0	0	0	0
00.000,00.000	38.6	0	-200	0	4.5	7035.45	3563.65	1900.19	841.529	404.704	211.087	76.9838	24.0062	13.3022	0	0	0	0	0	0	0	0	0	0	0	0
00.000,00.000	38.7	0	-200	0	4.5	7063.52	3580.35	1904.92	843.09	405.549	212.849	78.7768	24.3764	13.6093	0	0	0	0	0	0	0	0	0	0	0	0
00.000,00.000	38.8	0	-200	0	4.5	7097.31	3599.8	1911.26	844.907	406.576	214.942	80.9856	24.8533	13.9844	0	0	0	0	0	0	0	0	0	0	0	0
00.000,00.000	38.9	0	-200	0	4.5	7116.97	3610.76	1915.34	845.916	407.173	216.145	82.2906	25.1458	14.2044	0	0	0	0	0	0	0	0	0	0	0	0
00.000,00.000	39	0	-200	0	4.5	7145.82	3626.87	1921.29	847.384	408.027	217.872	84.2367	25.6035	14.5302	0	0	0	0	0	0	0	0	0	0	0	0
00.000,00.000	39.1	0	-200	0	4.5	7173.78	3642.36	1927.1	848.787	408.855	219.551	86.1599	26.1076	14.8548	0	0	0	0	0	0	0	0	0	0	0	0
00.000,00.000	39.2	0	-200	0	4.5	7200.13	3656.96	1932.56	850.083	409.628	221.113	87.9927	26.6316	15.1651	0	0	0	0	0	0	0	0	0	0	0	0
00.000,00.000	39.3	0	-200	0	4.5	7226.02	3670.95	1938.26	851.321	410.375	222.633	89.8454	27.158	15.4744	0	0	0	0	0	0	0	0	0	0	0	0
00.000,00.000	39.4	0	-200	0	4.5	7251.49	3684.22	1944.35	852.493	411.127	224.123	91.6975	27.7033	15.7828	0	0	0	0	0	0	0	0	0	0	0	0
00.000,00.000	39.5	0	-200	0	4.5	7276.36	3697.08	1950.33	853.616	411.862	225.56	93.5554	28.2709	16.0902	0	0	0	0	0	0	0	0	0	0	0	0
00.000,00.000	39.6	0	-200	0	4.5	7300.62	3709.14	1956.47	854.692	412.61	226.965	95.4588	28.8781	16.4051	0	0	0	0	0	0	0	0	0	0	0	0
00.000,00.000	39.7	0	-200	0	4.5	7327.72	3722.03	1963.88	855.863	413.435	228.501	97.6394	29.5996	16.6428	0.121278	0	0	0	0	0	0	0	0	0	0	0
00.000,00.000	39.8	0	-200	0	4.5	7343.79	3729.53	1968.43	856.553	413.916	229.384	98.9457	30.0506	16.7715	0.207143	0	0	0	0	0	0	0	0	0	0	0
00.000,00.000	39.9	0	-200	0	4.5	7367.19	3740.38	1975.16	857.543	414.614	230.606	100.861	30.7356	16.9755	0.315314	0	0	0	0	0	0	0	0	0	0	0
00.000,00.000	40	0	-200	0	4.5	7390.38	3750.95	1981.97	858.505	415.317	231.79	102.788	31.4605	17.1736	0.432185	0	0	0	0	0	0	0	0	0	0	0
00.000,00.000	40.1	0	-200	0	4.5	7412.22	3760.59	1988.68	859.38	415.975	232.871	104.639	32.1806	17.3669	0.540845	0	0	0	0	0	0	0	0	0	0	0
00.000,00.000	40.2	0	-200	0	4.5	7433.41	3769.83	1995.29	860.203	416.614	233.863	106.49	32.9208	17.5588	0.647347	0	0	0	0	0	0	0	0	0	0	0
00.000,00.000	40.3	0	-200	0	4.5	7454.09	3778.77	2001.85	860.977	417.188	234.795	108.325	33.6845	17.7503	0.752035	0	0	0	0	0	0	0	0	0	0	0
00.000,00.000	40.4	0	-200	0	4.5	7474.04	3787.4	2008.11	861.692	417.744	235.67	110.147	34.4707	17.9416	0.855246	0	0	0	0	0	0	0	0	0	0	0
00.000,00.000	40.5	0	-200	0	4.5	7493.38	3795.69	2014.26	862.344	418.281	236.491	111.958	35.2728	18.133	0.956971	0	0	0	0	0	0	0	0	0	0	0
00.000,00.000	40.6	0	-200	0	4.5	7512.09	3803.58	2020.19	862.951	418.802	237.272	113.791	36.1217	18.3299	1.06004	0	0	0	0	0	0	0	0	0	0	0
00.000,00.000	40.7	0	-200	0	4.5	7533.11	3812.39	2026.9	863.601	419.379	238.108	115.87	37.1309	18.5565	1.17701	0	0	0	0	0	0	0	0	0	0	0
00.000,00.000	40.8	0	-200	0	4.5	7545.17	3817.41	2030.81	863.949	419.71	238.565	117.061	37.7342	18.6881	1.2441	0	0	0	0	0	0	0	0	0	0	0
00.000,00.000	40.9	0	-200	0	4.5	7563.02	3824.71	2036.75	864.458	420.183	239.204	118.81	38.6741	18.8859	1.34311	0	0	0	0	0	0	0	0	0	0	0
00.000,00.000	41	0	-200	0	4.5	7580.67	3831.79	2042.72	864.968	420.649	239.812	120.537	39.6614	19.0871	1.44188	0	0	0	0	0	0	0	0	0	0	0
00.000,00.000	41.1	0	-200	0	4.5	7597.03	3838.26	2048.33	865.419	421.078	240.352	122.112	40.6653	19.2808	1.53455	0	0	0	0	0	0	0	0	0	0	0
00.000,00.000	41.2	0	-200	0	4.5	7612.87	3844.4	2053.85	865.846	421.487	240.852	123.647	41.6915	19.4756	1.62545	0	0	0	0	0	0	0	0	0	0	0
00.000,00.000	41.3	0	-200	0	4.5	7628.25	3850.25	2059.3	866.249	421.875	241.314	125.148	42.7383	19.6717	1.71479	0	0	0	0	0	0	0	0	0	0	0
00.000,00.000	41.4	0	-200	0	4.5	7643.16	3855.8	2064.66	866.627	422.247	241.74	126.612	43.8055	19.8696	1.80257	0	0	0	0	0	0	0	0	0	0	0
00.000,00.000	41.5	0	-200	0	4.5	7657.39	3861.04	2069.76	866.98	422.602	242.129	128.035	44.8935	19.8921	2.06614	0	0	0	0	0	0	0	0	0	0	0
00.000,00.000	41.6	0	-200	0	4.5	7670.84	3865.87	2074.5	867.309	422.943	242.488	129.446	46.0285	19.9063	2.34776	0	0	0	0	0	0	0	0	0	0	0
00.000,00.000	41.7	0	-200	0	4.5	7683.96	3870.58	2079.04	867.624	423.276	242.821	130.851	47.2163	19.9238	2.63561	0	0	0	0	0	0	0	0	0	0	0
00.000,00.000	41.8	0	-200	0	4.5	7694.34	3874.31	2082.51	867.887	423.541	243.07	131.983	48.2226	19.9409	2.87334	0	0	0	0	0	0	0	0	0	0	0
00.000,00.000	41.9	0	-200	0	4.5	7705.97	3878.37	2086.53	868.198	423.828	243.326	133.236	49.3895	19.9639	3.14252	0	0	0	0	0	0	0	0	0	0	0
00.000,00.000	42	0	-200	0	4.5	7717.42	3882.24	2090.53	868.5	424.106	243.561	134.476	50.6038	19.9905	3.416	0	0	0	0	0	0	0	0	0	0	0