
label	time(d)	x	depth	z	radius	total	0-10	10-20	20-30	30-40	40-50	50-60	60-70	70-80	80-90	90-100	100-110	110-120	120-130	130-140	140-150	150-160	160-170	170-180	180-190	190-200
05.500,00.000	0	5.5	-200	0	4.5	0	0	0	0	0	0	0	0	0	0	0	0	0	0	0	0	0	0	0	0	0
05.500,00.000	0.1	5.5	-200	0	4.5	0	0	0	0	0	0	0	0	0	0	0	0	0	0	0	0	0	0	0	0	0
05.500,00.000	0.2	5.5	-200	0	4.5	0	0	0	0	0	0	0	0	0	0	0	0	0	0	0	0	0	0	0	0	0
05.500,00.000	0.3	5.5	-200	0	4.5	0	0	0	0	0	0	0	0	0	0	0	0	0	0	0	0	0	0	0	0	0
05.500,00.000	0.4	5.5	-200	0	4.5	0	0	0	0	0	0	0	0	0	0	0	0	0	0	0	0	0	0	0	0	0
05.500,00.000	0.5	5.5	-200	0	4.5	0	0	0	0	0	0	0	0	0	0	0	0	0	0	0	0	0	0	0	0	0
05.500,00.000	0.6	5.5	-200	0	4.5	0	0	0	0	0	0	0	0	0	0	0	0	0	0	0	0	0	0	0	0	0
05.500,00.000	0.7	5.5	-200	0	4.5	0	0	0	0	0	0	0	0	0	0	0	0	0	0	0	0	0	0	0	0	0
05.500,00.000	0.8	5.5	-200	0	4.5	0	0	0	0	0	0	0	0	0	0	0	0	0	0	0	0	0	0	0	0	0
05.500,00.000	0.9	5.5	-200	0	4.5	0	0	0	0	0	0	0	0	0	0	0	0	0	0	0	0	0	0	0	0	0
05.500,00.000	1	5.5	-200	0	4.5	0	0	0	0	0	0	0	0	0	0	0	0	0	0	0	0	0	0	0	0	0
05.500,00.000	1.1	5.5	-200	0	4.5	0	0	0	0	0	0	0	0	0	0	0	0	0	0	0	0	0	0	0	0	0
05.500,00.000	1.2	5.5	-200	0	4.5	0	0	0	0	0	0	0	0	0	0	0	0	0	0	0	0	0	0	0	0	0
05.500,00.000	1.3	5.5	-200	0	4.5	0	0	0	0	0	0	0	0	0	0	0	0	0	0	0	0	0	0	0	0	0
05.500,00.000	1.4	5.5	-200	0	4.5	0	0	0	0	0	0	0	0	0	0	0	0	0	0	0	0	0	0	0	0	0
05.500,00.000	1.5	5.5	-200	0	4.5	0	0	0	0	0	0	0	0	0	0	0	0	0	0	0	0	0	0	0	0	0
05.500,00.000	1.6	5.5	-200	0	4.5	0	0	0	0	0	0	0	0	0	0	0	0	0	0	0	0	0	0	0	0	0
05.500,00.000	1.7	5.5	-200	0	4.5	0	0	0	0	0	0	0	0	0	0	0	0	0	0	0	0	0	0	0	0	0
05.500,00.000	1.8	5.5	-200	0	4.5	0	0	0	0	0	0	0	0	0	0	0	0	0	0	0	0	0	0	0	0	0
05.500,00.000	1.9	5.5	-200	0	4.5	0	0	0	0	0	0	0	0	0	0	0	0	0	0	0	0	0	0	0	0	0
05.500,00.000	2	5.5	-200	0	4.5	0	0	0	0	0	0	0	0	0	0	0	0	0	0	0	0	0	0	0	0	0
05.500,00.000	2.1	5.5	-200	0	4.5	0	0	0	0	0	0	0	0	0	0	0	0	0	0	0	0	0	0	0	0	0
05.500,00.000	2.2	5.5	-200	0	4.5	0	0	0	0	0	0	0	0	0	0	0	0	0	0	0	0	0	0	0	0	0
05.500,00.000	2.3	5.5	-200	0	4.5	0	0	0	0	0	0	0	0	0	0	0	0	0	0	0	0	0	0	0	0	0
05.500,00.000	2.4	5.5	-200	0	4.5	0	0	0	0	0	0	0	0	0	0	0	0	0	0	0	0	0	0	0	0	0
05.500,00.000	2.5	5.5	-200	0	4.5	0	0	0	0	0	0	0	0	0	0	0	0	0	0	0	0	0	0	0	0	0
05.500,00.000	2.6	5.5	-200	0	4.5	0	0	0	0	0	0	0	0	0	0	0	0	0	0	0	0	0	0	0	0	0
05.500,00.000	2.7	5.5	-200	0	4.5	0	0	0	0	0	0	0	0	0	0	0	0	0	0	0	0	0	0	0	0	0
05.500,00.000	2.8	5.5	-200	0	4.5	0	0	0	0	0	0	0	0	0	0	0	0	0	0	0	0	0	0	0	0	0
05.500,00.000	2.9	5.5	-200	0	4.5	0	0	0	0	0	0	0	0	0	0	0	0	0	0	0	0	0	0	0	0	0
05.500,00.000	3	5.5	-200	0	4.5	0	0	0	0	0	0	0	0	0	0	0	0	0	0	0	0	0	0	0	0	0
05.500,00.000	3.1	5.5	-200	0	4.5	0.126422	0.126422	0	0	0	0	0	0	0	0	0	0	0	0	0	0	0	0	0	0	0
05.500,00.000	3.2	5.5	-200	0	4.5	0.380699	0.380699	0	0	0	0	0	0	0	0	0	0	0	0	0	0	0	0	0	0	0
05.500,00.000	3.3	5.5	-200	0	4.5	0.634905	0.634905	0	0	0	0	0	0	0	0	0	0	0	0	0	0	0	0	0	0	0
05.500,00.000	3.4	5.5	-200	0	4.5	0.89012	0.89012	0	0	0	0	0	0	0	0	0	0	0	0	0	0	0	0	0	0	0
05.500,00.000	3.5	5.5	-200	0	4.5	1.14545	1.14545	0	0	0	0	0	0	0	0	0	0	0	0	0	0	0	0	0	0	0
05.500,00.000	3.6	5.5	-200	0	4.5	1.39922	1.39922	0	0	0	0	0	0	0	0	0	0	0	0	0	0	0	0	0	0	0
05.500,00.000	3.7	5.5	-200	0	4.5	1.65284	1.65284	0	0	0	0	0	0	0	0	0	0	0	0	0	0	0	0	0	0	0
05.500,00.000	3.8	5.5	-200	0	4.5	1.90627	1.90627	0	0	0	0	0	0	0	0	0	0	0	0	0	0	0	0	0	0	0
05.500,00.000	3.9	5.5	-200	0	4.5	2.16002	2.16002	0	0	0	0	0	0	0	0	0	0	0	0	0	0	0	0	0	0	0
05.500,00.000	4	5.5	-200	0	4.5	2.41477	2.41477	0	0	0	0	0	0	0	0	0	0	0	0	0	0	0	0	0	0	0
05.500,00.000	4.1	5.5	-200	0	4.5	2.66996	2.66996	0	0	0	0	0	0	0	0	0	0	0	0	0	0	0	0	0	0	0
05.500,00.000	4.2	5.5	-200	0	4.5	2.92505	2.92505	0	0	0	0	0	0	0	0	0	0	0	0	0	0	0	0	0	0	0
05.500,00.000	4.3	5.5	-200	0	4.5	3.1807	3.1807	0	0	0	0	0	0	0	0	0	0	0	0	0	0	0	0	0	0	0
05.500,00.000	4.4	5.5	-200	0	4.5	3.43709	3.43709	0	0	0	0	0	0	0	0	0	0	0	0	0	0	0	0	0	0	0
05.500,00.000	4.5	5.5	-200	0	4.5	3.69272	3.69272	0	0	0	0	0	0	0	0	0	0	0	0	0	0	0	0	0	0	0
05.500,00.000	4.6	5.5	-200	0	4.5	3.94757	3.94757	0	0	0	0	0	0	0	0	0	0	0	0	0	0	0	0	0	0	0
05.500,00.000	4.7	5.5	-200	0	4.5	4.20159	4.20159	0	0	0	0	0	0	0	0	0	0	0	0	0	0	0	0	0	0	0
05.500,00.000	4.8	5.5	-200	0	4.5	4.45563	4.45563	0	0	0	0	0	0	0	0	0	0	0	0	0	0	0	0	0	0	0
05.500,00.000	4.9	5.5	-200	0	4.5	4.71	4.65149	0.0585118	0	0	0	0	0	0	0	0	0	0	0	0	0	0	0	0	0	0
05.500,00.000	5	5.5	-200	0	4.5	4.964	4.65016	0.313833	0	0	0	0	0	0	0	0	0	0	0	0	0	0	0	0	0	0
05.500,00.000	5.1	5.5	-200	0	4.5	5.21726	4.64811	0.569147	0	0	0	0	0	0	0	0	0	0	0	0	0	0	0	0	0	0
05.500,00.000	5.2	5.5	-200	0	4.5	5.47048	4.64752	0.822964	0	0	0	0	0	0	0	0	0	0	0	0	0	0	0	0	0	0
05.500,00.000	5.3	5.5	-200	0	4.5	5.72377	4.64752	1.07625	0	0	0	0	0	0	0	0	0	0	0	0	0	0	0	0	0	0
05.500,00.000	5.4	5.5	-200	0	4.5	5.97687	4.64752	1.32935	0	0	0	0	0	0	0	0	0	0	0	0	0	0	0	0	0	0
05.500,00.000	5.5	5.5	-200	0	4.5	6.22917	4.64752	1.58165	0	0	0	0	0	0	0	0	0	0	0	0	0	0	0	0	0	0
05.500,00.000	5.6	5.5	-200	0	4.5	6.48141	4.64752	1.83389	0	0	0	0	0	0	0	0	0	0	0	0	0	0	0	0	0	0
05.500,00.000	5.7	5.5	-200	0	4.5	6.73283	4.64752	2.08531	0	0	0	0	0	0	0	0	0	0	0	0	0	0	0	0	0	0
05.500,00.000	5.8	5.5	-200	0	4.5	6.98482	4.64752	2.3373	0	0	0	0	0	0	0	0	0	0	0	0	0	0	0	0	0	0
05.500,00.000	5.9	5.5	-200	0	4.5	7.23617	4.64752	2.58865	0	0	0	0	0	0	0	0	0	0	0	0	0	0	0	0	0	0
05.500,00.000	6	5.5	-200	0	4.5	7.48693	4.64752	2.83941	0	0	0	0	0	0	0	0	0	0	0	0	0	0	0	0	0	0
05.500,00.000	6.1	5.5	-200	0	4.5	7.73786	4.64752	3.09034	0	0	0	0	0	0	0	0	0	0	0	0	0	0	0	0	0	0
05.500,00.000	6.2	5.5	-200	0	4.5	7.98852	4.64752	3.341	0	0	0	0	0	0	0	0	0	0	0	0	0	0	0	0	0	0
05.500,00.000	6.3	5.5	-200	0	4.5	8.23875	4.64752	3.59123	0	0	0	0	0	0	0	0	0	0	0	0	0	0	0	0	0	0
05.500,00.000	6.4	5.5	-200	0	4.5	8.48901	4.64752	3.84149	0	0	0	0	0	0	0	0	0	0	0	0	0	0	0	0	0	0
05.500,00.000	6.5	5.5	-200	0	4.5	8.73835	4.64752	4.09083	0	0	0	0	0	0	0	0	0	0	0	0	0	0	0	0	0	0
05.500,00.000	6.6	5.5	-200	0	4.5	8.98757	4.64752	4.34005	0	0	0	0	0	0	0	0	0	0	0	0	0	0	0	0	0	0
05.500,00.000	6.7	5.5	-200	0	4.5	9.23659	4.64752	4.58907	0	0	0	0	0	0	0	0	0	0	0	0	0	0	0	0	0	0
05.500,00.000	6.8	5.5	-200	0	4.5	9.48515	4.64752	4.83763	0	0	0	0	0	0	0	0	0	0	0	0	0	0	0	0	0	0
05.500,00.000	6.9	5.5	-200	0	4.5	9.73327	4.64752	5.08575	0	0	0	0	0	0	0	0	0	0	0	0	0	0	0	0	0	0
05.500,00.000	7	5.5	-200	0	4.5	9.98131	4.64752	5.33379	0	0	0	0	0	0	0	0	0	0	0	0	0	0	0	0	0	0
05.500,00.000	7.1	5.5	-200	0	4.5	10.2293	4.64752	5.58178	0	0	0	0	0	0	0	0	0	0	0	0	0	0	0	0	0	0
05.500,00.000	7.2	5.5	-200	0	4.5	10.4767	4.64752	5.82914	0	0	0	0	0	0	0	0	0	0	0	0	0	0	0	0	0	0
05.500,00.000	7.3	5.5	-200	0	4.5	10.7235	4.64752	6.07594	0	0	0	0	0	0	0	0	0	0	0	0	0	0	0	0	0	0
05.500,00.000	7.4	5.5	-200	0	4.5	10.9701	4.64756	6.32258	0	0	0	0	0	0	0	0	0	0	0	0	0	0	0	0	0	0
05.500,00.000	7.5	5.5	-200	0	4.5	11.2172	4.64853	6.56871	0	0	0	0	0	0	0	0	0	0	0	0	0	0	0	0	0	0
05.500,00.000	7.6	5.5	-200	0	4.5	11.4644	4.64991	6.81451	0	0	0	0	0	0	0	0	0	0	0	0	0	0	0	0	0	0
05.500,00.000	7.7	5.5	-200	0	4.5	11.713	4.65324	7.05979	0	0	0	0	0	0	0	0	0	0	0	0	0	0	0	0	0	0
05.500,00.000	7.8	5.5	-200	0	4.5	11.9634	4.65844	7.30491	0	0	0	0	0	0	0	0	0	0	0	0	0	0	0	0	0	0
05.500,00.000	7.9	5.5	-200	0	4.5	12.2162	4.66621	7.55	0	0	0	0	0	0	0	0	0	0	0	0	0	0	0	0	0	0
05.500,00.000	8	5.5	-200	0	4.5	12.4727	4.67816	7.79455	0	0	0	0	0	0	0	0	0	0	0	0	0	0	0	0	0	0
05.500,00.000	8.1	5.5	-200	0	4.5	12.7331	4.69457	8.03858	0	0	0	0	0	0	0	0	0	0	0	0	0	0	0	0	0	0
05.500,00.000	8.2	5.5	-200	0	4.5	12.9983	4.71614	8.28214	0	0	0	0	0	0	0	0	0	0	0	0	0	0	0	0	0	0
05.500,00.000	8.3	5.5	-200	0	4.5	13.2691	4.74365	8.52547	0	0	0	0	0	0	0	0	0	0	0	0	0	0	0	0	0	0
05.500,00.000	8.4	5.5	-200	0	4.5	13.5461	4.77772	8.76839	0	0	0	0	0	0	0	0	0	0	0	0	0	0	0	0	0	0
05.500,00.000	8.5	5.5	-200	0	4.5	13.8283	4.81799	9.01029	0	0	0	0	0	0	0	0	0	0	0	0	0	0	0	0	0	0
05.500,00.000	8.6	5.5	-200	0	4.5	14.1161	4.86433	9.25176	0	0	0	0	0	0	0	0	0	0	0	0	0	0	0	0	0	0
05.500,00.000	8.7	5.5	-200	0	4.5	14.4101	4.91721	9.49285	0	0	0	0	0	0	0	0	0	0	0	0	0	0	0	0	0	0
05.500,00.000	8.8	5.5	-200	0	4.5	14.7107	4.97715	9.73356	0	0	0	0	0	0	0	0	0	0	0	0	0	0	0	0	0	0
05.500,00.000	8.9	5.5	-200	0	4.5	15.019	5.04509	9.97389	0	0	0	0	0	0	0	0	0	0	0	0	0	0	0	0	0	0
05.500,00.000	9	5.5	-200	0	4.5	15.3342	5.12051	10.2137	0	0	0	0	0	0	0	0	0	0	0	0	0	0	0	0	0	0
05.500,00.000	9.1	5.5	-200	0	4.5	15.6563	5.20328	10.453	0	0	0	0	0	0	0	0	0	0	0	0	0	0	0	0	0	0
05.500,00.000	9.2	5.5	-200	0	4.5	15.9859	5.29401	10.6409	0.0509948	0	0	0	0	0	0	0	0	0	0	0	0	0	0	0	0	0
05.500,00.000	9.3	5.5	-200	0	4.5	16.323	5.39289	10.6413	0.288865	0	0	0	0	0	0	0	0	0	0	0	0	0	0	0	0	0
05.500,00.000	9.4	5.5	-200	0	4.5	16.6686	5.50061	10.6405	0.52745	0	0	0	0	0	0	0	0	0	0	0	0	0	0	0	0	0
05.500,00.000	9.5	5.5	-200	0	4.5	17.0194	5.61358	10.6416	0.764244	0	0	0	0	0	0	0	0	0	0	0	0	0	0	0	0	0
05.500,00.000	9.6	5.5	-200	0	4.5	17.3779	5.73418	10.6431	1.00065	0	0	0	0	0	0	0	0	0	0	0	0	0	0	0	0	0
05.500,00.000	9.7	5.5	-200	0	4.5	17.7374	5.85448	10.6464	1.23655	0	0	0	0	0	0	0	0	0	0	0	0	0	0	0	0	0
05.500,00.000	9.8	5.5	-200	0	4.5	18.1438	6.01849	10.6533	1.47201	0	0	0	0	0	0	0	0	0	0	0	0	0	0	0	0	0
05.500,00.000	9.9	5.5	-200	0	4.5	18.562	6.19221	10.6629	1.70693	0	0	0	0	0	0	0	0	0	0	0	0	0	0	0	0	0
05.500,00.000	10	5.5	-200	0	4.5	18.9925	6.37366	10.6775	1.94136	0	0	0	0	0	0	0	0	0	0	0	0	0	0	0	0	0
05.500,00.000	10.1	5.5	-200	0	4.5	19.4344	6.56299	10.696	2.1754	0	0	0	0	0	0	0	0	0	0	0	0	0	0	0	0	0
05.500,00.000	10.2	5.5	-200	0	4.5	19.891	6.75978	10.7223	2.40888	0	0	0	0	0	0	0	0	0	0	0	0	0	0	0	0	0
05.500,00.000	10.3	5.5	-200	0	4.5	20.3613	6.96399	10.7556	2.64162	0	0	0	0	0	0	0	0	0	0	0	0	0	0	0	0	0
05.500,00.000	10.4	5.5	-200	0	4.5	20.8452	7.17551	10.7958	2.87388	0	0	0	0	0	0	0	0	0	0	0	0	0	0	0	0	0
05.500,00.000	10.5	5.5	-200	0	4.5	21.3322	7.38194	10.8448	3.10546	0	0	0	0	0	0	0	0	0	0	0	0	0	0	0	0	0
05.500,00.000	10.6	5.5	-200	0	4.5	21.8177	7.57919	10.902	3.33658	0	0	0	0	0	0	0	0	0	0	0	0	0	0	0	0	0
05.500,00.000	10.7	5.5	-200	0	4.5	22.3135	7.77909	10.9675	3.56688	0	0	0	0	0	0	0	0	0	0	0	0	0	0	0	0	0
05.500,00.000	10.8	5.5	-200	0	4.5	22.8218	7.98394	11.0412	3.79667	0	0	0	0	0	0	0	0	0	0	0	0	0	0	0	0	0
05.500,00.000	10.9	5.5	-200	0	4.5	23.3467	8.19647	11.1238	4.02638	0	0	0	0	0	0	0	0	0	0	0	0	0	0	0	0	0
05.500,00.000	11	5.5	-200	0	4.5	23.8871	8.41691	11.2145	4.25567	0	0	0	0	0	0	0	0	0	0	0	0	0	0	0	0	0
05.500,00.000	11.1	5.5	-200	0	4.5	24.4451	8.64712	11.3137	4.48433	0	0	0	0	0	0	0	0	0	0	0	0	0	0	0	0	0
05.500,00.000	11.2	5.5	-200	0	4.5	25.0579	8.92268	11.4229	4.71229	0	0	0	0	0	0	0	0	0	0	0	0	0	0	0	0	0
05.500,00.000	11.3	5.5	-200	0	4.5	25.6905	9.21026	11.5404	4.93981	0	0	0	0	0	0	0	0	0	0	0	0	0	0	0	0	0
05.500,00.000	11.4	5.5	-200	0	4.5	26.346	9.51121	11.6678	5.167	0	0	0	0	0	0	0	0	0	0	0	0	0	0	0	0	0
05.500,00.000	11.5	5.5	-200	0	4.5	27.0123	9.81517	11.8037	5.39346	0	0	0	0	0	0	0	0	0	0	0	0	0	0	0	0	0
05.500,00.000	11.6	5.5	-200	0	4.5	27.6972	10.1263	11.9516	5.61925	0	0	0	0	0	0	0	0	0	0	0	0	0	0	0	0	0
05.500,00.000	11.7	5.5	-200	0	4.5	28.3957	10.4403	12.111	5.8443	0	0	0	0	0	0	0	0	0	0	0	0	0	0	0	0	0
05.500,00.000	11.8	5.5	-200	0	4.5	29.1116	10.7602	12.2823	6.06908	0	0	0	0	0	0	0	0	0	0	0	0	0	0	0	0	0
05.500,00.000	11.9	5.5	-200	0	4.5	29.8499	11.09	12.4661	6.29371	0	0	0	0	0	0	0	0	0	0	0	0	0	0	0	0	0
05.500,00.000	12	5.5	-200	0	4.5	30.6515	11.4696	12.6632	6.51871	0	0	0	0	0	0	0	0	0	0	0	0	0	0	0	0	0
05.500,00.000	12.1	5.5	-200	0	4.5	31.507	11.8899	12.8739	6.74326	0	0	0	0	0	0	0	0	0	0	0	0	0	0	0	0	0
05.500,00.000	12.2	5.5	-200	0	4.5	32.4045	12.3415	13.0967	6.96635	0	0	0	0	0	0	0	0	0	0	0	0	0	0	0	0	0
05.500,00.000	12.3	5.5	-200	0	4.5	33.323	12.7995	13.3344	7.18897	0	0	0	0	0	0	0	0	0	0	0	0	0	0	0	0	0
05.500,00.000	12.4	5.5	-200	0	4.5	34.2604	13.2626	13.5866	7.41118	0	0	0	0	0	0	0	0	0	0	0	0	0	0	0	0	0
05.500,00.000	12.5	5.5	-200	0	4.5	35.1746	13.7271	13.8609	7.58662	0	0	0	0	0	0	0	0	0	0	0	0	0	0	0	0	0
05.500,00.000	12.6	5.5	-200	0	4.5	36.0536	14.2343	14.2073	7.61203	0	0	0	0	0	0	0	0	0	0	0	0	0	0	0	0	0
05.500,00.000	12.7	5.5	-200	0	4.5	36.8189	14.6773	14.5296	7.61203	0	0	0	0	0	0	0	0	0	0	0	0	0	0	0	0	0
05.500,00.000	12.8	5.5	-200	0	4.5	37.4942	15.0607	14.8215	7.61203	0	0	0	0	0	0	0	0	0	0	0	0	0	0	0	0	0
05.500,00.000	12.9	5.5	-200	0	4.5	38.3033	15.5131	15.1782	7.61203	0	0	0	0	0	0	0	0	0	0	0	0	0	0	0	0	0
05.500,00.000	13	5.5	-200	0	4.5	39.1257	15.9556	15.5581	7.61203	0	0	0	0	0	0	0	0	0	0	0	0	0	0	0	0	0
05.500,00.000	13.1	5.5	-200	0	4.5	39.9398	16.3832	15.9445	7.61203	0	0	0	0	0	0	0	0	0	0	0	0	0	0	0	0	0
05.500,00.000	13.2	5.5	-200	0	4.5	40.7735	16.8187	16.3427	7.61203	0	0	0	0	0	0	0	0	0	0	0	0	0	0	0	0	0
05.500,00.000	13.3	5.5	-200	0	4.5	41.6335	17.2601	16.7614	7.61203	0	0	0	0	0	0	0	0	0	0	0	0	0	0	0	0	0
05.500,00.000	13.4	5.5	-200	0	4.5	42.5194	17.7062	17.2011	7.61203	0	0	0	0	0	0	0	0	0	0	0	0	0	0	0	0	0
05.500,00.000	13.5	5.5	-200	0	4.5	43.5039	18.1919	17.7	7.61203	0	0	0	0	0	0	0	0	0	0	0	0	0	0	0	0	0
05.500,00.000	13.6	5.5	-200	0	4.5	44.6167	18.7257	18.279	7.61203	0	0	0	0	0	0	0	0	0	0	0	0	0	0	0	0	0
05.500,00.000	13.7	5.5	-200	0	4.5	45.5581	19.1672	18.7788	7.61203	0	0	0	0	0	0	0	0	0	0	0	0	0	0	0	0	0
05.500,00.000	13.8	5.5	-200	0	4.5	46.3965	19.5729	19.2116	7.61203	0	0	0	0	0	0	0	0	0	0	0	0	0	0	0	0	0
05.500,00.000	13.9	5.5	-200	0	4.5	47.3718	20.0399	19.7199	7.61203	0	0	0	0	0	0	0	0	0	0	0	0	0	0	0	0	0
05.500,00.000	14	5.5	-200	0	4.5	48.5383	20.5941	20.3322	7.61203	0	0	0	0	0	0	0	0	0	0	0	0	0	0	0	0	0
05.500,00.000	14.1	5.5	-200	0	4.5	49.6701	21.1266	20.9314	7.61206	0	0	0	0	0	0	0	0	0	0	0	0	0	0	0	0	0
05.500,00.000	14.2	5.5	-200	0	4.5	50.7999	21.651	21.5363	7.61262	0	0	0	0	0	0	0	0	0	0	0	0	0	0	0	0	0
05.500,00.000	14.3	5.5	-200	0	4.5	52.0118	22.2364	22.162	7.61348	0	0	0	0	0	0	0	0	0	0	0	0	0	0	0	0	0
05.500,00.000	14.4	5.5	-200	0	4.5	53.244	22.8205	22.8075	7.61605	0	0	0	0	0	0	0	0	0	0	0	0	0	0	0	0	0
05.500,00.000	14.5	5.5	-200	0	4.5	54.9529	23.6137	23.7178	7.62147	0	0	0	0	0	0	0	0	0	0	0	0	0	0	0	0	0
05.500,00.000	14.6	5.5	-200	0	4.5	56.4721	24.3065	24.535	7.63065	0	0	0	0	0	0	0	0	0	0	0	0	0	0	0	0	0
05.500,00.000	14.7	5.5	-200	0	4.5	57.8402	24.9144	25.284	7.64176	0	0	0	0	0	0	0	0	0	0	0	0	0	0	0	0	0
05.500,00.000	14.8	5.5	-200	0	4.5	59.3173	25.6188	26.0419	7.65653	0	0	0	0	0	0	0	0	0	0	0	0	0	0	0	0	0
05.500,00.000	14.9	5.5	-200	0	4.5	60.161	26.028	26.4661	7.66681	0	0	0	0	0	0	0	0	0	0	0	0	0	0	0	0	0
05.500,00.000	15	5.5	-200	0	4.5	61.9424	26.8686	27.3799	7.69389	0	0	0	0	0	0	0	0	0	0	0	0	0	0	0	0	0
05.500,00.000	15.1	5.5	-200	0	4.5	63.5921	27.6408	28.228	7.72334	0	0	0	0	0	0	0	0	0	0	0	0	0	0	0	0	0
05.500,00.000	15.2	5.5	-200	0	4.5	65.1108	28.3352	29.0203	7.75538	0	0	0	0	0	0	0	0	0	0	0	0	0	0	0	0	0
05.500,00.000	15.3	5.5	-200	0	4.5	66.6513	29.025	29.8331	7.79318	0	0	0	0	0	0	0	0	0	0	0	0	0	0	0	0	0
05.500,00.000	15.4	5.5	-200	0	4.5	68.2311	29.7279	30.6669	7.83626	0	0	0	0	0	0	0	0	0	0	0	0	0	0	0	0	0
05.500,00.000	15.5	5.5	-200	0	4.5	71.6272	31.1476	32.5394	7.94014	0	0	0	0	0	0	0	0	0	0	0	0	0	0	0	0	0
05.500,00.000	15.6	5.5	-200	0	4.5	72.3649	31.4213	32.9815	7.9621	0	0	0	0	0	0	0	0	0	0	0	0	0	0	0	0	0
05.500,00.000	15.7	5.5	-200	0	4.5	73.9352	32.0202	33.8969	8.01812	0	0	0	0	0	0	0	0	0	0	0	0	0	0	0	0	0
05.500,00.000	15.8	5.5	-200	0	4.5	74.293	32.1463	34.1154	8.03124	0	0	0	0	0	0	0	0	0	0	0	0	0	0	0	0	0
05.500,00.000	15.9	5.5	-200	0	4.5	75.7277	32.6569	34.9799	8.09084	0	0	0	0	0	0	0	0	0	0	0	0	0	0	0	0	0
05.500,00.000	16	5.5	-200	0	4.5	78.1948	33.5087	36.4861	8.20002	0	0	0	0	0	0	0	0	0	0	0	0	0	0	0	0	0
05.500,00.000	16.1	5.5	-200	0	4.5	80.1778	34.2066	37.6753	8.29582	0	0	0	0	0	0	0	0	0	0	0	0	0	0	0	0	0
05.500,00.000	16.2	5.5	-200	0	4.5	81.9832	34.8286	38.7647	8.38992	0	0	0	0	0	0	0	0	0	0	0	0	0	0	0	0	0
05.500,00.000	16.3	5.5	-200	0	4.5	83.8017	35.4476	39.8635	8.49054	0	0	0	0	0	0	0	0	0	0	0	0	0	0	0	0	0
05.500,00.000	16.4	5.5	-200	0	4.5	85.6166	36.0842	40.9342	8.59828	0	0	0	0	0	0	0	0	0	0	0	0	0	0	0	0	0
05.500,00.000	16.5	5.5	-200	0	4.5	91.0465	37.9447	44.1551	8.94675	0	0	0	0	0	0	0	0	0	0	0	0	0	0	0	0	0
05.500,00.000	16.6	5.5	-200	0	4.5	92.0043	38.2415	44.7438	9.01912	0	0	0	0	0	0	0	0	0	0	0	0	0	0	0	0	0
05.500,00.000	16.7	5.5	-200	0	4.5	100.351	40.8124	49.8557	9.68263	0	0	0	0	0	0	0	0	0	0	0	0	0	0	0	0	0
05.500,00.000	16.8	5.5	-200	0	4.5	102.192	41.3026	51.0464	9.84286	0	0	0	0	0	0	0	0	0	0	0	0	0	0	0	0	0
05.500,00.000	16.9	5.5	-200	0	4.5	106.942	42.6268	53.9968	10.3186	0	0	0	0	0	0	0	0	0	0	0	0	0	0	0	0	0
05.500,00.000	17	5.5	-200	0	4.5	109.571	43.3357	55.639	10.5966	0	0	0	0	0	0	0	0	0	0	0	0	0	0	0	0	0
05.500,00.000	17.1	5.5	-200	0	4.5	111.224	43.7672	56.6749	10.7823	0	0	0	0	0	0	0	0	0	0	0	0	0	0	0	0	0
05.500,00.000	17.2	5.5	-200	0	4.5	112.859	44.1861	57.6965	10.9766	0	0	0	0	0	0	0	0	0	0	0	0	0	0	0	0	0
05.500,00.000	17.3	5.5	-200	0	4.5	114.493	44.6191	58.6919	11.1817	0	0	0	0	0	0	0	0	0	0	0	0	0	0	0	0	0
05.500,00.000	17.4	5.5	-200	0	4.5	116.15	45.0376	59.714	11.3988	0	0	0	0	0	0	0	0	0	0	0	0	0	0	0	0	0
05.500,00.000	17.5	5.5	-200	0	4.5	122.243	46.5155	63.5024	12.2249	0	0	0	0	0	0	0	0	0	0	0	0	0	0	0	0	0
05.500,00.000	17.6	5.5	-200	0	4.5	123.475	46.8558	64.226	12.3937	0	0	0	0	0	0	0	0	0	0	0	0	0	0	0	0	0
05.500,00.000	17.7	5.5	-200	0	4.5	131.768	48.7483	69.3792	13.6409	0	0	0	0	0	0	0	0	0	0	0	0	0	0	0	0	0
05.500,00.000	17.8	5.5	-200	0	4.5	133.745	49.193	70.6183	13.9338	0	0	0	0	0	0	0	0	0	0	0	0	0	0	0	0	0
05.500,00.000	17.9	5.5	-200	0	4.5	140.864	50.6201	75.207	15.0372	0	0	0	0	0	0	0	0	0	0	0	0	0	0	0	0	0
05.500,00.000	18	5.5	-200	0	4.5	144.121	51.2631	77.3007	15.5575	0	0	0	0	0	0	0	0	0	0	0	0	0	0	0	0	0
05.500,00.000	18.1	5.5	-200	0	4.5	145.737	51.5664	78.3472	15.8231	0	0	0	0	0	0	0	0	0	0	0	0	0	0	0	0	0
05.500,00.000	18.2	5.5	-200	0	4.5	147.313	51.8517	79.3718	16.0901	0	0	0	0	0	0	0	0	0	0	0	0	0	0	0	0	0
05.500,00.000	18.3	5.5	-200	0	4.5	149.486	52.2285	80.7887	16.4691	0	0	0	0	0	0	0	0	0	0	0	0	0	0	0	0	0
05.500,00.000	18.4	5.5	-200	0	4.5	151.237	52.5216	81.9334	16.7823	0	0	0	0	0	0	0	0	0	0	0	0	0	0	0	0	0
05.500,00.000	18.5	5.5	-200	0	4.5	160.733	54.1157	88.0354	18.582	0	0	0	0	0	0	0	0	0	0	0	0	0	0	0	0	0
05.500,00.000	18.6	5.5	-200	0	4.5	162.514	54.4479	89.1103	18.9211	0	0.0346537	0	0	0	0	0	0	0	0	0	0	0	0	0	0	0
05.500,00.000	18.7	5.5	-200	0	4.5	184.358	57.9832	101.257	23.1078	0	2.00984	0	0	0	0	0	0	0	0	0	0	0	0	0	0	0
05.500,00.000	18.8	5.5	-200	0	4.5	189.664	58.8614	104.279	23.9798	0	2.54387	0	0	0	0	0	0	0	0	0	0	0	0	0	0	0
05.500,00.000	18.9	5.5	-200	0	4.5	198.931	60.3925	109.481	25.6583	0	3.3994	0	0	0	0	0	0	0	0	0	0	0	0	0	0	0
05.500,00.000	19	5.5	-200	0	4.5	202.698	60.8428	111.742	26.3505	0	3.76352	0	0	0	0	0	0	0	0	0	0	0	0	0	0	0
05.500,00.000	19.1	5.5	-200	0	4.5	204.523	61.0681	112.838	26.6887	0	3.92859	0	0	0	0	0	0	0	0	0	0	0	0	0	0	0
05.500,00.000	19.2	5.5	-200	0	4.5	206.49	61.3003	114.035	27.0529	0	4.10191	0	0	0	0	0	0	0	0	0	0	0	0	0	0	0
05.500,00.000	19.3	5.5	-200	0	4.5	208.478	61.5358	115.253	27.4186	0	4.16065	0.110148	0	0	0	0	0	0	0	0	0	0	0	0	0	0
05.500,00.000	19.4	5.5	-200	0	4.5	210.518	61.7744	116.51	27.7942	0	4.15879	0.28086	0	0	0	0	0	0	0	0	0	0	0	0	0	0
05.500,00.000	19.5	5.5	-200	0	4.5	212.696	62.0311	117.865	28.1832	0	4.15741	0.459482	0	0	0	0	0	0	0	0	0	0	0	0	0	0
05.500,00.000	19.6	5.5	-200	0	4.5	214.728	62.2669	119.141	28.5392	0	4.15741	0.623867	0	0	0	0	0	0	0	0	0	0	0	0	0	0
05.500,00.000	19.7	5.5	-200	0	4.5	216.794	62.4951	120.452	28.9018	0	4.15741	0.78768	0	0	0	0	0	0	0	0	0	0	0	0	0	0
05.500,00.000	19.8	5.5	-200	0	4.5	218.944	62.7204	121.826	29.2831	0	4.15741	0.956706	0	0	0	0	0	0	0	0	0	0	0	0	0	0
05.500,00.000	19.9	5.5	-200	0	4.5	230.148	63.85	129	31.2962	0	4.15741	1.84443	0	0	0	0	0	0	0	0	0	0	0	0	0	0
05.500,00.000	20	5.5	-200	0	4.5	232.393	64.0216	130.51	31.678	0	4.15741	2.02598	0	0	0	0	0	0	0	0	0	0	0	0	0	0
05.500,00.000	20.1	5.5	-200	0	4.5	239.551	64.7973	135.076	32.9345	0	4.15741	2.5865	0	0	0	0	0	0	0	0	0	0	0	0	0	0
05.500,00.000	20.2	5.5	-200	0	4.5	243.429	65.2216	137.563	33.5993	0	4.15741	2.88811	0	0	0	0	0	0	0	0	0	0	0	0	0	0
05.500,00.000	20.3	5.5	-200	0	4.5	245.611	65.4656	138.949	33.9853	0	4.15741	3.0534	0	0	0	0	0	0	0	0	0	0	0	0	0	0
05.500,00.000	20.4	5.5	-200	0	4.5	250.149	65.9684	141.825	34.8036	0	4.15741	3.39501	0	0	0	0	0	0	0	0	0	0	0	0	0	0
05.500,00.000	20.5	5.5	-200	0	4.5	251.172	66.0732	142.478	34.9905	0	4.15741	3.47312	0	0	0	0	0	0	0	0	0	0	0	0	0	0
05.500,00.000	20.6	5.5	-200	0	4.5	254.361	66.4094	144.482	35.5941	0	4.15741	3.71821	0	0	0	0	0	0	0	0	0	0	0	0	0	0
05.500,00.000	20.7	5.5	-200	0	4.5	256.968	66.7198	146.08	36.0943	0	4.15741	3.91685	0	0	0	0	0	0	0	0	0	0	0	0	0	0
05.500,00.000	20.8	5.5	-200	0	4.5	259.166	66.9788	147.422	36.5244	3.14193e-14	4.15741	4.08368	0	0	0	0	0	0	0	0	0	0	0	0	0	0
05.500,00.000	20.9	5.5	-200	0	4.5	270.457	68.3831	154.119	38.7439	0.126515	4.15741	4.92699	0	0	0	0	0	0	0	0	0	0	0	0	0	0
05.500,00.000	21	5.5	-200	0	4.5	272.769	68.6821	155.422	39.2557	0.152885	4.15741	5.09877	0	0	0	0	0	0	0	0	0	0	0	0	0	0
05.500,00.000	21.1	5.5	-200	0	4.5	279.952	69.6576	159.455	40.8245	0.237405	4.15741	5.61987	0	0	0	0	0	0	0	0	0	0	0	0	0	0
05.500,00.000	21.2	5.5	-200	0	4.5	283.885	70.2053	161.635	41.6939	0.285303	4.15741	5.90837	0	0	0	0	0	0	0	0	0	0	0	0	0	0
05.500,00.000	21.3	5.5	-200	0	4.5	286.142	70.523	162.867	42.2069	0.313799	4.15741	6.07359	0	0	0	0	0	0	0	0	0	0	0	0	0	0
05.500,00.000	21.4	5.5	-200	0	4.5	291.242	71.2811	165.593	43.3835	0.380257	4.15741	6.44611	0	0	0	0	0	0	0	0	0	0	0	0	0	0
05.500,00.000	21.5	5.5	-200	0	4.5	292.338	71.4661	166.181	43.608	0.395363	4.15741	6.52942	0	0	0	0	0	0	0	0	0	0	0	0	0	0
05.500,00.000	21.6	5.5	-200	0	4.5	295.805	72.0217	167.989	44.3986	0.445131	4.15741	6.79278	0	0	0	0	0	0	0	0	0	0	0	0	0	0
05.500,00.000	21.7	5.5	-200	0	4.5	308.032	74.0028	174.345	47.1303	0.631465	4.15919	7.76351	0	0	0	0	0	0	0	0	0	0	0	0	0	0
05.500,00.000	21.8	5.5	-200	0	4.5	311.773	74.7292	176.263	47.8562	0.691674	4.16337	8.06958	0	0	0	0	0	0	0	0	0	0	0	0	0	0
05.500,00.000	21.9	5.5	-200	0	4.5	311.855	74.7449	176.304	47.8738	0.693031	4.16356	8.07622	0	0	0	0	0	0	0	0	0	0	0	0	0	0
05.500,00.000	22	5.5	-200	0	4.5	312.607	74.9114	176.657	48.0264	0.706504	4.16637	8.13967	0	0	0	0	0	0	0	0	0	0	0	0	0	0
05.500,00.000	22.1	5.5	-200	0	4.5	317.811	75.9813	179.073	49.176	0.80086	4.20297	8.57661	0	0	0	0	0	0	0	0	0	0	0	0	0	0
05.500,00.000	22.2	5.5	-200	0	4.5	320.815	76.7114	180.353	49.8037	0.882973	4.23949	8.82496	0	0	0	0	0	0	0	0	0	0	0	0	0	0
05.500,00.000	22.3	5.5	-200	0	4.5	322.801	77.2529	181.151	50.2028	0.944206	4.27275	8.9775	0	0	0	0	0	0	0	0	0	0	0	0	0	0
05.500,00.000	22.4	5.5	-200	0	4.5	327.881	78.6876	183.131	51.2152	1.11338	4.3657	9.36869	0	0	0	0	0	0	0	0	0	0	0	0	0	0
05.500,00.000	22.5	5.5	-200	0	4.5	329.02	79.0598	183.531	51.4104	1.16833	4.39437	9.45636	0	0	0	0	0	0	0	0	0	0	0	0	0	0
05.500,00.000	22.6	5.5	-200	0	4.5	332.621	80.163	184.79	52.1287	1.3204	4.48509	9.53836	0.195801	0	0	0	0	0	0	0	0	0	0	0	0	0
05.500,00.000	22.7	5.5	-200	0	4.5	344.77	83.6662	188.959	54.6881	1.8547	4.8701	9.57879	1.15259	0	0	0	0	0	0	0	0	0	0	0	0	0
05.500,00.000	22.8	5.5	-200	0	4.5	355.888	87.3542	192.342	56.842	2.47613	5.29313	9.57897	2.00079	0	0	0	0	0	0	0	0	0	0	0	0	0
05.500,00.000	22.9	5.5	-200	0	4.5	356.887	87.7159	192.615	57.0109	2.54062	5.34752	9.57922	2.07765	0	0	0	0	0	0	0	0	0	0	0	0	0
05.500,00.000	23	5.5	-200	0	4.5	371.64	91.2927	198.269	59.7864	3.54832	5.98448	9.59196	3.16716	0	0	0	0	0	0	0	0	0	0	0	0	0
05.500,00.000	23.1	5.5	-200	0	4.5	378.286	92.8246	200.879	60.9778	4.06753	6.30141	9.60358	3.63236	0	0	0	0	0	0	0	0	0	0	0	0	0
05.500,00.000	23.2	5.5	-200	0	4.5	380.598	93.3565	201.779	61.4035	4.24912	6.40577	9.61439	3.79017	0	0	0	0	0	0	0	0	0	0	0	0	0
05.500,00.000	23.3	5.5	-200	0	4.5	383.015	93.9269	202.692	61.8496	4.44216	6.52168	9.62869	3.95408	0	0	0	0	0	0	0	0	0	0	0	0	0
05.500,00.000	23.4	5.5	-200	0	4.5	387.717	95.0846	204.393	62.7442	4.81556	6.75124	9.66422	4.26378	0	0	0	0	0	0	0	0	0	0	0	0	0
05.500,00.000	23.5	5.5	-200	0	4.5	388.801	95.3694	204.761	62.9406	4.90952	6.81219	9.67341	4.3345	0	0	0	0	0	0	0	0	0	0	0	0	0
05.500,00.000	23.6	5.5	-200	0	4.5	398.56	97.6831	208.058	64.9306	5.79071	7.33234	9.78078	4.98423	0	0	0	0	0	0	0	0	0	0	0	0	0
05.500,00.000	23.7	5.5	-200	0	4.5	400.966	98.2848	208.881	65.3724	6.0026	7.47781	9.80943	5.13796	0	0	0	0	0	0	0	0	0	0	0	0	0
05.500,00.000	23.8	5.5	-200	0	4.5	401.19	98.3394	208.957	65.416	6.02276	7.49054	9.81284	5.15214	0	0	0	0	0	0	0	0	0	0	0	0	0
05.500,00.000	23.9	5.5	-200	0	4.5	411.807	101.028	212.441	67.4272	6.99057	8.10467	9.99636	5.81922	0	0	0	0	0	0	0	0	0	0	0	0	0
05.500,00.000	24	5.5	-200	0	4.5	414.513	101.781	213.333	67.8425	7.24122	8.27837	10.0467	5.98999	0	0	0	0	0	0	0	0	0	0	0	0	0
05.500,00.000	24.1	5.5	-200	0	4.5	420.308	103.325	215.207	68.8341	7.78163	8.63957	10.1732	6.34675	0	0	0	0	0	0	0	0	0	0	0	0	0
05.500,00.000	24.2	5.5	-200	0	4.5	424.12	104.372	216.396	69.4907	8.13819	8.88446	10.2601	6.57864	0	0	0	0	0	0	0	0	0	0	0	0	0
05.500,00.000	24.3	5.5	-200	0	4.5	426.765	105.091	217.237	69.9247	8.38996	9.0575	10.3264	6.73892	0	0	0	0	0	0	0	0	0	0	0	0	0
05.500,00.000	24.4	5.5	-200	0	4.5	429.449	105.842	218.064	70.3518	8.65647	9.23756	10.3981	6.89967	0	0	0	0	0	0	0	0	0	0	0	0	0
05.500,00.000	24.5	5.5	-200	0	4.5	432.137	106.597	218.869	70.7758	8.93706	9.42316	10.4755	7.06028	0	0	0	0	0	0	0	0	0	0	0	0	0
05.500,00.000	24.6	5.5	-200	0	4.5	434.855	107.349	219.649	71.2381	9.22414	9.615	10.558	7.22202	0	0	0	0	0	0	0	0	0	0	0	0	0
05.500,00.000	24.7	5.5	-200	0	4.5	437.643	108.086	220.417	71.794	9.5106	9.8099	10.6447	7.3804	0	0	0	0	0	0	0	0	0	0	0	0	0
05.500,00.000	24.8	5.5	-200	0	4.5	440.695	108.905	221.174	72.5267	9.80481	10.006	10.7377	7.541	0	0	0	0	0	0	0	0	0	0	0	0	0
05.500,00.000	24.9	5.5	-200	0	4.5	451.398	112.073	223.446	75.2316	10.8164	10.6713	11.0718	8.08803	0	0	0	0	0	0	0	0	0	0	0	0	0
05.500,00.000	25	5.5	-200	0	4.5	453.793	112.911	223.784	75.9261	11.0279	10.7984	11.1441	8.20163	0	0	0	0	0	0	0	0	0	0	0	0	0
05.500,00.000	25.1	5.5	-200	0	4.5	461.49	115.606	224.777	78.1402	11.7739	11.2449	11.3916	8.55661	0	0	0	0	0	0	0	0	0	0	0	0	0
05.500,00.000	25.2	5.5	-200	0	4.5	466.962	117.593	225.544	79.6146	12.3264	11.5378	11.5594	8.78783	0	0	0	0	0	0	0	0	0	0	0	0	0
05.500,00.000	25.3	5.5	-200	0	4.5	470.723	118.969	226.037	80.6379	12.6988	11.7494	11.6836	8.94681	0	0	0	0	0	0	0	0	0	0	0	0	0
05.500,00.000	25.4	5.5	-200	0	4.5	488.347	125.529	228.26	85.2727	14.5406	12.7703	12.2928	9.68195	0	0	0	0	0	0	0	0	0	0	0	0	0
05.500,00.000	25.5	5.5	-200	0	4.5	493.768	127.616	228.97	86.5792	15.1427	13.0875	12.4688	9.60612	0.29659	0	0	0	0	0	0	0	0	0	0	0	0
05.500,00.000	25.6	5.5	-200	0	4.5	493.792	127.626	228.973	86.585	15.1454	13.089	12.4695	9.60589	0.297805	0	0	0	0	0	0	0	0	0	0	0	0
05.500,00.000	25.7	5.5	-200	0	4.5	494.044	127.721	229.002	86.6489	15.1738	13.1059	12.4789	9.60843	0.305498	0	0	0	0	0	0	0	0	0	0	0	0
05.500,00.000	25.8	5.5	-200	0	4.5	508.926	133.42	230.653	90.3638	16.818	14.1117	13.0502	9.67968	0.829999	0	0	0	0	0	0	0	0	0	0	0	0
05.500,00.000	25.9	5.5	-200	0	4.5	517.067	136.536	231.604	92.3978	17.7003	14.6441	13.3539	9.67984	1.15125	0	0	0	0	0	0	0	0	0	0	0	0
05.500,00.000	26	5.5	-200	0	4.5	517.605	136.746	231.666	92.5296	17.757	14.6795	13.3751	9.68003	1.17205	0	0	0	0	0	0	0	0	0	0	0	0
05.500,00.000	26.1	5.5	-200	0	4.5	521.308	138.19	232.075	93.432	18.1414	14.9356	13.5368	9.68216	1.3145	0	0	0	0	0	0	0	0	0	0	0	0
05.500,00.000	26.2	5.5	-200	0	4.5	522.892	138.807	232.262	93.8162	18.3073	15.0397	13.6024	9.68321	1.37429	0	0	0	0	0	0	0	0	0	0	0	0
05.500,00.000	26.3	5.5	-200	0	4.5	523.286	138.96	232.304	93.9122	18.3473	15.0677	13.6209	9.68359	1.38914	0	0	0	0	0	0	0	0	0	0	0	0
05.500,00.000	26.4	5.5	-200	0	4.5	523.35	138.986	232.312	93.9275	18.3539	15.0721	13.6238	9.68365	1.39156	0	0	0	0	0	0	0	0	0	0	0	0
05.500,00.000	26.5	5.5	-200	0	4.5	523.622	139.092	232.34	93.9928	18.3807	15.0926	13.6379	9.68403	1.40182	0	0	0	0	0	0	0	0	0	0	0	0
05.500,00.000	26.6	5.5	-200	0	4.5	524.015	139.245	232.38	94.0873	18.4195	15.1228	13.6589	9.68466	1.41698	0	0	0	0	0	0	0	0	0	0	0	0
05.500,00.000	26.7	5.5	-200	0	4.5	536.83	144.107	233.985	97.0702	19.541	16.1695	14.3581	9.7079	1.89088	0	0	0	0	0	0	0	0	0	0	0	0
05.500,00.000	26.8	5.5	-200	0	4.5	544.442	146.74	235.413	98.7542	20.1239	16.7017	14.8218	9.72377	2.16309	0	0	0	0	0	0	0	0	0	0	0	0
05.500,00.000	26.9	5.5	-200	0	4.5	556.198	150.166	238.307	101.251	21.0115	17.5909	15.5309	9.75582	2.58555	0	0	0	0	0	0	0	0	0	0	0	0
05.500,00.000	27	5.5	-200	0	4.5	558.897	150.952	239.026	101.799	21.2158	17.7918	15.6702	9.76341	2.67834	0	0	0	0	0	0	0	0	0	0	0	0
05.500,00.000	27.1	5.5	-200	0	4.5	567.127	153.24	241.18	103.254	22.0849	18.4288	16.1794	9.79473	2.96525	0	0	0	0	0	0	0	0	0	0	0	0
05.500,00.000	27.2	5.5	-200	0	4.5	573.028	154.902	242.76	104.085	22.87	18.8904	16.5289	9.81962	3.17182	0	0	0	0	0	0	0	0	0	0	0	0
05.500,00.000	27.3	5.5	-200	0	4.5	574.195	155.233	243.078	104.245	23.024	18.9824	16.5954	9.8253	3.21287	0	0	0	0	0	0	0	0	0	0	0	0
05.500,00.000	27.4	5.5	-200	0	4.5	574.28	155.257	243.101	104.256	23.0352	18.9891	16.6001	9.82575	3.21586	0	0	0	0	0	0	0	0	0	0	0	0
05.500,00.000	27.5	5.5	-200	0	4.5	603.739	163.343	251.099	107.69	27.2203	21.4775	18.6111	10.022	4.27556	0	0	0	0	0	0	0	0	0	0	0	0
05.500,00.000	27.6	5.5	-200	0	4.5	612.824	166.129	253.802	108.393	28.4546	22.2642	19.0711	10.0903	4.61934	0	0	0	0	0	0	0	0	0	0	0	0
05.500,00.000	27.7	5.5	-200	0	4.5	613.212	166.244	253.912	108.425	28.5058	22.2987	19.098	10.0941	4.63389	0	0	0	0	0	0	0	0	0	0	0	0
05.500,00.000	27.8	5.5	-200	0	4.5	622.947	169.07	256.711	109.227	29.7643	23.1809	19.7879	10.2019	5.00474	0	0	0	0	0	0	0	0	0	0	0	0
05.500,00.000	27.9	5.5	-200	0	4.5	625.802	169.948	257.466	109.469	30.1365	23.4513	19.9763	10.2367	5.11899	0	0	0	0	0	0	0	0	0	0	0	0
05.500,00.000	28	5.5	-200	0	4.5	626.145	170.052	257.552	109.498	30.1814	23.4844	20.0031	10.2416	5.13286	0	0	0	0	0	0	0	0	0	0	0	0
05.500,00.000	28.1	5.5	-200	0	4.5	626.513	170.163	257.645	109.528	30.2288	23.5201	20.0326	10.2473	5.14783	0	0	0	0	0	0	0	0	0	0	0	0
05.500,00.000	28.2	5.5	-200	0	4.5	626.832	170.257	257.727	109.554	30.2694	23.5514	20.0591	10.2527	5.16094	0	0	0	0	0	0	0	0	0	0	0	0
05.500,00.000	28.3	5.5	-200	0	4.5	627.107	170.338	257.798	109.576	30.3039	23.5786	20.0829	10.2578	5.17239	0	0	0	0	0	0	0	0	0	0	0	0
05.500,00.000	28.4	5.5	-200	0	4.5	627.15	170.351	257.808	109.579	30.3091	23.5829	20.0863	10.2586	5.17418	0	0	0	0	0	0	0	0	0	0	0	0
05.500,00.000	28.5	5.5	-200	0	4.5	651.527	177.308	264.372	111.494	33.1982	25.9754	22.2227	10.7682	6.18763	0	0	0	0	0	0	0	0	0	0	0	0
05.500,00.000	28.6	5.5	-200	0	4.5	662.197	180.41	267.256	112.466	34.4373	27.0523	22.9351	10.9997	6.64038	0	0	0	0	0	0	0	0	0	0	0	0
05.500,00.000	28.7	5.5	-200	0	4.5	702.196	194.033	274.166	118.43	38.9558	30.6482	25.8754	11.9192	8.16808	0	0	0	0	0	0	0	0	0	0	0	0
05.500,00.000	28.8	5.5	-200	0	4.5	710.269	197.025	275.4	119.693	39.8691	31.3499	26.3279	12.1372	8.46638	0	0	0	0	0	0	0	0	0	0	0	0
05.500,00.000	28.9	5.5	-200	0	4.5	737.252	206.781	279.901	123.841	41.6469	34.6046	28.1803	12.8583	8.86388	0.575928	0	0	0	0	0	0	0	0	0	0	0
05.500,00.000	29	5.5	-200	0	4.5	747.871	210.72	281.797	125.399	42.2233	35.9482	28.8331	13.1485	8.86388	0.937404	0	0	0	0	0	0	0	0	0	0	0
05.500,00.000	29.1	5.5	-200	0	4.5	752.401	212.491	282.651	125.892	42.4537	36.5262	29.1452	13.2844	8.86388	1.09346	0	0	0	0	0	0	0	0	0	0	0
05.500,00.000	29.2	5.5	-200	0	4.5	757.002	214.332	283.538	126.336	42.6758	37.1069	29.4665	13.4333	8.86388	1.25023	0	0	0	0	0	0	0	0	0	0	0
05.500,00.000	29.3	5.5	-200	0	4.5	761.47	216.141	284.4	126.772	42.8842	37.649	29.7786	13.5839	8.86388	1.39696	0	0	0	0	0	0	0	0	0	0	0
05.500,00.000	29.4	5.5	-200	0	4.5	766.135	218.093	285.282	127.226	43.0862	38.1908	30.1023	13.7463	8.86388	1.54404	0	0	0	0	0	0	0	0	0	0	0
05.500,00.000	29.5	5.5	-200	0	4.5	770.83	220.096	286.145	127.689	43.2736	38.7237	30.432	13.9181	8.86388	1.68919	0	0	0	0	0	0	0	0	0	0	0
05.500,00.000	29.6	5.5	-200	0	4.5	775.612	222.126	287.014	128.163	43.4861	39.2531	30.7709	14.1007	8.86388	1.83419	0	0	0	0	0	0	0	0	0	0	0
05.500,00.000	29.7	5.5	-200	0	4.5	780.317	223.982	287.891	128.657	43.6966	39.8049	31.1333	14.3015	8.86388	1.98687	0	0	0	0	0	0	0	0	0	0	0
05.500,00.000	29.8	5.5	-200	0	4.5	823.549	242.217	296.108	133.11	45.4591	44.2819	34.233	16.0369	8.86612	3.23724	0	0	0	0	0	0	0	0	0	0	0
05.500,00.000	29.9	5.5	-200	0	4.5	831.552	245.067	297.965	134.034	45.8705	45.0932	34.8399	16.338	8.86863	3.47553	0	0	0	0	0	0	0	0	0	0	0
05.500,00.000	30	5.5	-200	0	4.5	836.809	246.906	299.322	134.618	46.102	45.5902	35.2236	16.5506	8.87535	3.62053	0	0	0	0	0	0	0	0	0	0	0
05.500,00.000	30.1	5.5	-200	0	4.5	852.58	252.282	303.471	136.558	46.7756	47.0336	36.3148	17.2026	8.90104	4.04232	0	0	0	0	0	0	0	0	0	0	0
05.500,00.000	30.2	5.5	-200	0	4.5	860.331	254.986	305.59	137.359	47.1155	47.7297	36.8443	17.5409	8.91764	4.24822	0	0	0	0	0	0	0	0	0	0	0
05.500,00.000	30.3	5.5	-200	0	4.5	865.392	256.725	307.016	137.883	47.3246	48.1713	37.1902	17.7702	8.93264	4.37876	0	0	0	0	0	0	0	0	0	0	0
05.500,00.000	30.4	5.5	-200	0	4.5	882.642	262.679	311.951	139.654	48.012	49.6163	38.3709	18.5528	8.99647	4.80986	0	0	0	0	0	0	0	0	0	0	0
05.500,00.000	30.5	5.5	-200	0	4.5	888.947	264.934	313.75	140.268	48.2719	50.1317	38.7582	18.8447	9.02174	4.96643	0	0	0	0	0	0	0	0	0	0	0
05.500,00.000	30.6	5.5	-200	0	4.5	889.142	265.002	313.805	140.289	48.2795	50.1476	38.7713	18.854	9.02276	4.97124	0	0	0	0	0	0	0	0	0	0	0
05.500,00.000	30.7	5.5	-200	0	4.5	909.019	271.918	319.491	142.433	49.0292	51.6709	40.0765	19.8203	9.14272	5.43745	0	0	0	0	0	0	0	0	0	0	0
05.500,00.000	30.8	5.5	-200	0	4.5	919.537	275.544	322.603	143.534	49.4283	52.4118	40.7841	20.3404	9.21142	5.68044	0	0	0	0	0	0	0	0	0	0	0
05.500,00.000	30.9	5.5	-200	0	4.5	934.67	280.762	327.038	145.186	49.9805	53.0526	42.2034	21.1029	9.32557	6.01943	0	0	0	0	0	0	0	0	0	0	0
05.500,00.000	31	5.5	-200	0	4.5	937.637	281.823	327.914	145.483	50.0887	53.1529	42.4881	21.2537	9.34882	6.08418	0	0	0	0	0	0	0	0	0	0	0
05.500,00.000	31.1	5.5	-200	0	4.5	951.132	286.591	331.902	146.942	50.5629	53.5727	43.7818	21.9466	9.46873	6.36426	0	0	0	0	0	0	0	0	0	0	0
05.500,00.000	31.2	5.5	-200	0	4.5	957.472	288.822	333.812	147.608	50.7869	53.7633	44.3797	22.2773	9.52787	6.4942	0	0	0	0	0	0	0	0	0	0	0
05.500,00.000	31.3	5.5	-200	0	4.5	958.304	289.117	334.061	147.698	50.8161	53.7865	44.4572	22.3212	9.53628	6.51072	0	0	0	0	0	0	0	0	0	0	0
05.500,00.000	31.4	5.5	-200	0	4.5	958.391	289.148	334.088	147.707	50.8191	53.7889	44.4652	22.3258	9.5372	6.51242	0	0	0	0	0	0	0	0	0	0	0
05.500,00.000	31.5	5.5	-200	0	4.5	970.425	293.419	337.683	149.054	51.2364	54.073	45.562	22.9826	9.67823	6.73765	0	0	0	0	0	0	0	0	0	0	0
05.500,00.000	31.6	5.5	-200	0	4.5	988.562	299.539	342.756	151.346	51.9202	54.5455	47.3552	24.0756	9.91999	7.10429	0	0	0	0	0	0	0	0	0	0	0
05.500,00.000	31.7	5.5	-200	0	4.5	1039.23	316.788	355.593	158.17	54.1379	55.9202	52.5714	27.2084	10.6767	8.16707	0	0	0	0	0	0	0	0	0	0	0
05.500,00.000	31.8	5.5	-200	0	4.5	1049.36	320.45	358.153	159.508	54.6024	56.1817	53.4933	27.778	10.8262	8.36583	0	0	0	0	0	0	0	0	0	0	0
05.500,00.000	31.9	5.5	-200	0	4.5	1089.41	334.87	368.268	164.805	56.4017	57.1599	57.1761	30.1628	11.4655	8.81288	0.288107	0	0	0	0	0	0	0	0	0	0
05.500,00.000	32	5.5	-200	0	4.5	1100.96	339.332	370.714	166.277	57.1499	57.4465	58.2237	30.847	11.6583	8.81288	0.501803	0	0	0	0	0	0	0	0	0	0
05.500,00.000	32.1	5.5	-200	0	4.5	1113.23	344.062	373.589	167.894	57.8768	57.7341	59.1295	31.5494	11.8747	8.81288	0.710633	0	0	0	0	0	0	0	0	0	0
05.500,00.000	32.2	5.5	-200	0	4.5	1121.42	347.294	375.518	168.993	58.3812	57.9295	59.5963	32.0186	12.0284	8.81288	0.850466	0	0	0	0	0	0	0	0	0	0
05.500,00.000	32.3	5.5	-200	0	4.5	1127.54	349.753	376.986	169.799	58.7228	58.069	59.9323	32.3726	12.1458	8.81288	0.948507	0	0	0	0	0	0	0	0	0	0
05.500,00.000	32.4	5.5	-200	0	4.5	1133.91	352.379	378.503	170.611	59.0701	58.2096	60.2688	32.7366	12.2702	8.81288	1.04538	0	0	0	0	0	0	0	0	0	0
05.500,00.000	32.5	5.5	-200	0	4.5	1140.44	355.111	380.043	171.437	59.4347	58.3511	60.6031	33.1092	12.4012	8.81288	1.14073	0	0	0	0	0	0	0	0	0	0
05.500,00.000	32.6	5.5	-200	0	4.5	1147.07	357.872	381.59	172.274	59.8106	58.4953	60.9379	33.4953	12.5411	8.81288	1.23641	0	0	0	0	0	0	0	0	0	0
05.500,00.000	32.7	5.5	-200	0	4.5	1153.67	360.73	383.134	173.07	60.1621	58.6333	61.2518	33.8711	12.6814	8.81288	1.32557	0	0	0	0	0	0	0	0	0	0
05.500,00.000	32.8	5.5	-200	0	4.5	1165.62	365.823	385.965	174.519	60.8053	58.8814	61.8107	34.5703	12.9476	8.81288	1.4842	0	0	0	0	0	0	0	0	0	0
05.500,00.000	32.9	5.5	-200	0	4.5	1181.94	372.763	389.997	176.462	61.6433	59.2074	62.5369	35.5086	13.3171	8.81288	1.69062	0	0	0	0	0	0	0	0	0	0
05.500,00.000	33	5.5	-200	0	4.5	1184.71	373.957	390.695	176.787	61.7753	59.2696	62.6472	35.6607	13.3808	8.81288	1.72487	0	0	0	0	0	0	0	0	0	0
05.500,00.000	33.1	5.5	-200	0	4.5	1200.84	380.735	394.823	178.735	62.5947	59.5986	63.2746	36.5883	13.7661	8.81288	1.91327	0	0	0	0	0	0	0	0	0	0
05.500,00.000	33.2	5.5	-200	0	4.5	1211.53	385.114	397.685	180.038	63.1259	59.8049	63.6877	37.2022	14.0276	8.81288	2.03557	0	0	0	0	0	0	0	0	0	0
05.500,00.000	33.3	5.5	-200	0	4.5	1219.13	388.233	399.718	180.971	63.5095	59.9468	63.9655	37.6365	14.2178	8.81288	2.11859	0	0	0	0	0	0	0	0	0	0
05.500,00.000	33.4	5.5	-200	0	4.5	1257.45	403.826	409.961	185.631	65.7064	60.6655	65.2697	39.8428	15.212	8.81345	2.52325	0	0	0	0	0	0	0	0	0	0
05.500,00.000	33.5	5.5	-200	0	4.5	1275.01	410.814	414.687	187.799	66.8192	60.9945	65.8687	40.8166	15.6867	8.81449	2.70983	0	0	0	0	0	0	0	0	0	0
05.500,00.000	33.6	5.5	-200	0	4.5	1300.15	421.038	421.246	190.895	68.449	61.4646	66.6478	42.2453	16.3834	8.81865	2.96617	0	0	0	0	0	0	0	0	0	0
05.500,00.000	33.7	5.5	-200	0	4.5	1305.24	423.082	422.582	191.54	68.7887	61.5557	66.8003	42.5253	16.5283	8.81968	3.01778	0	0	0	0	0	0	0	0	0	0
05.500,00.000	33.8	5.5	-200	0	4.5	1313.07	426.322	424.626	192.493	69.288	61.7015	67.0116	42.9619	16.7502	8.82205	3.0902	0	0	0	0	0	0	0	0	0	0
05.500,00.000	33.9	5.5	-200	0	4.5	1314.99	427.112	425.129	192.731	69.4138	61.7357	67.0614	43.0658	16.8059	8.8227	3.1078	0	0	0	0	0	0	0	0	0	0
05.500,00.000	34	5.5	-200	0	4.5	1330.6	433.629	429.248	194.629	70.4018	62.0247	67.4026	43.9387	17.2555	8.82936	3.2388	0	0	0	0	0	0	0	0	0	0
05.500,00.000	34.1	5.5	-200	0	4.5	1343.69	439.095	432.715	196.227	71.2347	62.264	67.6638	44.6694	17.6366	8.83571	3.34544	0	0	0	0	0	0	0	0	0	0
05.500,00.000	34.2	5.5	-200	0	4.5	1353.29	443.272	435.291	197.334	71.8053	62.4316	67.8366	45.166	17.9017	8.84108	3.41558	0	0	0	0	0	0	0	0	0	0
05.500,00.000	34.3	5.5	-200	0	4.5	1363.6	447.704	438.156	198.537	72.3993	62.6066	68.0086	45.6786	18.181	8.84761	3.48564	0	0	0	0	0	0	0	0	0	0
05.500,00.000	34.4	5.5	-200	0	4.5	1374.1	452.157	441.079	199.858	72.9956	62.7819	68.1717	46.1862	18.4633	8.85521	3.55301	0	0	0	0	0	0	0	0	0	0
05.500,00.000	34.5	5.5	-200	0	4.5	1384.85	456.704	444.051	201.291	73.5965	62.959	68.3444	46.6761	18.7506	8.86369	3.6182	0	0	0	0	0	0	0	0	0	0
05.500,00.000	34.6	5.5	-200	0	4.5	1395.93	461.339	447.148	202.771	74.2417	63.1385	68.5207	47.1681	19.0497	8.87315	3.68328	0	0	0	0	0	0	0	0	0	0
05.500,00.000	34.7	5.5	-200	0	4.5	1412.77	468.301	451.845	205.055	75.3189	63.4101	68.7705	47.8985	19.5045	8.88845	3.77716	0	0	0	0	0	0	0	0	0	0
05.500,00.000	34.8	5.5	-200	0	4.5	1425.39	473.495	455.329	206.78	76.1662	63.6166	68.9803	48.4321	19.8434	8.90081	3.84382	0	0	0	0	0	0	0	0	0	0
05.500,00.000	34.9	5.5	-200	0	4.5	1427.41	474.307	455.896	207.062	76.3025	63.652	69.0215	48.5161	19.8987	8.90292	3.85429	0	0	0	0	0	0	0	0	0	0
05.500,00.000	35	5.5	-200	0	4.5	1443.04	480.58	460.169	209.252	77.4455	63.9945	69.286	49.1415	20.3225	8.92064	3.92873	0	0	0	0	0	0	0	0	0	0
05.500,00.000	35.1	5.5	-200	0	4.5	1456.87	486.142	463.908	211.184	78.4697	64.3149	69.5336	49.6882	20.7046	8.93728	3.99306	0	0	0	0	0	0	0	0	0	0
05.500,00.000	35.2	5.5	-200	0	4.5	1469.04	491.022	467.108	212.834	79.4037	64.6207	69.7739	50.2032	21.0719	8.95399	4.05153	0	0	0	0	0	0	0	0	0	0
05.500,00.000	35.3	5.5	-200	0	4.5	1480.19	495.561	469.984	214.304	80.2612	64.9086	69.9933	50.6868	21.4209	8.97039	4.10436	0	0	0	0	0	0	0	0	0	0
05.500,00.000	35.4	5.5	-200	0	4.5	1491.34	500.094	472.824	215.78	81.1201	65.2041	70.2124	51.1776	21.7809	8.98781	4.15605	0	0	0	0	0	0	0	0	0	0
05.500,00.000	35.5	5.5	-200	0	4.5	1502.74	504.556	475.656	217.266	81.9548	65.6713	70.5964	51.6781	22.1535	9.00629	4.20684	0	0	0	0	0	0	0	0	0	0
05.500,00.000	35.6	5.5	-200	0	4.5	1514.11	509.021	478.469	218.757	82.7832	66.0238	71.0464	52.1915	22.5384	9.0259	4.257	0	0	0	0	0	0	0	0	0	0
05.500,00.000	35.7	5.5	-200	0	4.5	1528.55	514.697	482.031	220.643	83.838	66.4759	71.6072	52.8509	23.0407	9.05266	4.31884	0	0	0	0	0	0	0	0	0	0
05.500,00.000	35.8	5.5	-200	0	4.5	1541.71	519.899	485.22	222.347	84.8042	66.8952	72.1178	53.4594	23.5129	9.07854	4.37395	0	0	0	0	0	0	0	0	0	0
05.500,00.000	35.9	5.5	-200	0	4.5	1544.47	521.009	485.869	222.694	85.0114	66.9894	72.2257	53.5878	23.6149	9.08423	4.38537	0	0	0	0	0	0	0	0	0	0
05.500,00.000	36	5.5	-200	0	4.5	1557.56	526.191	489.002	224.366	86.0023	67.4217	72.7219	54.188	24.1146	9.11296	4.43675	0	0	0	0	0	0	0	0	0	0
05.500,00.000	36.1	5.5	-200	0	4.5	1569.7	531.014	491.931	225.854	86.9154	67.8407	73.1844	54.7448	24.5954	9.14139	4.48373	0	0	0	0	0	0	0	0	0	0
05.500,00.000	36.2	5.5	-200	0	4.5	1580.61	535.383	494.556	227.164	87.7295	68.2238	73.5967	55.2282	25.0382	9.16827	4.52422	0	0	0	0	0	0	0	0	0	0
05.500,00.000	36.3	5.5	-200	0	4.5	1591.56	539.791	497.159	228.454	88.5513	68.639	74.0118	55.6976	25.4953	9.19664	4.56343	0	0	0	0	0	0	0	0	0	0
05.500,00.000	36.4	5.5	-200	0	4.5	1602.44	544.167	499.722	229.729	89.3727	69.0789	74.4267	56.1538	25.9659	9.22648	4.60125	0	0	0	0	0	0	0	0	0	0
05.500,00.000	36.5	5.5	-200	0	4.5	1613.27	548.537	502.26	230.966	90.2012	69.5223	74.8397	56.5974	26.4496	9.25783	4.63763	0	0	0	0	0	0	0	0	0	0
05.500,00.000	36.6	5.5	-200	0	4.5	1629.59	555.103	506.102	232.695	91.5015	70.2086	75.5033	57.2627	27.2166	9.30835	4.69177	0	0	0	0	0	0	0	0	0	0
05.500,00.000	36.7	5.5	-200	0	4.5	1637.34	558.254	507.932	233.437	92.1142	70.5464	75.8373	57.5734	27.5949	9.33375	4.717	0	0	0	0	0	0	0	0	0	0
05.500,00.000	36.8	5.5	-200	0	4.5	1650.59	563.685	510.989	234.759	93.1561	71.1217	76.4001	58.0821	28.2564	9.37927	4.7576	0	0	0	0	0	0	0	0	0	0
05.500,00.000	36.9	5.5	-200	0	4.5	1653.41	564.867	511.635	234.998	93.3657	71.2556	76.5337	58.1909	28.4033	9.38951	4.76632	0	0	0	0	0	0	0	0	0	0
05.500,00.000	37	5.5	-200	0	4.5	1667.17	570.558	514.747	236.306	94.4611	71.8771	77.1766	58.6786	29.1161	9.44139	4.8048	0	0	0	0	0	0	0	0	0	0
05.500,00.000	37.1	5.5	-200	0	4.5	1679	575.576	517.351	237.343	95.4079	72.411	77.7436	59.0913	29.7466	9.48865	4.83716	0	0	0	0	0	0	0	0	0	0
05.500,00.000	37.2	5.5	-200	0	4.5	1689.24	580.028	519.573	238.235	96.2257	72.8501	78.2272	59.4257	30.2864	9.53063	4.86309	0	0	0	0	0	0	0	0	0	0
05.500,00.000	37.3	5.5	-200	0	4.5	1699.88	584.699	521.838	239.154	97.0936	73.3081	78.7271	59.752	30.8434	9.57554	4.88818	0	0	0	0	0	0	0	0	0	0
05.500,00.000	37.4	5.5	-200	0	4.5	1710.46	589.408	524.103	240.067	97.9006	73.7568	79.2293	60.0624	31.4025	9.62223	4.91177	0	0	0	0	0	0	0	0	0	0
05.500,00.000	37.5	5.5	-200	0	4.5	1721.01	594.151	526.347	240.958	98.7023	74.198	79.7337	60.3573	31.9627	9.67072	4.93386	0	0	0	0	0	0	0	0	0	0
05.500,00.000	37.6	5.5	-200	0	4.5	1731.7	599.024	528.603	241.841	99.5027	74.632	80.2508	60.6419	32.5328	9.72163	4.95487	0	0	0	0	0	0	0	0	0	0
05.500,00.000	37.7	5.5	-200	0	4.5	1744.96	605.172	531.349	242.908	100.482	75.162	80.9034	60.9747	33.2389	9.78707	4.97899	0	0	0	0	0	0	0	0	0	0
05.500,00.000	37.8	5.5	-200	0	4.5	1756.25	610.449	533.745	243.785	101.271	75.5973	81.4873	61.2393	33.8328	9.84412	4.99781	0	0	0	0	0	0	0	0	0	0
05.500,00.000	37.9	5.5	-200	0	4.5	1761.35	612.904	534.799	244.171	101.608	75.793	81.7532	61.3507	34.0971	9.87044	5.00557	0	0	0	0	0	0	0	0	0	0
05.500,00.000	38	5.5	-200	0	4.5	1773.55	618.759	537.296	245.072	102.438	76.2883	82.3984	61.6004	34.7343	9.93667	5.02237	0	0	0	0	0	0	0	0	0	0
05.500,00.000	38.1	5.5	-200	0	4.5	1785.15	624.361	539.657	245.9	103.216	76.7739	83.0257	61.8273	35.3463	10.0023	5.03717	0	0	0	0	0	0	0	0	0	0
05.500,00.000	38.2	5.5	-200	0	4.5	1795.77	629.445	541.801	246.64	103.942	77.254	83.6269	62.0261	35.9209	10.0662	5.04961	0	0	0	0	0	0	0	0	0	0
05.500,00.000	38.3	5.5	-200	0	4.5	1805.9	634.297	543.836	247.322	104.625	77.7258	84.219	62.2053	36.4765	10.1305	5.06027	0	0	0	0	0	0	0	0	0	0
05.500,00.000	38.4	5.5	-200	0	4.5	1815.73	638.947	545.828	247.976	105.29	78.2038	84.8203	62.3709	37.0318	10.1973	5.06954	0	0	0	0	0	0	0	0	0	0
05.500,00.000	38.5	5.5	-200	0	4.5	1825.49	643.56	547.766	248.59	105.989	78.6971	85.431	62.523	37.5874	10.2667	5.07742	0	0	0	0	0	0	0	0	0	0
05.500,00.000	38.6	5.5	-200	0	4.5	1835.12	648.115	549.653	249.171	106.676	79.2049	86.0563	62.665	38.1511	10.3397	5.084	0	0	0	0	0	0	0	0	0	0
05.500,00.000	38.7	5.5	-200	0	4.5	1853.15	656.484	553.295	250.313	107.936	80.1649	87.2547	62.9118	39.2147	10.4834	5.0936	0	0	0	0	0	0	0	0	0	0
05.500,00.000	38.8	5.5	-200	0	4.5	1856.6	657.975	554.101	250.523	108.17	80.3594	87.4895	62.9575	39.4198	10.5118	5.09519	0	0	0	0	0	0	0	0	0	0
05.500,00.000	38.9	5.5	-200	0	4.5	1868.86	663.266	556.969	251.29	109.008	81.0243	88.3406	63.0989	40.1451	10.6196	5.09786	0	0	0	0	0	0	0	0	0	0
05.500,00.000	39	5.5	-200	0	4.5	1879.45	667.735	559.584	251.929	109.728	81.6157	89.0543	63.2134	40.7788	10.7178	5.09885	0	0	0	0	0	0	0	0	0	0
05.500,00.000	39.1	5.5	-200	0	4.5	1888.18	671.308	561.839	252.447	110.318	82.1048	89.6617	63.2977	41.2998	10.8031	5.09885	0	0	0	0	0	0	0	0	0	0
05.500,00.000	39.2	5.5	-200	0	4.5	1896.7	674.449	564.385	252.95	110.891	82.5852	90.2723	63.3701	41.8058	10.8905	5.09885	0	0	0	0	0	0	0	0	0	0
05.500,00.000	39.3	5.5	-200	0	4.5	1905.15	677.453	567.082	253.454	111.42	83.0483	90.8834	63.4313	42.3	10.9804	5.09885	0	0	0	0	0	0	0	0	0	0
05.500,00.000	39.4	5.5	-200	0	4.5	1913.4	680.278	569.879	253.93	111.894	83.4864	91.496	63.4813	42.7391	11.116	5.09885	0	0	0	0	0	0	0	0	0	0
05.500,00.000	39.5	5.5	-200	0	4.5	1921.44	682.818	572.817	254.376	112.361	83.9166	92.1102	63.52	43.1533	11.2665	5.09885	0	0	0	0	0	0	0	0	0	0
05.500,00.000	39.6	5.5	-200	0	4.5	1929.32	685.183	575.801	254.799	112.826	84.3437	92.7384	63.5494	43.5798	11.4062	5.09885	0	0	0	0	0	0	0	0	0	0
05.500,00.000	39.7	5.5	-200	0	4.5	1943.92	689.498	581.42	255.555	113.679	85.1315	93.9217	63.5878	44.3704	11.6619	5.09885	0	0	0	0	0	0	0	0	0	0
05.500,00.000	39.8	5.5	-200	0	4.5	1946.73	690.339	582.524	255.691	113.835	85.2797	94.1381	63.5939	44.5043	11.7296	5.09885	0	0	0	0	0	0	0	0	0	0
05.500,00.000	39.9	5.5	-200	0	4.5	1956.41	693.14	586.376	256.159	114.383	85.7954	94.9335	63.6071	45.0018	11.9134	5.09885	0	0	0	0	0	0	0	0	0	0
05.500,00.000	40	5.5	-200	0	4.5	1965.02	695.649	589.822	256.549	114.861	86.2528	95.6026	63.6649	45.432	12.0898	5.09885	0	0	0	0	0	0	0	0	0	0
05.500,00.000	40.1	5.5	-200	0	4.5	1971.93	697.707	592.446	256.87	115.267	86.6307	96.0152	63.8702	45.7848	12.2348	5.09885	0	0	0	0	0	0	0	0	0	0
05.500,00.000	40.2	5.5	-200	0	4.5	1978.54	699.667	594.942	257.195	115.653	86.9937	96.4036	64.0897	46.1128	12.3827	5.09885	0	0	0	0	0	0	0	0	0	0
05.500,00.000	40.3	5.5	-200	0	4.5	1985.02	701.572	597.406	257.507	116.022	87.3564	96.795	64.307	46.4236	12.5319	5.09885	0	0	0	0	0	0	0	0	0	0
05.500,00.000	40.4	5.5	-200	0	4.5	1991.39	703.407	599.858	257.824	116.373	87.7184	97.188	64.5226	46.717	12.683	5.09885	0	0	0	0	0	0	0	0	0	0
05.500,00.000	40.5	5.5	-200	0	4.5	1997.6	705.167	602.285	258.126	116.705	88.0672	97.5826	64.7366	46.9952	12.8326	5.09885	0	0	0	0	0	0	0	0	0	0
05.500,00.000	40.6	5.5	-200	0	4.5	2003.59	706.829	604.647	258.413	117.007	88.4062	97.9838	64.9536	47.2563	12.9913	5.09885	0	0	0	0	0	0	0	0	0	0
05.500,00.000	40.7	5.5	-200	0	4.5	2011.63	709.047	607.798	258.788	117.451	88.8457	98.5376	65.2685	47.5959	13.2027	5.09885	0	0	0	0	0	0	0	0	0	0
05.500,00.000	40.8	5.5	-200	0	4.5	2013.87	709.655	608.665	258.92	117.567	88.9572	98.6913	65.3631	47.6849	13.2655	5.09885	0	0	0	0	0	0	0	0	0	0
05.500,00.000	40.9	5.5	-200	0	4.5	2019.91	711.228	611.092	259.25	117.877	89.2625	99.1299	65.6236	47.9215	13.4233	5.09885	0	0	0	0	0	0	0	0	0	0
05.500,00.000	41	5.5	-200	0	4.5	2025.76	712.719	613.449	259.569	118.167	89.5494	99.5632	65.9189	48.142	13.5834	5.09885	0	0	0	0	0	0	0	0	0	0
05.500,00.000	41.1	5.5	-200	0	4.5	2030.98	714.021	615.579	259.845	118.419	89.8016	99.9627	66.1903	48.3318	13.7284	5.09885	0	0	0	0	0	0	0	0	0	0
05.500,00.000	41.2	5.5	-200	0	4.5	2036.06	715.242	617.689	260.105	118.657	90.0675	100.362	66.4619	48.5072	13.8741	5.09885	0	0	0	0	0	0	0	0	0	0
05.500,00.000	41.3	5.5	-200	0	4.5	2041.02	716.379	619.772	260.349	118.882	90.3478	100.769	66.7336	48.6714	14.0182	5.09885	0	0	0	0	0	0	0	0	0	0
05.500,00.000	41.4	5.5	-200	0	4.5	2045.84	717.45	621.825	260.58	119.094	90.6153	101.188	67.0049	48.8287	14.1562	5.09885	0	0	0	0	0	0	0	0	0	0
05.500,00.000	41.5	5.5	-200	0	4.5	2050.51	718.457	623.841	260.796	119.296	90.8696	101.604	67.2756	48.9661	14.3016	5.09885	0	0	0	0	0	0	0	0	0	0
05.500,00.000	41.6	5.5	-200	0	4.5	2055.08	719.413	625.831	261.003	119.494	91.1176	102.022	67.555	49.0847	14.4633	5.09885	0	0	0	0	0	0	0	0	0	0
05.500,00.000	41.7	5.5	-200	0	4.5	2061.38	720.758	628.365	261.29	119.772	91.5474	102.628	67.971	49.2466	14.7013	5.09885	0	0	0	0	0	0	0	0	0	0
05.500,00.000	41.8	5.5	-200	0	4.5	2062.64	721.015	628.878	261.349	119.825	91.6315	102.753	68.0573	49.2731	14.7558	5.09885	0	0	0	0	0	0	0	0	0	0
05.500,00.000	41.9	5.5	-200	0	4.5	2067.25	721.954	630.791	261.54	120.016	91.9276	103.238	68.3777	49.375	14.9343	5.09885	0	0	0	0	0	0	0	0	0	0
05.500,00.000	42	5.5	-200	0	4.5	2071.54	722.78	632.559	261.71	120.186	92.191	103.692	68.6792	49.4594	15.104	5.18148	0	0	0	0	0	0	0	0	0	0