
label	time(d)	x	depth	z	radius	total	0-10	10-20	20-30	30-40	40-50	50-60	60-70	70-80	80-90	90-100	100-110	110-120	120-130	130-140	140-150	150-160	160-170	170-180	180-190	190-200
00.000,00.000	0	0	-200	0	4.5	0	0	0	0	0	0	0	0	0	0	0	0	0	0	0	0	0	0	0	0	0
00.000,00.000	0.1	0	-200	0	4.5	0.293975	0.293975	0	0	0	0	0	0	0	0	0	0	0	0	0	0	0	0	0	0	0
00.000,00.000	0.2	0	-200	0	4.5	0.590923	0.590923	0	0	0	0	0	0	0	0	0	0	0	0	0	0	0	0	0	0	0
00.000,00.000	0.3	0	-200	0	4.5	0.889985	0.889985	0	0	0	0	0	0	0	0	0	0	0	0	0	0	0	0	0	0	0
00.000,00.000	0.4	0	-200	0	4.5	1.19139	1.19139	0	0	0	0	0	0	0	0	0	0	0	0	0	0	0	0	0	0	0
00.000,00.000	0.5	0	-200	0	4.5	1.49517	1.49517	0	0	0	0	0	0	0	0	0	0	0	0	0	0	0	0	0	0	0
00.000,00.000	0.6	0	-200	0	4.5	1.80104	1.80104	0	0	0	0	0	0	0	0	0	0	0	0	0	0	0	0	0	0	0
00.000,00.000	0.7	0	-200	0	4.5	2.10883	2.10883	0	0	0	0	0	0	0	0	0	0	0	0	0	0	0	0	0	0	0
00.000,00.000	0.8	0	-200	0	4.5	2.41869	2.41869	0	0	0	0	0	0	0	0	0	0	0	0	0	0	0	0	0	0	0
00.000,00.000	0.9	0	-200	0	4.5	2.72995	2.72995	0	0	0	0	0	0	0	0	0	0	0	0	0	0	0	0	0	0	0
00.000,00.000	1	0	-200	0	4.5	3.04116	3.04116	0	0	0	0	0	0	0	0	0	0	0	0	0	0	0	0	0	0	0
00.000,00.000	1.1	0	-200	0	4.5	3.35764	3.35764	0	0	0	0	0	0	0	0	0	0	0	0	0	0	0	0	0	0	0
00.000,00.000	1.2	0	-200	0	4.5	3.68286	3.68286	0	0	0	0	0	0	0	0	0	0	0	0	0	0	0	0	0	0	0
00.000,00.000	1.3	0	-200	0	4.5	4.01858	4.01858	0	0	0	0	0	0	0	0	0	0	0	0	0	0	0	0	0	0	0
00.000,00.000	1.4	0	-200	0	4.5	4.3659	4.3659	0	0	0	0	0	0	0	0	0	0	0	0	0	0	0	0	0	0	0
00.000,00.000	1.5	0	-200	0	4.5	4.72556	4.72556	0	0	0	0	0	0	0	0	0	0	0	0	0	0	0	0	0	0	0
00.000,00.000	1.6	0	-200	0	4.5	5.09776	5.09776	0	0	0	0	0	0	0	0	0	0	0	0	0	0	0	0	0	0	0
00.000,00.000	1.7	0	-200	0	4.5	5.48362	5.48362	0	0	0	0	0	0	0	0	0	0	0	0	0	0	0	0	0	0	0
00.000,00.000	1.8	0	-200	0	4.5	5.88285	5.88285	0	0	0	0	0	0	0	0	0	0	0	0	0	0	0	0	0	0	0
00.000,00.000	1.9	0	-200	0	4.5	6.32008	6.32008	0	0	0	0	0	0	0	0	0	0	0	0	0	0	0	0	0	0	0
00.000,00.000	2	0	-200	0	4.5	6.80448	6.80448	0	0	0	0	0	0	0	0	0	0	0	0	0	0	0	0	0	0	0
00.000,00.000	2.1	0	-200	0	4.5	7.36739	7.36739	0	0	0	0	0	0	0	0	0	0	0	0	0	0	0	0	0	0	0
00.000,00.000	2.2	0	-200	0	4.5	8.07876	8.07876	0	0	0	0	0	0	0	0	0	0	0	0	0	0	0	0	0	0	0
00.000,00.000	2.3	0	-200	0	4.5	8.93644	8.66988	0.266561	0	0	0	0	0	0	0	0	0	0	0	0	0	0	0	0	0	0
00.000,00.000	2.4	0	-200	0	4.5	9.92646	9.37947	0.546988	0	0	0	0	0	0	0	0	0	0	0	0	0	0	0	0	0	0
00.000,00.000	2.5	0	-200	0	4.5	11.0269	10.1996	0.827336	0	0	0	0	0	0	0	0	0	0	0	0	0	0	0	0	0	0
00.000,00.000	2.6	0	-200	0	4.5	12.2326	11.1263	1.10636	0	0	0	0	0	0	0	0	0	0	0	0	0	0	0	0	0	0
00.000,00.000	2.7	0	-200	0	4.5	13.5503	12.1654	1.38487	0	0	0	0	0	0	0	0	0	0	0	0	0	0	0	0	0	0
00.000,00.000	2.8	0	-200	0	4.5	15.0042	13.3404	1.66373	0	0	0	0	0	0	0	0	0	0	0	0	0	0	0	0	0	0
00.000,00.000	2.9	0	-200	0	4.5	16.6296	14.6836	1.94606	0	0	0	0	0	0	0	0	0	0	0	0	0	0	0	0	0	0
00.000,00.000	3	0	-200	0	4.5	18.4079	16.1741	2.2338	0	0	0	0	0	0	0	0	0	0	0	0	0	0	0	0	0	0
00.000,00.000	3.1	0	-200	0	4.5	20.2679	17.7418	2.52609	0	0	0	0	0	0	0	0	0	0	0	0	0	0	0	0	0	0
00.000,00.000	3.2	0	-200	0	4.5	22.0922	19.274	2.81817	0	0	0	0	0	0	0	0	0	0	0	0	0	0	0	0	0	0
00.000,00.000	3.3	0	-200	0	4.5	23.9073	20.797	3.11026	0	0	0	0	0	0	0	0	0	0	0	0	0	0	0	0	0	0
00.000,00.000	3.4	0	-200	0	4.5	25.7058	22.3034	3.4024	0	0	0	0	0	0	0	0	0	0	0	0	0	0	0	0	0	0
00.000,00.000	3.5	0	-200	0	4.5	27.4696	23.7763	3.69327	0	0	0	0	0	0	0	0	0	0	0	0	0	0	0	0	0	0
00.000,00.000	3.6	0	-200	0	4.5	29.1983	25.2161	3.98218	0	0	0	0	0	0	0	0	0	0	0	0	0	0	0	0	0	0
00.000,00.000	3.7	0	-200	0	4.5	30.903	26.6334	4.26964	0	0	0	0	0	0	0	0	0	0	0	0	0	0	0	0	0	0
00.000,00.000	3.8	0	-200	0	4.5	32.5958	28.0398	4.55593	0	0	0	0	0	0	0	0	0	0	0	0	0	0	0	0	0	0
00.000,00.000	3.9	0	-200	0	4.5	34.2873	29.4463	4.84095	0	0	0	0	0	0	0	0	0	0	0	0	0	0	0	0	0	0
00.000,00.000	4	0	-200	0	4.5	35.9872	30.8615	5.12572	0	0	0	0	0	0	0	0	0	0	0	0	0	0	0	0	0	0
00.000,00.000	4.1	0	-200	0	4.5	37.6927	32.2818	5.41091	0	0	0	0	0	0	0	0	0	0	0	0	0	0	0	0	0	0
00.000,00.000	4.2	0	-200	0	4.5	39.4023	33.7052	5.69717	0	0	0	0	0	0	0	0	0	0	0	0	0	0	0	0	0	0
00.000,00.000	4.3	0	-200	0	4.5	41.1147	35.1302	5.98451	0	0	0	0	0	0	0	0	0	0	0	0	0	0	0	0	0	0
00.000,00.000	4.4	0	-200	0	4.5	42.808	36.5351	6.27293	0	0	0	0	0	0	0	0	0	0	0	0	0	0	0	0	0	0
00.000,00.000	4.5	0	-200	0	4.5	44.1933	37.6324	6.56096	0	0	0	0	0	0	0	0	0	0	0	0	0	0	0	0	0	0
00.000,00.000	4.6	0	-200	0	4.5	45.5577	38.7097	6.848	0	0	0	0	0	0	0	0	0	0	0	0	0	0	0	0	0	0
00.000,00.000	4.7	0	-200	0	4.5	46.9076	39.774	7.13362	0	0	0	0	0	0	0	0	0	0	0	0	0	0	0	0	0	0
00.000,00.000	4.8	0	-200	0	4.5	48.1008	40.4789	7.62199	0	0	0	0	0	0	0	0	0	0	0	0	0	0	0	0	0	0
00.000,00.000	4.9	0	-200	0	4.5	49.1582	40.9918	8.16645	0	0	0	0	0	0	0	0	0	0	0	0	0	0	0	0	0	0
00.000,00.000	5	0	-200	0	4.5	50.2089	41.1376	9.07129	0	0	0	0	0	0	0	0	0	0	0	0	0	0	0	0	0	0
00.000,00.000	5.1	0	-200	0	4.5	51.1169	41.1482	9.96871	0	0	0	0	0	0	0	0	0	0	0	0	0	0	0	0	0	0
00.000,00.000	5.2	0	-200	0	4.5	51.9164	41.1646	10.7518	0	0	0	0	0	0	0	0	0	0	0	0	0	0	0	0	0	0
00.000,00.000	5.3	0	-200	0	4.5	52.7276	41.1851	11.5426	0	0	0	0	0	0	0	0	0	0	0	0	0	0	0	0	0	0
00.000,00.000	5.4	0	-200	0	4.5	53.5354	41.2091	12.3263	0	0	0	0	0	0	0	0	0	0	0	0	0	0	0	0	0	0
00.000,00.000	5.5	0	-200	0	4.5	54.184	41.2361	12.9479	0	0	0	0	0	0	0	0	0	0	0	0	0	0	0	0	0	0
00.000,00.000	5.6	0	-200	0	4.5	54.5676	41.267	13.3007	0	0	0	0	0	0	0	0	0	0	0	0	0	0	0	0	0	0
00.000,00.000	5.7	0	-200	0	4.5	54.8798	41.301	13.5788	0	0	0	0	0	0	0	0	0	0	0	0	0	0	0	0	0	0
00.000,00.000	5.8	0	-200	0	4.5	55.1961	41.3386	13.8576	0	0	0	0	0	0	0	0	0	0	0	0	0	0	0	0	0	0
00.000,00.000	5.9	0	-200	0	4.5	55.5153	41.38	13.9441	0.19122	0	0	0	0	0	0	0	0	0	0	0	0	0	0	0	0	0
00.000,00.000	6	0	-200	0	4.5	55.8375	41.4256	13.944	0.467911	0	0	0	0	0	0	0	0	0	0	0	0	0	0	0	0	0
00.000,00.000	6.1	0	-200	0	4.5	56.1643	41.4767	13.944	0.743645	0	0	0	0	0	0	0	0	0	0	0	0	0	0	0	0	0
00.000,00.000	6.2	0	-200	0	4.5	56.4955	41.533	13.944	1.01856	0	0	0	0	0	0	0	0	0	0	0	0	0	0	0	0	0
00.000,00.000	6.3	0	-200	0	4.5	56.8322	41.5949	13.9444	1.29285	0	0	0	0	0	0	0	0	0	0	0	0	0	0	0	0	0
00.000,00.000	6.4	0	-200	0	4.5	57.1763	41.6629	13.9469	1.56654	0	0	0	0	0	0	0	0	0	0	0	0	0	0	0	0	0
00.000,00.000	6.5	0	-200	0	4.5	57.5253	41.7354	13.9507	1.83925	0	0	0	0	0	0	0	0	0	0	0	0	0	0	0	0	0
00.000,00.000	6.6	0	-200	0	4.5	57.8833	41.8154	13.9564	2.11146	0	0	0	0	0	0	0	0	0	0	0	0	0	0	0	0	0
00.000,00.000	6.7	0	-200	0	4.5	58.2497	41.903	13.9636	2.38306	0	0	0	0	0	0	0	0	0	0	0	0	0	0	0	0	0
00.000,00.000	6.8	0	-200	0	4.5	58.6272	42.0005	13.9727	2.65402	0	0	0	0	0	0	0	0	0	0	0	0	0	0	0	0	0
00.000,00.000	6.9	0	-200	0	4.5	59.0243	42.1152	13.9847	2.92444	0	0	0	0	0	0	0	0	0	0	0	0	0	0	0	0	0
00.000,00.000	7	0	-200	0	4.5	59.4364	42.2437	13.9986	3.19417	0	0	0	0	0	0	0	0	0	0	0	0	0	0	0	0	0
00.000,00.000	7.1	0	-200	0	4.5	59.8706	42.3913	14.016	3.46323	0	0	0	0	0	0	0	0	0	0	0	0	0	0	0	0	0
00.000,00.000	7.2	0	-200	0	4.5	60.3305	42.5628	14.0362	3.73153	0	0	0	0	0	0	0	0	0	0	0	0	0	0	0	0	0
00.000,00.000	7.3	0	-200	0	4.5	60.816	42.7576	14.0592	3.99917	0	0	0	0	0	0	0	0	0	0	0	0	0	0	0	0	0
00.000,00.000	7.4	0	-200	0	4.5	61.3279	42.9767	14.0851	4.26613	0	0	0	0	0	0	0	0	0	0	0	0	0	0	0	0	0
00.000,00.000	7.5	0	-200	0	4.5	61.861	43.2147	14.1143	4.53203	0	0	0	0	0	0	0	0	0	0	0	0	0	0	0	0	0
00.000,00.000	7.6	0	-200	0	4.5	62.4256	43.4815	14.1468	4.79733	0	0	0	0	0	0	0	0	0	0	0	0	0	0	0	0	0
00.000,00.000	7.7	0	-200	0	4.5	63.0228	43.7777	14.1832	5.06201	0	0	0	0	0	0	0	0	0	0	0	0	0	0	0	0	0
00.000,00.000	7.8	0	-200	0	4.5	63.6509	44.1022	14.2226	5.32603	0	0	0	0	0	0	0	0	0	0	0	0	0	0	0	0	0
00.000,00.000	7.9	0	-200	0	4.5	64.3213	44.4653	14.2663	5.58968	0	0	0	0	0	0	0	0	0	0	0	0	0	0	0	0	0
00.000,00.000	8	0	-200	0	4.5	65.0283	44.8623	14.3133	5.85267	0	0	0	0	0	0	0	0	0	0	0	0	0	0	0	0	0
00.000,00.000	8.1	0	-200	0	4.5	65.777	45.298	14.3639	6.11509	0	0	0	0	0	0	0	0	0	0	0	0	0	0	0	0	0
00.000,00.000	8.2	0	-200	0	4.5	66.5799	45.785	14.418	6.3769	0	0	0	0	0	0	0	0	0	0	0	0	0	0	0	0	0
00.000,00.000	8.3	0	-200	0	4.5	67.4438	46.3293	14.4764	6.6381	0	0	0	0	0	0	0	0	0	0	0	0	0	0	0	0	0
00.000,00.000	8.4	0	-200	0	4.5	68.3635	46.9255	14.5394	6.89866	0	0	0	0	0	0	0	0	0	0	0	0	0	0	0	0	0
00.000,00.000	8.5	0	-200	0	4.5	69.3155	47.5512	14.606	7.15832	0	0	0	0	0	0	0	0	0	0	0	0	0	0	0	0	0
00.000,00.000	8.6	0	-200	0	4.5	70.3134	48.2181	14.6779	7.41742	0	0	0	0	0	0	0	0	0	0	0	0	0	0	0	0	0
00.000,00.000	8.7	0	-200	0	4.5	71.3526	48.9232	14.7533	7.67608	0	0	0	0	0	0	0	0	0	0	0	0	0	0	0	0	0
00.000,00.000	8.8	0	-200	0	4.5	72.4426	49.6745	14.834	7.93413	0	0	0	0	0	0	0	0	0	0	0	0	0	0	0	0	0
00.000,00.000	8.9	0	-200	0	4.5	73.6004	50.4889	14.9196	8.1919	0	0	0	0	0	0	0	0	0	0	0	0	0	0	0	0	0
00.000,00.000	9	0	-200	0	4.5	74.8343	51.3733	15.0118	8.44922	0	0	0	0	0	0	0	0	0	0	0	0	0	0	0	0	0
00.000,00.000	9.1	0	-200	0	4.5	76.1528	52.3349	15.1118	8.70611	0	0	0	0	0	0	0	0	0	0	0	0	0	0	0	0	0
00.000,00.000	9.2	0	-200	0	4.5	77.5625	53.3795	15.2204	8.96257	0	0	0	0	0	0	0	0	0	0	0	0	0	0	0	0	0
00.000,00.000	9.3	0	-200	0	4.5	79.0633	54.5048	15.3399	9.21864	0	0	0	0	0	0	0	0	0	0	0	0	0	0	0	0	0
00.000,00.000	9.4	0	-200	0	4.5	80.6523	55.7054	15.4726	9.47435	0	0	0	0	0	0	0	0	0	0	0	0	0	0	0	0	0
00.000,00.000	9.5	0	-200	0	4.5	82.2963	56.9515	15.6154	9.72942	0	0	0	0	0	0	0	0	0	0	0	0	0	0	0	0	0
00.000,00.000	9.6	0	-200	0	4.5	84.0016	58.246	15.7712	9.98434	0	0	0	0	0	0	0	0	0	0	0	0	0	0	0	0	0
00.000,00.000	9.7	0	-200	0	4.5	85.7679	59.5872	15.9417	10.0334	0.205636	0	0	0	0	0	0	0	0	0	0	0	0	0	0	0	0
00.000,00.000	9.8	0	-200	0	4.5	87.6039	60.9826	16.1275	10.0332	0.460551	0	0	0	0	0	0	0	0	0	0	0	0	0	0	0	0
00.000,00.000	9.9	0	-200	0	4.5	89.5484	62.468	16.3317	10.0332	0.715427	0	0	0	0	0	0	0	0	0	0	0	0	0	0	0	0
00.000,00.000	10	0	-200	0	4.5	91.6036	64.0447	16.5555	10.0332	0.97009	0	0	0	0	0	0	0	0	0	0	0	0	0	0	0	0
00.000,00.000	10.1	0	-200	0	4.5	93.7777	65.718	16.799	10.0362	1.22454	0	0	0	0	0	0	0	0	0	0	0	0	0	0	0	0
00.000,00.000	10.2	0	-200	0	4.5	96.0678	67.4849	17.0634	10.0406	1.47893	0	0	0	0	0	0	0	0	0	0	0	0	0	0	0	0
00.000,00.000	10.3	0	-200	0	4.5	98.4747	69.3462	17.3479	10.0473	1.73326	0	0	0	0	0	0	0	0	0	0	0	0	0	0	0	0
00.000,00.000	10.4	0	-200	0	4.5	100.988	71.2914	17.6516	10.0577	1.98728	0	0	0	0	0	0	0	0	0	0	0	0	0	0	0	0
00.000,00.000	10.5	0	-200	0	4.5	103.558	73.2751	17.9706	10.071	2.24082	0	0	0	0	0	0	0	0	0	0	0	0	0	0	0	0
00.000,00.000	10.6	0	-200	0	4.5	106.183	75.3019	18.2985	10.0881	2.49458	0	0	0	0	0	0	0	0	0	0	0	0	0	0	0	0
00.000,00.000	10.7	0	-200	0	4.5	108.882	77.3887	18.6365	10.1087	2.74851	0	0	0	0	0	0	0	0	0	0	0	0	0	0	0	0
00.000,00.000	10.8	0	-200	0	4.5	111.671	79.5484	18.9872	10.1328	3.0022	0	0	0	0	0	0	0	0	0	0	0	0	0	0	0	0
00.000,00.000	10.9	0	-200	0	4.5	114.594	81.8245	19.3517	10.1618	3.25584	0	0	0	0	0	0	0	0	0	0	0	0	0	0	0	0
00.000,00.000	11	0	-200	0	4.5	117.654	84.2182	19.7317	10.1948	3.50971	0	0	0	0	0	0	0	0	0	0	0	0	0	0	0	0
00.000,00.000	11.1	0	-200	0	4.5	120.818	86.696	20.1267	10.2318	3.76357	0	0	0	0	0	0	0	0	0	0	0	0	0	0	0	0
00.000,00.000	11.2	0	-200	0	4.5	124.136	89.306	20.5394	10.2733	4.0168	0	0	0	0	0	0	0	0	0	0	0	0	0	0	0	0
00.000,00.000	11.3	0	-200	0	4.5	127.597	92.0374	20.9706	10.3191	4.26967	0	0	0	0	0	0	0	0	0	0	0	0	0	0	0	0
00.000,00.000	11.4	0	-200	0	4.5	131.181	94.8697	21.4192	10.3692	4.52258	0	0	0	0	0	0	0	0	0	0	0	0	0	0	0	0
00.000,00.000	11.5	0	-200	0	4.5	134.819	97.7403	21.8793	10.4245	4.77511	0	0	0	0	0	0	0	0	0	0	0	0	0	0	0	0
00.000,00.000	11.6	0	-200	0	4.5	138.515	100.641	22.3622	10.4842	5.02731	0	0	0	0	0	0	0	0	0	0	0	0	0	0	0	0
00.000,00.000	11.7	0	-200	0	4.5	142.282	103.585	22.8688	10.549	5.27944	0	0	0	0	0	0	0	0	0	0	0	0	0	0	0	0
00.000,00.000	11.8	0	-200	0	4.5	146.15	106.616	23.3834	10.6183	5.53201	0	0	0	0	0	0	0	0	0	0	0	0	0	0	0	0
00.000,00.000	11.9	0	-200	0	4.5	150.189	109.803	23.9084	10.6922	5.78496	0	0	0	0	0	0	0	0	0	0	0	0	0	0	0	0
00.000,00.000	12	0	-200	0	4.5	154.396	113.123	24.4645	10.7712	6.03757	0	0	0	0	0	0	0	0	0	0	0	0	0	0	0	0
00.000,00.000	12.1	0	-200	0	4.5	158.766	116.554	25.0636	10.8574	6.29167	0	0	0	0	0	0	0	0	0	0	0	0	0	0	0	0
00.000,00.000	12.2	0	-200	0	4.5	163.189	120.009	25.7115	10.9213	6.54672	0	0	0	0	0	0	0	0	0	0	0	0	0	0	0	0
00.000,00.000	12.3	0	-200	0	4.5	167.637	123.481	26.4028	10.954	6.79962	0	0	0	0	0	0	0	0	0	0	0	0	0	0	0	0
00.000,00.000	12.4	0	-200	0	4.5	172.133	126.983	27.0877	11.0106	7.05144	0	0	0	0	0	0	0	0	0	0	0	0	0	0	0	0
00.000,00.000	12.5	0	-200	0	4.5	176.647	130.484	27.7855	11.0731	7.30453	0	0	0	0	0	0	0	0	0	0	0	0	0	0	0	0
00.000,00.000	12.6	0	-200	0	4.5	181.276	134.07	28.5086	11.1335	7.56399	0	0	0	0	0	0	0	0	0	0	0	0	0	0	0	0
00.000,00.000	12.7	0	-200	0	4.5	185.907	137.699	29.1863	11.199	7.82237	0	0	0	0	0	0	0	0	0	0	0	0	0	0	0	0
00.000,00.000	12.8	0	-200	0	4.5	190.418	140.892	30.1799	11.2752	8.07132	0	0	0	0	0	0	0	0	0	0	0	0	0	0	0	0
00.000,00.000	12.9	0	-200	0	4.5	195.062	143.831	31.5481	11.3599	8.32289	0	0	0	0	0	0	0	0	0	0	0	0	0	0	0	0
00.000,00.000	13	0	-200	0	4.5	199.807	146.669	33.1082	11.4546	8.5755	0	0	0	0	0	0	0	0	0	0	0	0	0	0	0	0
00.000,00.000	13.1	0	-200	0	4.5	204.617	149.568	34.6647	11.5566	8.82689	0	0	0	0	0	0	0	0	0	0	0	0	0	0	0	0
00.000,00.000	13.2	0	-200	0	4.5	209.511	152.582	36.1793	11.6721	9.07703	0	0	0	0	0	0	0	0	0	0	0	0	0	0	0	0
00.000,00.000	13.3	0	-200	0	4.5	214.502	155.666	37.7194	11.7898	9.3268	0	0	0	0	0	0	0	0	0	0	0	0	0	0	0	0
00.000,00.000	13.4	0	-200	0	4.5	219.575	158.799	39.2841	11.9152	9.5767	0	0	0	0	0	0	0	0	0	0	0	0	0	0	0	0
00.000,00.000	13.5	0	-200	0	4.5	224.687	161.941	40.8697	12.0485	9.82742	0	0	0	0	0	0	0	0	0	0	0	0	0	0	0	0
00.000,00.000	13.6	0	-200	0	4.5	230.49	165.467	42.7035	12.2086	10.0392	0.0712646	0	0	0	0	0	0	0	0	0	0	0	0	0	0	0
00.000,00.000	13.7	0	-200	0	4.5	235.981	168.777	44.455	12.3688	10.0392	0.340472	0	0	0	0	0	0	0	0	0	0	0	0	0	0	0
00.000,00.000	13.8	0	-200	0	4.5	240.349	171.391	45.8642	12.5026	10.0392	0.552229	0	0	0	0	0	0	0	0	0	0	0	0	0	0	0
00.000,00.000	13.9	0	-200	0	4.5	245.837	174.639	47.6701	12.6763	10.0392	0.812339	0	0	0	0	0	0	0	0	0	0	0	0	0	0	0
00.000,00.000	14	0	-200	0	4.5	251.24	177.833	49.4454	12.8537	10.0392	1.06815	0	0	0	0	0	0	0	0	0	0	0	0	0	0	0
00.000,00.000	14.1	0	-200	0	4.5	256.544	180.952	51.2053	13.0345	10.0395	1.31329	0	0	0	0	0	0	0	0	0	0	0	0	0	0	0
00.000,00.000	14.2	0	-200	0	4.5	261.889	184.081	52.9846	13.2237	10.0412	1.5584	0	0	0	0	0	0	0	0	0	0	0	0	0	0	0
00.000,00.000	14.3	0	-200	0	4.5	267.273	187.214	54.7912	13.4211	10.0439	1.80288	0	0	0	0	0	0	0	0	0	0	0	0	0	0	0
00.000,00.000	14.4	0	-200	0	4.5	272.676	190.338	56.6169	13.6268	10.0483	2.04646	0	0	0	0	0	0	0	0	0	0	0	0	0	0	0
00.000,00.000	14.5	0	-200	0	4.5	278.038	193.398	58.4539	13.8411	10.054	2.29046	0	0	0	0	0	0	0	0	0	0	0	0	0	0	0
00.000,00.000	14.6	0	-200	0	4.5	284.904	197.268	60.8394	14.1286	10.0633	2.60476	0	0	0	0	0	0	0	0	0	0	0	0	0	0	0
00.000,00.000	14.7	0	-200	0	4.5	290.759	200.528	62.8976	14.3846	10.0735	2.87475	0	0	0	0	0	0	0	0	0	0	0	0	0	0	0
00.000,00.000	14.8	0	-200	0	4.5	294.603	202.65	64.2591	14.5596	10.0815	3.05302	0	0	0	0	0	0	0	0	0	0	0	0	0	0	0
00.000,00.000	14.9	0	-200	0	4.5	300.368	205.812	66.3106	14.8306	10.0957	3.31976	0	0	0	0	0	0	0	0	0	0	0	0	0	0	0
00.000,00.000	15	0	-200	0	4.5	305.859	208.8	68.2728	15.0949	10.1117	3.57894	0	0	0	0	0	0	0	0	0	0	0	0	0	0	0
00.000,00.000	15.1	0	-200	0	4.5	311.062	211.618	70.1438	15.3529	10.129	3.81809	0	0	0	0	0	0	0	0	0	0	0	0	0	0	0
00.000,00.000	15.2	0	-200	0	4.5	316.276	214.4	72.0535	15.6181	10.1483	4.05606	0	0	0	0	0	0	0	0	0	0	0	0	0	0	0
00.000,00.000	15.3	0	-200	0	4.5	321.465	217.133	73.9766	15.8909	10.1703	4.29385	0	0	0	0	0	0	0	0	0	0	0	0	0	0	0
00.000,00.000	15.4	0	-200	0	4.5	326.595	219.786	75.9119	16.1716	10.1945	4.53136	0	0	0	0	0	0	0	0	0	0	0	0	0	0	0
00.000,00.000	15.5	0	-200	0	4.5	333.649	223.363	78.6171	16.5739	10.233	4.86248	0	0	0	0	0	0	0	0	0	0	0	0	0	0	0
00.000,00.000	15.6	0	-200	0	4.5	340.579	226.869	81.2495	16.9918	10.276	5.1928	0	0	0	0	0	0	0	0	0	0	0	0	0	0	0
00.000,00.000	15.7	0	-200	0	4.5	345.96	229.524	83.3299	17.3335	10.3149	5.45828	0	0	0	0	0	0	0	0	0	0	0	0	0	0	0
00.000,00.000	15.8	0	-200	0	4.5	348.777	230.889	84.4327	17.5189	10.3377	5.59872	0	0	0	0	0	0	0	0	0	0	0	0	0	0	0
00.000,00.000	15.9	0	-200	0	4.5	353.067	232.937	86.1327	17.809	10.3762	5.81186	0	0	0	0	0	0	0	0	0	0	0	0	0	0	0
00.000,00.000	16	0	-200	0	4.5	358.817	235.65	88.2663	18.3633	10.4341	6.10274	0	0	0	0	0	0	0	0	0	0	0	0	0	0	0
00.000,00.000	16.1	0	-200	0	4.5	363.742	237.93	89.9462	19.0283	10.4883	6.34943	0	0	0	0	0	0	0	0	0	0	0	0	0	0	0
00.000,00.000	16.2	0	-200	0	4.5	368.386	240.067	91.3783	19.8144	10.5446	6.5825	0	0	0	0	0	0	0	0	0	0	0	0	0	0	0
00.000,00.000	16.3	0	-200	0	4.5	373.018	242.162	92.6869	20.7477	10.6057	6.81559	0	0	0	0	0	0	0	0	0	0	0	0	0	0	0
00.000,00.000	16.4	0	-200	0	4.5	377.655	244.207	93.935	21.7934	10.6715	7.0481	0	0	0	0	0	0	0	0	0	0	0	0	0	0	0
00.000,00.000	16.5	0	-200	0	4.5	387.795	248.577	96.387	24.4451	10.8287	7.55705	0	0	0	0	0	0	0	0	0	0	0	0	0	0	0
00.000,00.000	16.6	0	-200	0	4.5	391.895	250.295	97.3887	25.5495	10.8964	7.76617	0	0	0	0	0	0	0	0	0	0	0	0	0	0	0
00.000,00.000	16.7	0	-200	0	4.5	394.215	251.257	97.9478	26.186	10.9385	7.88553	0	0	0	0	0	0	0	0	0	0	0	0	0	0	0
00.000,00.000	16.8	0	-200	0	4.5	396.529	252.192	98.5142	26.8333	10.9837	8.0064	0	0	0	0	0	0	0	0	0	0	0	0	0	0	0
00.000,00.000	16.9	0	-200	0	4.5	397.25	252.474	98.6973	27.0363	10.9984	8.04408	0	0	0	0	0	0	0	0	0	0	0	0	0	0	0
00.000,00.000	17	0	-200	0	4.5	403.864	255.119	100.285	28.9254	11.1437	8.39153	0	0	0	0	0	0	0	0	0	0	0	0	0	0	0
00.000,00.000	17.1	0	-200	0	4.5	409.146	257.188	101.577	30.4465	11.265	8.67027	0	0	0	0	0	0	0	0	0	0	0	0	0	0	0
00.000,00.000	17.2	0	-200	0	4.5	413.544	258.929	102.633	31.7103	11.3722	8.90001	0	0	0	0	0	0	0	0	0	0	0	0	0	0	0
00.000,00.000	17.3	0	-200	0	4.5	417.972	260.691	103.681	32.9861	11.4849	9.12953	0	0	0	0	0	0	0	0	0	0	0	0	0	0	0
00.000,00.000	17.4	0	-200	0	4.5	422.421	262.464	104.724	34.2702	11.6035	9.35924	0	0	0	0	0	0	0	0	0	0	0	0	0	0	0
00.000,00.000	17.5	0	-200	0	4.5	436.247	267.939	107.953	38.3288	11.9942	10.0323	0	0	0	0	0	0	0	0	0	0	0	0	0	0	0
00.000,00.000	17.6	0	-200	0	4.5	438.98	268.937	108.654	39.1393	12.0743	10.0012	0.174864	0	0	0	0	0	0	0	0	0	0	0	0	0	0
00.000,00.000	17.7	0	-200	0	4.5	444.975	271.156	110.096	40.9611	12.2666	10.0698	0.426198	0	0	0	0	0	0	0	0	0	0	0	0	0	0
00.000,00.000	17.8	0	-200	0	4.5	446.299	271.629	110.429	41.3643	12.3101	10.0698	0.496814	0	0	0	0	0	0	0	0	0	0	0	0	0	0
00.000,00.000	17.9	0	-200	0	4.5	447.412	272.045	110.695	41.6987	12.349	10.0698	0.554608	0	0	0	0	0	0	0	0	0	0	0	0	0	0
00.000,00.000	18	0	-200	0	4.5	455.414	275.178	112.463	44.0988	12.6372	10.0698	0.96707	0	0	0	0	0	0	0	0	0	0	0	0	0	0
00.000,00.000	18.1	0	-200	0	4.5	461.045	277.394	113.678	45.7981	12.8477	10.0699	1.25807	0	0	0	0	0	0	0	0	0	0	0	0	0	0
00.000,00.000	18.2	0	-200	0	4.5	465.499	279.176	114.623	47.126	13.0187	10.0707	1.48432	0	0	0	0	0	0	0	0	0	0	0	0	0	0
00.000,00.000	18.3	0	-200	0	4.5	470.023	281.005	115.58	48.4591	13.1965	10.0718	1.71019	0	0	0	0	0	0	0	0	0	0	0	0	0	0
00.000,00.000	18.4	0	-200	0	4.5	474.568	282.879	116.555	49.7424	13.3814	10.0733	1.9362	0	0	0	0	0	0	0	0	0	0	0	0	0	0
00.000,00.000	18.5	0	-200	0	4.5	491.425	289.845	120.247	54.4425	14.0914	10.085	2.71416	0	0	0	0	0	0	0	0	0	0	0	0	0	0
00.000,00.000	18.6	0	-200	0	4.5	494.683	291.249	120.914	55.3152	14.2354	10.0878	2.88133	0	0	0	0	0	0	0	0	0	0	0	0	0	0
00.000,00.000	18.7	0	-200	0	4.5	505.41	295.702	123.236	58.2542	14.7292	10.1052	3.38279	0	0	0	0	0	0	0	0	0	0	0	0	0	0
00.000,00.000	18.8	0	-200	0	4.5	507.78	296.796	123.746	58.7735	14.8457	10.1096	3.50961	0	0	0	0	0	0	0	0	0	0	0	0	0	0
00.000,00.000	18.9	0	-200	0	4.5	512.729	299.087	124.835	59.6658	15.2593	10.1227	3.75934	0	0	0	0	0	0	0	0	0	0	0	0	0	0
00.000,00.000	19	0	-200	0	4.5	521.332	303.15	126.729	60.952	16.1722	10.148	4.18032	0	0	0	0	0	0	0	0	0	0	0	0	0	0
00.000,00.000	19.1	0	-200	0	4.5	526.975	305.824	127.986	61.4691	17.0772	10.1669	4.45218	0	0	0	0	0	0	0	0	0	0	0	0	0	0
00.000,00.000	19.2	0	-200	0	4.5	531.713	308.002	129.129	61.8776	17.8423	10.1852	4.67672	0	0	0	0	0	0	0	0	0	0	0	0	0	0
00.000,00.000	19.3	0	-200	0	4.5	536.459	309.936	130.55	62.2429	18.6246	10.2058	4.90009	0	0	0	0	0	0	0	0	0	0	0	0	0	0
00.000,00.000	19.4	0	-200	0	4.5	541.252	311.829	132.055	62.6057	19.4113	10.2286	5.12265	0	0	0	0	0	0	0	0	0	0	0	0	0	0
00.000,00.000	19.5	0	-200	0	4.5	546.068	313.146	134.15	62.9667	20.206	10.2537	5.34581	0	0	0	0	0	0	0	0	0	0	0	0	0	0
00.000,00.000	19.6	0	-200	0	4.5	554.498	314.982	138.214	63.5044	21.7514	10.3033	5.7429	0	0	0	0	0	0	0	0	0	0	0	0	0	0
00.000,00.000	19.7	0	-200	0	4.5	556.409	315.413	139.119	63.6282	22.1011	10.315	5.83214	0	0	0	0	0	0	0	0	0	0	0	0	0	0
00.000,00.000	19.8	0	-200	0	4.5	568.232	318.086	144.917	64.3897	24.0432	10.3976	6.39889	0	0	0	0	0	0	0	0	0	0	0	0	0	0
00.000,00.000	19.9	0	-200	0	4.5	571.174	318.802	146.361	64.6119	24.4355	10.4198	6.54326	0	0	0	0	0	0	0	0	0	0	0	0	0	0
00.000,00.000	20	0	-200	0	4.5	577.515	320.377	149.495	65.0398	25.2907	10.4724	6.83974	0	0	0	0	0	0	0	0	0	0	0	0	0	0
00.000,00.000	20.1	0	-200	0	4.5	583.591	321.906	152.49	65.45	26.1011	10.525	7.11971	0	0	0	0	0	0	0	0	0	0	0	0	0	0
00.000,00.000	20.2	0	-200	0	4.5	588.608	323.203	154.936	65.7851	26.766	10.5709	7.34611	0	0	0	0	0	0	0	0	0	0	0	0	0	0
00.000,00.000	20.3	0	-200	0	4.5	593.569	324.52	157.336	66.1127	27.4158	10.6193	7.56587	0	0	0	0	0	0	0	0	0	0	0	0	0	0
00.000,00.000	20.4	0	-200	0	4.5	598.616	325.887	159.767	66.4491	28.0539	10.6714	7.78726	0	0	0	0	0	0	0	0	0	0	0	0	0	0
00.000,00.000	20.5	0	-200	0	4.5	603.73	327.288	162.213	66.7909	28.7016	10.7269	8.0095	0	0	0	0	0	0	0	0	0	0	0	0	0	0
00.000,00.000	20.6	0	-200	0	4.5	608.81	328.681	164.629	67.1325	29.3523	10.7853	8.23051	0	0	0	0	0	0	0	0	0	0	0	0	0	0
00.000,00.000	20.7	0	-200	0	4.5	613.911	330.11	167.026	67.4801	30.0006	10.8464	8.44784	0	0	0	0	0	0	0	0	0	0	0	0	0	0
00.000,00.000	20.8	0	-200	0	4.5	636.724	335.596	178.069	69.2314	33.1635	11.1538	9.51019	0	0	0	0	0	0	0	0	0	0	0	0	0	0
00.000,00.000	20.9	0	-200	0	4.5	641.962	337.05	180.438	69.7066	33.8186	11.221	9.56694	0.161156	0	0	0	0	0	0	0	0	0	0	0	0	0
00.000,00.000	21	0	-200	0	4.5	642.459	337.199	180.659	69.7472	33.8785	11.2277	9.56992	0.177817	0	0	0	0	0	0	0	0	0	0	0	0	0
00.000,00.000	21.1	0	-200	0	4.5	655.73	341.121	186.543	70.9142	35.4717	11.4144	9.60691	0.659191	0	0	0	0	0	0	0	0	0	0	0	0	0
00.000,00.000	21.2	0	-200	0	4.5	664.335	343.786	190.272	71.6933	36.4617	11.5348	9.60691	0.980603	0	0	0	0	0	0	0	0	0	0	0	0	0
00.000,00.000	21.3	0	-200	0	4.5	670.329	345.712	192.82	72.237	37.1338	11.622	9.60691	1.19754	0	0	0	0	0	0	0	0	0	0	0	0	0
00.000,00.000	21.4	0	-200	0	4.5	679.143	348.619	196.534	73.0425	38.0768	11.7541	9.60703	1.50939	0	0	0	0	0	0	0	0	0	0	0	0	0
00.000,00.000	21.5	0	-200	0	4.5	681.775	349.482	197.648	73.2914	38.3507	11.7945	9.6073	1.60163	0	0	0	0	0	0	0	0	0	0	0	0	0
00.000,00.000	21.6	0	-200	0	4.5	704.06	356.627	206.182	76.3754	40.3227	12.5398	9.61241	2.40149	0	0	0	0	0	0	0	0	0	0	0	0	0
00.000,00.000	21.7	0	-200	0	4.5	719.87	361.265	212.031	79.0992	41.3326	13.5196	9.62069	3.0018	0	0	0	0	0	0	0	0	0	0	0	0	0
00.000,00.000	21.8	0	-200	0	4.5	724.727	363.068	213.467	80.0376	41.5839	13.7844	9.62439	3.1615	0	0	0	0	0	0	0	0	0	0	0	0	0
00.000,00.000	21.9	0	-200	0	4.5	725.033	363.174	213.563	80.0987	41.5996	13.8013	9.62471	3.17149	0	0	0	0	0	0	0	0	0	0	0	0	0
00.000,00.000	22	0	-200	0	4.5	754.532	374.22	221.085	87.2273	42.8968	15.3569	9.66379	4.0814	0	0	0	0	0	0	0	0	0	0	0	0	0
00.000,00.000	22.1	0	-200	0	4.5	769.015	379.525	224.481	91.2875	43.3665	16.1327	9.68819	4.53371	0	0	0	0	0	0	0	0	0	0	0	0	0
00.000,00.000	22.2	0	-200	0	4.5	776.133	382.178	226.139	93.2393	43.6244	16.502	9.70429	4.74591	0	0	0	0	0	0	0	0	0	0	0	0	0
00.000,00.000	22.3	0	-200	0	4.5	783.496	384.973	227.851	95.2339	43.8768	16.8772	9.72392	4.95925	0	0	0	0	0	0	0	0	0	0	0	0	0
00.000,00.000	22.4	0	-200	0	4.5	802.213	392.083	232.304	100.255	44.4814	17.8181	9.78185	5.48908	0	0	0	0	0	0	0	0	0	0	0	0	0
00.000,00.000	22.5	0	-200	0	4.5	806.295	393.615	233.315	101.37	44.5676	18.0261	9.79573	5.60584	0	0	0	0	0	0	0	0	0	0	0	0	0
00.000,00.000	22.6	0	-200	0	4.5	844.049	407.243	242.264	111.947	45.8909	20.027	9.95561	6.72125	0	0	0	0	0	0	0	0	0	0	0	0	0
00.000,00.000	22.7	0	-200	0	4.5	862.973	413.387	246.836	117.671	46.5657	21.1269	10.0527	7.3344	0	0	0	0	0	0	0	0	0	0	0	0	0
00.000,00.000	22.8	0	-200	0	4.5	870.723	416.635	248.492	119.631	46.8336	21.5016	10.0908	7.53991	0	0	0	0	0	0	0	0	0	0	0	0	0
00.000,00.000	22.9	0	-200	0	4.5	870.937	416.712	248.545	119.688	46.8411	21.5124	10.0921	7.54572	0	0	0	0	0	0	0	0	0	0	0	0	0
00.000,00.000	23	0	-200	0	4.5	904.241	430.423	256.182	127.979	47.9299	23.0656	10.2906	8.36941	0	0	0	0	0	0	0	0	0	0	0	0	0
00.000,00.000	23.1	0	-200	0	4.5	925.263	438.279	261.486	133.159	48.9061	24.0922	10.4303	8.90993	0	0	0	0	0	0	0	0	0	0	0	0	0
00.000,00.000	23.2	0	-200	0	4.5	934.807	441.274	264.488	135.275	49.5723	24.5501	10.4988	9.1476	0	0	0	0	0	0	0	0	0	0	0	0	0
00.000,00.000	23.3	0	-200	0	4.5	943.479	443.78	267.484	137.166	50.1718	24.9573	10.5645	9.35623	0	0	0	0	0	0	0	0	0	0	0	0	0
00.000,00.000	23.4	0	-200	0	4.5	974.135	451.996	279.055	143.441	52.3248	26.4106	10.8172	9.82983	0.261753	0	0	0	0	0	0	0	0	0	0	0	0
00.000,00.000	23.5	0	-200	0	4.5	981.771	453.832	282.197	144.879	52.9174	26.7829	10.8846	9.79929	0.480075	0	0	0	0	0	0	0	0	0	0	0	0
00.000,00.000	23.6	0	-200	0	4.5	1024.23	463.194	300.012	151.785	57.5187	28.183	12.147	9.83498	1.55648	0	0	0	0	0	0	0	0	0	0	0	0
00.000,00.000	23.7	0	-200	0	4.5	1048.47	467.948	310.463	155.292	60.638	28.8004	13.2273	9.83786	2.26028	0	0	0	0	0	0	0	0	0	0	0	0
00.000,00.000	23.8	0	-200	0	4.5	1067.27	473.037	317.913	157.748	62.7688	29.2399	13.9772	9.84472	2.73757	0	0	0	0	0	0	0	0	0	0	0	0
00.000,00.000	23.9	0	-200	0	4.5	1068.54	473.316	318.461	157.914	62.9324	29.2716	14.0303	9.84541	2.7709	0	0	0	0	0	0	0	0	0	0	0	0
00.000,00.000	24	0	-200	0	4.5	1127.99	489.712	342.08	165.827	69.4228	30.6195	16.281	9.90213	4.1448	0	0	0	0	0	0	0	0	0	0	0	0
00.000,00.000	24.1	0	-200	0	4.5	1151.61	496.31	350.654	169.151	72.3753	31.1859	17.2636	9.93338	4.74018	0	0	0	0	0	0	0	0	0	0	0	0
00.000,00.000	24.2	0	-200	0	4.5	1159.99	498.604	353.675	170.441	73.3662	31.4017	17.6068	9.94979	4.94349	0	0	0	0	0	0	0	0	0	0	0	0
00.000,00.000	24.3	0	-200	0	4.5	1168.82	501.244	356.692	171.802	74.3755	31.6304	17.9578	9.97026	5.14855	0	0	0	0	0	0	0	0	0	0	0	0
00.000,00.000	24.4	0	-200	0	4.5	1235.49	521.366	379.297	182.17	81.0251	34.2405	20.578	10.1554	6.65444	0	0	0	0	0	0	0	0	0	0	0	0
00.000,00.000	24.5	0	-200	0	4.5	1254.09	527.119	385.198	185.019	82.7375	35.3741	21.3223	10.2153	7.10396	0	0	0	0	0	0	0	0	0	0	0	0
00.000,00.000	24.6	0	-200	0	4.5	1277.14	532.318	392.521	189.506	85.2691	37.1655	21.9743	10.5716	7.80913	0	0	0	0	0	0	0	0	0	0	0	0
00.000,00.000	24.7	0	-200	0	4.5	1287.33	535.657	395.44	191.097	85.9004	38.0678	22.1366	10.6765	8.35888	0	0	0	0	0	0	0	0	0	0	0	0
00.000,00.000	24.8	0	-200	0	4.5	1288.2	535.906	395.699	191.255	85.9602	38.1455	22.1514	10.6841	8.39757	0	0	0	0	0	0	0	0	0	0	0	0
00.000,00.000	24.9	0	-200	0	4.5	1317.51	544.838	404.027	196.501	87.9559	40.8524	22.6656	10.9415	9.73203	0	0	0	0	0	0	0	0	0	0	0	0
00.000,00.000	25	0	-200	0	4.5	1325.68	547.617	406.305	197.789	88.4977	41.5798	22.8029	10.9953	10.0951	0	0	0	0	0	0	0	0	0	0	0	0
00.000,00.000	25.1	0	-200	0	4.5	1343.82	553.68	411.414	200.928	89.6203	43.1214	23.0985	11.1228	10.6924	0.143641	0	0	0	0	0	0	0	0	0	0	0
00.000,00.000	25.2	0	-200	0	4.5	1351.96	556.538	413.563	202.324	90.1477	43.8006	23.2338	11.1829	10.8569	0.311361	0	0	0	0	0	0	0	0	0	0	0
00.000,00.000	25.3	0	-200	0	4.5	1353.31	557.043	413.91	202.551	90.2301	43.9074	23.2552	11.193	10.8819	0.336876	0	0	0	0	0	0	0	0	0	0	0
00.000,00.000	25.4	0	-200	0	4.5	1353.48	557.112	413.953	202.58	90.2414	43.921	23.258	11.1943	10.8852	0.340202	0	0	0	0	0	0	0	0	0	0	0
00.000,00.000	25.5	0	-200	0	4.5	1355.7	557.948	414.513	202.956	90.3803	44.0922	23.294	11.2128	10.9244	0.380225	0	0	0	0	0	0	0	0	0	0	0
00.000,00.000	25.6	0	-200	0	4.5	1357.18	558.469	414.901	203.211	90.479	44.2112	23.3195	11.2259	10.9522	0.408621	0	0	0	0	0	0	0	0	0	0	0
00.000,00.000	25.7	0	-200	0	4.5	1412.89	573.054	429.168	215.608	95.0247	49.2119	24.6468	11.9399	12.3751	1.86199	0	0	0	0	0	0	0	0	0	0	0
00.000,00.000	25.8	0	-200	0	4.5	1518.91	617.375	454.456	233.536	101.65	54.699	26.4325	12.9094	14.1632	3.68534	0	0	0	0	0	0	0	0	0	0	0
00.000,00.000	25.9	0	-200	0	4.5	1531.63	621.982	457.673	235.896	102.588	55.4344	26.6799	13.0438	14.4049	3.93032	0	0	0	0	0	0	0	0	0	0	0
00.000,00.000	26	0	-200	0	4.5	1532.48	622.311	457.892	236.046	102.645	55.4792	26.6955	13.0523	14.4191	3.9445	0	0	0	0	0	0	0	0	0	0	0
00.000,00.000	26.1	0	-200	0	4.5	1570.16	636.715	467.715	242.696	105.182	57.4261	27.3983	13.4345	15.036	4.55404	0	0	0	0	0	0	0	0	0	0	0
00.000,00.000	26.2	0	-200	0	4.5	1590.89	642.952	474.526	246.525	106.617	58.5289	27.8065	13.656	15.3851	4.89721	0	0	0	0	0	0	0	0	0	0	0
00.000,00.000	26.3	0	-200	0	4.5	1603.62	646.655	478.883	248.849	107.493	59.1898	28.0608	13.7927	15.593	5.09868	0	0	0	0	0	0	0	0	0	0	0
00.000,00.000	26.4	0	-200	0	4.5	1683.73	669.026	507.227	263.34	113.165	63.2847	29.7724	14.6766	16.8936	6.34426	0	0	0	0	0	0	0	0	0	0	0
00.000,00.000	26.5	0	-200	0	4.5	1718.08	678.825	518.826	269.654	115.768	64.4055	31.1625	15.0734	17.4702	6.89377	0	0	0	0	0	0	0	0	0	0	0
00.000,00.000	26.6	0	-200	0	4.5	1730.81	682.403	523.091	272.01	116.758	64.8205	31.7031	15.2286	17.6928	7.1015	0	0	0	0	0	0	0	0	0	0	0
00.000,00.000	26.7	0	-200	0	4.5	1743.57	685.989	527.431	274.371	117.748	65.2193	32.2301	15.3813	17.9055	7.29666	0	0	0	0	0	0	0	0	0	0	0
00.000,00.000	26.8	0	-200	0	4.5	1791.53	699.633	543.315	283.354	121.491	66.7391	34.2696	15.9756	18.4468	8.3103	0	0	0	0	0	0	0	0	0	0	0
00.000,00.000	26.9	0	-200	0	4.5	1805.17	703.526	547.833	285.889	122.606	67.138	34.8432	16.1434	18.4792	8.71015	0	0	0	0	0	0	0	0	0	0	0
00.000,00.000	27	0	-200	0	4.5	1806.12	703.794	548.15	286.067	122.682	67.1676	34.8822	16.1549	18.4819	8.73627	0	0	0	0	0	0	0	0	0	0	0
00.000,00.000	27.1	0	-200	0	4.5	1847.02	715.342	561.876	293.886	125.907	68.4413	36.4872	16.6508	18.6096	9.82056	0	0	0	0	0	0	0	0	0	0	0
00.000,00.000	27.2	0	-200	0	4.5	1860.25	719.093	566.359	296.4	126.957	68.8064	37.0015	16.8131	18.6531	10.002	0.16888	0	0	0	0	0	0	0	0	0	0
00.000,00.000	27.3	0	-200	0	4.5	1861.75	719.515	566.866	296.689	127.079	68.8493	37.0584	16.8312	18.6585	10.0209	0.187424	0	0	0	0	0	0	0	0	0	0
00.000,00.000	27.4	0	-200	0	4.5	1862.09	719.61	566.98	296.752	127.107	68.8579	37.0711	16.8353	18.6598	10.0249	0.191605	0	0	0	0	0	0	0	0	0	0
00.000,00.000	27.5	0	-200	0	4.5	1956.86	746.391	598.773	315.074	134.987	71.5503	40.5853	17.9926	19.0559	11.1288	1.32307	0	0	0	0	0	0	0	0	0	0
00.000,00.000	27.6	0	-200	0	4.5	1986.55	754.81	608.909	320.418	137.635	72.3478	41.7056	18.366	19.1877	11.4798	1.6901	0	0	0	0	0	0	0	0	0	0
00.000,00.000	27.7	0	-200	0	4.5	2043.3	771.178	627.679	331.166	142.534	73.9597	43.7848	19.0726	19.4729	12.1074	2.34773	0	0	0	0	0	0	0	0	0	0
00.000,00.000	27.8	0	-200	0	4.5	2114.04	791.899	651.149	344.077	148.722	75.9334	46.3826	19.9681	19.8548	12.888	3.16715	0	0	0	0	0	0	0	0	0	0
00.000,00.000	27.9	0	-200	0	4.5	2130.93	796.914	656.672	347.121	150.227	76.4207	47.0004	20.1857	19.9528	13.073	3.36131	0	0	0	0	0	0	0	0	0	0
00.000,00.000	28	0	-200	0	4.5	2132.07	797.259	657.038	347.331	150.329	76.4542	47.041	20.2002	19.9599	13.0848	3.37373	0	0	0	0	0	0	0	0	0	0
00.000,00.000	28.1	0	-200	0	4.5	2134.95	798.139	657.948	347.855	150.59	76.5397	47.1417	20.2369	19.979	13.114	3.40391	0	0	0	0	0	0	0	0	0	0
00.000,00.000	28.2	0	-200	0	4.5	2137.72	798.98	658.823	348.363	150.844	76.6237	47.2394	20.2728	19.9981	13.1421	3.43279	0	0	0	0	0	0	0	0	0	0
00.000,00.000	28.3	0	-200	0	4.5	2139.17	799.421	659.274	348.632	150.978	76.6688	47.2901	20.2916	20.0086	13.1564	3.44719	0	0	0	0	0	0	0	0	0	0
00.000,00.000	28.4	0	-200	0	4.5	2139.4	799.492	659.346	348.674	151	76.6762	47.2982	20.2946	20.0103	13.1587	3.44951	0	0	0	0	0	0	0	0	0	0
00.000,00.000	28.5	0	-200	0	4.5	2255.58	835.246	694.809	370.24	161.833	80.4853	51.3824	21.8322	20.9364	14.2744	4.54331	0	0	0	0	0	0	0	0	0	0
00.000,00.000	28.6	0	-200	0	4.5	2310.69	852.426	711.331	380.329	167.076	82.2374	53.1132	22.8959	21.3898	14.8219	5.07496	0	0	0	0	0	0	0	0	0	0
00.000,00.000	28.7	0	-200	0	4.5	2362.31	868.571	726.741	389.825	171.913	83.9735	54.3843	24.1801	21.8414	15.3268	5.55489	0	0	0	0	0	0	0	0	0	0
00.000,00.000	28.8	0	-200	0	4.5	2394.38	878.644	736.281	395.635	174.966	85.0719	55.1659	24.9882	22.1357	15.6428	5.85126	0	0	0	0	0	0	0	0	0	0
00.000,00.000	28.9	0	-200	0	4.5	2397.3	879.588	737.144	396.14	175.247	85.1666	55.2374	25.0626	22.1634	15.6717	5.87791	0	0	0	0	0	0	0	0	0	0
00.000,00.000	29	0	-200	0	4.5	2414.61	885.214	742.236	399.183	176.85	85.7532	55.6693	25.4987	22.3399	15.8397	6.02842	0	0	0	0	0	0	0	0	0	0
00.000,00.000	29.1	0	-200	0	4.5	2452.24	897.453	753.17	405.817	180.39	87.0409	56.6029	26.4678	22.7386	16.204	6.35106	0	0	0	0	0	0	0	0	0	0
00.000,00.000	29.2	0	-200	0	4.5	2477.98	905.853	760.483	410.443	182.827	87.9445	57.2136	27.1738	23.0234	16.4531	6.56951	0	0	0	0	0	0	0	0	0	0
00.000,00.000	29.3	0	-200	0	4.5	2499.66	912.96	766.614	414.331	184.866	88.7148	57.7358	27.761	23.2736	16.6594	6.74796	0	0	0	0	0	0	0	0	0	0
00.000,00.000	29.4	0	-200	0	4.5	2573.04	937.229	787.112	427.477	191.738	91.3695	59.4976	29.7701	24.1579	17.3504	7.33762	0	0	0	0	0	0	0	0	0	0
00.000,00.000	29.5	0	-200	0	4.5	2611.42	950.085	797.733	434.247	195.332	92.7619	60.3863	30.8651	24.6414	17.7192	7.6492	0	0	0	0	0	0	0	0	0	0
00.000,00.000	29.6	0	-200	0	4.5	2633.66	957.334	803.957	438.208	197.456	93.5866	60.9038	31.5084	24.9392	17.8274	7.93621	0	0	0	0	0	0	0	0	0	0
00.000,00.000	29.7	0	-200	0	4.5	2654.87	964.489	809.816	441.88	199.437	94.3911	61.3917	32.1125	25.2299	17.8552	8.27249	0	0	0	0	0	0	0	0	0	0
00.000,00.000	29.8	0	-200	0	4.5	2727.54	988.426	829.783	454.624	206.382	97.3114	63.1085	34.2312	26.2799	17.9606	9.42834	0	0	0	0	0	0	0	0	0	0
00.000,00.000	29.9	0	-200	0	4.5	2742.26	993.347	833.895	457.054	207.813	97.9026	63.432	34.6678	26.498	17.9833	9.64284	0.0202027	0	0	0	0	0	0	0	0	0
00.000,00.000	30	0	-200	0	4.5	2743.81	993.876	834.319	457.318	207.957	97.9653	63.4681	34.7123	26.5215	17.9859	9.65987	0.0261719	0	0	0	0	0	0	0	0	0
00.000,00.000	30.1	0	-200	0	4.5	2784.79	1007.87	845.421	464.289	211.743	99.6475	64.4227	35.8932	27.1635	18.0574	10.0305	0.249716	0	0	0	0	0	0	0	0	0
00.000,00.000	30.2	0	-200	0	4.5	2814.78	1018.15	853.514	469.372	214.535	100.843	65.112	36.7742	27.6483	18.1127	10.2515	0.461711	0	0	0	0	0	0	0	0	0
00.000,00.000	30.3	0	-200	0	4.5	2838.14	1026.19	859.781	473.336	216.686	101.781	65.6563	37.468	28.0372	18.1585	10.4277	0.613111	0	0	0	0	0	0	0	0	0
00.000,00.000	30.4	0	-200	0	4.5	2925.11	1055.7	883.787	487.554	224.937	105.305	67.6604	40.0139	29.5572	18.3424	11.0712	1.18022	0	0	0	0	0	0	0	0	0
00.000,00.000	30.5	0	-200	0	4.5	2968.13	1069.77	896.136	494.554	229.202	107.004	68.6013	41.1995	30.3527	18.4413	11.3889	1.47769	0	0	0	0	0	0	0	0	0
00.000,00.000	30.6	0	-200	0	4.5	3024.87	1087.05	912.464	504.22	235.01	109.635	69.9357	42.8068	31.4637	18.5897	11.8188	1.87961	0	0	0	0	0	0	0	0	0
00.000,00.000	30.7	0	-200	0	4.5	3050.69	1094.72	920.069	508.655	237.645	110.845	70.5137	43.53	31.9683	18.6621	12.0152	2.06309	0	0	0	0	0	0	0	0	0
00.000,00.000	30.8	0	-200	0	4.5	3055.35	1096.19	921.393	509.437	238.1	111.063	70.6247	43.6586	32.0608	18.6758	12.0483	2.09401	0	0	0	0	0	0	0	0	0
00.000,00.000	30.9	0	-200	0	4.5	3056.75	1096.65	921.794	509.667	238.233	111.128	70.6559	43.6961	32.0883	18.6802	12.058	2.10298	0	0	0	0	0	0	0	0	0
00.000,00.000	31	0	-200	0	4.5	3106.09	1112.62	935.865	517.701	242.845	113.498	71.7681	45.0436	33.0956	18.844	12.3932	2.41396	0	0	0	0	0	0	0	0	0
00.000,00.000	31.1	0	-200	0	4.5	3137.99	1122.6	945.244	522.757	245.906	115.109	72.472	45.9575	33.7569	18.9584	12.6149	2.6184	0	0	0	0	0	0	0	0	0
00.000,00.000	31.2	0	-200	0	4.5	3160.36	1129.49	951.736	526.374	248.103	116.25	72.9943	46.5932	34.2491	19.0442	12.7684	2.75902	0	0	0	0	0	0	0	0	0
00.000,00.000	31.3	0	-200	0	4.5	3182.57	1136.4	958.035	529.964	250.307	117.405	73.526	47.2277	34.7571	19.1354	12.9211	2.89799	0	0	0	0	0	0	0	0	0
00.000,00.000	31.4	0	-200	0	4.5	3204.93	1143.36	964.325	533.551	252.577	118.57	74.0635	47.6514	35.4863	19.2322	13.0728	3.03494	0	0	0	0	0	0	0	0	0
00.000,00.000	31.5	0	-200	0	4.5	3227.19	1150.28	970.58	537.115	254.842	119.741	74.618	48.0581	36.2348	19.3342	13.2242	3.16998	0	0	0	0	0	0	0	0	0
00.000,00.000	31.6	0	-200	0	4.5	3269.56	1161.91	982.792	544.186	259.415	122.172	75.7991	48.9213	37.8217	19.5561	13.5401	3.44841	0	0	0	0	0	0	0	0	0
00.000,00.000	31.7	0	-200	0	4.5	3279.96	1164.59	985.792	545.927	260.582	122.812	76.116	49.1743	38.2032	19.6177	13.6254	3.52307	0	0	0	0	0	0	0	0	0
00.000,00.000	31.8	0	-200	0	4.5	3395.81	1204.33	1016.38	562.914	271.684	128.983	79.2564	51.3649	42.0176	20.2498	14.4216	4.20973	0	0	0	0	0	0	0	0	0
00.000,00.000	31.9	0	-200	0	4.5	3415.28	1209.88	1021.86	565.962	273.721	130.211	79.9368	51.7836	42.6276	20.3773	14.578	4.34341	0	0	0	0	0	0	0	0	0
00.000,00.000	32	0	-200	0	4.5	3497.84	1237.53	1043.14	578.392	281.55	134.92	82.4109	53.4909	45.417	20.9613	15.1825	4.84335	0	0	0	0	0	0	0	0	0
00.000,00.000	32.1	0	-200	0	4.5	3538.62	1251.03	1053.67	584.744	285.06	137.356	83.7097	54.3728	46.7888	21.2881	15.4968	5.10039	0	0	0	0	0	0	0	0	0
00.000,00.000	32.2	0	-200	0	4.5	3558.41	1257.35	1058.92	587.87	286.868	138.636	84.3276	54.8089	47.2918	21.4584	15.6518	5.22362	0	0	0	0	0	0	0	0	0
00.000,00.000	32.3	0	-200	0	4.5	3577.8	1263.92	1063.87	590.815	288.633	139.857	84.9203	55.2329	47.7787	21.6315	15.7994	5.33845	0	0	0	0	0	0	0	0	0
00.000,00.000	32.4	0	-200	0	4.5	3598.18	1270.86	1069.03	593.879	290.496	141.136	85.546	55.6955	48.3025	21.8215	15.9542	5.45623	0	0	0	0	0	0	0	0	0
00.000,00.000	32.5	0	-200	0	4.5	3618.46	1277.68	1074.2	596.929	292.319	142.429	86.1779	56.1771	48.8401	22.022	16.1102	5.5725	0	0	0	0	0	0	0	0	0
00.000,00.000	32.6	0	-200	0	4.5	3654.8	1287.38	1083.89	603.006	296.018	145.083	87.4885	57.2555	49.9824	22.4509	16.434	5.80898	0	0	0	0	0	0	0	0	0
00.000,00.000	32.7	0	-200	0	4.5	3729.27	1308.71	1101.05	615.601	303.665	150.74	90.3646	59.7032	52.5335	23.4296	17.1523	6.32184	0	0	0	0	0	0	0	0	0
00.000,00.000	32.8	0	-200	0	4.5	3741.34	1312.01	1103.99	617.708	304.798	151.614	90.8839	60.0985	52.9443	23.6042	17.2723	6.40625	0	0	0	0	0	0	0	0	0
00.000,00.000	32.9	0	-200	0	4.5	3741.77	1312.16	1104.09	617.774	304.836	151.643	90.9002	60.1125	52.9582	23.6099	17.2761	6.40879	0	0	0	0	0	0	0	0	0
00.000,00.000	33	0	-200	0	4.5	3816.61	1336.77	1121.48	629.265	311.367	156.661	93.7736	62.5493	55.3145	24.6467	17.9342	6.84016	0	0	0	0	0	0	0	0	0
00.000,00.000	33.1	0	-200	0	4.5	3852.06	1348.53	1129.49	634.804	314.426	159.032	95.1762	63.7169	56.4524	25.1306	18.2532	7.04631	0	0	0	0	0	0	0	0	0
00.000,00.000	33.2	0	-200	0	4.5	3868.2	1354.17	1133.07	637.249	315.744	160.081	95.7869	64.2502	56.9712	25.3529	18.3931	7.13388	0	0	0	0	0	0	0	0	0
00.000,00.000	33.3	0	-200	0	4.5	3887.22	1360.88	1137.28	640.089	317.281	161.28	96.5053	64.8921	57.5896	25.6259	18.5581	7.23458	0	0	0	0	0	0	0	0	0
00.000,00.000	33.4	0	-200	0	4.5	3906.33	1367.74	1141.51	642.912	318.81	162.442	97.2199	65.5267	58.2134	25.9061	18.7224	7.33237	0	0	0	0	0	0	0	0	0
00.000,00.000	33.5	0	-200	0	4.5	3925.21	1374.45	1145.63	645.72	320.312	163.627	97.947	66.1631	58.8476	26.1996	18.8883	7.42839	0	0	0	0	0	0	0	0	0
00.000,00.000	33.6	0	-200	0	4.5	3942.32	1378.97	1149.4	648.704	321.925	164.945	98.7705	66.8667	59.5748	26.5414	19.0775	7.53563	0	0	0	0	0	0	0	0	0
00.000,00.000	33.7	0	-200	0	4.5	3967.12	1387.89	1153.68	652.384	324.024	166.728	99.8935	67.8632	60.5985	27.0361	19.3429	7.68321	0	0	0	0	0	0	0	0	0
00.000,00.000	33.8	0	-200	0	4.5	4086.42	1422.91	1178.08	671.756	334.498	175.739	105.854	73.0953	65.7165	29.6766	19.9557	9.1402	0	0	0	0	0	0	0	0	0
00.000,00.000	33.9	0	-200	0	4.5	4107.9	1429.53	1182.05	675.203	336.343	177.321	107.061	74.1089	66.6407	30.1634	20.0546	9.43151	0	0	0	0	0	0	0	0	0
00.000,00.000	34	0	-200	0	4.5	4110.63	1430.39	1182.57	675.621	336.573	177.518	107.208	74.2386	66.7578	30.2291	20.0678	9.46562	0	0	0	0	0	0	0	0	0
00.000,00.000	34.1	0	-200	0	4.5	4162.83	1446.6	1192.8	683.426	340.927	181.343	109.989	76.7983	68.9748	31.5411	20.3251	10.1054	0	0	0	0	0	0	0	0	0
00.000,00.000	34.2	0	-200	0	4.5	4187.2	1454.51	1197.35	687.009	342.925	183.069	111.296	78.0523	69.9908	32.155	20.4485	10.3995	0	0	0	0	0	0	0	0	0
00.000,00.000	34.3	0	-200	0	4.5	4203.74	1459.98	1200.57	689.332	344.219	184.222	112.147	78.8849	70.6838	32.5832	20.5338	10.5859	0	0	0	0	0	0	0	0	0
00.000,00.000	34.4	0	-200	0	4.5	4218.67	1465.14	1203.47	691.338	345.338	185.229	112.899	79.6192	71.299	32.9741	20.6121	10.7474	0	0	0	0	0	0	0	0	0
00.000,00.000	34.5	0	-200	0	4.5	4234.24	1470.57	1206.39	693.405	346.506	186.285	113.696	80.403	71.9631	33.4052	20.6992	10.9143	0	0	0	0	0	0	0	0	0
00.000,00.000	34.6	0	-200	0	4.5	4310.17	1490.77	1219.69	703.923	353.107	192.723	118.639	85.4327	76.3395	36.2839	21.2806	11.9791	0	0	0	0	0	0	0	0	0
00.000,00.000	34.7	0	-200	0	4.5	4334.16	1497.66	1224.08	707.272	355.05	194.662	119.985	86.9247	77.6168	37.1629	21.4615	12.2131	0.0795547	0	0	0	0	0	0	0	0
00.000,00.000	34.8	0	-200	0	4.5	4334.04	1497.63	1224.06	707.265	355.045	194.651	119.977	86.9052	77.596	37.1629	21.4615	12.2036	0.0890315	0	0	0	0	0	0	0	0
00.000,00.000	34.9	0	-200	0	4.5	4358.33	1505.17	1228.38	710.289	356.921	196.462	121.331	88.4251	78.9832	38.1048	21.6743	12.3778	0.203874	0	0	0	0	0	0	0	0
00.000,00.000	35	0	-200	0	4.5	4365.22	1507.32	1229.55	711.152	357.482	196.99	121.719	88.9198	79.2944	38.3845	21.7383	12.419	0.246556	0	0	0	0	0	0	0	0
00.000,00.000	35.1	0	-200	0	4.5	4420.15	1525.32	1238.67	717.633	361.746	201.025	124.839	92.3011	82.3731	40.6632	22.2854	12.7797	0.513353	0	0	0	0	0	0	0	0
00.000,00.000	35.2	0	-200	0	4.5	4445.86	1533.9	1243.07	720.582	363.678	202.592	126.365	93.9348	83.8005	41.783	22.5604	12.9416	0.651284	0	0	0	0	0	0	0	0
00.000,00.000	35.3	0	-200	0	4.5	4457.56	1537.86	1245.05	721.866	364.554	203.293	127.079	94.6828	84.4887	42.2734	22.6925	13.0149	0.706495	0	0	0	0	0	0	0	0
00.000,00.000	35.4	0	-200	0	4.5	4469.4	1541.98	1246.91	723.125	365.431	204.011	127.807	95.4523	85.2111	42.7875	22.8352	13.0878	0.7611	0	0	0	0	0	0	0	0
00.000,00.000	35.5	0	-200	0	4.5	4481.26	1546.19	1248.78	724.324	366.306	204.694	128.529	96.2217	85.9462	43.3106	22.9847	13.1583	0.813498	0	0	0	0	0	0	0	0
00.000,00.000	35.6	0	-200	0	4.5	4492.37	1549.66	1250.49	725.465	367.124	205.394	129.296	97.0581	86.7412	43.8889	23.1546	13.2319	0.869139	0	0	0	0	0	0	0	0
00.000,00.000	35.7	0	-200	0	4.5	4519.13	1558.35	1254.69	728.159	369.098	206.957	131.055	99.0283	88.5723	45.2602	23.5666	13.3974	0.99257	0	0	0	0	0	0	0	0
00.000,00.000	35.8	0	-200	0	4.5	4585.32	1580.07	1264.43	734.401	373.87	210.682	135.662	104.258	93.206	48.9281	24.6947	13.8184	1.30262	0	0	0	0	0	0	0	0
00.000,00.000	35.9	0	-200	0	4.5	4596.22	1583.65	1265.99	735.49	374.684	211.212	136.457	105.198	93.8758	49.5244	24.8881	13.8879	1.35352	0	0	0	0	0	0	0	0
00.000,00.000	36	0	-200	0	4.5	4649.11	1601.02	1274.05	740.447	378.623	213.965	140.09	109.304	97.4673	52.4827	25.8772	14.2075	1.57802	0	0	0	0	0	0	0	0
00.000,00.000	36.1	0	-200	0	4.5	4673.29	1609.11	1277.57	742.788	380.376	215.238	141.751	111.29	98.8888	53.8855	26.3543	14.3553	1.68076	0	0	0	0	0	0	0	0
00.000,00.000	36.2	0	-200	0	4.5	4682.73	1612.31	1278.93	743.621	381.065	215.705	142.398	112.076	99.5012	54.4418	26.5517	14.4116	1.71856	0	0	0	0	0	0	0	0
00.000,00.000	36.3	0	-200	0	4.5	4692.25	1615.55	1280.27	744.436	381.737	216.162	143.056	112.881	100.132	55.04	26.7621	14.4681	1.75539	0	0	0	0	0	0	0	0
00.000,00.000	36.4	0	-200	0	4.5	4710.65	1621.93	1282.91	745.922	382.974	217.012	144.307	114.412	101.351	56.2501	27.1857	14.5744	1.82252	0	0	0	0	0	0	0	0
00.000,00.000	36.5	0	-200	0	4.5	4714.42	1623.28	1283.43	746.219	383.235	217.156	144.565	114.738	101.583	56.4906	27.2867	14.597	1.83653	0	0	0	0	0	0	0	0
00.000,00.000	36.6	0	-200	0	4.5	4735.54	1631.01	1286.17	747.743	384.518	218.067	146	116.544	103.028	57.9394	27.8931	14.7195	1.90854	0	0	0	0	0	0	0	0
00.000,00.000	36.7	0	-200	0	4.5	4797.1	1654.2	1293.84	752.063	388.487	220.514	149.962	121.762	107.271	62.1819	29.6453	15.0732	2.10859	0	0	0	0	0	0	0	0
00.000,00.000	36.8	0	-200	0	4.5	4807.3	1658.15	1295.12	752.79	389.202	220.888	150.514	122.628	107.964	62.8385	29.9283	15.1337	2.14207	0	0	0	0	0	0	0	0
00.000,00.000	36.9	0	-200	0	4.5	4825.61	1665.38	1297.29	753.968	390.284	221.561	151.563	124.219	109.288	64.1253	30.5057	15.2365	2.19409	0	0	0	0	0	0	0	0
00.000,00.000	37	0	-200	0	4.5	4845.35	1673.17	1299.66	755.185	391.527	222.269	152.656	125.911	110.725	65.4988	31.1481	15.3462	2.24739	0	0	0	0	0	0	0	0
00.000,00.000	37.1	0	-200	0	4.5	4859.26	1678.76	1301.23	756.001	392.362	222.749	153.44	127.137	111.736	66.5097	31.625	15.4223	2.28165	0	0	0	0	0	0	0	0
00.000,00.000	37.2	0	-200	0	4.5	4864.58	1680.91	1301.85	756.292	392.677	222.925	153.737	127.604	112.127	66.9059	31.8155	15.4512	2.29379	0	0	0	0	0	0	0	0
00.000,00.000	37.3	0	-200	0	4.5	4872.11	1683.97	1302.65	756.67	393.113	223.171	154.165	128.268	112.701	67.4978	32.1014	15.491	2.30864	0	0	0	0	0	0	0	0
00.000,00.000	37.4	0	-200	0	4.5	4883.48	1688.54	1303.89	757.213	393.746	223.517	154.823	129.286	113.594	68.4264	32.5573	15.5511	2.32885	0	0	0	0	0	0	0	0
00.000,00.000	37.5	0	-200	0	4.5	4893.36	1692.56	1304.98	757.665	394.28	223.812	155.364	130.166	114.366	69.2549	32.9686	15.6028	2.34416	0	0	0	0	0	0	0	0
00.000,00.000	37.6	0	-200	0	4.5	4915.44	1701.81	1307.36	758.646	395.43	224.445	156.547	132.002	116.024	71.1705	33.9121	15.7165	2.37244	0	0	0	0	0	0	0	0
00.000,00.000	37.7	0	-200	0	4.5	4935.41	1710.57	1309.55	759.504	396.313	224.973	157.593	133.577	117.473	72.8821	34.7615	15.8167	2.39338	0	0	0	0	0	0	0	0
00.000,00.000	37.8	0	-200	0	4.5	4937.38	1711.43	1309.75	759.588	396.407	225.025	157.69	133.736	117.623	73.0526	34.8537	15.8267	2.39517	0	0	0	0	0	0	0	0
00.000,00.000	37.9	0	-200	0	4.5	4937.42	1711.45	1309.75	759.589	396.409	225.026	157.692	133.739	117.626	73.0563	34.8555	15.8269	2.39519	0	0	0	0	0	0	0	0
00.000,00.000	38	0	-200	0	4.5	4960.39	1721.92	1312.01	760.362	397.458	225.605	158.785	135.504	119.321	75.2005	35.8996	15.9332	2.39769	0	0	0	0	0	0	0	0
00.000,00.000	38.1	0	-200	0	4.5	4981.73	1731.59	1314.05	761.015	398.404	226.109	159.774	137.236	120.958	77.2579	36.9033	16.0271	2.39769	0	0	0	0	0	0	0	0
00.000,00.000	38.2	0	-200	0	4.5	4984.56	1732.89	1314.31	761.099	398.526	226.173	159.906	137.458	121.177	77.5396	37.0413	16.0393	2.39769	0	0	0	0	0	0	0	0
00.000,00.000	38.3	0	-200	0	4.5	4995.27	1737.98	1315.34	761.374	398.957	226.391	160.398	138.228	121.924	78.6255	37.5809	16.082	2.39769	0	0	0	0	0	0	0	0
00.000,00.000	38.4	0	-200	0	4.5	5013.81	1746.69	1317.05	761.815	399.658	226.755	161.204	139.729	123.342	80.4673	38.5484	16.1508	2.39769	0	0	0	0	0	0	0	0
00.000,00.000	38.5	0	-200	0	4.5	5016.8	1748.15	1317.32	761.886	399.773	226.811	161.333	139.934	123.563	80.7578	38.7192	16.1622	2.39769	0	0	0	0	0	0	0	0
00.000,00.000	38.6	0	-200	0	4.5	5038.09	1758.76	1319.4	762.336	400.448	227.152	162.313	141.223	125.018	82.9438	39.871	16.233	2.39769	0	0	0	0	0	0	0	0
00.000,00.000	38.7	0	-200	0	4.5	5042.82	1761.1	1319.85	762.432	400.597	227.226	162.503	141.508	125.387	83.3959	40.1692	16.2489	2.39769	0	0	0	0	0	0	0	0
00.000,00.000	38.8	0	-200	0	4.5	5047.97	1763.69	1320.34	762.52	400.748	227.303	162.718	141.862	125.767	83.9157	40.4395	16.2637	2.39769	0	0	0	0	0	0	0	0
00.000,00.000	38.9	0	-200	0	4.5	5050.15	1764.8	1320.55	762.555	400.812	227.336	162.808	141.993	125.915	84.1421	40.5719	16.2702	2.39769	0	0	0	0	0	0	0	0
00.000,00.000	39	0	-200	0	4.5	5051.53	1765.51	1320.67	762.573	400.849	227.356	162.862	142.08	126.01	84.288	40.664	16.2737	2.39769	0	0	0	0	0	0	0	0
00.000,00.000	39.1	0	-200	0	4.5	5064	1771.98	1321.8	762.724	401.173	227.526	163.345	142.933	126.859	85.5644	41.3863	16.3043	2.39769	0	0	0	0	0	0	0	0
00.000,00.000	39.2	0	-200	0	4.5	5075.31	1777.94	1322.82	762.849	401.459	227.671	163.756	143.694	127.637	86.7248	42.0318	16.3341	2.39769	0	0	0	0	0	0	0	0
00.000,00.000	39.3	0	-200	0	4.5	5077.45	1779.05	1323	762.87	401.511	227.697	163.829	143.825	127.771	86.9856	42.1714	16.3397	2.39769	0	0	0	0	0	0	0	0
00.000,00.000	39.4	0	-200	0	4.5	5082.91	1781.95	1323.48	762.915	401.633	227.757	164.008	144.184	128.118	87.6348	42.4775	16.3546	2.39769	0	0	0	0	0	0	0	0
00.000,00.000	39.5	0	-200	0	4.5	5091.27	1786.3	1324.2	762.972	401.802	227.835	164.275	144.715	128.661	88.7056	43.0285	16.3757	2.39769	0	0	0	0	0	0	0	0
00.000,00.000	39.6	0	-200	0	4.5	5095.87	1788.77	1324.61	763	401.889	227.877	164.413	144.984	128.915	89.2759	43.3564	16.3875	2.39769	0	0	0	0	0	0	0	0
00.000,00.000	39.7	0	-200	0	4.5	5100.8	1791.46	1325.05	763.027	401.976	227.92	164.553	145.286	129.203	89.8578	43.6599	16.4042	2.39769	0	0	0	0	0	0	0	0
00.000,00.000	39.8	0	-200	0	4.5	5106.16	1794.36	1325.52	763.051	402.065	227.965	164.7	145.605	129.529	90.5091	44.0404	16.4168	2.39769	0	0	0	0	0	0	0	0
00.000,00.000	39.9	0	-200	0	4.5	5111.43	1797.22	1325.98	763.073	402.148	228.009	164.839	145.924	129.852	91.1328	44.4354	16.4323	2.39769	0	0	0	0	0	0	0	0
00.000,00.000	40	0	-200	0	4.5	5115.28	1799.36	1326.32	763.087	402.206	228.039	164.939	146.154	130.084	91.5549	44.6898	16.4467	2.39769	0	0	0	0	0	0	0	0
00.000,00.000	40.1	0	-200	0	4.5	5122.25	1803.29	1326.95	763.11	402.305	228.095	165.117	146.566	130.508	92.2883	45.1574	16.4699	2.39769	0	0	0	0	0	0	0	0
00.000,00.000	40.2	0	-200	0	4.5	5126.91	1805.89	1327.36	763.124	402.369	228.129	165.224	146.827	130.781	92.8156	45.5133	16.4831	2.39769	0	0	0	0	0	0	0	0
00.000,00.000	40.3	0	-200	0	4.5	5131.5	1808.44	1327.76	763.136	402.426	228.161	165.326	147.059	131.027	93.3925	45.8748	16.5009	2.39769	0	0	0	0	0	0	0	0
00.000,00.000	40.4	0	-200	0	4.5	5136.35	1811.18	1328.2	763.148	402.484	228.195	165.432	147.319	131.313	93.9521	46.2159	16.518	2.39769	0	0	0	0	0	0	0	0
00.000,00.000	40.5	0	-200	0	4.5	5140.95	1813.78	1328.61	763.157	402.535	228.226	165.531	147.564	131.59	94.4773	46.5446	16.5352	2.39769	0	0	0	0	0	0	0	0
00.000,00.000	40.6	0	-200	0	4.5	5145.44	1816.31	1329.01	763.165	402.579	228.254	165.621	147.788	131.847	95.0348	46.8886	16.5513	2.39769	0	0	0	0	0	0	0	0
00.000,00.000	40.7	0	-200	0	4.5	5149.87	1818.81	1329.4	763.171	402.62	228.281	165.707	148.019	132.115	95.5658	47.212	16.5692	2.39769	0	0	0	0	0	0	0	0
00.000,00.000	40.8	0	-200	0	4.5	5154.16	1821.27	1329.79	763.177	402.657	228.307	165.78	148.206	132.362	96.0789	47.5567	16.5832	2.39769	0	0	0	0	0	0	0	0
00.000,00.000	40.9	0	-200	0	4.5	5158.26	1823.58	1330.15	763.182	402.689	228.331	165.848	148.395	132.607	96.5555	47.9145	16.6034	2.39769	0	0	0	0	0	0	0	0
00.000,00.000	41	0	-200	0	4.5	5160.95	1825.14	1330.39	763.185	402.709	228.346	165.89	148.518	132.774	96.8462	48.1328	16.6181	2.39769	0	0	0	0	0	0	0	0
00.000,00.000	41.1	0	-200	0	4.5	5166.93	1828.57	1330.92	763.191	402.748	228.38	165.981	148.791	133.15	97.5422	48.6175	16.6448	2.39769	0	0	0	0	0	0	0	0
00.000,00.000	41.2	0	-200	0	4.5	5170.53	1830.62	1331.25	763.195	402.769	228.399	166.033	148.954	133.38	97.9557	48.9185	16.6606	2.39769	0	0	0	0	0	0	0	0
00.000,00.000	41.3	0	-200	0	4.5	5174.02	1832.61	1331.57	763.198	402.788	228.417	166.081	149.111	133.587	98.3408	49.2373	16.6826	2.39769	0	0	0	0	0	0	0	0
00.000,00.000	41.4	0	-200	0	4.5	5177.74	1834.78	1331.91	763.201	402.807	228.435	166.129	149.276	133.824	98.7434	49.5377	16.7011	2.39769	0	0	0	0	0	0	0	0
00.000,00.000	41.5	0	-200	0	4.5	5181.3	1836.82	1332.23	763.204	402.822	228.452	166.174	149.427	134.055	99.1325	49.862	16.7247	2.39769	0	0	0	0	0	0	0	0
00.000,00.000	41.6	0	-200	0	4.5	5184.81	1838.87	1332.54	763.206	402.836	228.468	166.216	149.575	134.292	99.5059	50.1657	16.7432	2.39769	0	0	0	0	0	0	0	0
00.000,00.000	41.7	0	-200	0	4.5	5188.16	1840.8	1332.84	763.208	402.846	228.482	166.25	149.707	134.503	99.8705	50.4882	16.7673	2.39769	0	0	0	0	0	0	0	0
00.000,00.000	41.8	0	-200	0	4.5	5191.45	1842.64	1333.21	763.21	402.855	228.495	166.284	149.836	134.728	100.228	50.7873	16.7868	2.39769	0	0	0	0	0	0	0	0
00.000,00.000	41.9	0	-200	0	4.5	5194.65	1844.38	1333.59	763.211	402.863	228.508	166.316	149.958	134.948	100.577	51.0845	16.8091	2.39769	0	0	0	0	0	0	0	0
00.000,00.000	42	0	-200	0	4.5	5197.8	1846.04	1334.03	763.212	402.869	228.52	166.345	150.076	135.16	100.908	51.4025	16.8356	2.39769	0	0	0	0	0	0	0	0