
label	time(d)	x	depth	z	radius	total	0-10	10-20	20-30	30-40	40-50	50-60	60-70	70-80	80-90	90-100	100-110	110-120	120-130	130-140	140-150	150-160	160-170	170-180	180-190	190-200
05.500,00.000	0	5.5	-200	0	4.5	0	0	0	0	0	0	0	0	0	0	0	0	0	0	0	0	0	0	0	0	0
05.500,00.000	0.1	5.5	-200	0	4.5	0	0	0	0	0	0	0	0	0	0	0	0	0	0	0	0	0	0	0	0	0
05.500,00.000	0.2	5.5	-200	0	4.5	0	0	0	0	0	0	0	0	0	0	0	0	0	0	0	0	0	0	0	0	0
05.500,00.000	0.3	5.5	-200	0	4.5	0	0	0	0	0	0	0	0	0	0	0	0	0	0	0	0	0	0	0	0	0
05.500,00.000	0.4	5.5	-200	0	4.5	0	0	0	0	0	0	0	0	0	0	0	0	0	0	0	0	0	0	0	0	0
05.500,00.000	0.5	5.5	-200	0	4.5	0	0	0	0	0	0	0	0	0	0	0	0	0	0	0	0	0	0	0	0	0
05.500,00.000	0.6	5.5	-200	0	4.5	0	0	0	0	0	0	0	0	0	0	0	0	0	0	0	0	0	0	0	0	0
05.500,00.000	0.7	5.5	-200	0	4.5	0	0	0	0	0	0	0	0	0	0	0	0	0	0	0	0	0	0	0	0	0
05.500,00.000	0.8	5.5	-200	0	4.5	0	0	0	0	0	0	0	0	0	0	0	0	0	0	0	0	0	0	0	0	0
05.500,00.000	0.9	5.5	-200	0	4.5	0	0	0	0	0	0	0	0	0	0	0	0	0	0	0	0	0	0	0	0	0
05.500,00.000	1	5.5	-200	0	4.5	0	0	0	0	0	0	0	0	0	0	0	0	0	0	0	0	0	0	0	0	0
05.500,00.000	1.1	5.5	-200	0	4.5	0	0	0	0	0	0	0	0	0	0	0	0	0	0	0	0	0	0	0	0	0
05.500,00.000	1.2	5.5	-200	0	4.5	0	0	0	0	0	0	0	0	0	0	0	0	0	0	0	0	0	0	0	0	0
05.500,00.000	1.3	5.5	-200	0	4.5	0	0	0	0	0	0	0	0	0	0	0	0	0	0	0	0	0	0	0	0	0
05.500,00.000	1.4	5.5	-200	0	4.5	0	0	0	0	0	0	0	0	0	0	0	0	0	0	0	0	0	0	0	0	0
05.500,00.000	1.5	5.5	-200	0	4.5	0	0	0	0	0	0	0	0	0	0	0	0	0	0	0	0	0	0	0	0	0
05.500,00.000	1.6	5.5	-200	0	4.5	0	0	0	0	0	0	0	0	0	0	0	0	0	0	0	0	0	0	0	0	0
05.500,00.000	1.7	5.5	-200	0	4.5	0	0	0	0	0	0	0	0	0	0	0	0	0	0	0	0	0	0	0	0	0
05.500,00.000	1.8	5.5	-200	0	4.5	0	0	0	0	0	0	0	0	0	0	0	0	0	0	0	0	0	0	0	0	0
05.500,00.000	1.9	5.5	-200	0	4.5	0	0	0	0	0	0	0	0	0	0	0	0	0	0	0	0	0	0	0	0	0
05.500,00.000	2	5.5	-200	0	4.5	0	0	0	0	0	0	0	0	0	0	0	0	0	0	0	0	0	0	0	0	0
05.500,00.000	2.1	5.5	-200	0	4.5	0	0	0	0	0	0	0	0	0	0	0	0	0	0	0	0	0	0	0	0	0
05.500,00.000	2.2	5.5	-200	0	4.5	0	0	0	0	0	0	0	0	0	0	0	0	0	0	0	0	0	0	0	0	0
05.500,00.000	2.3	5.5	-200	0	4.5	0	0	0	0	0	0	0	0	0	0	0	0	0	0	0	0	0	0	0	0	0
05.500,00.000	2.4	5.5	-200	0	4.5	0	0	0	0	0	0	0	0	0	0	0	0	0	0	0	0	0	0	0	0	0
05.500,00.000	2.5	5.5	-200	0	4.5	0	0	0	0	0	0	0	0	0	0	0	0	0	0	0	0	0	0	0	0	0
05.500,00.000	2.6	5.5	-200	0	4.5	0	0	0	0	0	0	0	0	0	0	0	0	0	0	0	0	0	0	0	0	0
05.500,00.000	2.7	5.5	-200	0	4.5	0	0	0	0	0	0	0	0	0	0	0	0	0	0	0	0	0	0	0	0	0
05.500,00.000	2.8	5.5	-200	0	4.5	0	0	0	0	0	0	0	0	0	0	0	0	0	0	0	0	0	0	0	0	0
05.500,00.000	2.9	5.5	-200	0	4.5	0	0	0	0	0	0	0	0	0	0	0	0	0	0	0	0	0	0	0	0	0
05.500,00.000	3	5.5	-200	0	4.5	3.77476e-15	3.77476e-15	0	0	0	0	0	0	0	0	0	0	0	0	0	0	0	0	0	0	0
05.500,00.000	3.1	5.5	-200	0	4.5	0.281557	0.281557	0	0	0	0	0	0	0	0	0	0	0	0	0	0	0	0	0	0	0
05.500,00.000	3.2	5.5	-200	0	4.5	0.558095	0.558095	0	0	0	0	0	0	0	0	0	0	0	0	0	0	0	0	0	0	0
05.500,00.000	3.3	5.5	-200	0	4.5	0.834156	0.834156	0	0	0	0	0	0	0	0	0	0	0	0	0	0	0	0	0	0	0
05.500,00.000	3.4	5.5	-200	0	4.5	1.10866	1.10866	0	0	0	0	0	0	0	0	0	0	0	0	0	0	0	0	0	0	0
05.500,00.000	3.5	5.5	-200	0	4.5	1.37864	1.37864	0	0	0	0	0	0	0	0	0	0	0	0	0	0	0	0	0	0	0
05.500,00.000	3.6	5.5	-200	0	4.5	1.64401	1.64401	0	0	0	0	0	0	0	0	0	0	0	0	0	0	0	0	0	0	0
05.500,00.000	3.7	5.5	-200	0	4.5	1.90657	1.90657	0	0	0	0	0	0	0	0	0	0	0	0	0	0	0	0	0	0	0
05.500,00.000	3.8	5.5	-200	0	4.5	2.16792	2.16792	0	0	0	0	0	0	0	0	0	0	0	0	0	0	0	0	0	0	0
05.500,00.000	3.9	5.5	-200	0	4.5	2.4296	2.4296	0	0	0	0	0	0	0	0	0	0	0	0	0	0	0	0	0	0	0
05.500,00.000	4	5.5	-200	0	4.5	2.69408	2.69408	0	0	0	0	0	0	0	0	0	0	0	0	0	0	0	0	0	0	0
05.500,00.000	4.1	5.5	-200	0	4.5	2.96059	2.96059	0	0	0	0	0	0	0	0	0	0	0	0	0	0	0	0	0	0	0
05.500,00.000	4.2	5.5	-200	0	4.5	3.22886	3.22886	0	0	0	0	0	0	0	0	0	0	0	0	0	0	0	0	0	0	0
05.500,00.000	4.3	5.5	-200	0	4.5	3.49857	3.49857	0	0	0	0	0	0	0	0	0	0	0	0	0	0	0	0	0	0	0
05.500,00.000	4.4	5.5	-200	0	4.5	3.76896	3.76896	0	0	0	0	0	0	0	0	0	0	0	0	0	0	0	0	0	0	0
05.500,00.000	4.5	5.5	-200	0	4.5	4.03718	4.03718	0	0	0	0	0	0	0	0	0	0	0	0	0	0	0	0	0	0	0
05.500,00.000	4.6	5.5	-200	0	4.5	4.30283	4.30283	0	0	0	0	0	0	0	0	0	0	0	0	0	0	0	0	0	0	0
05.500,00.000	4.7	5.5	-200	0	4.5	4.56654	4.56654	0	0	0	0	0	0	0	0	0	0	0	0	0	0	0	0	0	0	0
05.500,00.000	4.8	5.5	-200	0	4.5	4.82896	4.6248	0.204159	0	0	0	0	0	0	0	0	0	0	0	0	0	0	0	0	0	0
05.500,00.000	4.9	5.5	-200	0	4.5	5.09023	4.62452	0.46571	0	0	0	0	0	0	0	0	0	0	0	0	0	0	0	0	0	0
05.500,00.000	5	5.5	-200	0	4.5	5.35015	4.62452	0.725638	0	0	0	0	0	0	0	0	0	0	0	0	0	0	0	0	0	0
05.500,00.000	5.1	5.5	-200	0	4.5	5.60981	4.62452	0.985293	0	0	0	0	0	0	0	0	0	0	0	0	0	0	0	0	0	0
05.500,00.000	5.2	5.5	-200	0	4.5	5.86977	4.62452	1.24525	0	0	0	0	0	0	0	0	0	0	0	0	0	0	0	0	0	0
05.500,00.000	5.3	5.5	-200	0	4.5	6.13064	4.62452	1.50613	0	0	0	0	0	0	0	0	0	0	0	0	0	0	0	0	0	0
05.500,00.000	5.4	5.5	-200	0	4.5	6.39271	4.62452	1.76819	0	0	0	0	0	0	0	0	0	0	0	0	0	0	0	0	0	0
05.500,00.000	5.5	5.5	-200	0	4.5	6.65452	4.62452	2.03	0	0	0	0	0	0	0	0	0	0	0	0	0	0	0	0	0	0
05.500,00.000	5.6	5.5	-200	0	4.5	6.91558	4.62452	2.29106	0	0	0	0	0	0	0	0	0	0	0	0	0	0	0	0	0	0
05.500,00.000	5.7	5.5	-200	0	4.5	7.17559	4.62452	2.55108	0	0	0	0	0	0	0	0	0	0	0	0	0	0	0	0	0	0
05.500,00.000	5.8	5.5	-200	0	4.5	7.43448	4.62452	2.80996	0	0	0	0	0	0	0	0	0	0	0	0	0	0	0	0	0	0
05.500,00.000	5.9	5.5	-200	0	4.5	7.69283	4.62452	3.06832	0	0	0	0	0	0	0	0	0	0	0	0	0	0	0	0	0	0
05.500,00.000	6	5.5	-200	0	4.5	7.95103	4.62452	3.32652	0	0	0	0	0	0	0	0	0	0	0	0	0	0	0	0	0	0
05.500,00.000	6.1	5.5	-200	0	4.5	8.20942	4.62452	3.58491	0	0	0	0	0	0	0	0	0	0	0	0	0	0	0	0	0	0
05.500,00.000	6.2	5.5	-200	0	4.5	8.46834	4.62452	3.84383	0	0	0	0	0	0	0	0	0	0	0	0	0	0	0	0	0	0
05.500,00.000	6.3	5.5	-200	0	4.5	8.72783	4.62452	4.10332	0	0	0	0	0	0	0	0	0	0	0	0	0	0	0	0	0	0
05.500,00.000	6.4	5.5	-200	0	4.5	8.98778	4.62452	4.36326	0	0	0	0	0	0	0	0	0	0	0	0	0	0	0	0	0	0
05.500,00.000	6.5	5.5	-200	0	4.5	9.2474	4.62452	4.62289	0	0	0	0	0	0	0	0	0	0	0	0	0	0	0	0	0	0
05.500,00.000	6.6	5.5	-200	0	4.5	9.50671	4.62452	4.8822	0	0	0	0	0	0	0	0	0	0	0	0	0	0	0	0	0	0
05.500,00.000	6.7	5.5	-200	0	4.5	9.76543	4.62452	5.14091	0	0	0	0	0	0	0	0	0	0	0	0	0	0	0	0	0	0
05.500,00.000	6.8	5.5	-200	0	4.5	10.0236	4.62452	5.39905	0	0	0	0	0	0	0	0	0	0	0	0	0	0	0	0	0	0
05.500,00.000	6.9	5.5	-200	0	4.5	10.2815	4.62452	5.65699	0	0	0	0	0	0	0	0	0	0	0	0	0	0	0	0	0	0
05.500,00.000	7	5.5	-200	0	4.5	10.5389	4.62452	5.91435	0	0	0	0	0	0	0	0	0	0	0	0	0	0	0	0	0	0
05.500,00.000	7.1	5.5	-200	0	4.5	10.7958	4.62452	6.17125	0	0	0	0	0	0	0	0	0	0	0	0	0	0	0	0	0	0
05.500,00.000	7.2	5.5	-200	0	4.5	11.0529	4.62477	6.4281	0	0	0	0	0	0	0	0	0	0	0	0	0	0	0	0	0	0
05.500,00.000	7.3	5.5	-200	0	4.5	11.3113	4.62637	6.68498	0	0	0	0	0	0	0	0	0	0	0	0	0	0	0	0	0	0
05.500,00.000	7.4	5.5	-200	0	4.5	11.5714	4.62976	6.94168	0	0	0	0	0	0	0	0	0	0	0	0	0	0	0	0	0	0
05.500,00.000	7.5	5.5	-200	0	4.5	11.8321	4.63434	7.19775	0	0	0	0	0	0	0	0	0	0	0	0	0	0	0	0	0	0
05.500,00.000	7.6	5.5	-200	0	4.5	12.0965	4.64249	7.45405	0	0	0	0	0	0	0	0	0	0	0	0	0	0	0	0	0	0
05.500,00.000	7.7	5.5	-200	0	4.5	12.3645	4.65419	7.71034	0	0	0	0	0	0	0	0	0	0	0	0	0	0	0	0	0	0
05.500,00.000	7.8	5.5	-200	0	4.5	12.6353	4.66887	7.96639	0	0	0	0	0	0	0	0	0	0	0	0	0	0	0	0	0	0
05.500,00.000	7.9	5.5	-200	0	4.5	12.9105	4.68815	8.22234	0	0	0	0	0	0	0	0	0	0	0	0	0	0	0	0	0	0
05.500,00.000	8	5.5	-200	0	4.5	13.1902	4.71207	8.47815	0	0	0	0	0	0	0	0	0	0	0	0	0	0	0	0	0	0
05.500,00.000	8.1	5.5	-200	0	4.5	13.4749	4.74087	8.73402	0	0	0	0	0	0	0	0	0	0	0	0	0	0	0	0	0	0
05.500,00.000	8.2	5.5	-200	0	4.5	13.7671	4.77738	8.98971	0	0	0	0	0	0	0	0	0	0	0	0	0	0	0	0	0	0
05.500,00.000	8.3	5.5	-200	0	4.5	14.0664	4.82115	9.24521	0	0	0	0	0	0	0	0	0	0	0	0	0	0	0	0	0	0
05.500,00.000	8.4	5.5	-200	0	4.5	14.3739	4.87289	9.501	0	0	0	0	0	0	0	0	0	0	0	0	0	0	0	0	0	0
05.500,00.000	8.5	5.5	-200	0	4.5	14.6873	4.93033	9.75692	0	0	0	0	0	0	0	0	0	0	0	0	0	0	0	0	0	0
05.500,00.000	8.6	5.5	-200	0	4.5	15.0101	4.99675	10.0134	0	0	0	0	0	0	0	0	0	0	0	0	0	0	0	0	0	0
05.500,00.000	8.7	5.5	-200	0	4.5	15.3409	5.07065	10.2703	0	0	0	0	0	0	0	0	0	0	0	0	0	0	0	0	0	0
05.500,00.000	8.8	5.5	-200	0	4.5	15.6818	5.15419	10.5276	0	0	0	0	0	0	0	0	0	0	0	0	0	0	0	0	0	0
05.500,00.000	8.9	5.5	-200	0	4.5	16.0335	5.24804	10.6895	0.0959909	0	0	0	0	0	0	0	0	0	0	0	0	0	0	0	0	0
05.500,00.000	9	5.5	-200	0	4.5	16.3973	5.35391	10.6892	0.354205	0	0	0	0	0	0	0	0	0	0	0	0	0	0	0	0	0
05.500,00.000	9.1	5.5	-200	0	4.5	16.7737	5.47141	10.6901	0.612155	0	0	0	0	0	0	0	0	0	0	0	0	0	0	0	0	0
05.500,00.000	9.2	5.5	-200	0	4.5	17.1626	5.59973	10.6926	0.870312	0	0	0	0	0	0	0	0	0	0	0	0	0	0	0	0	0
05.500,00.000	9.3	5.5	-200	0	4.5	17.5654	5.73847	10.6978	1.12908	0	0	0	0	0	0	0	0	0	0	0	0	0	0	0	0	0
05.500,00.000	9.4	5.5	-200	0	4.5	17.9814	5.88669	10.7057	1.38895	0	0	0	0	0	0	0	0	0	0	0	0	0	0	0	0	0
05.500,00.000	9.5	5.5	-200	0	4.5	18.4071	6.04105	10.7161	1.64991	0	0	0	0	0	0	0	0	0	0	0	0	0	0	0	0	0
05.500,00.000	9.6	5.5	-200	0	4.5	18.8435	6.2011	10.7306	1.91179	0	0	0	0	0	0	0	0	0	0	0	0	0	0	0	0	0
05.500,00.000	9.7	5.5	-200	0	4.5	19.2904	6.36639	10.7504	2.17363	0	0	0	0	0	0	0	0	0	0	0	0	0	0	0	0	0
05.500,00.000	9.8	5.5	-200	0	4.5	19.75	6.53756	10.7769	2.43553	0	0	0	0	0	0	0	0	0	0	0	0	0	0	0	0	0
05.500,00.000	9.9	5.5	-200	0	4.5	20.224	6.71722	10.8093	2.69748	0	0	0	0	0	0	0	0	0	0	0	0	0	0	0	0	0
05.500,00.000	10	5.5	-200	0	4.5	20.7158	6.90631	10.8505	2.95898	0	0	0	0	0	0	0	0	0	0	0	0	0	0	0	0	0
05.500,00.000	10.1	5.5	-200	0	4.5	21.2267	7.10449	10.9021	3.22014	0	0	0	0	0	0	0	0	0	0	0	0	0	0	0	0	0
05.500,00.000	10.2	5.5	-200	0	4.5	21.7562	7.31084	10.9639	3.48149	0	0	0	0	0	0	0	0	0	0	0	0	0	0	0	0	0
05.500,00.000	10.3	5.5	-200	0	4.5	22.3046	7.52548	11.0357	3.74345	0	0	0	0	0	0	0	0	0	0	0	0	0	0	0	0	0
05.500,00.000	10.4	5.5	-200	0	4.5	22.8706	7.7475	11.1172	4.00596	0	0	0	0	0	0	0	0	0	0	0	0	0	0	0	0	0
05.500,00.000	10.5	5.5	-200	0	4.5	23.4504	7.97309	11.2085	4.26876	0	0	0	0	0	0	0	0	0	0	0	0	0	0	0	0	0
05.500,00.000	10.6	5.5	-200	0	4.5	24.0452	8.20805	11.3051	4.53208	0	0	0	0	0	0	0	0	0	0	0	0	0	0	0	0	0
05.500,00.000	10.7	5.5	-200	0	4.5	24.6535	8.45043	11.4078	4.79534	0	0	0	0	0	0	0	0	0	0	0	0	0	0	0	0	0
05.500,00.000	10.8	5.5	-200	0	4.5	25.2774	8.69867	11.5205	5.05823	0	0	0	0	0	0	0	0	0	0	0	0	0	0	0	0	0
05.500,00.000	10.9	5.5	-200	0	4.5	25.9796	9.0161	11.6428	5.32064	0	0	0	0	0	0	0	0	0	0	0	0	0	0	0	0	0
05.500,00.000	11	5.5	-200	0	4.5	26.7337	9.37509	11.7761	5.58244	0	0	0	0	0	0	0	0	0	0	0	0	0	0	0	0	0
05.500,00.000	11.1	5.5	-200	0	4.5	27.5451	9.78223	11.919	5.84383	0	0	0	0	0	0	0	0	0	0	0	0	0	0	0	0	0
05.500,00.000	11.2	5.5	-200	0	4.5	28.3877	10.2091	12.0736	6.10496	0	0	0	0	0	0	0	0	0	0	0	0	0	0	0	0	0
05.500,00.000	11.3	5.5	-200	0	4.5	29.2598	10.653	12.2406	6.36612	0	0	0	0	0	0	0	0	0	0	0	0	0	0	0	0	0
05.500,00.000	11.4	5.5	-200	0	4.5	30.1499	11.1026	12.4196	6.62766	0	0	0	0	0	0	0	0	0	0	0	0	0	0	0	0	0
05.500,00.000	11.5	5.5	-200	0	4.5	31.047	11.5482	12.609	6.88973	0	0	0	0	0	0	0	0	0	0	0	0	0	0	0	0	0
05.500,00.000	11.6	5.5	-200	0	4.5	31.9585	11.9973	12.809	7.1523	0	0	0	0	0	0	0	0	0	0	0	0	0	0	0	0	0
05.500,00.000	11.7	5.5	-200	0	4.5	32.8858	12.4522	13.0186	7.41501	0	0	0	0	0	0	0	0	0	0	0	0	0	0	0	0	0
05.500,00.000	11.8	5.5	-200	0	4.5	33.8344	12.9167	13.24	7.67776	0	0	0	0	0	0	0	0	0	0	0	0	0	0	0	0	0
05.500,00.000	11.9	5.5	-200	0	4.5	34.8165	13.4015	13.4748	7.94028	0	0	0	0	0	0	0	0	0	0	0	0	0	0	0	0	0
05.500,00.000	12	5.5	-200	0	4.5	35.8526	13.9245	13.7256	8.20249	0	0	0	0	0	0	0	0	0	0	0	0	0	0	0	0	0
05.500,00.000	12.1	5.5	-200	0	4.5	36.9459	14.4857	13.9939	8.46629	0	0	0	0	0	0	0	0	0	0	0	0	0	0	0	0	0
05.500,00.000	12.2	5.5	-200	0	4.5	38.0618	15.0534	14.2774	8.73105	0	0	0	0	0	0	0	0	0	0	0	0	0	0	0	0	0
05.500,00.000	12.3	5.5	-200	0	4.5	39.1937	15.6256	14.5744	8.9937	0	0	0	0	0	0	0	0	0	0	0	0	0	0	0	0	0
05.500,00.000	12.4	5.5	-200	0	4.5	40.345	16.2038	14.8853	9.25583	0	0	0	0	0	0	0	0	0	0	0	0	0	0	0	0	0
05.500,00.000	12.5	5.5	-200	0	4.5	41.5371	16.8054	15.2122	9.51951	0	0	0	0	0	0	0	0	0	0	0	0	0	0	0	0	0
05.500,00.000	12.6	5.5	-200	0	4.5	42.7948	17.4409	15.5646	9.78927	0	0	0	0	0	0	0	0	0	0	0	0	0	0	0	0	0
05.500,00.000	12.7	5.5	-200	0	4.5	44.1379	18.0734	16.0071	10.0573	0	0	0	0	0	0	0	0	0	0	0	0	0	0	0	0	0
05.500,00.000	12.8	5.5	-200	0	4.5	45.4857	18.6879	16.4823	10.1656	0.149889	0	0	0	0	0	0	0	0	0	0	0	0	0	0	0	0
05.500,00.000	12.9	5.5	-200	0	4.5	46.8972	19.3371	16.9843	10.1662	0.409479	0	0	0	0	0	0	0	0	0	0	0	0	0	0	0	0
05.500,00.000	13	5.5	-200	0	4.5	48.3641	20.0183	17.5098	10.1663	0.6697	0	0	0	0	0	0	0	0	0	0	0	0	0	0	0	0
05.500,00.000	13.1	5.5	-200	0	4.5	49.8656	20.7122	18.0584	10.1663	0.928625	0	0	0	0	0	0	0	0	0	0	0	0	0	0	0	0
05.500,00.000	13.2	5.5	-200	0	4.5	51.4109	21.4504	18.6054	10.1687	1.18642	0	0	0	0	0	0	0	0	0	0	0	0	0	0	0	0
05.500,00.000	13.3	5.5	-200	0	4.5	53.0021	22.2097	19.1745	10.1743	1.44351	0	0	0	0	0	0	0	0	0	0	0	0	0	0	0	0
05.500,00.000	13.4	5.5	-200	0	4.5	54.6513	23.0006	19.7669	10.1835	1.70031	0	0	0	0	0	0	0	0	0	0	0	0	0	0	0	0
05.500,00.000	13.5	5.5	-200	0	4.5	56.3528	23.814	20.3831	10.1976	1.95805	0	0	0	0	0	0	0	0	0	0	0	0	0	0	0	0
05.500,00.000	13.6	5.5	-200	0	4.5	58.3439	24.7756	21.0991	10.2199	2.24928	0	0	0	0	0	0	0	0	0	0	0	0	0	0	0	0
05.500,00.000	13.7	5.5	-200	0	4.5	60.2975	25.7231	21.7998	10.2483	2.52631	0	0	0	0	0	0	0	0	0	0	0	0	0	0	0	0
05.500,00.000	13.8	5.5	-200	0	4.5	61.8653	26.4797	22.3648	10.2767	2.7441	0	0	0	0	0	0	0	0	0	0	0	0	0	0	0	0
05.500,00.000	13.9	5.5	-200	0	4.5	63.8883	27.4732	23.0844	10.3192	3.01146	0	0	0	0	0	0	0	0	0	0	0	0	0	0	0	0
05.500,00.000	14	5.5	-200	0	4.5	65.9296	28.4849	23.8045	10.3689	3.27142	0	0	0	0	0	0	0	0	0	0	0	0	0	0	0	0
05.500,00.000	14.1	5.5	-200	0	4.5	67.9654	29.4854	24.5297	10.4267	3.52362	0	0	0	0	0	0	0	0	0	0	0	0	0	0	0	0
05.500,00.000	14.2	5.5	-200	0	4.5	70.0396	30.4917	25.2795	10.4929	3.77563	0	0	0	0	0	0	0	0	0	0	0	0	0	0	0	0
05.500,00.000	14.3	5.5	-200	0	4.5	72.15	31.5036	26.0512	10.5682	4.02698	0	0	0	0	0	0	0	0	0	0	0	0	0	0	0	0
05.500,00.000	14.4	5.5	-200	0	4.5	74.2891	32.5141	26.8443	10.6531	4.27772	0	0	0	0	0	0	0	0	0	0	0	0	0	0	0	0
05.500,00.000	14.5	5.5	-200	0	4.5	76.4426	33.5106	27.6564	10.7466	4.52898	0	0	0	0	0	0	0	0	0	0	0	0	0	0	0	0
05.500,00.000	14.6	5.5	-200	0	4.5	79.231	34.7727	28.7264	10.8792	4.85261	0	0	0	0	0	0	0	0	0	0	0	0	0	0	0	0
05.500,00.000	14.7	5.5	-200	0	4.5	81.6433	35.8442	29.665	11.0033	5.13072	0	0	0	0	0	0	0	0	0	0	0	0	0	0	0	0
05.500,00.000	14.8	5.5	-200	0	4.5	83.2715	36.5646	30.3003	11.092	5.31458	0	0	0	0	0	0	0	0	0	0	0	0	0	0	0	0
05.500,00.000	14.9	5.5	-200	0	4.5	85.738	37.6369	31.274	11.2373	5.58979	0	0	0	0	0	0	0	0	0	0	0	0	0	0	0	0
05.500,00.000	15	5.5	-200	0	4.5	88.1089	38.6555	32.2165	11.3865	5.85045	0	0	0	0	0	0	0	0	0	0	0	0	0	0	0	0
05.500,00.000	15.1	5.5	-200	0	4.5	90.4147	39.6473	33.1311	11.5393	6.09704	0	0	0	0	0	0	0	0	0	0	0	0	0	0	0	0
05.500,00.000	15.2	5.5	-200	0	4.5	92.7451	40.6322	34.0659	11.7043	6.34273	0	0	0	0	0	0	0	0	0	0	0	0	0	0	0	0
05.500,00.000	15.3	5.5	-200	0	4.5	95.1031	41.6085	35.0235	11.883	6.58811	0	0	0	0	0	0	0	0	0	0	0	0	0	0	0	0
05.500,00.000	15.4	5.5	-200	0	4.5	97.493	42.5811	36.0039	12.0749	6.8331	0	0	0	0	0	0	0	0	0	0	0	0	0	0	0	0
05.500,00.000	15.5	5.5	-200	0	4.5	100.862	43.9274	37.3975	12.3618	7.17478	0	0	0	0	0	0	0	0	0	0	0	0	0	0	0	0
05.500,00.000	15.6	5.5	-200	0	4.5	104.329	45.2688	38.8683	12.672	7.51968	0	0	0	0	0	0	0	0	0	0	0	0	0	0	0	0
05.500,00.000	15.7	5.5	-200	0	4.5	107.123	46.3028	40.0908	12.9357	7.79373	0	0	0	0	0	0	0	0	0	0	0	0	0	0	0	0
05.500,00.000	15.8	5.5	-200	0	4.5	108.605	46.8348	40.7482	13.0839	7.93853	0	0	0	0	0	0	0	0	0	0	0	0	0	0	0	0
05.500,00.000	15.9	5.5	-200	0	4.5	110.869	47.6191	41.7677	13.3238	8.15801	0	0	0	0	0	0	0	0	0	0	0	0	0	0	0	0
05.500,00.000	16	5.5	-200	0	4.5	113.936	48.6517	43.1658	13.6648	8.45322	0	0	0	0	0	0	0	0	0	0	0	0	0	0	0	0
05.500,00.000	16.1	5.5	-200	0	4.5	116.588	49.4895	44.4195	13.9726	8.70659	0	0	0	0	0	0	0	0	0	0	0	0	0	0	0	0
05.500,00.000	16.2	5.5	-200	0	4.5	119.139	50.2865	45.6279	14.2791	8.9455	0	0	0	0	0	0	0	0	0	0	0	0	0	0	0	0
05.500,00.000	16.3	5.5	-200	0	4.5	121.702	51.0531	46.8636	14.6008	9.1841	0	0	0	0	0	0	0	0	0	0	0	0	0	0	0	0
05.500,00.000	16.4	5.5	-200	0	4.5	124.267	51.7662	48.1402	14.9387	9.42209	0	0	0	0	0	0	0	0	0	0	0	0	0	0	0	0
05.500,00.000	16.5	5.5	-200	0	4.5	129.859	53.2551	50.9489	15.7129	9.94208	0	0	0	0	0	0	0	0	0	0	0	0	0	0	0	0
05.500,00.000	16.6	5.5	-200	0	4.5	132.191	53.8374	52.1559	16.0426	10.0989	0.0563166	0	0	0	0	0	0	0	0	0	0	0	0	0	0	0
05.500,00.000	16.7	5.5	-200	0	4.5	133.515	54.153	52.8425	16.2429	10.134	0.142838	0	0	0	0	0	0	0	0	0	0	0	0	0	0	0
05.500,00.000	16.8	5.5	-200	0	4.5	134.847	54.4536	53.539	16.454	10.1343	0.265651	0	0	0	0	0	0	0	0	0	0	0	0	0	0	0
05.500,00.000	16.9	5.5	-200	0	4.5	135.262	54.5424	53.7588	16.5221	10.1162	0.32215	0	0	0	0	0	0	0	0	0	0	0	0	0	0	0
05.500,00.000	17	5.5	-200	0	4.5	139.078	55.3306	55.7701	17.186	10.1472	0.644213	0	0	0	0	0	0	0	0	0	0	0	0	0	0	0
05.500,00.000	17.1	5.5	-200	0	4.5	142.133	55.9349	57.3872	17.7371	10.1472	0.92674	0	0	0	0	0	0	0	0	0	0	0	0	0	0	0
05.500,00.000	17.2	5.5	-200	0	4.5	144.648	56.4125	58.7164	18.2121	10.1475	1.15915	0	0	0	0	0	0	0	0	0	0	0	0	0	0	0
05.500,00.000	17.3	5.5	-200	0	4.5	147.166	56.8699	60.0869	18.6674	10.1499	1.39145	0	0	0	0	0	0	0	0	0	0	0	0	0	0	0
05.500,00.000	17.4	5.5	-200	0	4.5	149.683	57.3058	61.4985	19.1019	10.1533	1.62357	0	0	0	0	0	0	0	0	0	0	0	0	0	0	0
05.500,00.000	17.5	5.5	-200	0	4.5	157.575	58.5793	65.8926	20.5817	10.172	2.34991	0	0	0	0	0	0	0	0	0	0	0	0	0	0	0
05.500,00.000	17.6	5.5	-200	0	4.5	159.131	58.8192	66.7756	20.8653	10.177	2.49444	0	0	0	0	0	0	0	0	0	0	0	0	0	0	0
05.500,00.000	17.7	5.5	-200	0	4.5	162.623	59.2979	68.7294	21.5822	10.1978	2.81575	0	0	0	0	0	0	0	0	0	0	0	0	0	0	0
05.500,00.000	17.8	5.5	-200	0	4.5	163.394	59.3978	69.1783	21.7287	10.2029	2.88651	0	0	0	0	0	0	0	0	0	0	0	0	0	0	0
05.500,00.000	17.9	5.5	-200	0	4.5	164.025	59.4697	69.5384	21.8626	10.2096	2.94441	0	0	0	0	0	0	0	0	0	0	0	0	0	0	0
05.500,00.000	18	5.5	-200	0	4.5	168.535	59.9606	72.081	22.8721	10.2639	3.35705	0	0	0	0	0	0	0	0	0	0	0	0	0	0	0
05.500,00.000	18.1	5.5	-200	0	4.5	171.729	60.2837	73.8911	23.5979	10.3091	3.64741	0	0	0	0	0	0	0	0	0	0	0	0	0	0	0
05.500,00.000	18.2	5.5	-200	0	4.5	174.221	60.5133	75.2965	24.1883	10.3508	3.87246	0	0	0	0	0	0	0	0	0	0	0	0	0	0	0
05.500,00.000	18.3	5.5	-200	0	4.5	176.694	60.7233	76.6775	24.7967	10.3991	4.097	0	0	0	0	0	0	0	0	0	0	0	0	0	0	0
05.500,00.000	18.4	5.5	-200	0	4.5	179.179	60.9144	78.0641	25.4243	10.4547	4.32149	0	0	0	0	0	0	0	0	0	0	0	0	0	0	0
05.500,00.000	18.5	5.5	-200	0	4.5	188.408	61.5342	83.2094	27.82	10.6924	5.15159	0	0	0	0	0	0	0	0	0	0	0	0	0	0	0
05.500,00.000	18.6	5.5	-200	0	4.5	190.238	61.6481	84.2251	28.3045	10.7434	5.31667	0	0	0	0	0	0	0	0	0	0	0	0	0	0	0
05.500,00.000	18.7	5.5	-200	0	4.5	196.277	61.953	87.5615	29.9581	10.9465	5.85835	0	0	0	0	0	0	0	0	0	0	0	0	0	0	0
05.500,00.000	18.8	5.5	-200	0	4.5	197.63	62.0181	88.285	30.3468	10.9962	5.98359	0	0	0	0	0	0	0	0	0	0	0	0	0	0	0
05.500,00.000	18.9	5.5	-200	0	4.5	200.363	62.1205	89.7814	31.1152	11.115	6.23036	0	0	0	0	0	0	0	0	0	0	0	0	0	0	0
05.500,00.000	19	5.5	-200	0	4.5	204.983	62.2726	92.3246	32.4088	11.3313	6.64616	0	0	0	0	0	0	0	0	0	0	0	0	0	0	0
05.500,00.000	19.1	5.5	-200	0	4.5	207.978	62.3558	93.9592	33.2648	11.4836	6.91448	0	0	0	0	0	0	0	0	0	0	0	0	0	0	0
05.500,00.000	19.2	5.5	-200	0	4.5	210.472	62.4111	95.2908	34.0105	11.6229	7.13622	0	0	0	0	0	0	0	0	0	0	0	0	0	0	0
05.500,00.000	19.3	5.5	-200	0	4.5	212.958	62.4552	96.6028	34.7705	11.7731	7.35644	0	0	0	0	0	0	0	0	0	0	0	0	0	0	0
05.500,00.000	19.4	5.5	-200	0	4.5	215.447	62.4895	97.9066	35.5401	11.9345	7.57596	0	0	0	0	0	0	0	0	0	0	0	0	0	0	0
05.500,00.000	19.5	5.5	-200	0	4.5	217.942	62.5146	99.192	36.331	12.1083	7.79606	0	0	0	0	0	0	0	0	0	0	0	0	0	0	0
05.500,00.000	19.6	5.5	-200	0	4.5	222.355	62.545	101.375	37.8118	12.4355	8.18756	0	0	0	0	0	0	0	0	0	0	0	0	0	0	0
05.500,00.000	19.7	5.5	-200	0	4.5	223.345	62.5502	101.819	38.1873	12.5125	8.27553	0	0	0	0	0	0	0	0	0	0	0	0	0	0	0
05.500,00.000	19.8	5.5	-200	0	4.5	229.61	62.5695	104.67	40.4935	13.0434	8.83365	0	0	0	0	0	0	0	0	0	0	0	0	0	0	0
05.500,00.000	19.9	5.5	-200	0	4.5	231.202	62.5734	105.358	41.1117	13.1829	8.97584	0	0	0	0	0	0	0	0	0	0	0	0	0	0	0
05.500,00.000	20	5.5	-200	0	4.5	234.472	62.5765	106.759	42.3723	13.4963	9.26808	0	0	0	0	0	0	0	0	0	0	0	0	0	0	0
05.500,00.000	20.1	5.5	-200	0	4.5	237.549	62.5777	108.034	43.5899	13.8038	9.51491	0.0287701	0	0	0	0	0	0	0	0	0	0	0	0	0	0
05.500,00.000	20.2	5.5	-200	0	4.5	240.067	62.5779	109.063	44.5938	14.0656	9.52884	0.237633	0	0	0	0	0	0	0	0	0	0	0	0	0	0
05.500,00.000	20.3	5.5	-200	0	4.5	242.593	62.6305	110.06	45.5872	14.3323	9.52884	0.454104	0	0	0	0	0	0	0	0	0	0	0	0	0	0
05.500,00.000	20.4	5.5	-200	0	4.5	245.131	62.6844	111.025	46.607	14.614	9.52884	0.67206	0	0	0	0	0	0	0	0	0	0	0	0	0	0
05.500,00.000	20.5	5.5	-200	0	4.5	247.668	62.7382	111.953	47.6473	14.9098	9.52884	0.890638	0	0	0	0	0	0	0	0	0	0	0	0	0	0
05.500,00.000	20.6	5.5	-200	0	4.5	250.17	62.791	112.834	48.6926	15.2164	9.52884	1.10786	0	0	0	0	0	0	0	0	0	0	0	0	0	0
05.500,00.000	20.7	5.5	-200	0	4.5	252.622	62.8434	113.664	49.7305	15.5341	9.52884	1.32152	0	0	0	0	0	0	0	0	0	0	0	0	0	0
05.500,00.000	20.8	5.5	-200	0	4.5	263.807	63.0735	117.385	54.3727	17.0814	9.53076	2.36383	0	0	0	0	0	0	0	0	0	0	0	0	0	0
05.500,00.000	20.9	5.5	-200	0	4.5	265.824	63.1261	118.079	55.1224	17.3852	9.5335	2.57783	0	0	0	0	0	0	0	0	0	0	0	0	0	0
05.500,00.000	21	5.5	-200	0	4.5	266.024	63.1312	118.142	55.2043	17.4159	9.53431	2.59714	0	0	0	0	0	0	0	0	0	0	0	0	0	0
05.500,00.000	21.1	5.5	-200	0	4.5	271.288	63.3233	119.669	57.3825	18.2431	9.56461	3.10603	0	0	0	0	0	0	0	0	0	0	0	0	0	0
05.500,00.000	21.2	5.5	-200	0	4.5	274.446	63.4887	120.515	58.6969	18.7362	9.58779	3.42172	0	0	0	0	0	0	0	0	0	0	0	0	0	0
05.500,00.000	21.3	5.5	-200	0	4.5	276.649	63.6034	121.08	59.6302	19.089	9.61065	3.63487	0	0	0	0	0	0	0	0	0	0	0	0	0	0
05.500,00.000	21.4	5.5	-200	0	4.5	279.834	63.7703	121.864	60.9961	19.6122	9.65074	3.9411	0	0	0	0	0	0	0	0	0	0	0	0	0	0
05.500,00.000	21.5	5.5	-200	0	4.5	280.733	63.8209	122.079	61.3791	19.7578	9.66455	4.03166	0	0	0	0	0	0	0	0	0	0	0	0	0	0
05.500,00.000	21.6	5.5	-200	0	4.5	288.989	64.2994	124.017	64.8756	21.1653	9.81502	4.81671	0	0	0	0	0	0	0	0	0	0	0	0	0	0
05.500,00.000	21.7	5.5	-200	0	4.5	295.065	64.6822	125.46	67.4481	22.1224	9.94706	5.40579	0	0	0	0	0	0	0	0	0	0	0	0	0	0
05.500,00.000	21.8	5.5	-200	0	4.5	296.711	64.7933	125.839	68.1422	22.3849	9.98931	5.56252	0	0	0	0	0	0	0	0	0	0	0	0	0	0
05.500,00.000	21.9	5.5	-200	0	4.5	296.814	64.8004	125.862	68.1858	22.4017	9.99246	5.57233	0	0	0	0	0	0	0	0	0	0	0	0	0	0
05.500,00.000	22	5.5	-200	0	4.5	306.158	65.4605	127.897	72.0638	23.955	10.3166	6.46509	0	0	0	0	0	0	0	0	0	0	0	0	0	0
05.500,00.000	22.1	5.5	-200	0	4.5	310.673	65.8214	128.878	73.8895	24.6836	10.4917	6.90902	0	0	0	0	0	0	0	0	0	0	0	0	0	0
05.500,00.000	22.2	5.5	-200	0	4.5	312.891	65.9926	129.343	74.7671	25.0826	10.5881	7.11738	0	0	0	0	0	0	0	0	0	0	0	0	0	0
05.500,00.000	22.3	5.5	-200	0	4.5	315.136	66.1719	129.817	75.6404	25.4845	10.6949	7.32692	0	0	0	0	0	0	0	0	0	0	0	0	0	0
05.500,00.000	22.4	5.5	-200	0	4.5	321.252	66.9656	130.983	77.9768	26.4916	10.988	7.84712	0	0	0	0	0	0	0	0	0	0	0	0	0	0
05.500,00.000	22.5	5.5	-200	0	4.5	322.709	67.2281	131.241	78.5856	26.6363	11.0562	7.96174	0	0	0	0	0	0	0	0	0	0	0	0	0	0
05.500,00.000	22.6	5.5	-200	0	4.5	336.741	69.5186	133.52	84.1302	28.7315	11.7839	9.05693	0	0	0	0	0	0	0	0	0	0	0	0	0	0
05.500,00.000	22.7	5.5	-200	0	4.5	344.619	71.0244	134.849	87.0685	29.8078	12.2107	9.65879	0	0	0	0	0	0	0	0	0	0	0	0	0	0
05.500,00.000	22.8	5.5	-200	0	4.5	347.595	71.8099	135.276	88.057	30.2172	12.3743	9.86057	0	0	0	0	0	0	0	0	0	0	0	0	0	0
05.500,00.000	22.9	5.5	-200	0	4.5	347.676	71.8288	135.289	88.0842	30.2285	12.3795	9.86628	0	0	0	0	0	0	0	0	0	0	0	0	0	0
05.500,00.000	23	5.5	-200	0	4.5	359.189	75.1903	136.703	91.7998	31.6385	13.1822	10.1156	0.559332	0	0	0	0	0	0	0	0	0	0	0	0	0
05.500,00.000	23.1	5.5	-200	0	4.5	366.581	77.4539	137.553	93.8422	32.7885	13.7375	10.1157	1.09005	0	0	0	0	0	0	0	0	0	0	0	0	0
05.500,00.000	23.2	5.5	-200	0	4.5	369.87	78.4161	137.93	94.5353	33.5474	14.0012	10.1164	1.32339	0	0	0	0	0	0	0	0	0	0	0	0	0
05.500,00.000	23.3	5.5	-200	0	4.5	372.76	79.2311	138.281	95.1345	34.2317	14.2363	10.1174	1.52831	0	0	0	0	0	0	0	0	0	0	0	0	0
05.500,00.000	23.4	5.5	-200	0	4.5	382.878	81.3001	140.27	97.1668	36.6817	15.0825	10.1266	2.25032	0	0	0	0	0	0	0	0	0	0	0	0	0
05.500,00.000	23.5	5.5	-200	0	4.5	385.308	81.6164	141.006	97.5983	37.2548	15.2679	10.1299	2.43467	0	0	0	0	0	0	0	0	0	0	0	0	0
05.500,00.000	23.6	5.5	-200	0	4.5	399.865	83.1894	145.042	100.462	40.8372	16.6404	10.1678	3.52608	0	0	0	0	0	0	0	0	0	0	0	0	0
05.500,00.000	23.7	5.5	-200	0	4.5	408.603	84.0657	147.476	102.102	43.1162	17.4257	10.201	4.21681	0	0	0	0	0	0	0	0	0	0	0	0	0
05.500,00.000	23.8	5.5	-200	0	4.5	414.715	84.7047	149.117	103.212	44.715	18.0422	10.2384	4.68512	0	0	0	0	0	0	0	0	0	0	0	0	0
05.500,00.000	23.9	5.5	-200	0	4.5	415.118	84.7583	149.239	103.254	44.8336	18.0742	10.2414	4.71783	0	0	0	0	0	0	0	0	0	0	0	0	0
05.500,00.000	24	5.5	-200	0	4.5	432.849	86.7781	154.068	106.108	49.5668	19.8375	10.4256	6.0658	0	0	0	0	0	0	0	0	0	0	0	0	0
05.500,00.000	24.1	5.5	-200	0	4.5	440.159	87.6944	156.091	107.22	51.5377	20.4469	10.5191	6.6499	0	0	0	0	0	0	0	0	0	0	0	0	0
05.500,00.000	24.2	5.5	-200	0	4.5	442.759	87.9856	156.794	107.656	52.2197	20.6895	10.5637	6.84943	0	0	0	0	0	0	0	0	0	0	0	0	0
05.500,00.000	24.3	5.5	-200	0	4.5	445.405	88.283	157.497	108.108	52.9103	20.9389	10.6171	7.0506	0	0	0	0	0	0	0	0	0	0	0	0	0
05.500,00.000	24.4	5.5	-200	0	4.5	463.986	90.5017	161.368	111.617	57.1698	23.7181	11.0825	8.52867	0	0	0	0	0	0	0	0	0	0	0	0	0
05.500,00.000	24.5	5.5	-200	0	4.5	469.619	91.39	162.546	112.658	58.0465	24.7762	11.2325	8.96989	0	0	0	0	0	0	0	0	0	0	0	0	0
05.500,00.000	24.6	5.5	-200	0	4.5	478.158	92.2961	164.314	114.351	59.4672	26.5534	11.5176	9.65539	0.00337541	0	0	0	0	0	0	0	0	0	0	0	0
05.500,00.000	24.7	5.5	-200	0	4.5	481.314	92.79	164.615	115.292	59.942	27.154	11.627	9.57988	0.313766	0	0	0	0	0	0	0	0	0	0	0	0
05.500,00.000	24.8	5.5	-200	0	4.5	481.592	92.8284	164.648	115.369	59.9847	27.2095	11.6382	9.58229	0.331705	0	0	0	0	0	0	0	0	0	0	0	0
05.500,00.000	24.9	5.5	-200	0	4.5	491.117	94.1286	165.729	118.041	61.4441	29.1128	12.0558	9.64481	0.960846	0	0	0	0	0	0	0	0	0	0	0	0
05.500,00.000	25	5.5	-200	0	4.5	493.672	94.5228	166.006	118.779	61.8084	29.5998	12.1716	9.64481	1.14065	0	0	0	0	0	0	0	0	0	0	0	0
05.500,00.000	25.1	5.5	-200	0	4.5	499.065	95.364	166.557	120.334	62.5674	30.6454	12.4442	9.64481	1.50754	0	0	0	0	0	0	0	0	0	0	0	0
05.500,00.000	25.2	5.5	-200	0	4.5	501.478	95.753	166.803	121.042	62.8792	31.1113	12.5723	9.64487	1.67201	0	0	0	0	0	0	0	0	0	0	0	0
05.500,00.000	25.3	5.5	-200	0	4.5	501.857	95.8185	166.84	121.15	62.929	31.1841	12.5934	9.64499	1.69702	0	0	0	0	0	0	0	0	0	0	0	0
05.500,00.000	25.4	5.5	-200	0	4.5	501.907	95.8274	166.845	121.164	62.9349	31.1934	12.5963	9.64501	1.70028	0	0	0	0	0	0	0	0	0	0	0	0
05.500,00.000	25.5	5.5	-200	0	4.5	502.513	95.9373	166.899	121.336	63.0111	31.3104	12.6344	9.64547	1.7395	0	0	0	0	0	0	0	0	0	0	0	0
05.500,00.000	25.6	5.5	-200	0	4.5	502.934	96.0115	166.932	121.461	63.063	31.392	12.6614	9.64581	1.76733	0	0	0	0	0	0	0	0	0	0	0	0
05.500,00.000	25.7	5.5	-200	0	4.5	521.715	98.8853	168.541	127.255	65.9489	34.138	14.0815	9.67522	3.1902	0	0	0	0	0	0	0	0	0	0	0	0
05.500,00.000	25.8	5.5	-200	0	4.5	548.793	105.992	170.79	134.725	69.2485	37.255	16.0351	9.77182	4.97551	0	0	0	0	0	0	0	0	0	0	0	0
05.500,00.000	25.9	5.5	-200	0	4.5	552.138	106.705	171.101	135.715	69.6437	37.6627	16.3033	9.7913	5.21545	0	0	0	0	0	0	0	0	0	0	0	0
05.500,00.000	26	5.5	-200	0	4.5	552.351	106.753	171.123	135.773	69.6708	37.6891	16.32	9.79348	5.22934	0	0	0	0	0	0	0	0	0	0	0	0
05.500,00.000	26.1	5.5	-200	0	4.5	561.704	108.867	172.114	138.277	70.8427	38.8018	17.059	9.91565	5.82606	0	0	0	0	0	0	0	0	0	0	0	0
05.500,00.000	26.2	5.5	-200	0	4.5	566.939	110.079	172.682	139.721	71.4873	39.3287	17.4847	9.99488	6.16161	0	0	0	0	0	0	0	0	0	0	0	0
05.500,00.000	26.3	5.5	-200	0	4.5	570.168	110.835	173.053	140.567	71.8824	39.6748	17.7448	10.0535	6.35827	0	0	0	0	0	0	0	0	0	0	0	0
05.500,00.000	26.4	5.5	-200	0	4.5	590.098	114.95	176.424	145.782	74.3563	41.6173	19.4119	10.4857	7.07018	0	0	0	0	0	0	0	0	0	0	0	0
05.500,00.000	26.5	5.5	-200	0	4.5	598.483	116.379	178.464	147.555	75.8386	42.3251	20.1565	10.6944	7.07018	0	0	0	0	0	0	0	0	0	0	0	0
05.500,00.000	26.6	5.5	-200	0	4.5	601.542	116.907	179.269	148.169	76.2611	42.6342	20.4424	10.7892	7.07018	0	0	0	0	0	0	0	0	0	0	0	0
05.500,00.000	26.7	5.5	-200	0	4.5	604.547	117.427	180.065	148.761	76.6703	42.9376	20.7247	10.8914	7.07018	0	0	0	0	0	0	0	0	0	0	0	0
05.500,00.000	26.8	5.5	-200	0	4.5	616.138	119.412	183.164	151.001	78.2425	44.1178	21.8132	11.3168	7.07018	0	0	0	0	0	0	0	0	0	0	0	0
05.500,00.000	26.9	5.5	-200	0	4.5	619.45	120.006	184.087	151.609	78.6724	44.4413	22.1218	11.4418	7.07018	0	0	0	0	0	0	0	0	0	0	0	0
05.500,00.000	27	5.5	-200	0	4.5	619.676	120.047	184.149	151.65	78.7017	44.4641	22.143	11.4511	7.07018	0	0	0	0	0	0	0	0	0	0	0	0
05.500,00.000	27.1	5.5	-200	0	4.5	629.439	121.844	186.818	153.39	79.9413	45.4504	23.0538	11.8721	7.07018	0	0	0	0	0	0	0	0	0	0	0	0
05.500,00.000	27.2	5.5	-200	0	4.5	632.595	122.45	187.696	153.929	80.3325	45.7519	23.3518	12.0128	7.07018	0	0	0	0	0	0	0	0	0	0	0	0
05.500,00.000	27.3	5.5	-200	0	4.5	632.949	122.517	187.793	153.992	80.3762	45.7868	23.3851	12.0296	7.07018	0	0	0	0	0	0	0	0	0	0	0	0
05.500,00.000	27.4	5.5	-200	0	4.5	633.027	122.531	187.814	154.005	80.3856	45.7943	23.3925	12.0335	7.07018	0	0	0	0	0	0	0	0	0	0	0	0
05.500,00.000	27.5	5.5	-200	0	4.5	655.404	126.698	193.825	157.905	83.1805	48.0338	25.5059	13.1851	7.07044	0	0	0	0	0	0	0	0	0	0	0	0
05.500,00.000	27.6	5.5	-200	0	4.5	662.403	127.797	195.897	159.083	84.1541	48.672	26.1692	13.5589	7.07166	0	0	0	0	0	0	0	0	0	0	0	0
05.500,00.000	27.7	5.5	-200	0	4.5	675.139	130.143	199.078	161.357	85.8116	49.9634	27.4038	14.2951	7.08745	0	0	0	0	0	0	0	0	0	0	0	0
05.500,00.000	27.8	5.5	-200	0	4.5	690.92	133.188	202.88	164.152	87.8716	51.5317	28.9421	15.2387	7.11587	0	0	0	0	0	0	0	0	0	0	0	0
05.500,00.000	27.9	5.5	-200	0	4.5	694.788	133.957	203.837	164.822	88.3652	51.8957	29.3139	15.472	7.12548	0	0	0	0	0	0	0	0	0	0	0	0
05.500,00.000	28	5.5	-200	0	4.5	695.05	134.011	203.899	164.866	88.3996	51.9206	29.339	15.4878	7.12648	0	0	0	0	0	0	0	0	0	0	0	0
05.500,00.000	28.1	5.5	-200	0	4.5	695.706	134.149	204.055	164.975	88.4872	51.9801	29.4021	15.5285	7.1297	0	0	0	0	0	0	0	0	0	0	0	0
05.500,00.000	28.2	5.5	-200	0	4.5	696.337	134.28	204.205	165.08	88.5719	52.0352	29.4637	15.5685	7.13314	0	0	0	0	0	0	0	0	0	0	0	0
05.500,00.000	28.3	5.5	-200	0	4.5	696.666	134.349	204.282	165.134	88.6151	52.0656	29.4961	15.5895	7.13526	0	0	0	0	0	0	0	0	0	0	0	0
05.500,00.000	28.4	5.5	-200	0	4.5	696.718	134.359	204.295	165.142	88.622	52.0701	29.5013	15.593	7.13563	0	0	0	0	0	0	0	0	0	0	0	0
05.500,00.000	28.5	5.5	-200	0	4.5	722.838	139.596	210.408	169.36	91.9951	54.6634	32.1181	17.3426	7.35473	0	0	0	0	0	0	0	0	0	0	0	0
05.500,00.000	28.6	5.5	-200	0	4.5	735.252	142.069	213.203	171.504	93.6306	55.8617	33.3168	18.1949	7.47199	0	0	0	0	0	0	0	0	0	0	0	0
05.500,00.000	28.7	5.5	-200	0	4.5	747.484	144.935	215.911	173.47	95.1968	56.8657	34.4901	19.0099	7.60593	0	0	0	0	0	0	0	0	0	0	0	0
05.500,00.000	28.8	5.5	-200	0	4.5	755.268	146.785	217.686	174.698	96.1791	57.461	35.2305	19.5305	7.69877	0	0	0	0	0	0	0	0	0	0	0	0
05.500,00.000	28.9	5.5	-200	0	4.5	756.015	146.977	217.862	174.81	96.267	57.5127	35.2983	19.5795	7.70807	0	0	0	0	0	0	0	0	0	0	0	0
05.500,00.000	29	5.5	-200	0	4.5	760.535	148.149	218.924	175.455	96.7845	57.8649	35.7107	19.8758	7.77024	0	0	0	0	0	0	0	0	0	0	0	0
05.500,00.000	29.1	5.5	-200	0	4.5	770.494	150.727	221.276	176.851	97.9159	58.6523	36.6217	20.5344	7.91517	0	0	0	0	0	0	0	0	0	0	0	0
05.500,00.000	29.2	5.5	-200	0	4.5	777.421	152.53	222.914	177.808	98.6965	59.1953	37.2568	20.9976	8.02238	0	0	0	0	0	0	0	0	0	0	0	0
05.500,00.000	29.3	5.5	-200	0	4.5	783.242	154.056	224.243	178.603	99.3532	59.673	37.799	21.3939	8.11995	0	0	0	0	0	0	0	0	0	0	0	0
05.500,00.000	29.4	5.5	-200	0	4.5	803.485	159.413	229.036	181.279	101.561	61.2907	39.6622	22.7652	8.4768	0	0	0	0	0	0	0	0	0	0	0	0
05.500,00.000	29.5	5.5	-200	0	4.5	814.334	162.354	231.561	182.711	102.733	62.1319	40.6589	23.5083	8.67752	0	0	0	0	0	0	0	0	0	0	0	0
05.500,00.000	29.6	5.5	-200	0	4.5	820.81	164.053	233.093	183.541	103.457	62.6567	41.255	23.9493	8.80453	0	0	0	0	0	0	0	0	0	0	0	0
05.500,00.000	29.7	5.5	-200	0	4.5	826.984	165.761	234.574	184.253	104.122	63.146	41.8223	24.3747	8.93119	0	0	0	0	0	0	0	0	0	0	0	0
05.500,00.000	29.8	5.5	-200	0	4.5	848.584	171.634	239.855	186.726	106.46	64.7967	43.8345	25.8833	9.3953	0	0	0	0	0	0	0	0	0	0	0	0
05.500,00.000	29.9	5.5	-200	0	4.5	853.052	172.905	240.993	187.192	106.922	65.1015	44.2468	26.1986	9.49352	0	0	0	0	0	0	0	0	0	0	0	0
05.500,00.000	30	5.5	-200	0	4.5	853.519	173.038	241.105	187.243	106.971	65.1367	44.2898	26.2315	9.50414	0	0	0	0	0	0	0	0	0	0	0	0
05.500,00.000	30.1	5.5	-200	0	4.5	866.06	176.653	244.098	188.582	108.275	66.094	45.4396	27.1219	9.79714	0	0	0	0	0	0	0	0	0	0	0	0
05.500,00.000	30.2	5.5	-200	0	4.5	875.732	179.412	246.554	189.63	109.227	66.8038	46.2945	27.7905	10.02	0	0	0	0	0	0	0	0	0	0	0	0
05.500,00.000	30.3	5.5	-200	0	4.5	883.24	181.575	248.362	190.446	109.969	67.4031	46.9653	28.3199	10.1993	0	0	0	0	0	0	0	0	0	0	0	0
05.500,00.000	30.4	5.5	-200	0	4.5	912.128	189.533	255.883	193.447	112.725	69.7133	49.5282	30.3656	10.9322	0	0	0	0	0	0	0	0	0	0	0	0
05.500,00.000	30.5	5.5	-200	0	4.5	926.852	193.255	260.212	194.762	114.066	70.894	50.8513	31.4298	11.38	0	0	0	0	0	0	0	0	0	0	0	0
05.500,00.000	30.6	5.5	-200	0	4.5	946.95	198.101	265.992	196.706	115.982	72.5799	52.6932	32.9193	11.9764	0	0	0	0	0	0	0	0	0	0	0	0
05.500,00.000	30.7	5.5	-200	0	4.5	956.257	200.066	268.948	197.587	116.849	73.3752	53.549	33.6197	12.2621	0	0	0	0	0	0	0	0	0	0	0	0
05.500,00.000	30.8	5.5	-200	0	4.5	957.903	200.431	269.449	197.753	117.002	73.5159	53.6971	33.744	12.3119	0	0	0	0	0	0	0	0	0	0	0	0
05.500,00.000	30.9	5.5	-200	0	4.5	958.402	200.542	269.603	197.803	117.046	73.5585	53.741	33.7817	12.3273	0	0	0	0	0	0	0	0	0	0	0	0
05.500,00.000	31	5.5	-200	0	4.5	976.149	204.51	275.006	199.632	118.609	75.0612	55.2944	35.1465	12.889	0	0	0	0	0	0	0	0	0	0	0	0
05.500,00.000	31.1	5.5	-200	0	4.5	988.018	207.226	278.576	200.873	119.617	76.059	56.325	36.0681	13.2736	0	0	0	0	0	0	0	0	0	0	0	0
05.500,00.000	31.2	5.5	-200	0	4.5	996.448	209.131	281.117	201.774	120.331	76.7722	57.0355	36.7358	13.5509	0	0	0	0	0	0	0	0	0	0	0	0
05.500,00.000	31.3	5.5	-200	0	4.5	1005.02	211.047	283.682	202.699	121.048	77.4943	57.79	37.4227	13.8375	0	0	0	0	0	0	0	0	0	0	0	0
05.500,00.000	31.4	5.5	-200	0	4.5	1013.62	212.967	286.225	203.628	121.766	78.2149	58.5422	38.1225	14.1575	0	0	0	0	0	0	0	0	0	0	0	0
05.500,00.000	31.5	5.5	-200	0	4.5	1022.26	214.866	288.75	204.578	122.485	78.9397	59.2899	38.8379	14.5119	0	0	0	0	0	0	0	0	0	0	0	0
05.500,00.000	31.6	5.5	-200	0	4.5	1039.66	218.346	293.81	206.58	123.99	80.4378	60.8554	40.3538	15.2887	0	0	0	0	0	0	0	0	0	0	0	0
05.500,00.000	31.7	5.5	-200	0	4.5	1044.19	219.205	295.107	207.108	124.378	80.8324	61.2794	40.769	15.509	0	0	0	0	0	0	0	0	0	0	0	0
05.500,00.000	31.8	5.5	-200	0	4.5	1089.54	229.365	307.807	212.178	127.985	84.6388	65.0469	44.8475	17.6718	0	0	0	0	0	0	0	0	0	0	0	0
05.500,00.000	31.9	5.5	-200	0	4.5	1098.06	231.168	310.238	213.139	128.595	85.3483	65.7861	45.6394	18.1478	0	0	0	0	0	0	0	0	0	0	0	0
05.500,00.000	32	5.5	-200	0	4.5	1132.32	238.738	320.007	217.128	131.109	88.1343	68.4636	48.761	19.9768	0	0	0	0	0	0	0	0	0	0	0	0
05.500,00.000	32.1	5.5	-200	0	4.5	1150	242.508	324.901	219.539	132.375	89.4971	69.8284	50.4042	20.9431	0	0	0	0	0	0	0	0	0	0	0	0
05.500,00.000	32.2	5.5	-200	0	4.5	1158.77	244.356	327.103	221.011	133.002	90.1847	70.4706	51.2229	21.4151	0	0	0	0	0	0	0	0	0	0	0	0
05.500,00.000	32.3	5.5	-200	0	4.5	1167.11	246.172	329.217	222.408	133.591	90.8199	71.06	51.9733	21.8729	0	0	0	0	0	0	0	0	0	0	0	0
05.500,00.000	32.4	5.5	-200	0	4.5	1175.87	248.076	331.441	223.878	134.202	91.4869	71.6528	52.7667	22.3629	0	0	0	0	0	0	0	0	0	0	0	0
05.500,00.000	32.5	5.5	-200	0	4.5	1184.64	249.964	333.664	225.369	134.811	92.1617	72.2278	53.5729	22.8667	0	0	0	0	0	0	0	0	0	0	0	0
05.500,00.000	32.6	5.5	-200	0	4.5	1201.84	253.203	338.053	228.451	136.061	93.5479	73.3295	55.2666	23.9286	0	0	0	0	0	0	0	0	0	0	0	0
05.500,00.000	32.7	5.5	-200	0	4.5	1238.2	259.857	347.029	235.039	138.773	96.5188	75.5089	58.9613	26.3575	0	0	0.157367	0	0	0	0	0	0	0	0	0
05.500,00.000	32.8	5.5	-200	0	4.5	1244.26	261.025	348.57	236.093	139.21	96.9769	75.8415	59.5405	26.759	0	0	0.241778	0	0	0	0	0	0	0	0	0
05.500,00.000	32.9	5.5	-200	0	4.5	1244.45	261.064	348.619	236.128	139.224	96.9923	75.8515	59.5597	26.7723	0	0	0.244319	0	0	0	0	0	0	0	0	0
05.500,00.000	33	5.5	-200	0	4.5	1278.49	268.243	356.921	242.371	141.395	99.5602	77.5126	62.8438	28.9677	0	0	0.675685	0	0	0	0	0	0	0	0	0
05.500,00.000	33.1	5.5	-200	0	4.5	1294.74	271.703	360.451	245.789	142.513	100.708	78.3414	64.4615	29.8913	0	0	0.881832	0	0	0	0	0	0	0	0	0
05.500,00.000	33.2	5.5	-200	0	4.5	1301.89	273.219	362.011	247.295	142.997	101.233	78.6837	65.1537	30.3317	0	0	0.969406	0	0	0	0	0	0	0	0	0
05.500,00.000	33.3	5.5	-200	0	4.5	1310.32	275.049	363.837	249.06	143.556	101.853	79.067	65.9763	30.8557	0	0	1.07011	0	0	0	0	0	0	0	0	0
05.500,00.000	33.4	5.5	-200	0	4.5	1318.68	276.887	365.646	250.804	144.094	102.469	79.456	66.7728	31.3852	0	0	1.16789	0	0	0	0	0	0	0	0	0
05.500,00.000	33.5	5.5	-200	0	4.5	1326.98	278.721	367.428	252.543	144.621	103.081	79.8309	67.5552	31.9321	0	0	1.26392	0	0	0	0	0	0	0	0	0
05.500,00.000	33.6	5.5	-200	0	4.5	1335.68	280.249	369.26	254.496	145.255	103.801	80.2693	68.4158	32.5636	0	0	1.37116	0	0	0	0	0	0	0	0	0
05.500,00.000	33.7	5.5	-200	0	4.5	1347.75	282.681	371.491	257.231	146.179	104.723	80.9164	69.5423	33.471	0	0	1.51874	0	0	0	0	0	0	0	0	0
05.500,00.000	33.8	5.5	-200	0	4.5	1408.8	294.676	383.88	271.019	150.55	109.063	84.1332	75.2931	37.9454	6.23945e-14	0	2.23847	0	0	0	0	0	0	0	0	0
05.500,00.000	33.9	5.5	-200	0	4.5	1420.05	296.947	386.172	273.336	151.557	109.822	84.73	76.4053	38.6748	0.0302654	0	2.37303	0	0	0	0	0	0	0	0	0
05.500,00.000	34	5.5	-200	0	4.5	1421.45	297.218	386.497	273.594	151.691	109.915	84.799	76.5393	38.7689	0.0341387	0	2.38871	0	0	0	0	0	0	0	0	0
05.500,00.000	34.1	5.5	-200	0	4.5	1448.08	302.837	392.154	278.582	154.166	111.685	86.1494	78.9676	40.7457	0.109181	0	2.68226	0	0	0	0	0	0	0	0	0
05.500,00.000	34.2	5.5	-200	0	4.5	1459.83	305.448	394.717	280.768	155.001	112.489	86.7659	80.0362	41.639	0.144692	0	2.81694	0	0	0	0	0	0	0	0	0
05.500,00.000	34.3	5.5	-200	0	4.5	1467.64	307.123	396.455	282.256	155.58	113.015	87.1571	80.7363	42.2458	0.168602	0	2.90199	0	0	0	0	0	0	0	0	0
05.500,00.000	34.4	5.5	-200	0	4.5	1474.53	308.645	397.998	283.543	156.088	113.472	87.4917	81.3426	42.7829	0.190195	0	2.97545	0	0	0	0	0	0	0	0	0
05.500,00.000	34.5	5.5	-200	0	4.5	1481.84	310.28	399.639	284.921	156.62	113.948	87.8373	81.9728	43.3577	0.21361	0	3.05108	0	0	0	0	0	0	0	0	0
05.500,00.000	34.6	5.5	-200	0	4.5	1522.61	317.26	407.99	293.351	159.985	116.932	90.0363	86.0572	47.1007	0.368753	0	3.53162	0	0	0	0	0	0	0	0	0
05.500,00.000	34.7	5.5	-200	0	4.5	1535.1	319.684	410.71	295.666	161.006	117.799	90.6742	87.2771	48.1982	0.415715	0	3.59335	0.0795547	0	0	0	0	0	0	0	0
05.500,00.000	34.8	5.5	-200	0	4.5	1535.04	319.683	410.714	295.612	161.013	117.795	90.6715	87.2737	48.1915	0.415715	0	3.58388	0.0890315	0	0	0	0	0	0	0	0
05.500,00.000	34.9	5.5	-200	0	4.5	1547.55	322.253	413.571	297.86	161.995	118.602	91.272	88.4339	49.2937	0.464597	0	3.59804	0.203874	0	0	0	0	0	0	0	0
05.500,00.000	35	5.5	-200	0	4.5	1551.07	323	414.386	298.419	162.328	118.829	91.4461	88.7476	49.5929	0.479059	0	3.59275	0.246556	0	0	0	0	0	0	0	0
05.500,00.000	35.1	5.5	-200	0	4.5	1578.92	329.023	420.529	302.69	165.305	120.501	92.7977	91.2076	52.1548	0.595853	0	3.60349	0.513353	0	0	0	0	0	0	0	0
05.500,00.000	35.2	5.5	-200	0	4.5	1592.57	332.002	423.72	304.464	167.013	121.231	93.5047	92.3067	53.4241	0.65321	0	3.5978	0.651284	0	0	0	0	0	0	0	0
05.500,00.000	35.3	5.5	-200	0	4.5	1598.67	333.349	425.13	305.269	167.767	121.545	93.8126	92.7836	54.0309	0.679382	0	3.59893	0.706495	0	0	0	0	0	0	0	0
05.500,00.000	35.4	5.5	-200	0	4.5	1604.87	334.718	426.561	306.09	168.532	121.851	94.1248	93.2556	54.6586	0.714512	0	3.59991	0.7611	0	0	0	0	0	0	0	0
05.500,00.000	35.5	5.5	-200	0	4.5	1611.16	336.106	428.124	306.898	169.287	122.141	94.4331	93.7101	55.2868	0.758013	0	3.60073	0.813498	0	0	0	0	0	0	0	0
05.500,00.000	35.6	5.5	-200	0	4.5	1617.28	337.31	429.517	307.732	170.091	122.422	94.7794	94.1851	55.9702	0.806072	0	3.60073	0.869139	0	0	0	0	0	0	0	0
05.500,00.000	35.7	5.5	-200	0	4.5	1631.85	340.3	433.12	309.629	171.893	123.023	95.6247	95.2444	57.5025	0.919342	3.47611e-13	3.60073	0.99257	0	0	0	0	0	0	0	0
05.500,00.000	35.8	5.5	-200	0	4.5	1668.47	347.752	441.236	314.586	176.475	124.531	97.8213	98.0315	61.6394	1.34451	0.148254	3.60073	1.30262	0	0	0	0	0	0	0	0
05.500,00.000	35.9	5.5	-200	0	4.5	1674.74	349.002	442.652	315.404	177.231	124.808	98.1877	98.458	62.4295	1.43725	0.173432	3.60073	1.35352	0	0	0	0	0	0	0	0
05.500,00.000	36	5.5	-200	0	4.5	1704.81	354.69	450.19	319.462	180.814	126.051	99.7808	100.456	65.9966	1.89462	0.29904	3.60073	1.57802	0	0	0	0	0	0	0	0
05.500,00.000	36.1	5.5	-200	0	4.5	1718.48	357.333	453.446	321.293	182.507	126.571	100.515	101.361	67.6974	2.11206	0.358963	3.60073	1.68076	0	0	0	0	0	0	0	0
05.500,00.000	36.2	5.5	-200	0	4.5	1723.73	358.397	454.688	322.073	183.024	126.781	100.803	101.706	68.352	2.19975	0.383325	3.60073	1.71856	0	0	0	0	0	0	0	0
05.500,00.000	36.3	5.5	-200	0	4.5	1728.96	359.449	455.97	322.872	183.476	126.991	101.099	102.043	69.0008	2.29177	0.40904	3.60073	1.75539	0	0	0	0	0	0	0	0
05.500,00.000	36.4	5.5	-200	0	4.5	1738.91	361.536	458.404	324.337	184.291	127.385	101.663	102.67	70.2505	2.48605	0.460106	3.60073	1.82252	0	0	0	0	0	0	0	0
05.500,00.000	36.5	5.5	-200	0	4.5	1741.05	361.997	458.921	324.651	184.46	127.457	101.781	102.821	70.5205	2.53103	0.471266	3.60073	1.83653	0	0	0	0	0	0	0	0
05.500,00.000	36.6	5.5	-200	0	4.5	1752.6	364.496	461.626	326.32	185.321	127.902	102.48	103.576	72.0407	2.78632	0.536792	3.60073	1.90854	0	0	0	0	0	0	0	0
05.500,00.000	36.7	5.5	-200	0	4.5	1787.09	371.97	469.602	331.351	187.779	129.15	104.698	105.804	76.6885	3.54254	0.795854	3.60073	2.10859	0	0	0	0	0	0	0	0
05.500,00.000	36.8	5.5	-200	0	4.5	1793.13	373.253	470.994	332.25	188.198	129.368	105.099	106.175	77.5296	3.67357	0.85218	3.60073	2.14207	0	0	0	0	0	0	0	0
05.500,00.000	36.9	5.5	-200	0	4.5	1803.33	375.493	473.267	333.787	188.845	129.732	105.782	106.805	78.9613	3.90622	0.956925	3.60073	2.19409	0	0	0	0	0	0	0	0
05.500,00.000	37	5.5	-200	0	4.5	1814.46	377.879	475.92	335.408	189.513	130.121	106.51	107.479	80.5154	4.19586	1.07323	3.60073	2.24739	0	0	0	0	0	0	0	0
05.500,00.000	37.1	5.5	-200	0	4.5	1822.06	379.552	477.64	336.569	189.92	130.384	107.013	107.941	81.6013	4.40185	1.15801	3.60073	2.28165	0	0	0	0	0	0	0	0
05.500,00.000	37.2	5.5	-200	0	4.5	1824.97	380.153	478.344	337.028	190.059	130.484	107.203	108.115	82.0182	4.48186	1.1917	3.60073	2.29379	0	0	0	0	0	0	0	0
05.500,00.000	37.3	5.5	-200	0	4.5	1829.03	381.032	479.248	337.699	190.273	130.622	107.463	108.352	82.5953	4.59476	1.24106	3.60073	2.30864	0	0	0	0	0	0	0	0
05.500,00.000	37.4	5.5	-200	0	4.5	1835.17	382.286	480.72	338.705	190.576	130.815	107.853	108.71	83.4929	4.76905	1.31941	3.60073	2.32885	0	0	0	0	0	0	0	0
05.500,00.000	37.5	5.5	-200	0	4.5	1840.62	383.385	482.036	339.649	190.826	130.989	108.186	109.015	84.2721	4.92216	1.39021	3.60073	2.34416	0	0	0	0	0	0	0	0
05.500,00.000	37.6	5.5	-200	0	4.5	1852.09	385.937	484.659	341.419	191.314	131.283	108.915	109.662	86.0248	5.31677	1.58518	3.60073	2.37244	0	0	0	0	0	0	0	0
05.500,00.000	37.7	5.5	-200	0	4.5	1863.04	388.311	487.166	343.201	191.681	131.619	109.572	110.264	87.6056	5.82902	1.79384	3.60073	2.39338	0	0	0	0	0	0	0	0
05.500,00.000	37.8	5.5	-200	0	4.5	1864.1	388.535	487.405	343.38	191.716	131.646	109.635	110.322	87.7605	5.88689	1.81915	3.60073	2.39517	0	0	0	0	0	0	0	0
05.500,00.000	37.9	5.5	-200	0	4.5	1864.12	388.54	487.41	343.383	191.717	131.647	109.636	110.323	87.7633	5.88788	1.81955	3.60073	2.39519	0	0	0	0	0	0	0	0
05.500,00.000	38	5.5	-200	0	4.5	1876.29	391.209	490.345	345.456	192.153	131.94	110.278	110.975	89.3726	6.48653	2.07781	3.60073	2.39769	0	0	0	0	0	0	0	0
05.500,00.000	38.1	5.5	-200	0	4.5	1887.31	393.772	493.041	347.226	192.529	132.186	110.841	111.529	90.8139	7.0441	2.32687	3.60073	2.39769	0	0	0	0	0	0	0	0
05.500,00.000	38.2	5.5	-200	0	4.5	1888.81	394.139	493.404	347.47	192.576	132.211	110.915	111.605	91.0054	7.12295	2.36437	3.60073	2.39769	0	0	0	0	0	0	0	0
05.500,00.000	38.3	5.5	-200	0	4.5	1894.39	395.518	494.815	348.348	192.749	132.311	111.17	111.892	91.6889	7.40599	2.49352	3.60073	2.39769	0	0	0	0	0	0	0	0
05.500,00.000	38.4	5.5	-200	0	4.5	1903.89	397.862	497.231	349.885	193.041	132.479	111.582	112.348	92.8246	7.91381	2.72139	3.60073	2.39769	0	0	0	0	0	0	0	0
05.500,00.000	38.5	5.5	-200	0	4.5	1905.5	398.248	497.641	350.153	193.087	132.505	111.651	112.428	93.0201	8.00482	2.76467	3.60073	2.39769	0	0	0	0	0	0	0	0
05.500,00.000	38.6	5.5	-200	0	4.5	1916.67	401.051	500.323	352.005	193.428	132.674	112.112	113.03	94.3041	8.69241	3.05542	3.60073	2.39769	0	0	0	0	0	0	0	0
05.500,00.000	38.7	5.5	-200	0	4.5	1919.19	401.651	500.93	352.424	193.492	132.699	112.245	113.162	94.5914	8.86616	3.12701	3.60073	2.39769	0	0	0	0	0	0	0	0
05.500,00.000	38.8	5.5	-200	0	4.5	1921.87	402.324	501.577	352.878	193.567	132.736	112.371	113.306	94.8685	9.04413	3.19814	3.60073	2.39769	0	0	0	0	0	0	0	0
05.500,00.000	38.9	5.5	-200	0	4.5	1923.02	402.607	501.858	353.076	193.599	132.75	112.424	113.367	94.9874	9.1209	3.23021	3.60073	2.39769	0	0	0	0	0	0	0	0
05.500,00.000	39	5.5	-200	0	4.5	1923.73	402.785	502.036	353.203	193.618	132.756	112.455	113.402	95.0575	9.16888	3.2504	3.60073	2.39769	0	0	0	0	0	0	0	0
05.500,00.000	39.1	5.5	-200	0	4.5	1930.08	404.406	503.629	354.376	193.785	132.82	112.713	113.716	95.6242	9.58843	3.425	3.60073	2.39769	0	0	0	0	0	0	0	0
05.500,00.000	39.2	5.5	-200	0	4.5	1935.87	405.875	505.127	355.435	193.931	132.884	112.942	113.996	96.1295	9.96697	3.58494	3.60073	2.39769	0	0	0	0	0	0	0	0
05.500,00.000	39.3	5.5	-200	0	4.5	1936.99	406.178	505.413	355.631	193.957	132.894	112.985	114.049	96.2256	10.0387	3.61628	3.60073	2.39769	0	0	0	0	0	0	0	0
05.500,00.000	39.4	5.5	-200	0	4.5	1939.74	406.934	506.143	356.13	194.026	132.92	113.077	114.175	96.4303	10.214	3.69146	3.60073	2.39769	0	0	0	0	0	0	0	0
05.500,00.000	39.5	5.5	-200	0	4.5	1943.96	408.103	507.252	356.885	194.129	132.956	113.211	114.355	96.7471	10.5183	3.80561	3.60073	2.39769	0	0	0	0	0	0	0	0
05.500,00.000	39.6	5.5	-200	0	4.5	1946.34	408.777	507.87	357.32	194.185	132.975	113.282	114.455	96.919	10.6896	3.87023	3.60073	2.39769	0	0	0	0	0	0	0	0
05.500,00.000	39.7	5.5	-200	0	4.5	1948.89	409.515	508.534	357.802	194.247	132.995	113.351	114.568	97.0777	10.869	3.93824	3.60073	2.39769	0	0	0	0	0	0	0	0
05.500,00.000	39.8	5.5	-200	0	4.5	1951.66	410.31	509.258	358.33	194.31	133.02	113.419	114.692	97.255	11.0609	4.00955	3.60073	2.39769	0	0	0	0	0	0	0	0
05.500,00.000	39.9	5.5	-200	0	4.5	1954.39	411.086	509.987	358.866	194.372	133.043	113.482	114.81	97.4248	11.2468	4.0781	3.60073	2.39769	0	0	0	0	0	0	0	0
05.500,00.000	40	5.5	-200	0	4.5	1956.41	411.665	510.531	359.272	194.418	133.057	113.524	114.894	97.5357	11.3826	4.12902	3.60073	2.39769	0	0	0	0	0	0	0	0
05.500,00.000	40.1	5.5	-200	0	4.5	1960.11	412.73	511.532	360.038	194.501	133.087	113.594	115.04	97.7224	11.6456	4.22046	3.60073	2.39769	0	0	0	0	0	0	0	0
05.500,00.000	40.2	5.5	-200	0	4.5	1962.58	413.429	512.213	360.553	194.555	133.104	113.637	115.136	97.846	11.8333	4.27959	3.60073	2.39769	0	0	0	0	0	0	0	0
05.500,00.000	40.3	5.5	-200	0	4.5	1965.01	414.111	512.894	361.069	194.608	133.12	113.676	115.224	97.9602	12.0149	4.33647	3.60073	2.39769	0	0	0	0	0	0	0	0
05.500,00.000	40.4	5.5	-200	0	4.5	1967.61	414.836	513.636	361.638	194.665	133.136	113.712	115.316	98.0737	12.2059	4.39666	3.60073	2.39769	0	0	0	0	0	0	0	0
05.500,00.000	40.5	5.5	-200	0	4.5	1970.09	415.519	514.349	362.195	194.72	133.153	113.745	115.399	98.1697	12.3852	4.45257	3.60073	2.39769	0	0	0	0	0	0	0	0
05.500,00.000	40.6	5.5	-200	0	4.5	1972.51	416.18	515.053	362.754	194.775	133.167	113.773	115.477	98.2625	12.5611	4.50607	3.60073	2.39769	0	0	0	0	0	0	0	0
05.500,00.000	40.7	5.5	-200	0	4.5	1974.92	416.829	515.765	363.323	194.831	133.181	113.801	115.55	98.3477	12.7309	4.55769	3.60073	2.39769	0	0	0	0	0	0	0	0
05.500,00.000	40.8	5.5	-200	0	4.5	1977.29	417.463	516.471	363.902	194.889	133.196	113.825	115.619	98.421	12.8989	4.60685	3.60073	2.39769	0	0	0	0	0	0	0	0
05.500,00.000	40.9	5.5	-200	0	4.5	1979.54	418.056	517.147	364.464	194.946	133.209	113.847	115.681	98.4871	13.0565	4.65259	3.60073	2.39769	0	0	0	0	0	0	0	0
05.500,00.000	41	5.5	-200	0	4.5	1981.07	418.454	517.603	364.855	194.986	133.218	113.861	115.721	98.5289	13.1606	4.68271	3.60073	2.39769	0	0	0	0	0	0	0	0
05.500,00.000	41.1	5.5	-200	0	4.5	1984.44	419.323	518.615	365.746	195.082	133.238	113.893	115.804	98.6113	13.383	4.7464	3.60073	2.39769	0	0	0	0	0	0	0	0
05.500,00.000	41.2	5.5	-200	0	4.5	1986.47	419.842	519.226	366.293	195.141	133.247	113.912	115.852	98.6585	13.5149	4.78397	3.60073	2.39769	0	0	0	0	0	0	0	0
05.500,00.000	41.3	5.5	-200	0	4.5	1988.43	420.34	519.816	366.842	195.201	133.256	113.927	115.893	98.698	13.6394	4.8191	3.60073	2.39769	0	0	0	0	0	0	0	0
05.500,00.000	41.4	5.5	-200	0	4.5	1990.58	420.881	520.464	367.458	195.27	133.265	113.944	115.937	98.7372	13.7707	4.85593	3.60073	2.39769	0	0	0	0	0	0	0	0
05.500,00.000	41.5	5.5	-200	0	4.5	1992.6	421.382	521.069	368.054	195.338	133.274	113.959	115.974	98.7687	13.8914	4.88908	3.60073	2.39769	0	0	0	0	0	0	0	0
05.500,00.000	41.6	5.5	-200	0	4.5	1994.69	421.939	521.673	368.672	195.41	133.282	113.973	116.009	98.8002	14.0085	4.92082	3.60073	2.39769	0	0	0	0	0	0	0	0
05.500,00.000	41.7	5.5	-200	0	4.5	1996.7	422.501	522.244	369.273	195.481	133.288	113.985	116.04	98.827	14.1166	4.94973	3.60073	2.39769	0	0	0	0	0	0	0	0
05.500,00.000	41.8	5.5	-200	0	4.5	1998.72	422.975	522.892	369.888	195.556	133.293	113.999	116.067	98.8533	14.2206	4.97706	3.60073	2.39769	0	0	0	0	0	0	0	0
05.500,00.000	41.9	5.5	-200	0	4.5	2000.68	423.4	523.547	370.501	195.633	133.296	114.011	116.092	98.8774	14.318	5.00216	3.60073	2.39769	0	0	0	0	0	0	0	0
05.500,00.000	42	5.5	-200	0	4.5	2002.6	423.749	524.259	371.115	195.713	133.3	114.023	116.114	98.8974	14.4109	5.02527	3.60073	2.39769	0	0	0	0	0	0	0	0