
label	time(d)	x	depth	z	radius	total	0-10	10-20	20-30	30-40	40-50	50-60	60-70	70-80	80-90	90-100	100-110	110-120	120-130	130-140	140-150	150-160	160-170	170-180	180-190	190-200
05.500,00.000	0	5.5	-200	0	4.5	0	0	0	0	0	0	0	0	0	0	0	0	0	0	0	0	0	0	0	0	0
05.500,00.000	0.1	5.5	-200	0	4.5	0	0	0	0	0	0	0	0	0	0	0	0	0	0	0	0	0	0	0	0	0
05.500,00.000	0.2	5.5	-200	0	4.5	0	0	0	0	0	0	0	0	0	0	0	0	0	0	0	0	0	0	0	0	0
05.500,00.000	0.3	5.5	-200	0	4.5	0	0	0	0	0	0	0	0	0	0	0	0	0	0	0	0	0	0	0	0	0
05.500,00.000	0.4	5.5	-200	0	4.5	0	0	0	0	0	0	0	0	0	0	0	0	0	0	0	0	0	0	0	0	0
05.500,00.000	0.5	5.5	-200	0	4.5	0	0	0	0	0	0	0	0	0	0	0	0	0	0	0	0	0	0	0	0	0
05.500,00.000	0.6	5.5	-200	0	4.5	0	0	0	0	0	0	0	0	0	0	0	0	0	0	0	0	0	0	0	0	0
05.500,00.000	0.7	5.5	-200	0	4.5	0	0	0	0	0	0	0	0	0	0	0	0	0	0	0	0	0	0	0	0	0
05.500,00.000	0.8	5.5	-200	0	4.5	0	0	0	0	0	0	0	0	0	0	0	0	0	0	0	0	0	0	0	0	0
05.500,00.000	0.9	5.5	-200	0	4.5	0	0	0	0	0	0	0	0	0	0	0	0	0	0	0	0	0	0	0	0	0
05.500,00.000	1	5.5	-200	0	4.5	0	0	0	0	0	0	0	0	0	0	0	0	0	0	0	0	0	0	0	0	0
05.500,00.000	1.1	5.5	-200	0	4.5	0	0	0	0	0	0	0	0	0	0	0	0	0	0	0	0	0	0	0	0	0
05.500,00.000	1.2	5.5	-200	0	4.5	0	0	0	0	0	0	0	0	0	0	0	0	0	0	0	0	0	0	0	0	0
05.500,00.000	1.3	5.5	-200	0	4.5	0	0	0	0	0	0	0	0	0	0	0	0	0	0	0	0	0	0	0	0	0
05.500,00.000	1.4	5.5	-200	0	4.5	0	0	0	0	0	0	0	0	0	0	0	0	0	0	0	0	0	0	0	0	0
05.500,00.000	1.5	5.5	-200	0	4.5	0	0	0	0	0	0	0	0	0	0	0	0	0	0	0	0	0	0	0	0	0
05.500,00.000	1.6	5.5	-200	0	4.5	0	0	0	0	0	0	0	0	0	0	0	0	0	0	0	0	0	0	0	0	0
05.500,00.000	1.7	5.5	-200	0	4.5	0	0	0	0	0	0	0	0	0	0	0	0	0	0	0	0	0	0	0	0	0
05.500,00.000	1.8	5.5	-200	0	4.5	0	0	0	0	0	0	0	0	0	0	0	0	0	0	0	0	0	0	0	0	0
05.500,00.000	1.9	5.5	-200	0	4.5	0	0	0	0	0	0	0	0	0	0	0	0	0	0	0	0	0	0	0	0	0
05.500,00.000	2	5.5	-200	0	4.5	0	0	0	0	0	0	0	0	0	0	0	0	0	0	0	0	0	0	0	0	0
05.500,00.000	2.1	5.5	-200	0	4.5	0	0	0	0	0	0	0	0	0	0	0	0	0	0	0	0	0	0	0	0	0
05.500,00.000	2.2	5.5	-200	0	4.5	0	0	0	0	0	0	0	0	0	0	0	0	0	0	0	0	0	0	0	0	0
05.500,00.000	2.3	5.5	-200	0	4.5	0	0	0	0	0	0	0	0	0	0	0	0	0	0	0	0	0	0	0	0	0
05.500,00.000	2.4	5.5	-200	0	4.5	0	0	0	0	0	0	0	0	0	0	0	0	0	0	0	0	0	0	0	0	0
05.500,00.000	2.5	5.5	-200	0	4.5	0	0	0	0	0	0	0	0	0	0	0	0	0	0	0	0	0	0	0	0	0
05.500,00.000	2.6	5.5	-200	0	4.5	0	0	0	0	0	0	0	0	0	0	0	0	0	0	0	0	0	0	0	0	0
05.500,00.000	2.7	5.5	-200	0	4.5	0	0	0	0	0	0	0	0	0	0	0	0	0	0	0	0	0	0	0	0	0
05.500,00.000	2.8	5.5	-200	0	4.5	0	0	0	0	0	0	0	0	0	0	0	0	0	0	0	0	0	0	0	0	0
05.500,00.000	2.9	5.5	-200	0	4.5	0	0	0	0	0	0	0	0	0	0	0	0	0	0	0	0	0	0	0	0	0
05.500,00.000	3	5.5	-200	0	4.5	3.77476e-15	3.77476e-15	0	0	0	0	0	0	0	0	0	0	0	0	0	0	0	0	0	0	0
05.500,00.000	3.1	5.5	-200	0	4.5	0.290094	0.290094	0	0	0	0	0	0	0	0	0	0	0	0	0	0	0	0	0	0	0
05.500,00.000	3.2	5.5	-200	0	4.5	0.580002	0.580002	0	0	0	0	0	0	0	0	0	0	0	0	0	0	0	0	0	0	0
05.500,00.000	3.3	5.5	-200	0	4.5	0.870431	0.870431	0	0	0	0	0	0	0	0	0	0	0	0	0	0	0	0	0	0	0
05.500,00.000	3.4	5.5	-200	0	4.5	1.16032	1.16032	0	0	0	0	0	0	0	0	0	0	0	0	0	0	0	0	0	0	0
05.500,00.000	3.5	5.5	-200	0	4.5	1.4491	1.4491	0	0	0	0	0	0	0	0	0	0	0	0	0	0	0	0	0	0	0
05.500,00.000	3.6	5.5	-200	0	4.5	1.73668	1.73668	0	0	0	0	0	0	0	0	0	0	0	0	0	0	0	0	0	0	0
05.500,00.000	3.7	5.5	-200	0	4.5	2.02355	2.02355	0	0	0	0	0	0	0	0	0	0	0	0	0	0	0	0	0	0	0
05.500,00.000	3.8	5.5	-200	0	4.5	2.31042	2.31042	0	0	0	0	0	0	0	0	0	0	0	0	0	0	0	0	0	0	0
05.500,00.000	3.9	5.5	-200	0	4.5	2.598	2.598	0	0	0	0	0	0	0	0	0	0	0	0	0	0	0	0	0	0	0
05.500,00.000	4	5.5	-200	0	4.5	2.88631	2.88631	0	0	0	0	0	0	0	0	0	0	0	0	0	0	0	0	0	0	0
05.500,00.000	4.1	5.5	-200	0	4.5	3.17522	3.17522	0	0	0	0	0	0	0	0	0	0	0	0	0	0	0	0	0	0	0
05.500,00.000	4.2	5.5	-200	0	4.5	3.46319	3.46319	0	0	0	0	0	0	0	0	0	0	0	0	0	0	0	0	0	0	0
05.500,00.000	4.3	5.5	-200	0	4.5	3.75075	3.75075	0	0	0	0	0	0	0	0	0	0	0	0	0	0	0	0	0	0	0
05.500,00.000	4.4	5.5	-200	0	4.5	4.03709	4.03709	0	0	0	0	0	0	0	0	0	0	0	0	0	0	0	0	0	0	0
05.500,00.000	4.5	5.5	-200	0	4.5	4.32159	4.32159	0	0	0	0	0	0	0	0	0	0	0	0	0	0	0	0	0	0	0
05.500,00.000	4.6	5.5	-200	0	4.5	4.60356	4.60356	0	0	0	0	0	0	0	0	0	0	0	0	0	0	0	0	0	0	0
05.500,00.000	4.7	5.5	-200	0	4.5	4.8837	4.8837	0	0	0	0	0	0	0	0	0	0	0	0	0	0	0	0	0	0	0
05.500,00.000	4.8	5.5	-200	0	4.5	5.16265	5.16265	0	0	0	0	0	0	0	0	0	0	0	0	0	0	0	0	0	0	0
05.500,00.000	4.9	5.5	-200	0	4.5	5.44077	5.44077	0	0	0	0	0	0	0	0	0	0	0	0	0	0	0	0	0	0	0
05.500,00.000	5	5.5	-200	0	4.5	5.68246	5.68246	0	0	0	0	0	0	0	0	0	0	0	0	0	0	0	0	0	0	0
05.500,00.000	5.1	5.5	-200	0	4.5	5.69561	5.69561	0	0	0	0	0	0	0	0	0	0	0	0	0	0	0	0	0	0	0
05.500,00.000	5.2	5.5	-200	0	4.5	5.69561	5.69561	0	0	0	0	0	0	0	0	0	0	0	0	0	0	0	0	0	0	0
05.500,00.000	5.3	5.5	-200	0	4.5	5.69561	5.69561	0	0	0	0	0	0	0	0	0	0	0	0	0	0	0	0	0	0	0
05.500,00.000	5.4	5.5	-200	0	4.5	5.69561	5.69561	0	0	0	0	0	0	0	0	0	0	0	0	0	0	0	0	0	0	0
05.500,00.000	5.5	5.5	-200	0	4.5	5.69561	5.69561	0	0	0	0	0	0	0	0	0	0	0	0	0	0	0	0	0	0	0
05.500,00.000	5.6	5.5	-200	0	4.5	5.69561	5.69561	0	0	0	0	0	0	0	0	0	0	0	0	0	0	0	0	0	0	0
05.500,00.000	5.7	5.5	-200	0	4.5	5.69561	5.69561	0	0	0	0	0	0	0	0	0	0	0	0	0	0	0	0	0	0	0
05.500,00.000	5.8	5.5	-200	0	4.5	5.69561	5.69561	0	0	0	0	0	0	0	0	0	0	0	0	0	0	0	0	0	0	0
05.500,00.000	5.9	5.5	-200	0	4.5	5.69561	5.69561	0	0	0	0	0	0	0	0	0	0	0	0	0	0	0	0	0	0	0
05.500,00.000	6	5.5	-200	0	4.5	5.69561	5.69561	0	0	0	0	0	0	0	0	0	0	0	0	0	0	0	0	0	0	0
05.500,00.000	6.1	5.5	-200	0	4.5	5.69561	5.69561	0	0	0	0	0	0	0	0	0	0	0	0	0	0	0	0	0	0	0
05.500,00.000	6.2	5.5	-200	0	4.5	5.69561	5.69561	0	0	0	0	0	0	0	0	0	0	0	0	0	0	0	0	0	0	0
05.500,00.000	6.3	5.5	-200	0	4.5	5.69561	5.69561	0	0	0	0	0	0	0	0	0	0	0	0	0	0	0	0	0	0	0
05.500,00.000	6.4	5.5	-200	0	4.5	5.69561	5.69561	0	0	0	0	0	0	0	0	0	0	0	0	0	0	0	0	0	0	0
05.500,00.000	6.5	5.5	-200	0	4.5	5.69561	5.69561	0	0	0	0	0	0	0	0	0	0	0	0	0	0	0	0	0	0	0
05.500,00.000	6.6	5.5	-200	0	4.5	5.69561	5.69561	0	0	0	0	0	0	0	0	0	0	0	0	0	0	0	0	0	0	0
05.500,00.000	6.7	5.5	-200	0	4.5	5.69561	5.69561	0	0	0	0	0	0	0	0	0	0	0	0	0	0	0	0	0	0	0
05.500,00.000	6.8	5.5	-200	0	4.5	5.69561	5.69561	0	0	0	0	0	0	0	0	0	0	0	0	0	0	0	0	0	0	0
05.500,00.000	6.9	5.5	-200	0	4.5	5.69561	5.69561	0	0	0	0	0	0	0	0	0	0	0	0	0	0	0	0	0	0	0
05.500,00.000	7	5.5	-200	0	4.5	5.69561	5.69561	0	0	0	0	0	0	0	0	0	0	0	0	0	0	0	0	0	0	0
05.500,00.000	7.1	5.5	-200	0	4.5	5.69709	5.69709	0	0	0	0	0	0	0	0	0	0	0	0	0	0	0	0	0	0	0
05.500,00.000	7.2	5.5	-200	0	4.5	5.69922	5.69922	0	0	0	0	0	0	0	0	0	0	0	0	0	0	0	0	0	0	0
05.500,00.000	7.3	5.5	-200	0	4.5	5.70374	5.70374	0	0	0	0	0	0	0	0	0	0	0	0	0	0	0	0	0	0	0
05.500,00.000	7.4	5.5	-200	0	4.5	5.71218	5.71218	0	0	0	0	0	0	0	0	0	0	0	0	0	0	0	0	0	0	0
05.500,00.000	7.5	5.5	-200	0	4.5	5.72302	5.72302	0	0	0	0	0	0	0	0	0	0	0	0	0	0	0	0	0	0	0
05.500,00.000	7.6	5.5	-200	0	4.5	5.73802	5.73802	0	0	0	0	0	0	0	0	0	0	0	0	0	0	0	0	0	0	0
05.500,00.000	7.7	5.5	-200	0	4.5	5.75674	5.75674	0	0	0	0	0	0	0	0	0	0	0	0	0	0	0	0	0	0	0
05.500,00.000	7.8	5.5	-200	0	4.5	5.78129	5.78129	0	0	0	0	0	0	0	0	0	0	0	0	0	0	0	0	0	0	0
05.500,00.000	7.9	5.5	-200	0	4.5	5.81071	5.81071	0	0	0	0	0	0	0	0	0	0	0	0	0	0	0	0	0	0	0
05.500,00.000	8	5.5	-200	0	4.5	5.84737	5.84737	0	0	0	0	0	0	0	0	0	0	0	0	0	0	0	0	0	0	0
05.500,00.000	8.1	5.5	-200	0	4.5	5.88979	5.88979	0	0	0	0	0	0	0	0	0	0	0	0	0	0	0	0	0	0	0
05.500,00.000	8.2	5.5	-200	0	4.5	5.94037	5.94037	0	0	0	0	0	0	0	0	0	0	0	0	0	0	0	0	0	0	0
05.500,00.000	8.3	5.5	-200	0	4.5	6.00146	6.00146	0	0	0	0	0	0	0	0	0	0	0	0	0	0	0	0	0	0	0
05.500,00.000	8.4	5.5	-200	0	4.5	6.07697	6.07697	0	0	0	0	0	0	0	0	0	0	0	0	0	0	0	0	0	0	0
05.500,00.000	8.5	5.5	-200	0	4.5	6.15996	6.15996	0	0	0	0	0	0	0	0	0	0	0	0	0	0	0	0	0	0	0
05.500,00.000	8.6	5.5	-200	0	4.5	6.24909	6.24909	0	0	0	0	0	0	0	0	0	0	0	0	0	0	0	0	0	0	0
05.500,00.000	8.7	5.5	-200	0	4.5	6.34493	6.34493	0	0	0	0	0	0	0	0	0	0	0	0	0	0	0	0	0	0	0
05.500,00.000	8.8	5.5	-200	0	4.5	6.44816	6.44816	0	0	0	0	0	0	0	0	0	0	0	0	0	0	0	0	0	0	0
05.500,00.000	8.9	5.5	-200	0	4.5	6.56155	6.56155	0	0	0	0	0	0	0	0	0	0	0	0	0	0	0	0	0	0	0
05.500,00.000	9	5.5	-200	0	4.5	6.68372	6.68372	0	0	0	0	0	0	0	0	0	0	0	0	0	0	0	0	0	0	0
05.500,00.000	9.1	5.5	-200	0	4.5	6.8155	6.8155	0	0	0	0	0	0	0	0	0	0	0	0	0	0	0	0	0	0	0
05.500,00.000	9.2	5.5	-200	0	4.5	6.9616	6.9616	0	0	0	0	0	0	0	0	0	0	0	0	0	0	0	0	0	0	0
05.500,00.000	9.3	5.5	-200	0	4.5	7.11796	7.11796	0	0	0	0	0	0	0	0	0	0	0	0	0	0	0	0	0	0	0
05.500,00.000	9.4	5.5	-200	0	4.5	7.28522	7.28522	0	0	0	0	0	0	0	0	0	0	0	0	0	0	0	0	0	0	0
05.500,00.000	9.5	5.5	-200	0	4.5	7.4619	7.4619	0	0	0	0	0	0	0	0	0	0	0	0	0	0	0	0	0	0	0
05.500,00.000	9.6	5.5	-200	0	4.5	7.64755	7.64755	0	0	0	0	0	0	0	0	0	0	0	0	0	0	0	0	0	0	0
05.500,00.000	9.7	5.5	-200	0	4.5	7.84295	7.84295	0	0	0	0	0	0	0	0	0	0	0	0	0	0	0	0	0	0	0
05.500,00.000	9.8	5.5	-200	0	4.5	8.04839	8.04839	0	0	0	0	0	0	0	0	0	0	0	0	0	0	0	0	0	0	0
05.500,00.000	9.9	5.5	-200	0	4.5	8.26526	8.26526	0	0	0	0	0	0	0	0	0	0	0	0	0	0	0	0	0	0	0
05.500,00.000	10	5.5	-200	0	4.5	8.49458	8.49458	0	0	0	0	0	0	0	0	0	0	0	0	0	0	0	0	0	0	0
05.500,00.000	10.1	5.5	-200	0	4.5	8.73549	8.73549	0	0	0	0	0	0	0	0	0	0	0	0	0	0	0	0	0	0	0
05.500,00.000	10.2	5.5	-200	0	4.5	8.9792	8.9792	0	0	0	0	0	0	0	0	0	0	0	0	0	0	0	0	0	0	0
05.500,00.000	10.3	5.5	-200	0	4.5	9.23033	9.23033	0	0	0	0	0	0	0	0	0	0	0	0	0	0	0	0	0	0	0
05.500,00.000	10.4	5.5	-200	0	4.5	9.48761	9.48761	0	0	0	0	0	0	0	0	0	0	0	0	0	0	0	0	0	0	0
05.500,00.000	10.5	5.5	-200	0	4.5	9.75062	9.75062	0	0	0	0	0	0	0	0	0	0	0	0	0	0	0	0	0	0	0
05.500,00.000	10.6	5.5	-200	0	4.5	10.0187	10.0187	0	0	0	0	0	0	0	0	0	0	0	0	0	0	0	0	0	0	0
05.500,00.000	10.7	5.5	-200	0	4.5	10.2934	10.2934	0	0	0	0	0	0	0	0	0	0	0	0	0	0	0	0	0	0	0
05.500,00.000	10.8	5.5	-200	0	4.5	10.5952	10.5952	0	0	0	0	0	0	0	0	0	0	0	0	0	0	0	0	0	0	0
05.500,00.000	10.9	5.5	-200	0	4.5	10.945	10.945	0	0	0	0	0	0	0	0	0	0	0	0	0	0	0	0	0	0	0
05.500,00.000	11	5.5	-200	0	4.5	11.3064	11.3064	0	0	0	0	0	0	0	0	0	0	0	0	0	0	0	0	0	0	0
05.500,00.000	11.1	5.5	-200	0	4.5	11.677	11.677	0	0	0	0	0	0	0	0	0	0	0	0	0	0	0	0	0	0	0
05.500,00.000	11.2	5.5	-200	0	4.5	12.0347	12.0347	0	0	0	0	0	0	0	0	0	0	0	0	0	0	0	0	0	0	0
05.500,00.000	11.3	5.5	-200	0	4.5	12.3918	12.3918	0	0	0	0	0	0	0	0	0	0	0	0	0	0	0	0	0	0	0
05.500,00.000	11.4	5.5	-200	0	4.5	12.7756	12.7756	0	0	0	0	0	0	0	0	0	0	0	0	0	0	0	0	0	0	0
05.500,00.000	11.5	5.5	-200	0	4.5	13.2028	13.2028	0	0	0	0	0	0	0	0	0	0	0	0	0	0	0	0	0	0	0
05.500,00.000	11.6	5.5	-200	0	4.5	13.6339	13.6339	0	0	0	0	0	0	0	0	0	0	0	0	0	0	0	0	0	0	0
05.500,00.000	11.7	5.5	-200	0	4.5	14.0682	14.0682	0	0	0	0	0	0	0	0	0	0	0	0	0	0	0	0	0	0	0
05.500,00.000	11.8	5.5	-200	0	4.5	14.518	14.518	0	0	0	0	0	0	0	0	0	0	0	0	0	0	0	0	0	0	0
05.500,00.000	11.9	5.5	-200	0	4.5	15.059	15.059	0	0	0	0	0	0	0	0	0	0	0	0	0	0	0	0	0	0	0
05.500,00.000	12	5.5	-200	0	4.5	15.6872	15.6872	0	0	0	0	0	0	0	0	0	0	0	0	0	0	0	0	0	0	0
05.500,00.000	12.1	5.5	-200	0	4.5	16.4136	16.4136	0	0	0	0	0	0	0	0	0	0	0	0	0	0	0	0	0	0	0
05.500,00.000	12.2	5.5	-200	0	4.5	17.4159	17.4159	0	0	0	0	0	0	0	0	0	0	0	0	0	0	0	0	0	0	0
05.500,00.000	12.3	5.5	-200	0	4.5	18.4433	18.4433	0	0	0	0	0	0	0	0	0	0	0	0	0	0	0	0	0	0	0
05.500,00.000	12.4	5.5	-200	0	4.5	19.4956	19.4956	0	0	0	0	0	0	0	0	0	0	0	0	0	0	0	0	0	0	0
05.500,00.000	12.5	5.5	-200	0	4.5	20.5522	20.4071	0.145154	0	0	0	0	0	0	0	0	0	0	0	0	0	0	0	0	0	0
05.500,00.000	12.6	5.5	-200	0	4.5	21.8689	21.3267	0.542221	0	0	0	0	0	0	0	0	0	0	0	0	0	0	0	0	0	0
05.500,00.000	12.7	5.5	-200	0	4.5	23.1309	22.2066	0.924307	0	0	0	0	0	0	0	0	0	0	0	0	0	0	0	0	0	0
05.500,00.000	12.8	5.5	-200	0	4.5	24.0057	22.8081	1.19755	0	0	0	0	0	0	0	0	0	0	0	0	0	0	0	0	0	0
05.500,00.000	12.9	5.5	-200	0	4.5	25.134	23.59	1.54401	0	0	0	0	0	0	0	0	0	0	0	0	0	0	0	0	0	0
05.500,00.000	13	5.5	-200	0	4.5	26.2536	24.3776	1.87601	0	0	0	0	0	0	0	0	0	0	0	0	0	0	0	0	0	0
05.500,00.000	13.1	5.5	-200	0	4.5	27.3527	25.1572	2.19551	0	0	0	0	0	0	0	0	0	0	0	0	0	0	0	0	0	0
05.500,00.000	13.2	5.5	-200	0	4.5	28.4613	25.9473	2.51398	0	0	0	0	0	0	0	0	0	0	0	0	0	0	0	0	0	0
05.500,00.000	13.3	5.5	-200	0	4.5	29.5959	26.7604	2.83547	0	0	0	0	0	0	0	0	0	0	0	0	0	0	0	0	0	0
05.500,00.000	13.4	5.5	-200	0	4.5	30.7066	27.5489	3.1578	0	0	0	0	0	0	0	0	0	0	0	0	0	0	0	0	0	0
05.500,00.000	13.5	5.5	-200	0	4.5	31.8056	28.3266	3.47902	0	0	0	0	0	0	0	0	0	0	0	0	0	0	0	0	0	0
05.500,00.000	13.6	5.5	-200	0	4.5	33.1018	29.2478	3.85408	0	0	0	0	0	0	0	0	0	0	0	0	0	0	0	0	0	0
05.500,00.000	13.7	5.5	-200	0	4.5	34.414	30.1829	4.23105	0	0	0	0	0	0	0	0	0	0	0	0	0	0	0	0	0	0
05.500,00.000	13.8	5.5	-200	0	4.5	35.3242	30.8287	4.49558	0	0	0	0	0	0	0	0	0	0	0	0	0	0	0	0	0	0
05.500,00.000	13.9	5.5	-200	0	4.5	36.4955	31.6594	4.83616	0	0	0	0	0	0	0	0	0	0	0	0	0	0	0	0	0	0
05.500,00.000	14	5.5	-200	0	4.5	37.6359	32.4709	5.16501	0	0	0	0	0	0	0	0	0	0	0	0	0	0	0	0	0	0
05.500,00.000	14.1	5.5	-200	0	4.5	38.7511	33.266	5.48511	0	0	0	0	0	0	0	0	0	0	0	0	0	0	0	0	0	0
05.500,00.000	14.2	5.5	-200	0	4.5	39.8618	34.0557	5.80614	0	0	0	0	0	0	0	0	0	0	0	0	0	0	0	0	0	0
05.500,00.000	14.3	5.5	-200	0	4.5	40.954	34.8318	6.12223	0	0	0	0	0	0	0	0	0	0	0	0	0	0	0	0	0	0
05.500,00.000	14.4	5.5	-200	0	4.5	42.0295	35.5948	6.4347	0	0	0	0	0	0	0	0	0	0	0	0	0	0	0	0	0	0
05.500,00.000	14.5	5.5	-200	0	4.5	44.2024	37.1348	7.06754	0	0	0	0	0	0	0	0	0	0	0	0	0	0	0	0	0	0
05.500,00.000	14.6	5.5	-200	0	4.5	45.5868	38.0885	7.49822	0	0	0	0	0	0	0	0	0	0	0	0	0	0	0	0	0	0
05.500,00.000	14.7	5.5	-200	0	4.5	46.9067	38.9789	7.92779	0	0	0	0	0	0	0	0	0	0	0	0	0	0	0	0	0	0
05.500,00.000	14.8	5.5	-200	0	4.5	47.2988	39.234	8.06477	0	0	0	0	0	0	0	0	0	0	0	0	0	0	0	0	0	0
05.500,00.000	14.9	5.5	-200	0	4.5	47.7551	39.5365	8.21859	0	0	0	0	0	0	0	0	0	0	0	0	0	0	0	0	0	0
05.500,00.000	15	5.5	-200	0	4.5	49.3164	40.5737	8.74269	0	0	0	0	0	0	0	0	0	0	0	0	0	0	0	0	0	0
05.500,00.000	15.1	5.5	-200	0	4.5	50.544	41.3647	9.1793	0	0	0	0	0	0	0	0	0	0	0	0	0	0	0	0	0	0
05.500,00.000	15.2	5.5	-200	0	4.5	51.6029	42.0276	9.57525	0	0	0	0	0	0	0	0	0	0	0	0	0	0	0	0	0	0
05.500,00.000	15.3	5.5	-200	0	4.5	52.65	42.6796	9.97045	0	0	0	0	0	0	0	0	0	0	0	0	0	0	0	0	0	0
05.500,00.000	15.4	5.5	-200	0	4.5	53.6863	43.3186	10.3678	0	0	0	0	0	0	0	0	0	0	0	0	0	0	0	0	0	0
05.500,00.000	15.5	5.5	-200	0	4.5	56.4402	45.0072	11.1055	0.32757	0	0	0	0	0	0	0	0	0	0	0	0	0	0	0	0	0
05.500,00.000	15.6	5.5	-200	0	4.5	57.5832	45.7016	11.2195	0.662084	0	0	0	0	0	0	0	0	0	0	0	0	0	0	0	0	0
05.500,00.000	15.7	5.5	-200	0	4.5	58.7922	46.4254	11.3562	1.01061	0	0	0	0	0	0	0	0	0	0	0	0	0	0	0	0	0
05.500,00.000	15.8	5.5	-200	0	4.5	59.0901	46.6068	11.3878	1.09551	0	0	0	0	0	0	0	0	0	0	0	0	0	0	0	0	0
05.500,00.000	15.9	5.5	-200	0	4.5	59.3262	46.7487	11.4133	1.16421	0	0	0	0	0	0	0	0	0	0	0	0	0	0	0	0	0
05.500,00.000	16	5.5	-200	0	4.5	60.9372	47.7153	11.5883	1.63363	0	0	0	0	0	0	0	0	0	0	0	0	0	0	0	0	0
05.500,00.000	16.1	5.5	-200	0	4.5	62.0746	48.3931	11.7153	1.96613	0	0	0	0	0	0	0	0	0	0	0	0	0	0	0	0	0
05.500,00.000	16.2	5.5	-200	0	4.5	62.9042	48.8564	11.818	2.22983	0	0	0	0	0	0	0	0	0	0	0	0	0	0	0	0	0
05.500,00.000	16.3	5.5	-200	0	4.5	63.692	49.2802	11.922	2.48982	0	0	0	0	0	0	0	0	0	0	0	0	0	0	0	0	0
05.500,00.000	16.4	5.5	-200	0	4.5	64.4554	49.6787	12.0277	2.74902	0	0	0	0	0	0	0	0	0	0	0	0	0	0	0	0	0
05.500,00.000	16.5	5.5	-200	0	4.5	68.3203	51.6683	12.5892	4.06281	0	0	0	0	0	0	0	0	0	0	0	0	0	0	0	0	0
05.500,00.000	16.6	5.5	-200	0	4.5	68.9909	51.941	12.7266	4.32329	0	0	0	0	0	0	0	0	0	0	0	0	0	0	0	0	0
05.500,00.000	16.7	5.5	-200	0	4.5	73.0761	53.8207	13.5554	5.70004	0	0	0	0	0	0	0	0	0	0	0	0	0	0	0	0	0
05.500,00.000	16.8	5.5	-200	0	4.5	73.9668	54.1958	13.7533	6.01766	0	0	0	0	0	0	0	0	0	0	0	0	0	0	0	0	0
05.500,00.000	16.9	5.5	-200	0	4.5	75.1162	54.7004	14.0216	6.39425	0	0	0	0	0	0	0	0	0	0	0	0	0	0	0	0	0
05.500,00.000	17	5.5	-200	0	4.5	76.8158	55.4027	14.4507	6.96242	0	0	0	0	0	0	0	0	0	0	0	0	0	0	0	0	0
05.500,00.000	17.1	5.5	-200	0	4.5	77.7069	55.761	14.689	7.25693	0	0	0	0	0	0	0	0	0	0	0	0	0	0	0	0	0
05.500,00.000	17.2	5.5	-200	0	4.5	78.3902	56.0354	14.8794	7.47545	0	0	0	0	0	0	0	0	0	0	0	0	0	0	0	0	0
05.500,00.000	17.3	5.5	-200	0	4.5	79.0778	56.3045	15.0803	7.69302	0	0	0	0	0	0	0	0	0	0	0	0	0	0	0	0	0
05.500,00.000	17.4	5.5	-200	0	4.5	79.7666	56.5658	15.2922	7.90855	0	0	0	0	0	0	0	0	0	0	0	0	0	0	0	0	0
05.500,00.000	17.5	5.5	-200	0	4.5	84.5423	58.3499	16.8315	9.36094	0	0	0	0	0	0	0	0	0	0	0	0	0	0	0	0	0
05.500,00.000	17.6	5.5	-200	0	4.5	85.491	58.6688	17.1481	9.59581	0.0782867	0	0	0	0	0	0	0	0	0	0	0	0	0	0	0	0
05.500,00.000	17.7	5.5	-200	0	4.5	93.9397	61.5464	20.1423	10.1291	2.12196	0	0	0	0	0	0	0	0	0	0	0	0	0	0	0	0
05.500,00.000	17.8	5.5	-200	0	4.5	96.2762	62.4055	20.9723	10.2403	2.65805	0	0	0	0	0	0	0	0	0	0	0	0	0	0	0	0
05.500,00.000	17.9	5.5	-200	0	4.5	102.009	64.9002	22.76	10.5451	3.80347	0	0	0	0	0	0	0	0	0	0	0	0	0	0	0	0
05.500,00.000	18	5.5	-200	0	4.5	104.527	66.0081	23.5545	10.6786	4.2856	0	0	0	0	0	0	0	0	0	0	0	0	0	0	0	0
05.500,00.000	18.1	5.5	-200	0	4.5	105.447	66.4178	23.8448	10.7325	4.45165	0	0	0	0	0	0	0	0	0	0	0	0	0	0	0	0
05.500,00.000	18.2	5.5	-200	0	4.5	106.426	66.8599	24.1524	10.7921	4.62163	0	0	0	0	0	0	0	0	0	0	0	0	0	0	0	0
05.500,00.000	18.3	5.5	-200	0	4.5	107.438	67.3226	24.4685	10.8566	4.79055	0	0	0	0	0	0	0	0	0	0	0	0	0	0	0	0
05.500,00.000	18.4	5.5	-200	0	4.5	108.486	67.7465	24.8542	10.926	4.95893	0	0	0	0	0	0	0	0	0	0	0	0	0	0	0	0
05.500,00.000	18.5	5.5	-200	0	4.5	117.398	70.3062	29.2394	11.5436	6.30837	0	0	0	0	0	0	0	0	0	0	0	0	0	0	0	0
05.500,00.000	18.6	5.5	-200	0	4.5	119.218	70.8507	30.1183	11.673	6.57567	0	0	0	0	0	0	0	0	0	0	0	0	0	0	0	0
05.500,00.000	18.7	5.5	-200	0	4.5	134.368	75.4709	37.4186	12.8721	8.60602	0	0	0	0	0	0	0	0	0	0	0	0	0	0	0	0
05.500,00.000	18.8	5.5	-200	0	4.5	138.037	76.6475	39.1519	13.1654	9.01699	0.0554815	0	0	0	0	0	0	0	0	0	0	0	0	0	0	0
05.500,00.000	18.9	5.5	-200	0	4.5	147.087	79.5082	43.4951	13.9714	9.29761	0.81503	0	0	0	0	0	0	0	0	0	0	0	0	0	0	0
05.500,00.000	19	5.5	-200	0	4.5	150.61	80.7136	45.0404	14.3196	9.29778	1.23901	0	0	0	0	0	0	0	0	0	0	0	0	0	0	0
05.500,00.000	19.1	5.5	-200	0	4.5	151.639	81.1222	45.4058	14.4418	9.29869	1.37025	0	0	0	0	0	0	0	0	0	0	0	0	0	0	0
05.500,00.000	19.2	5.5	-200	0	4.5	152.728	81.5509	45.7956	14.5766	9.29964	1.50578	0	0	0	0	0	0	0	0	0	0	0	0	0	0	0
05.500,00.000	19.3	5.5	-200	0	4.5	153.838	81.9995	46.1796	14.7189	9.30093	1.6395	0	0	0	0	0	0	0	0	0	0	0	0	0	0	0
05.500,00.000	19.4	5.5	-200	0	4.5	154.981	82.4493	46.5856	14.87	9.30256	1.77327	0	0	0	0	0	0	0	0	0	0	0	0	0	0	0
05.500,00.000	19.5	5.5	-200	0	4.5	158.103	83.6541	47.6739	15.337	9.30809	2.13029	0	0	0	0	0	0	0	0	0	0	0	0	0	0	0
05.500,00.000	19.6	5.5	-200	0	4.5	162.884	85.3691	49.3896	16.1385	9.32053	2.66604	0	0	0	0	0	0	0	0	0	0	0	0	0	0	0
05.500,00.000	19.7	5.5	-200	0	4.5	163.646	85.6111	49.6806	16.276	9.32305	2.75504	0	0	0	0	0	0	0	0	0	0	0	0	0	0	0
05.500,00.000	19.8	5.5	-200	0	4.5	167.198	86.8349	50.9967	16.8932	9.34148	3.13142	0	0	0	0	0	0	0	0	0	0	0	0	0	0	0
05.500,00.000	19.9	5.5	-200	0	4.5	168.09	87.1241	51.3258	17.0618	9.34661	3.23214	0	0	0	0	0	0	0	0	0	0	0	0	0	0	0
05.500,00.000	20	5.5	-200	0	4.5	168.718	87.3345	51.5512	17.1805	9.35225	3.29902	0	0	0	0	0	0	0	0	0	0	0	0	0	0	0
05.500,00.000	20.1	5.5	-200	0	4.5	171.985	88.4587	52.738	17.7801	9.38119	3.6269	0	0	0	0	0	0	0	0	0	0	0	0	0	0	0
05.500,00.000	20.2	5.5	-200	0	4.5	173.796	89.0787	53.3941	18.1179	9.39926	3.80622	0	0	0	0	0	0	0	0	0	0	0	0	0	0	0
05.500,00.000	20.3	5.5	-200	0	4.5	175.085	89.5189	53.8674	18.3563	9.41439	3.92829	0	0	0	0	0	0	0	0	0	0	0	0	0	0	0
05.500,00.000	20.4	5.5	-200	0	4.5	176.409	89.9709	54.3538	18.6027	9.43134	4.05071	0	0	0	0	0	0	0	0	0	0	0	0	0	0	0
05.500,00.000	20.5	5.5	-200	0	4.5	183.496	92.3903	56.9755	19.9145	9.53153	4.68421	0	0	0	0	0	0	0	0	0	0	0	0	0	0	0
05.500,00.000	20.6	5.5	-200	0	4.5	188.4	94.0623	58.7681	20.8363	9.61348	5.11971	0	0	0	0	0	0	0	0	0	0	0	0	0	0	0
05.500,00.000	20.7	5.5	-200	0	4.5	189.461	94.4206	59.1592	21.0364	9.63306	5.21229	0	0	0	0	0	0	0	0	0	0	0	0	0	0	0
05.500,00.000	20.8	5.5	-200	0	4.5	190.049	94.6136	59.3825	21.1466	9.6449	5.26184	0	0	0	0	0	0	0	0	0	0	0	0	0	0	0
05.500,00.000	20.9	5.5	-200	0	4.5	190.185	94.6585	59.4334	21.1725	9.64791	5.27319	0	0	0	0	0	0	0	0	0	0	0	0	0	0	0
05.500,00.000	21	5.5	-200	0	4.5	190.378	94.7213	59.5062	21.2092	9.65247	5.28884	0	0	0	0	0	0	0	0	0	0	0	0	0	0	0
05.500,00.000	21.1	5.5	-200	0	4.5	199.248	97.5691	62.9053	22.9029	9.87841	5.99239	0	0	0	0	0	0	0	0	0	0	0	0	0	0	0
05.500,00.000	21.2	5.5	-200	0	4.5	203.242	98.8238	64.4296	23.6958	9.98629	6.3061	0	0	0	0	0	0	0	0	0	0	0	0	0	0	0
05.500,00.000	21.3	5.5	-200	0	4.5	204.813	99.307	65.0467	24.001	10.0327	6.42538	0	0	0	0	0	0	0	0	0	0	0	0	0	0	0
05.500,00.000	21.4	5.5	-200	0	4.5	206.447	99.8018	65.6891	24.3249	10.0838	6.54711	0	0	0	0	0	0	0	0	0	0	0	0	0	0	0
05.500,00.000	21.5	5.5	-200	0	4.5	220.412	104.032	71.1757	27.1009	10.5436	7.55999	0	0	0	0	0	0	0	0	0	0	0	0	0	0	0
05.500,00.000	21.6	5.5	-200	0	4.5	223.585	105.108	72.305	27.7587	10.6432	7.77006	0	0	0	0	0	0	0	0	0	0	0	0	0	0	0
05.500,00.000	21.7	5.5	-200	0	4.5	229.012	106.902	74.3694	28.776	10.8356	8.12886	0	0	0	0	0	0	0	0	0	0	0	0	0	0	0
05.500,00.000	21.8	5.5	-200	0	4.5	229.766	107.145	74.6671	28.9139	10.8624	8.17767	0	0	0	0	0	0	0	0	0	0	0	0	0	0	0
05.500,00.000	21.9	5.5	-200	0	4.5	229.867	107.178	74.7066	28.9322	10.8662	8.18405	0	0	0	0	0	0	0	0	0	0	0	0	0	0	0
05.500,00.000	22	5.5	-200	0	4.5	230.053	107.239	74.7798	28.9656	10.8736	8.19549	0	0	0	0	0	0	0	0	0	0	0	0	0	0	0
05.500,00.000	22.1	5.5	-200	0	4.5	244.813	112.193	80.4042	31.6302	11.4898	9.09516	0	0	0	0	0	0	0	0	0	0	0	0	0	0	0
05.500,00.000	22.2	5.5	-200	0	4.5	250.941	114.305	82.6382	32.7662	11.7586	9.09759	0.375977	0	0	0	0	0	0	0	0	0	0	0	0	0	0
05.500,00.000	22.3	5.5	-200	0	4.5	252.98	115.008	83.3984	33.1288	11.8517	9.09759	0.495553	0	0	0	0	0	0	0	0	0	0	0	0	0	0
05.500,00.000	22.4	5.5	-200	0	4.5	255.094	115.726	84.1945	33.5055	11.9519	9.09759	0.618335	0	0	0	0	0	0	0	0	0	0	0	0	0	0
05.500,00.000	22.5	5.5	-200	0	4.5	269.96	120.757	89.6748	36.2229	12.7088	9.09759	1.49853	0	0	0	0	0	0	0	0	0	0	0	0	0	0
05.500,00.000	22.6	5.5	-200	0	4.5	272.978	121.707	90.7462	36.871	12.8732	9.09762	1.68383	0	0	0	0	0	0	0	0	0	0	0	0	0	0
05.500,00.000	22.7	5.5	-200	0	4.5	284.021	125.504	94.6521	38.9694	13.4762	9.10011	2.31885	0	0	0	0	0	0	0	0	0	0	0	0	0	0
05.500,00.000	22.8	5.5	-200	0	4.5	301.008	131.202	100.621	42.309	14.4607	9.10519	3.31054	0	0	0	0	0	0	0	0	0	0	0	0	0	0
05.500,00.000	22.9	5.5	-200	0	4.5	303.652	131.91	101.619	42.8788	14.6614	9.10695	3.47559	0	0	0	0	0	0	0	0	0	0	0	0	0	0
05.500,00.000	23	5.5	-200	0	4.5	303.904	131.979	101.717	42.9296	14.6805	9.10732	3.49026	0	0	0	0	0	0	0	0	0	0	0	0	0	0
05.500,00.000	23.1	5.5	-200	0	4.5	315.225	134.951	106.205	45.229	15.5697	9.12888	4.14169	0	0	0	0	0	0	0	0	0	0	0	0	0	0
05.500,00.000	23.2	5.5	-200	0	4.5	320.245	136.211	108.163	46.302	15.9873	9.14101	4.44075	0	0	0	0	0	0	0	0	0	0	0	0	0	0
05.500,00.000	23.3	5.5	-200	0	4.5	322.473	136.799	109.047	46.7515	16.1643	9.14815	4.56275	0	0	0	0	0	0	0	0	0	0	0	0	0	0
05.500,00.000	23.4	5.5	-200	0	4.5	324.813	137.432	109.974	47.2142	16.3496	9.15677	4.6867	0	0	0	0	0	0	0	0	0	0	0	0	0	0
05.500,00.000	23.5	5.5	-200	0	4.5	339.652	141.509	115.866	50.0929	17.5156	9.22058	5.44818	0	0	0	0	0	0	0	0	0	0	0	0	0	0
05.500,00.000	23.6	5.5	-200	0	4.5	342.843	142.456	117.049	50.7221	17.7691	9.23584	5.61077	0	0	0	0	0	0	0	0	0	0	0	0	0	0
05.500,00.000	23.7	5.5	-200	0	4.5	352.708	145.346	120.775	52.6831	18.5278	9.29431	6.08192	0	0	0	0	0	0	0	0	0	0	0	0	0	0
05.500,00.000	23.8	5.5	-200	0	4.5	357.777	146.858	122.62	53.7249	18.9232	9.32683	6.32404	0	0	0	0	0	0	0	0	0	0	0	0	0	0
05.500,00.000	23.9	5.5	-200	0	4.5	374.925	151.825	129.165	57.1144	20.2414	9.46479	7.11454	0	0	0	0	0	0	0	0	0	0	0	0	0	0
05.500,00.000	24	5.5	-200	0	4.5	378.51	152.894	130.451	57.8622	20.526	9.49476	7.28268	0	0	0	0	0	0	0	0	0	0	0	0	0	0
05.500,00.000	24.1	5.5	-200	0	4.5	389.619	156.133	134.73	60.0068	21.3774	9.60151	7.76981	0	0	0	0	0	0	0	0	0	0	0	0	0	0
05.500,00.000	24.2	5.5	-200	0	4.5	395.296	157.796	136.894	61.1132	21.8159	9.6596	8.01755	0	0	0	0	0	0	0	0	0	0	0	0	0	0
05.500,00.000	24.3	5.5	-200	0	4.5	398.283	158.669	138.056	61.6826	22.0412	9.69302	8.14155	0	0	0	0	0	0	0	0	0	0	0	0	0	0
05.500,00.000	24.4	5.5	-200	0	4.5	401.354	159.559	139.259	62.2656	22.2735	9.72983	8.26669	0	0	0	0	0	0	0	0	0	0	0	0	0	0
05.500,00.000	24.5	5.5	-200	0	4.5	416.822	163.963	145.383	65.211	23.4472	9.92935	8.8886	0	0	0	0	0	0	0	0	0	0	0	0	0	0
05.500,00.000	24.6	5.5	-200	0	4.5	420.228	164.939	146.721	65.8631	23.7056	9.97505	9.02409	0	0	0	0	0	0	0	0	0	0	0	0	0	0
05.500,00.000	24.7	5.5	-200	0	4.5	430.021	167.696	150.622	67.7207	24.4549	10.1225	9.16894	0.236702	0	0	0	0	0	0	0	0	0	0	0	0	0
05.500,00.000	24.8	5.5	-200	0	4.5	432.306	168.346	151.506	68.1666	24.6339	10.1585	9.16894	0.326549	0	0	0	0	0	0	0	0	0	0	0	0	0
05.500,00.000	24.9	5.5	-200	0	4.5	453.543	174.452	159.926	72.0922	26.2688	10.5117	9.16894	1.12337	0	0	0	0	0	0	0	0	0	0	0	0	0
05.500,00.000	25	5.5	-200	0	4.5	459.271	176.233	162.046	73.1159	26.7523	10.6126	9.16894	1.34258	0	0	0	0	0	0	0	0	0	0	0	0	0
05.500,00.000	25.1	5.5	-200	0	4.5	469.864	179.477	166.074	74.9632	27.6458	10.8116	9.16894	1.72436	0	0	0	0	0	0	0	0	0	0	0	0	0
05.500,00.000	25.2	5.5	-200	0	4.5	475.747	181.308	168.256	75.9788	28.1707	10.9266	9.16903	1.93811	0	0	0	0	0	0	0	0	0	0	0	0	0
05.500,00.000	25.3	5.5	-200	0	4.5	479.292	182.411	169.599	76.5765	28.4759	10.9981	9.16994	2.06192	0	0	0	0	0	0	0	0	0	0	0	0	0
05.500,00.000	25.4	5.5	-200	0	4.5	482.919	183.546	170.972	77.18	28.7896	11.0741	9.17093	2.18641	0	0	0	0	0	0	0	0	0	0	0	0	0
05.500,00.000	25.5	5.5	-200	0	4.5	492.345	186.494	174.535	78.7411	29.612	11.2805	9.17451	2.50789	0	0	0	0	0	0	0	0	0	0	0	0	0
05.500,00.000	25.6	5.5	-200	0	4.5	507.777	191.412	180.26	81.2817	30.9805	11.6308	9.18234	3.02954	0	0	0	0	0	0	0	0	0	0	0	0	0
05.500,00.000	25.7	5.5	-200	0	4.5	510.408	192.291	181.189	81.7096	31.2242	11.6922	9.18421	3.11849	0	0	0	0	0	0	0	0	0	0	0	0	0
05.500,00.000	25.8	5.5	-200	0	4.5	523.045	196.458	185.747	83.7706	32.3442	11.9951	9.19839	3.53071	0	0	0	0	0	0	0	0	0	0	0	0	0
05.500,00.000	25.9	5.5	-200	0	4.5	526.677	197.699	186.992	84.3737	32.6755	12.084	9.20291	3.64916	0	0	0	0	0	0	0	0	0	0	0	0	0
05.500,00.000	26	5.5	-200	0	4.5	527.474	197.973	187.274	84.4976	32.747	12.1042	9.20439	3.67458	0	0	0	0	0	0	0	0	0	0	0	0	0
05.500,00.000	26.1	5.5	-200	0	4.5	536.409	201.042	190.44	85.8523	33.5546	12.3382	9.22337	3.95852	0	0	0	0	0	0	0	0	0	0	0	0	0
05.500,00.000	26.2	5.5	-200	0	4.5	542.128	203.063	192.417	86.7066	34.0748	12.4903	9.23714	4.13868	0	0	0	0	0	0	0	0	0	0	0	0	0
05.500,00.000	26.3	5.5	-200	0	4.5	546.082	204.449	193.818	87.2726	34.4344	12.5984	9.24811	4.26176	0	0	0	0	0	0	0	0	0	0	0	0	0
05.500,00.000	26.4	5.5	-200	0	4.5	550.059	205.798	195.278	87.8282	34.7995	12.7103	9.26082	4.38535	0	0	0	0	0	0	0	0	0	0	0	0	0
05.500,00.000	26.5	5.5	-200	0	4.5	563.606	210.343	200.276	89.6854	36.0705	13.1077	9.31007	4.81209	0	0	0	0	0	0	0	0	0	0	0	0	0
05.500,00.000	26.6	5.5	-200	0	4.5	566.807	211.421	201.448	90.1316	36.3661	13.2041	9.32291	4.9134	0	0	0	0	0	0	0	0	0	0	0	0	0
05.500,00.000	26.7	5.5	-200	0	4.5	573.573	213.754	203.94	91.0087	36.9727	13.4162	9.3562	5.12618	0	0	0	0	0	0	0	0	0	0	0	0	0
05.500,00.000	26.8	5.5	-200	0	4.5	576.012	214.588	204.838	91.3337	37.1848	13.4952	9.36887	5.20408	0	0	0	0	0	0	0	0	0	0	0	0	0
05.500,00.000	26.9	5.5	-200	0	4.5	598.994	222.44	213.235	94.2382	39.3388	14.2818	9.51118	5.94995	0	0	0	0	0	0	0	0	0	0	0	0	0
05.500,00.000	27	5.5	-200	0	4.5	604.29	224.259	215.124	94.94	39.8155	14.4747	9.5471	6.1293	0	0	0	0	0	0	0	0	0	0	0	0	0
05.500,00.000	27.1	5.5	-200	0	4.5	617.557	228.984	219.886	96.5251	40.9999	14.9573	9.6476	6.55702	0	0	0	0	0	0	0	0	0	0	0	0	0
05.500,00.000	27.2	5.5	-200	0	4.5	624.443	231.459	222.364	97.3013	41.6117	15.2187	9.70393	6.78451	0	0	0	0	0	0	0	0	0	0	0	0	0
05.500,00.000	27.3	5.5	-200	0	4.5	628.211	232.812	223.738	97.7026	41.9519	15.3637	9.73738	6.90618	0	0	0	0	0	0	0	0	0	0	0	0	0
05.500,00.000	27.4	5.5	-200	0	4.5	631.986	234.197	225.084	98.0931	42.2956	15.5139	9.77358	7.02877	0	0	0	0	0	0	0	0	0	0	0	0	0
05.500,00.000	27.5	5.5	-200	0	4.5	647.396	239.896	230.485	99.6574	43.7331	16.1516	9.93416	7.53777	0	0	0	0	0	0	0	0	0	0	0	0	0
05.500,00.000	27.6	5.5	-200	0	4.5	650.869	241.191	231.703	99.9936	44.052	16.3014	9.97269	7.655	0	0	0	0	0	0	0	0	0	0	0	0	0
05.500,00.000	27.7	5.5	-200	0	4.5	652.096	241.662	232.126	100.106	44.1643	16.3553	9.98733	7.69532	0	0	0	0	0	0	0	0	0	0	0	0	0
05.500,00.000	27.8	5.5	-200	0	4.5	659.14	244.399	234.518	100.736	44.8141	16.6709	10.075	7.92651	0	0	0	0	0	0	0	0	0	0	0	0	0
05.500,00.000	27.9	5.5	-200	0	4.5	674.81	250.571	239.749	102.096	46.2711	17.3961	10.2812	8.44578	0	0	0	0	0	0	0	0	0	0	0	0	0
05.500,00.000	28	5.5	-200	0	4.5	678.137	251.907	240.843	102.369	46.5783	17.555	10.3271	8.55745	0	0	0	0	0	0	0	0	0	0	0	0	0
05.500,00.000	28.1	5.5	-200	0	4.5	687.592	255.763	243.937	103.108	47.4407	18.0122	10.4644	8.86604	0	0	0	0	0	0	0	0	0	0	0	0	0
05.500,00.000	28.2	5.5	-200	0	4.5	693.273	258.079	245.799	103.534	47.9596	18.2961	10.5507	9.05413	0	0	0	0	0	0	0	0	0	0	0	0	0
05.500,00.000	28.3	5.5	-200	0	4.5	696.936	259.589	246.986	103.798	48.2928	18.4847	10.6095	9.17548	0	0	0	0	0	0	0	0	0	0	0	0	0
05.500,00.000	28.4	5.5	-200	0	4.5	700.57	261.097	248.155	104.049	48.6232	18.6782	10.671	9.24202	0.055061	0	0	0	0	0	0	0	0	0	0	0	0
05.500,00.000	28.5	5.5	-200	0	4.5	706.608	263.595	250.09	104.45	49.1771	19.0133	10.78	9.25042	0.252984	0	0	0	0	0	0	0	0	0	0	0	0
05.500,00.000	28.6	5.5	-200	0	4.5	725.269	271.324	256.021	105.641	50.8954	20.0954	11.1389	9.27097	0.881557	0	0	0	0	0	0	0	0	0	0	0	0
05.500,00.000	28.7	5.5	-200	0	4.5	728.92	272.836	257.19	105.86	51.2295	20.3123	11.2119	9.27097	1.00961	0	0	0	0	0	0	0	0	0	0	0	0
05.500,00.000	28.8	5.5	-200	0	4.5	738.821	276.967	260.324	106.424	52.1223	20.924	11.4288	9.27097	1.35933	0	0	0	0	0	0	0	0	0	0	0	0
05.500,00.000	28.9	5.5	-200	0	4.5	741.407	278.013	261.164	106.568	52.3587	21.0907	11.4883	9.27097	1.45311	0	0	0	0	0	0	0	0	0	0	0	0
05.500,00.000	29	5.5	-200	0	4.5	747.033	280.349	262.955	106.853	52.8575	21.4641	11.628	9.27097	1.65557	0	0	0	0	0	0	0	0	0	0	0	0
05.500,00.000	29.1	5.5	-200	0	4.5	754.493	283.452	265.318	107.213	53.5165	21.9735	11.8219	9.27097	1.92697	0	0	0	0	0	0	0	0	0	0	0	0
05.500,00.000	29.2	5.5	-200	0	4.5	758.794	285.36	266.617	107.399	53.8738	22.2619	11.9341	9.27097	2.0776	0	0	0	0	0	0	0	0	0	0	0	0
05.500,00.000	29.3	5.5	-200	0	4.5	762.169	286.864	267.635	107.534	54.1468	22.495	12.027	9.27107	2.19651	0	0	0	0	0	0	0	0	0	0	0	0
05.500,00.000	29.4	5.5	-200	0	4.5	765.533	288.38	268.639	107.658	54.4113	22.7333	12.124	9.27181	2.31567	0	0	0	0	0	0	0	0	0	0	0	0
05.500,00.000	29.5	5.5	-200	0	4.5	769.593	290.25	269.821	107.793	54.7211	23.0276	12.2462	9.27292	2.46056	0	0	0	0	0	0	0	0	0	0	0	0
05.500,00.000	29.6	5.5	-200	0	4.5	787.689	298.644	275.005	108.365	56.0681	24.3863	12.8224	9.28209	3.11629	0	0	0	0	0	0	0	0	0	0	0	0
05.500,00.000	29.7	5.5	-200	0	4.5	791.457	300.394	276.075	108.495	56.3411	24.6711	12.9444	9.28446	3.25195	0	0	0	0	0	0	0	0	0	0	0	0
05.500,00.000	29.8	5.5	-200	0	4.5	796.593	302.621	277.636	108.649	56.716	25.0979	13.1321	9.29109	3.45024	0	0	0	0	0	0	0	0	0	0	0	0
05.500,00.000	29.9	5.5	-200	0	4.5	797.873	303.109	278.062	108.692	56.8147	25.2145	13.1839	9.29309	3.50391	0	0	0	0	0	0	0	0	0	0	0	0
05.500,00.000	30	5.5	-200	0	4.5	801.894	304.787	279.315	108.807	57.0935	25.5734	13.3489	9.3037	3.66639	0	0	0	0	0	0	0	0	0	0	0	0
05.500,00.000	30.1	5.5	-200	0	4.5	808.585	307.561	281.406	108.991	57.5461	26.1833	13.6339	9.32347	3.93983	0	0	0	0	0	0	0	0	0	0	0	0
05.500,00.000	30.2	5.5	-200	0	4.5	812.301	309.105	282.561	109.089	57.7891	26.5282	13.7982	9.33741	4.09306	0	0	0	0	0	0	0	0	0	0	0	0
05.500,00.000	30.3	5.5	-200	0	4.5	815.093	310.266	283.426	109.157	57.9638	26.7928	13.9276	9.35027	4.20966	0	0	0	0	0	0	0	0	0	0	0	0
05.500,00.000	30.4	5.5	-200	0	4.5	817.872	311.434	284.276	109.22	58.1293	27.0592	14.0608	9.3653	4.32646	0	0	0	0	0	0	0	0	0	0	0	0
05.500,00.000	30.5	5.5	-200	0	4.5	820.697	312.617	285.128	109.281	58.293	27.3396	14.2043	9.38408	4.44935	0	0	0	0	0	0	0	0	0	0	0	0
05.500,00.000	30.6	5.5	-200	0	4.5	833.486	317.987	288.96	109.533	58.9976	28.6307	14.8832	9.48193	5.01312	0	0	0	0	0	0	0	0	0	0	0	0
05.500,00.000	30.7	5.5	-200	0	4.5	838.257	320.015	290.364	109.626	59.2506	29.1143	15.142	9.52174	5.22356	0	0	0	0	0	0	0	0	0	0	0	0
05.500,00.000	30.8	5.5	-200	0	4.5	838.553	320.139	290.452	109.631	59.2654	29.145	15.1591	9.52468	5.23695	0	0	0	0	0	0	0	0	0	0	0	0
05.500,00.000	30.9	5.5	-200	0	4.5	838.872	320.272	290.546	109.637	59.2806	29.1787	15.1783	9.52822	5.25172	0	0	0	0	0	0	0	0	0	0	0	0
05.500,00.000	31	5.5	-200	0	4.5	841.438	321.346	291.299	109.678	59.3939	29.4491	15.3397	9.55995	5.37134	0	0	0	0	0	0	0	0	0	0	0	0
05.500,00.000	31.1	5.5	-200	0	4.5	847.78	324.034	293.144	109.774	59.6582	30.113	15.7468	9.64324	5.66697	0	0	0	0	0	0	0	0	0	0	0	0
05.500,00.000	31.2	5.5	-200	0	4.5	851.261	325.555	294.122	109.824	59.7935	30.4727	15.9741	9.69179	5.82843	0	0	0	0	0	0	0	0	0	0	0	0
05.500,00.000	31.3	5.5	-200	0	4.5	853.68	326.605	294.801	109.855	59.8808	30.7249	16.1404	9.7289	5.9433	0	0	0	0	0	0	0	0	0	0	0	0
05.500,00.000	31.4	5.5	-200	0	4.5	856.054	327.634	295.464	109.884	59.9606	30.974	16.3108	9.76864	6.05826	0	0	0	0	0	0	0	0	0	0	0	0
05.500,00.000	31.5	5.5	-200	0	4.5	865.032	331.428	297.958	110.01	60.2446	31.9413	16.9999	9.93565	6.51459	0	0	0	0	0	0	0	0	0	0	0	0
05.500,00.000	31.6	5.5	-200	0	4.5	876.839	336.305	301.249	110.202	60.5957	33.2279	17.9529	10.1761	7.13012	0	0	0	0	0	0	0	0	0	0	0	0
05.500,00.000	31.7	5.5	-200	0	4.5	883.275	338.88	303.126	110.301	60.7726	33.922	18.4883	10.3183	7.46811	0	0	0	0	0	0	0	0	0	0	0	0
05.500,00.000	31.8	5.5	-200	0	4.5	883.332	338.904	303.142	110.301	60.774	33.9279	18.493	10.3196	7.47105	0	0	0	0	0	0	0	0	0	0	0	0
05.500,00.000	31.9	5.5	-200	0	4.5	883.516	338.98	303.193	110.304	60.7779	33.9468	18.5092	10.3243	7.48073	0	0	0	0	0	0	0	0	0	0	0	0
05.500,00.000	32	5.5	-200	0	4.5	885.04	339.646	303.603	110.322	60.8054	34.094	18.6439	10.3659	7.5591	0	0	0	0	0	0	0	0	0	0	0	0
05.500,00.000	32.1	5.5	-200	0	4.5	893.116	343.169	305.708	110.415	60.9436	34.8878	19.3987	10.6046	7.99071	0	0	0	0	0	0	0	0	0	0	0	0
05.500,00.000	32.2	5.5	-200	0	4.5	896.919	344.863	306.671	110.457	61.0025	35.2517	19.7589	10.7219	8.19317	0	0	0	0	0	0	0	0	0	0	0	0
05.500,00.000	32.3	5.5	-200	0	4.5	898.979	345.782	307.186	110.476	61.0301	35.444	19.9627	10.7924	8.30515	0	0	0	0	0	0	0	0	0	0	0	0
05.500,00.000	32.4	5.5	-200	0	4.5	901.027	346.705	307.689	110.493	61.0537	35.63	20.171	10.8669	8.41778	0	0	0	0	0	0	0	0	0	0	0	0
05.500,00.000	32.5	5.5	-200	0	4.5	907.08	349.416	309.155	110.538	61.1131	36.1718	20.8161	11.1073	8.76216	0	0	0	0	0	0	0	0	0	0	0	0
05.500,00.000	32.6	5.5	-200	0	4.5	913.854	352.507	310.768	110.58	61.1693	36.7524	21.5452	11.3891	9.14368	0	0	0	0	0	0	0	0	0	0	0	0
05.500,00.000	32.7	5.5	-200	0	4.5	929.274	359.523	314.359	110.659	61.2778	38.0501	23.2768	12.0877	9.82289	0.217524	0	0	0	0	0	0	0	0	0	0	0
05.500,00.000	32.8	5.5	-200	0	4.5	931.861	360.76	314.944	110.671	61.2936	38.2532	23.555	12.2018	9.75802	0.424776	0	0	0	0	0	0	0	0	0	0	0
05.500,00.000	32.9	5.5	-200	0	4.5	958.515	373.671	320.831	110.758	61.4004	40.2088	26.4981	13.4891	9.81132	1.84699	0	0	0	0	0	0	0	0	0	0	0
05.500,00.000	33	5.5	-200	0	4.5	966.496	377.75	322.443	110.782	61.4278	40.7704	27.3619	13.8737	9.81317	2.27452	0	0	0	0	0	0	0	0	0	0	0
05.500,00.000	33.1	5.5	-200	0	4.5	973.501	381.501	323.762	110.798	61.4377	41.2087	28.1052	14.2276	9.8236	2.63793	0	0	0	0	0	0	0	0	0	0	0
05.500,00.000	33.2	5.5	-200	0	4.5	977.337	383.594	324.45	110.805	61.4414	41.4402	28.5136	14.427	9.82969	2.83592	0	0	0	0	0	0	0	0	0	0	0
05.500,00.000	33.3	5.5	-200	0	4.5	979.469	384.799	324.808	110.808	61.4426	41.5566	28.736	14.5408	9.83448	2.94304	0	0	0	0	0	0	0	0	0	0	0
05.500,00.000	33.4	5.5	-200	0	4.5	981.625	386.041	325.15	110.81	61.4432	41.6667	28.9612	14.6603	9.84055	3.05105	0	0	0	0	0	0	0	0	0	0	0
05.500,00.000	33.5	5.5	-200	0	4.5	983.843	387.32	325.486	110.812	61.4434	41.7754	29.2004	14.7921	9.8483	3.16599	0	0	0	0	0	0	0	0	0	0	0
05.500,00.000	33.6	5.5	-200	0	4.5	996.389	394.71	327.264	110.817	61.4434	42.3391	30.5427	15.5636	9.90028	3.80978	0	0	0	0	0	0	0	0	0	0	0
05.500,00.000	33.7	5.5	-200	0	4.5	999.009	396.281	327.612	110.818	61.4434	42.452	30.821	15.7265	9.91231	3.94302	0	0	0	0	0	0	0	0	0	0	0
05.500,00.000	33.8	5.5	-200	0	4.5	1026.86	412.838	331.088	110.823	61.4434	43.5619	33.915	17.6536	10.1036	5.43306	0	0	0	0	0	0	0	0	0	0	0
05.500,00.000	33.9	5.5	-200	0	4.5	1033.89	417.207	331.98	110.824	61.4434	43.8061	34.6171	18.0974	10.1503	5.76797	0	0	0	0	0	0	0	0	0	0	0
05.500,00.000	34	5.5	-200	0	4.5	1034.74	417.738	332.084	110.824	61.4434	43.8311	34.6997	18.1536	10.1585	5.80802	0	0	0	0	0	0	0	0	0	0	0
05.500,00.000	34.1	5.5	-200	0	4.5	1044.32	423.779	333.183	110.824	61.4434	44.098	35.6425	18.8154	10.2651	6.26701	0	0	0	0	0	0	0	0	0	0	0
05.500,00.000	34.2	5.5	-200	0	4.5	1048.87	426.657	333.71	110.824	61.4434	44.2162	36.0832	19.1326	10.3196	6.4822	0	0	0	0	0	0	0	0	0	0	0
05.500,00.000	34.3	5.5	-200	0	4.5	1051.12	428.126	333.939	110.824	61.4434	44.2666	36.2936	19.292	10.3507	6.58648	0	0	0	0	0	0	0	0	0	0	0
05.500,00.000	34.4	5.5	-200	0	4.5	1053.39	429.615	334.159	110.824	61.4434	44.3118	36.5025	19.4568	10.3856	6.69129	0	0	0	0	0	0	0	0	0	0	0
05.500,00.000	34.5	5.5	-200	0	4.5	1055.67	431.116	334.371	110.824	61.4434	44.352	36.7106	19.6277	10.4245	6.79711	0	0	0	0	0	0	0	0	0	0	0
05.500,00.000	34.6	5.5	-200	0	4.5	1069.35	440.026	335.587	110.824	61.4434	44.5714	38.0029	20.7381	10.6954	7.46588	0	0	0	0	0	0	0	0	0	0	0
05.500,00.000	34.7	5.5	-200	0	4.5	1082.34	448.731	336.567	110.824	61.4434	44.7514	39.1857	21.7929	10.9676	8.08234	0	0	0	0	0	0	0	0	0	0	0
05.500,00.000	34.8	5.5	-200	0	4.5	1083.56	449.556	336.668	110.824	61.4434	44.7659	39.2888	21.8871	10.9928	8.13641	0	0	0	0	0	0	0	0	0	0	0
05.500,00.000	34.9	5.5	-200	0	4.5	1084.95	450.504	336.776	110.824	61.4434	44.7782	39.401	21.9986	11.0255	8.19729	0	0	0	0	0	0	0	0	0	0	0
05.500,00.000	35	5.5	-200	0	4.5	1092.74	455.864	337.368	110.824	61.4434	44.8401	40.0176	22.63	11.2147	8.53495	0	0	0	0	0	0	0	0	0	0	0
05.500,00.000	35.1	5.5	-200	0	4.5	1097.96	459.47	337.748	110.824	61.4434	44.8764	40.424	23.0621	11.3479	8.76091	0	0	0	0	0	0	0	0	0	0	0
05.500,00.000	35.2	5.5	-200	0	4.5	1100.7	461.346	337.97	110.824	61.4434	44.8919	40.6302	23.2929	11.4215	8.87829	0	0	0	0	0	0	0	0	0	0	0
05.500,00.000	35.3	5.5	-200	0	4.5	1103.11	463.014	338.153	110.824	61.4434	44.9027	40.8045	23.4984	11.4893	8.98016	0	0	0	0	0	0	0	0	0	0	0
05.500,00.000	35.4	5.5	-200	0	4.5	1105.56	464.726	338.329	110.824	61.4434	44.9113	40.9754	23.7098	11.561	9.00628	0.0760597	0	0	0	0	0	0	0	0	0	0
05.500,00.000	35.5	5.5	-200	0	4.5	1108.05	466.475	338.498	110.824	61.4434	44.9176	41.1432	23.9279	11.637	9.01981	0.1655	0	0	0	0	0	0	0	0	0	0
05.500,00.000	35.6	5.5	-200	0	4.5	1119	474.069	339.203	110.824	61.4434	44.9376	41.8933	24.9602	12.0061	9.08032	0.580183	0	0	0	0	0	0	0	0	0	0
05.500,00.000	35.7	5.5	-200	0	4.5	1131.26	482.72	339.936	110.824	61.4434	44.9533	42.6819	26.1022	12.4239	9.08032	1.09302	0	0	0	0	0	0	0	0	0	0
05.500,00.000	35.8	5.5	-200	0	4.5	1132.67	483.702	340.037	110.824	61.4434	44.9546	42.7684	26.2318	12.4723	9.08032	1.15043	0	0	0	0	0	0	0	0	0	0
05.500,00.000	35.9	5.5	-200	0	4.5	1135.86	485.974	340.236	110.824	61.4434	44.9552	42.9485	26.534	12.5903	9.08032	1.27906	0	0	0	0	0	0	0	0	0	0
05.500,00.000	36	5.5	-200	0	4.5	1138.97	488.181	340.43	110.824	61.4434	44.9553	43.1167	26.8289	12.7073	9.08032	1.40246	0	0	0	0	0	0	0	0	0	0
05.500,00.000	36.1	5.5	-200	0	4.5	1144.04	491.836	340.701	110.824	61.4434	44.9553	43.3737	27.3196	12.9078	9.08032	1.60242	0	0	0	0	0	0	0	0	0	0
05.500,00.000	36.2	5.5	-200	0	4.5	1147.33	494.202	340.872	110.824	61.4434	44.9553	43.5325	27.6422	13.0425	9.08032	1.73144	0	0	0	0	0	0	0	0	0	0
05.500,00.000	36.3	5.5	-200	0	4.5	1149.87	496.038	340.992	110.824	61.4434	44.9553	43.649	27.899	13.1527	9.08032	1.83181	0	0	0	0	0	0	0	0	0	0
05.500,00.000	36.4	5.5	-200	0	4.5	1152.41	497.879	341.106	110.824	61.4434	44.9553	43.7593	28.1608	13.2681	9.08032	1.93212	0	0	0	0	0	0	0	0	0	0
05.500,00.000	36.5	5.5	-200	0	4.5	1154.98	499.751	341.213	110.824	61.4434	44.9553	43.8637	28.4282	13.3888	9.08032	2.03278	0	0	0	0	0	0	0	0	0	0
05.500,00.000	36.6	5.5	-200	0	4.5	1163.42	505.773	341.558	110.824	61.4434	44.9553	44.2043	29.3759	13.8273	9.08042	2.38374	0	0	0	0	0	0	0	0	0	0
05.500,00.000	36.7	5.5	-200	0	4.5	1174.15	513.444	342.004	110.824	61.4434	44.9553	44.6075	30.5768	14.3958	9.08178	2.8216	0	0	0	0	0	0	0	0	0	0
05.500,00.000	36.8	5.5	-200	0	4.5	1175.53	514.417	342.071	110.824	61.4434	44.9553	44.658	30.7334	14.471	9.08223	2.87826	0	0	0	0	0	0	0	0	0	0
05.500,00.000	36.9	5.5	-200	0	4.5	1176.11	514.83	342.094	110.824	61.4434	44.9553	44.6763	30.7982	14.5036	9.08268	2.90127	0	0	0	0	0	0	0	0	0	0
05.500,00.000	37	5.5	-200	0	4.5	1180.7	518.136	342.258	110.824	61.4434	44.9553	44.816	31.32	14.7721	9.08727	3.08529	0	0	0	0	0	0	0	0	0	0
05.500,00.000	37.1	5.5	-200	0	4.5	1185.19	521.388	342.412	110.824	61.4434	44.9553	44.9444	31.8306	15.0409	9.09271	3.26332	0	0	0	0	0	0	0	0	0	0
05.500,00.000	37.2	5.5	-200	0	4.5	1188.04	523.452	342.502	110.824	61.4434	44.9553	45.0199	32.1547	15.2165	9.09695	3.3746	0	0	0	0	0	0	0	0	0	0
05.500,00.000	37.3	5.5	-200	0	4.5	1190.52	525.259	342.573	110.824	61.4434	44.9553	45.081	32.4399	15.3757	9.10164	3.47112	0	0	0	0	0	0	0	0	0	0
05.500,00.000	37.4	5.5	-200	0	4.5	1193	527.062	342.638	110.824	61.4434	44.9553	45.1373	32.7253	15.5397	9.1072	3.56643	0	0	0	0	0	0	0	0	0	0
05.500,00.000	37.5	5.5	-200	0	4.5	1195.51	528.898	342.699	110.824	61.4434	44.9553	45.1897	33.014	15.7103	9.11388	3.6618	0	0	0	0	0	0	0	0	0	0
05.500,00.000	37.6	5.5	-200	0	4.5	1197.97	530.654	342.755	110.824	61.4434	44.9553	45.2408	33.3194	15.8961	9.12203	3.76183	0	0	0	0	0	0	0	0	0	0
05.500,00.000	37.7	5.5	-200	0	4.5	1214.39	542.474	343.079	110.824	61.4434	44.9553	45.5482	35.3186	17.1532	9.18257	4.40917	0	0	0	0	0	0	0	0	0	0
05.500,00.000	37.8	5.5	-200	0	4.5	1217.63	544.808	343.15	110.824	61.4434	44.9553	45.6064	35.7101	17.4028	9.19509	4.53505	0	0	0	0	0	0	0	0	0	0
05.500,00.000	37.9	5.5	-200	0	4.5	1218.88	545.711	343.172	110.824	61.4434	44.9553	45.6257	35.8594	17.5034	9.20082	4.58241	0	0	0	0	0	0	0	0	0	0
05.500,00.000	38	5.5	-200	0	4.5	1219.75	546.348	343.187	110.824	61.4434	44.9553	45.6387	35.9638	17.5748	9.20499	4.61537	0	0	0	0	0	0	0	0	0	0
05.500,00.000	38.1	5.5	-200	0	4.5	1224.76	549.986	343.256	110.824	61.4434	44.9553	45.7051	36.5577	17.9988	9.23182	4.80098	0	0	0	0	0	0	0	0	0	0
05.500,00.000	38.2	5.5	-200	0	4.5	1228.13	552.448	343.301	110.824	61.4434	44.9553	45.7466	36.952	18.2866	9.25067	4.92361	0	0	0	0	0	0	0	0	0	0
05.500,00.000	38.3	5.5	-200	0	4.5	1230.49	554.163	343.328	110.824	61.4434	44.9553	45.773	37.2283	18.4955	9.265	5.00917	0	0	0	0	0	0	0	0	0	0
05.500,00.000	38.4	5.5	-200	0	4.5	1232.83	555.875	343.352	110.824	61.4434	44.9553	45.7968	37.5029	18.7097	9.28023	5.09383	0	0	0	0	0	0	0	0	0	0
05.500,00.000	38.5	5.5	-200	0	4.5	1235.17	557.576	343.374	110.824	61.4434	44.9553	45.818	37.7753	18.929	9.29656	5.17755	0	0	0	0	0	0	0	0	0	0
05.500,00.000	38.6	5.5	-200	0	4.5	1238.79	560.109	343.404	110.824	61.4434	44.9553	45.8504	38.2398	19.3158	9.32656	5.32061	0	0	0	0	0	0	0	0	0	0
05.500,00.000	38.7	5.5	-200	0	4.5	1250.23	568.263	343.477	110.824	61.4434	44.9553	45.9372	39.634	20.5222	9.42363	5.75304	0	0	0	0	0	0	0	0	0	0
05.500,00.000	38.8	5.5	-200	0	4.5	1252.18	569.613	343.49	110.824	61.4434	44.9553	45.9521	39.8862	20.7447	9.44206	5.83144	0	0	0	0	0	0	0	0	0	0
05.500,00.000	38.9	5.5	-200	0	4.5	1252.52	569.847	343.492	110.824	61.4434	44.9553	45.9541	39.9286	20.7851	9.44569	5.84485	0	0	0	0	0	0	0	0	0	0
05.500,00.000	39	5.5	-200	0	4.5	1252.83	570.06	343.493	110.824	61.4434	44.9553	45.9557	39.9671	20.8224	9.4491	5.85702	0	0	0	0	0	0	0	0	0	0
05.500,00.000	39.1	5.5	-200	0	4.5	1258.62	573.984	343.619	110.824	61.4434	44.9553	45.9805	40.667	21.5439	9.51868	6.08162	0	0	0	0	0	0	0	0	0	0
05.500,00.000	39.2	5.5	-200	0	4.5	1262.02	576.044	343.942	110.824	61.4434	44.9553	45.9933	41.0693	21.9709	9.56093	6.21192	0	0	0	0	0	0	0	0	0	0
05.500,00.000	39.3	5.5	-200	0	4.5	1264.01	577.26	344.115	110.824	61.4434	44.9553	45.9991	41.3024	22.2329	9.58813	6.28876	0	0	0	0	0	0	0	0	0	0
05.500,00.000	39.4	5.5	-200	0	4.5	1265.98	578.456	344.289	110.824	61.4434	44.9553	46.0033	41.5296	22.5008	9.61691	6.36483	0	0	0	0	0	0	0	0	0	0
05.500,00.000	39.5	5.5	-200	0	4.5	1267.94	579.63	344.465	110.824	61.4434	44.9553	46.006	41.7503	22.7741	9.64717	6.43994	0	0	0	0	0	0	0	0	0	0
05.500,00.000	39.6	5.5	-200	0	4.5	1271.81	581.79	344.842	110.824	61.4434	44.9553	46.0092	42.2281	23.3983	9.71844	6.60621	0	0	0	0	0	0	0	0	0	0
05.500,00.000	39.7	5.5	-200	0	4.5	1280.61	586.88	345.663	110.824	61.4434	44.9553	46.0123	43.2236	24.7704	9.88064	6.96105	0	0	0	0	0	0	0	0	0	0
05.500,00.000	39.8	5.5	-200	0	4.5	1282.03	587.681	345.801	110.824	61.4434	44.9553	46.0127	43.387	25.0018	9.90841	7.01997	0	0	0	0	0	0	0	0	0	0
05.500,00.000	39.9	5.5	-200	0	4.5	1284.13	588.842	346.013	110.824	61.4434	44.9553	46.0127	43.6173	25.3626	9.95394	7.10702	0	0	0	0	0	0	0	0	0	0
05.500,00.000	40	5.5	-200	0	4.5	1285.31	589.547	346.052	110.824	61.4434	44.9553	46.0127	43.7517	25.5809	9.98198	7.1588	0	0	0	0	0	0	0	0	0	0
05.500,00.000	40.1	5.5	-200	0	4.5	1288.13	591.294	346.052	110.824	61.4434	44.9553	46.0127	44.0688	26.137	10.0566	7.2869	0	0	0	0	0	0	0	0	0	0
05.500,00.000	40.2	5.5	-200	0	4.5	1290.08	592.492	346.052	110.824	61.4434	44.9553	46.0127	44.2814	26.5289	10.1105	7.37542	0	0	0	0	0	0	0	0	0	0
05.500,00.000	40.3	5.5	-200	0	4.5	1291.55	593.391	346.052	110.824	61.4434	44.9553	46.0127	44.4374	26.8374	10.1544	7.44334	0	0	0	0	0	0	0	0	0	0
05.500,00.000	40.4	5.5	-200	0	4.5	1293	594.262	346.052	110.824	61.4434	44.9553	46.0127	44.5853	27.1493	10.2002	7.51038	0	0	0	0	0	0	0	0	0	0
05.500,00.000	40.5	5.5	-200	0	4.5	1294.4	595.104	346.052	110.824	61.4434	44.9553	46.0127	44.7249	27.4642	10.248	7.57649	0	0	0	0	0	0	0	0	0	0
05.500,00.000	40.6	5.5	-200	0	4.5	1297.44	596.775	346.052	110.824	61.4434	44.9553	46.0127	45.0411	28.231	10.3681	7.73381	0	0	0	0	0	0	0	0	0	0
05.500,00.000	40.7	5.5	-200	0	4.5	1302.75	599.662	346.052	110.824	61.4434	44.9553	46.0127	45.5778	29.6188	10.5931	8.01307	0	0	0	0	0	0	0	0	0	0
05.500,00.000	40.8	5.5	-200	0	4.5	1303.63	600.14	346.052	110.824	61.4434	44.9553	46.0127	45.6627	29.8456	10.6308	8.05834	0	0	0	0	0	0	0	0	0	0
05.500,00.000	40.9	5.5	-200	0	4.5	1304.57	600.653	346.052	110.824	61.4434	44.9553	46.0127	45.7489	30.0999	10.6766	8.10794	0	0	0	0	0	0	0	0	0	0
05.500,00.000	41	5.5	-200	0	4.5	1304.94	600.837	346.052	110.824	61.4434	44.9553	46.0127	45.783	30.2034	10.6957	8.12803	0	0	0	0	0	0	0	0	0	0
05.500,00.000	41.1	5.5	-200	0	4.5	1308.65	602.78	346.052	110.824	61.4434	44.9553	46.0127	46.0987	31.2466	10.904	8.3284	0	0	0	0	0	0	0	0	0	0
05.500,00.000	41.2	5.5	-200	0	4.5	1310.66	603.833	346.052	110.824	61.4434	44.9553	46.0127	46.2654	31.818	11.0226	8.43781	0	0	0	0	0	0	0	0	0	0
05.500,00.000	41.3	5.5	-200	0	4.5	1311.76	604.415	346.052	110.824	61.4434	44.9553	46.0127	46.3487	32.1245	11.0908	8.49604	0	0	0	0	0	0	0	0	0	0
05.500,00.000	41.4	5.5	-200	0	4.5	1312.84	604.979	346.052	110.824	61.4434	44.9553	46.0127	46.4273	32.4318	11.1631	8.55405	0	0	0	0	0	0	0	0	0	0
05.500,00.000	41.5	5.5	-200	0	4.5	1314.09	605.582	346.052	110.824	61.4434	44.9553	46.0127	46.5193	32.8157	11.2582	8.62607	0	0	0	0	0	0	0	0	0	0
05.500,00.000	41.6	5.5	-200	0	4.5	1318.34	607.713	346.112	110.824	61.4434	44.9553	46.0127	46.7954	34.0475	11.5806	8.8558	0	0	0	0	0	0	0	0	0	0
05.500,00.000	41.7	5.5	-200	0	4.5	1319.52	608.276	346.145	110.824	61.4434	44.9553	46.0127	46.8699	34.394	11.6744	8.92034	0	0	0	0	0	0	0	0	0	0
05.500,00.000	41.8	5.5	-200	0	4.5	1326.36	611.421	346.308	110.824	61.4434	44.9553	46.0127	47.2849	36.5053	12.2913	9.31304	0	0	0	0	0	0	0	0	0	0
05.500,00.000	41.9	5.5	-200	0	4.5	1327.67	612.037	346.342	110.824	61.4434	44.9553	46.0127	47.3601	36.8987	12.4088	9.3863	0	0	0	0	0	0	0	0	0	0
05.500,00.000	42	5.5	-200	0	4.5	1327.71	612.054	346.343	110.824	61.4434	44.9553	46.0127	47.3621	36.9106	12.4127	9.3885	0	0	0	0	0	0	0	0	0	0