
label	time(d)	x	depth	z	radius	total	0-10	10-20	20-30	30-40	40-50	50-60	60-70	70-80	80-90	90-100	100-110	110-120	120-130	130-140	140-150	150-160	160-170	170-180	180-190	190-200
00.000,00.000	0	0	-200	0	4.5	0	0	0	0	0	0	0	0	0	0	0	0	0	0	0	0	0	0	0	0	0
00.000,00.000	0.1	0	-200	0	4.5	0.37949	0.37949	0	0	0	0	0	0	0	0	0	0	0	0	0	0	0	0	0	0	0
00.000,00.000	0.2	0	-200	0	4.5	0.761528	0.761528	0	0	0	0	0	0	0	0	0	0	0	0	0	0	0	0	0	0	0
00.000,00.000	0.3	0	-200	0	4.5	1.1463	1.1463	0	0	0	0	0	0	0	0	0	0	0	0	0	0	0	0	0	0	0
00.000,00.000	0.4	0	-200	0	4.5	1.53368	1.53368	0	0	0	0	0	0	0	0	0	0	0	0	0	0	0	0	0	0	0
00.000,00.000	0.5	0	-200	0	4.5	1.92318	1.92318	0	0	0	0	0	0	0	0	0	0	0	0	0	0	0	0	0	0	0
00.000,00.000	0.6	0	-200	0	4.5	2.31465	2.31465	0	0	0	0	0	0	0	0	0	0	0	0	0	0	0	0	0	0	0
00.000,00.000	0.7	0	-200	0	4.5	2.70826	2.70826	0	0	0	0	0	0	0	0	0	0	0	0	0	0	0	0	0	0	0
00.000,00.000	0.8	0	-200	0	4.5	3.10405	3.10405	0	0	0	0	0	0	0	0	0	0	0	0	0	0	0	0	0	0	0
00.000,00.000	0.9	0	-200	0	4.5	3.50205	3.50205	0	0	0	0	0	0	0	0	0	0	0	0	0	0	0	0	0	0	0
00.000,00.000	1	0	-200	0	4.5	3.90307	3.90307	0	0	0	0	0	0	0	0	0	0	0	0	0	0	0	0	0	0	0
00.000,00.000	1.1	0	-200	0	4.5	4.31524	4.31524	0	0	0	0	0	0	0	0	0	0	0	0	0	0	0	0	0	0	0
00.000,00.000	1.2	0	-200	0	4.5	4.73989	4.73989	0	0	0	0	0	0	0	0	0	0	0	0	0	0	0	0	0	0	0
00.000,00.000	1.3	0	-200	0	4.5	5.17654	5.17654	0	0	0	0	0	0	0	0	0	0	0	0	0	0	0	0	0	0	0
00.000,00.000	1.4	0	-200	0	4.5	5.62474	5.62474	0	0	0	0	0	0	0	0	0	0	0	0	0	0	0	0	0	0	0
00.000,00.000	1.5	0	-200	0	4.5	6.08326	6.08326	0	0	0	0	0	0	0	0	0	0	0	0	0	0	0	0	0	0	0
00.000,00.000	1.6	0	-200	0	4.5	6.55051	6.55051	0	0	0	0	0	0	0	0	0	0	0	0	0	0	0	0	0	0	0
00.000,00.000	1.7	0	-200	0	4.5	7.03038	7.03038	0	0	0	0	0	0	0	0	0	0	0	0	0	0	0	0	0	0	0
00.000,00.000	1.8	0	-200	0	4.5	7.52424	7.43734	0.0868944	0	0	0	0	0	0	0	0	0	0	0	0	0	0	0	0	0	0
00.000,00.000	1.9	0	-200	0	4.5	8.03229	7.6729	0.359385	0	0	0	0	0	0	0	0	0	0	0	0	0	0	0	0	0	0
00.000,00.000	2	0	-200	0	4.5	8.55554	7.92438	0.63116	0	0	0	0	0	0	0	0	0	0	0	0	0	0	0	0	0	0
00.000,00.000	2.1	0	-200	0	4.5	9.14839	8.24568	0.90271	0	0	0	0	0	0	0	0	0	0	0	0	0	0	0	0	0	0
00.000,00.000	2.2	0	-200	0	4.5	9.8645	8.69053	1.17397	0	0	0	0	0	0	0	0	0	0	0	0	0	0	0	0	0	0
00.000,00.000	2.3	0	-200	0	4.5	10.7035	9.25905	1.44447	0	0	0	0	0	0	0	0	0	0	0	0	0	0	0	0	0	0
00.000,00.000	2.4	0	-200	0	4.5	11.6675	9.9523	1.71523	0	0	0	0	0	0	0	0	0	0	0	0	0	0	0	0	0	0
00.000,00.000	2.5	0	-200	0	4.5	12.7517	10.767	1.98473	0	0	0	0	0	0	0	0	0	0	0	0	0	0	0	0	0	0
00.000,00.000	2.6	0	-200	0	4.5	13.9557	11.7018	2.25387	0	0	0	0	0	0	0	0	0	0	0	0	0	0	0	0	0	0
00.000,00.000	2.7	0	-200	0	4.5	15.2879	12.7656	2.52231	0	0	0	0	0	0	0	0	0	0	0	0	0	0	0	0	0	0
00.000,00.000	2.8	0	-200	0	4.5	16.7324	13.9425	2.78994	0	0	0	0	0	0	0	0	0	0	0	0	0	0	0	0	0	0
00.000,00.000	2.9	0	-200	0	4.5	18.3124	15.2551	3.0573	0	0	0	0	0	0	0	0	0	0	0	0	0	0	0	0	0	0
00.000,00.000	3	0	-200	0	4.5	20.02	16.6958	3.32422	0	0	0	0	0	0	0	0	0	0	0	0	0	0	0	0	0	0
00.000,00.000	3.1	0	-200	0	4.5	21.7868	18.1963	3.59047	0	0	0	0	0	0	0	0	0	0	0	0	0	0	0	0	0	0
00.000,00.000	3.2	0	-200	0	4.5	23.5515	19.6952	3.8563	0	0	0	0	0	0	0	0	0	0	0	0	0	0	0	0	0	0
00.000,00.000	3.3	0	-200	0	4.5	25.3164	21.1947	4.12171	0	0	0	0	0	0	0	0	0	0	0	0	0	0	0	0	0	0
00.000,00.000	3.4	0	-200	0	4.5	27.0812	22.6949	4.38635	0	0	0	0	0	0	0	0	0	0	0	0	0	0	0	0	0	0
00.000,00.000	3.5	0	-200	0	4.5	28.8369	24.1866	4.65031	0	0	0	0	0	0	0	0	0	0	0	0	0	0	0	0	0	0
00.000,00.000	3.6	0	-200	0	4.5	30.5769	25.6632	4.91367	0	0	0	0	0	0	0	0	0	0	0	0	0	0	0	0	0	0
00.000,00.000	3.7	0	-200	0	4.5	32.3088	27.1323	5.17653	0	0	0	0	0	0	0	0	0	0	0	0	0	0	0	0	0	0
00.000,00.000	3.8	0	-200	0	4.5	34.0347	28.596	5.43872	0	0	0	0	0	0	0	0	0	0	0	0	0	0	0	0	0	0
00.000,00.000	3.9	0	-200	0	4.5	35.7589	30.0579	5.701	0	0	0	0	0	0	0	0	0	0	0	0	0	0	0	0	0	0
00.000,00.000	4	0	-200	0	4.5	37.4803	31.5178	5.96246	0	0	0	0	0	0	0	0	0	0	0	0	0	0	0	0	0	0
00.000,00.000	4.1	0	-200	0	4.5	39.1984	32.9751	6.2233	0	0	0	0	0	0	0	0	0	0	0	0	0	0	0	0	0	0
00.000,00.000	4.2	0	-200	0	4.5	40.9124	34.4288	6.48362	0	0	0	0	0	0	0	0	0	0	0	0	0	0	0	0	0	0
00.000,00.000	4.3	0	-200	0	4.5	42.6221	35.8789	6.74321	0	0	0	0	0	0	0	0	0	0	0	0	0	0	0	0	0	0
00.000,00.000	4.4	0	-200	0	4.5	44.3261	37.3237	7.00236	0	0	0	0	0	0	0	0	0	0	0	0	0	0	0	0	0	0
00.000,00.000	4.5	0	-200	0	4.5	45.9809	38.72	7.26092	0	0	0	0	0	0	0	0	0	0	0	0	0	0	0	0	0	0
00.000,00.000	4.6	0	-200	0	4.5	47.3723	39.8535	7.51875	0	0	0	0	0	0	0	0	0	0	0	0	0	0	0	0	0	0
00.000,00.000	4.7	0	-200	0	4.5	48.7594	40.3167	8.44267	0	0	0	0	0	0	0	0	0	0	0	0	0	0	0	0	0	0
00.000,00.000	4.8	0	-200	0	4.5	50.1426	40.597	9.54559	0	0	0	0	0	0	0	0	0	0	0	0	0	0	0	0	0	0
00.000,00.000	4.9	0	-200	0	4.5	51.5252	40.879	10.6462	0	0	0	0	0	0	0	0	0	0	0	0	0	0	0	0	0	0
00.000,00.000	5	0	-200	0	4.5	52.6699	41.1617	11.5081	0	0	0	0	0	0	0	0	0	0	0	0	0	0	0	0	0	0
00.000,00.000	5.1	0	-200	0	4.5	53.5666	41.3391	12.2275	0	0	0	0	0	0	0	0	0	0	0	0	0	0	0	0	0	0
00.000,00.000	5.2	0	-200	0	4.5	54.344	41.3895	12.9545	0	0	0	0	0	0	0	0	0	0	0	0	0	0	0	0	0	0
00.000,00.000	5.3	0	-200	0	4.5	54.9184	41.4394	13.479	0	0	0	0	0	0	0	0	0	0	0	0	0	0	0	0	0	0
00.000,00.000	5.4	0	-200	0	4.5	55.5009	41.4975	14.0034	0	0	0	0	0	0	0	0	0	0	0	0	0	0	0	0	0	0
00.000,00.000	5.5	0	-200	0	4.5	56.0852	41.5597	14.5256	0	0	0	0	0	0	0	0	0	0	0	0	0	0	0	0	0	0
00.000,00.000	5.6	0	-200	0	4.5	56.6792	41.6323	15.0469	0	0	0	0	0	0	0	0	0	0	0	0	0	0	0	0	0	0
00.000,00.000	5.7	0	-200	0	4.5	57.2778	41.7112	15.3919	0.174812	0	0	0	0	0	0	0	0	0	0	0	0	0	0	0	0	0
00.000,00.000	5.8	0	-200	0	4.5	57.794	41.8009	15.5679	0.425187	0	0	0	0	0	0	0	0	0	0	0	0	0	0	0	0	0
00.000,00.000	5.9	0	-200	0	4.5	58.1439	41.9007	15.5679	0.675209	0	0	0	0	0	0	0	0	0	0	0	0	0	0	0	0	0
00.000,00.000	6	0	-200	0	4.5	58.5028	42.0092	15.5689	0.924691	0	0	0	0	0	0	0	0	0	0	0	0	0	0	0	0	0
00.000,00.000	6.1	0	-200	0	4.5	58.871	42.1275	15.5699	1.1736	0	0	0	0	0	0	0	0	0	0	0	0	0	0	0	0	0
00.000,00.000	6.2	0	-200	0	4.5	59.2503	42.2553	15.5732	1.42177	0	0	0	0	0	0	0	0	0	0	0	0	0	0	0	0	0
00.000,00.000	6.3	0	-200	0	4.5	59.6438	42.3953	15.5792	1.66936	0	0	0	0	0	0	0	0	0	0	0	0	0	0	0	0	0
00.000,00.000	6.4	0	-200	0	4.5	60.0534	42.5489	15.588	1.91648	0	0	0	0	0	0	0	0	0	0	0	0	0	0	0	0	0
00.000,00.000	6.5	0	-200	0	4.5	60.4765	42.7123	15.6015	2.16267	0	0	0	0	0	0	0	0	0	0	0	0	0	0	0	0	0
00.000,00.000	6.6	0	-200	0	4.5	60.9285	42.9002	15.6199	2.40836	0	0	0	0	0	0	0	0	0	0	0	0	0	0	0	0	0
00.000,00.000	6.7	0	-200	0	4.5	61.4127	43.1152	15.644	2.65347	0	0	0	0	0	0	0	0	0	0	0	0	0	0	0	0	0
00.000,00.000	6.8	0	-200	0	4.5	61.9319	43.3608	15.6732	2.89784	0	0	0	0	0	0	0	0	0	0	0	0	0	0	0	0	0
00.000,00.000	6.9	0	-200	0	4.5	62.4974	43.647	15.7086	3.14182	0	0	0	0	0	0	0	0	0	0	0	0	0	0	0	0	0
00.000,00.000	7	0	-200	0	4.5	63.1123	43.9766	15.7506	3.38515	0	0	0	0	0	0	0	0	0	0	0	0	0	0	0	0	0
00.000,00.000	7.1	0	-200	0	4.5	63.7868	44.3597	15.7991	3.6279	0	0	0	0	0	0	0	0	0	0	0	0	0	0	0	0	0
00.000,00.000	7.2	0	-200	0	4.5	64.5244	44.8003	15.8539	3.87011	0	0	0	0	0	0	0	0	0	0	0	0	0	0	0	0	0
00.000,00.000	7.3	0	-200	0	4.5	65.3315	45.3044	15.9153	4.1118	0	0	0	0	0	0	0	0	0	0	0	0	0	0	0	0	0
00.000,00.000	7.4	0	-200	0	4.5	66.2104	45.8743	15.9832	4.35288	0	0	0	0	0	0	0	0	0	0	0	0	0	0	0	0	0
00.000,00.000	7.5	0	-200	0	4.5	67.1418	46.4921	16.0568	4.59284	0	0	0	0	0	0	0	0	0	0	0	0	0	0	0	0	0
00.000,00.000	7.6	0	-200	0	4.5	68.1491	47.1805	16.1363	4.83234	0	0	0	0	0	0	0	0	0	0	0	0	0	0	0	0	0
00.000,00.000	7.7	0	-200	0	4.5	69.2334	47.9396	16.2222	5.07154	0	0	0	0	0	0	0	0	0	0	0	0	0	0	0	0	0
00.000,00.000	7.8	0	-200	0	4.5	70.4025	48.778	16.3144	5.31009	0	0	0	0	0	0	0	0	0	0	0	0	0	0	0	0	0
00.000,00.000	7.9	0	-200	0	4.5	71.6747	49.7131	16.4133	5.54822	0	0	0	0	0	0	0	0	0	0	0	0	0	0	0	0	0
00.000,00.000	8	0	-200	0	4.5	73.0435	50.7385	16.5193	5.78567	0	0	0	0	0	0	0	0	0	0	0	0	0	0	0	0	0
00.000,00.000	8.1	0	-200	0	4.5	74.5219	51.8666	16.6326	6.02269	0	0	0	0	0	0	0	0	0	0	0	0	0	0	0	0	0
00.000,00.000	8.2	0	-200	0	4.5	76.1097	53.0964	16.754	6.25927	0	0	0	0	0	0	0	0	0	0	0	0	0	0	0	0	0
00.000,00.000	8.3	0	-200	0	4.5	77.8064	54.4285	16.8827	6.49518	0	0	0	0	0	0	0	0	0	0	0	0	0	0	0	0	0
00.000,00.000	8.4	0	-200	0	4.5	79.6161	55.866	17.0197	6.73045	0	0	0	0	0	0	0	0	0	0	0	0	0	0	0	0	0
00.000,00.000	8.5	0	-200	0	4.5	81.5263	57.3952	17.1659	6.96524	0	0	0	0	0	0	0	0	0	0	0	0	0	0	0	0	0
00.000,00.000	8.6	0	-200	0	4.5	83.5222	59.0022	17.3205	7.19946	0	0	0	0	0	0	0	0	0	0	0	0	0	0	0	0	0
00.000,00.000	8.7	0	-200	0	4.5	85.6137	60.696	17.4847	7.43303	0	0	0	0	0	0	0	0	0	0	0	0	0	0	0	0	0
00.000,00.000	8.8	0	-200	0	4.5	87.7985	62.4688	17.6637	7.66595	0	0	0	0	0	0	0	0	0	0	0	0	0	0	0	0	0
00.000,00.000	8.9	0	-200	0	4.5	90.1279	64.3693	17.8601	7.8985	0	0	0	0	0	0	0	0	0	0	0	0	0	0	0	0	0
00.000,00.000	9	0	-200	0	4.5	92.5763	66.3702	18.0756	8.13053	0	0	0	0	0	0	0	0	0	0	0	0	0	0	0	0	0
00.000,00.000	9.1	0	-200	0	4.5	95.1519	68.4781	18.3119	8.3619	0	0	0	0	0	0	0	0	0	0	0	0	0	0	0	0	0
00.000,00.000	9.2	0	-200	0	4.5	97.8733	70.7049	18.5756	8.59282	0	0	0	0	0	0	0	0	0	0	0	0	0	0	0	0	0
00.000,00.000	9.3	0	-200	0	4.5	100.746	73.0519	18.8713	8.82328	0	0	0	0	0	0	0	0	0	0	0	0	0	0	0	0	0
00.000,00.000	9.4	0	-200	0	4.5	103.764	75.514	19.1965	9.05309	0	0	0	0	0	0	0	0	0	0	0	0	0	0	0	0	0
00.000,00.000	9.5	0	-200	0	4.5	106.9	78.0673	19.5506	9.28224	0	0	0	0	0	0	0	0	0	0	0	0	0	0	0	0	0
00.000,00.000	9.6	0	-200	0	4.5	110.122	80.6766	19.9343	9.51076	0	0	0	0	0	0	0	0	0	0	0	0	0	0	0	0	0
00.000,00.000	9.7	0	-200	0	4.5	113.471	83.3856	20.3466	9.7388	0	0	0	0	0	0	0	0	0	0	0	0	0	0	0	0	0
00.000,00.000	9.8	0	-200	0	4.5	116.951	86.1958	20.7892	9.96613	0	0	0	0	0	0	0	0	0	0	0	0	0	0	0	0	0
00.000,00.000	9.9	0	-200	0	4.5	120.612	89.1509	21.2682	10.1529	0.0401253	0	0	0	0	0	0	0	0	0	0	0	0	0	0	0	0
00.000,00.000	10	0	-200	0	4.5	124.432	92.2297	21.7826	10.1525	0.26692	0	0	0	0	0	0	0	0	0	0	0	0	0	0	0	0
00.000,00.000	10.1	0	-200	0	4.5	128.415	95.4399	22.3293	10.1525	0.492782	0	0	0	0	0	0	0	0	0	0	0	0	0	0	0	0
00.000,00.000	10.2	0	-200	0	4.5	132.57	98.791	22.9082	10.1525	0.717963	0	0	0	0	0	0	0	0	0	0	0	0	0	0	0	0
00.000,00.000	10.3	0	-200	0	4.5	136.899	102.286	23.5186	10.1527	0.942599	0	0	0	0	0	0	0	0	0	0	0	0	0	0	0	0
00.000,00.000	10.4	0	-200	0	4.5	141.402	105.921	24.1599	10.1538	1.16685	0	0	0	0	0	0	0	0	0	0	0	0	0	0	0	0
00.000,00.000	10.5	0	-200	0	4.5	146.039	109.663	24.8304	10.1553	1.39045	0	0	0	0	0	0	0	0	0	0	0	0	0	0	0	0
00.000,00.000	10.6	0	-200	0	4.5	150.744	113.449	25.5235	10.1586	1.61322	0	0	0	0	0	0	0	0	0	0	0	0	0	0	0	0
00.000,00.000	10.7	0	-200	0	4.5	155.587	117.344	26.2444	10.164	1.8354	0	0	0	0	0	0	0	0	0	0	0	0	0	0	0	0
00.000,00.000	10.8	0	-200	0	4.5	160.576	121.356	26.9919	10.1708	2.05721	0	0	0	0	0	0	0	0	0	0	0	0	0	0	0	0
00.000,00.000	10.9	0	-200	0	4.5	165.771	125.555	27.7564	10.1804	2.27855	0	0	0	0	0	0	0	0	0	0	0	0	0	0	0	0
00.000,00.000	11	0	-200	0	4.5	171.146	129.906	28.5484	10.1926	2.49928	0	0	0	0	0	0	0	0	0	0	0	0	0	0	0	0
00.000,00.000	11.1	0	-200	0	4.5	176.694	134.402	29.3655	10.2075	2.71943	0	0	0	0	0	0	0	0	0	0	0	0	0	0	0	0
00.000,00.000	11.2	0	-200	0	4.5	182.479	139.104	30.2099	10.2262	2.93911	0	0	0	0	0	0	0	0	0	0	0	0	0	0	0	0
00.000,00.000	11.3	0	-200	0	4.5	188.527	144.038	31.0828	10.2481	3.15829	0	0	0	0	0	0	0	0	0	0	0	0	0	0	0	0
00.000,00.000	11.4	0	-200	0	4.5	194.829	149.191	31.9862	10.2748	3.37683	0	0	0	0	0	0	0	0	0	0	0	0	0	0	0	0
00.000,00.000	11.5	0	-200	0	4.5	201.301	154.482	32.9174	10.3063	3.5947	0	0	0	0	0	0	0	0	0	0	0	0	0	0	0	0
00.000,00.000	11.6	0	-200	0	4.5	207.85	159.825	33.8709	10.3416	3.81185	0	0	0	0	0	0	0	0	0	0	0	0	0	0	0	0
00.000,00.000	11.7	0	-200	0	4.5	214.559	165.287	34.8614	10.3828	4.02865	0	0	0	0	0	0	0	0	0	0	0	0	0	0	0	0
00.000,00.000	11.8	0	-200	0	4.5	221.437	170.887	35.8763	10.4287	4.24483	0	0	0	0	0	0	0	0	0	0	0	0	0	0	0	0
00.000,00.000	11.9	0	-200	0	4.5	228.586	176.724	36.9195	10.4823	4.46042	0	0	0	0	0	0	0	0	0	0	0	0	0	0	0	0
00.000,00.000	12	0	-200	0	4.5	236.004	182.782	38.0039	10.5418	4.67551	0	0	0	0	0	0	0	0	0	0	0	0	0	0	0	0
00.000,00.000	12.1	0	-200	0	4.5	243.659	189.039	39.1228	10.6074	4.89045	0	0	0	0	0	0	0	0	0	0	0	0	0	0	0	0
00.000,00.000	12.2	0	-200	0	4.5	251.473	195.426	40.2614	10.6804	5.10503	0	0	0	0	0	0	0	0	0	0	0	0	0	0	0	0
00.000,00.000	12.3	0	-200	0	4.5	259.428	201.913	41.4359	10.7599	5.3188	0	0	0	0	0	0	0	0	0	0	0	0	0	0	0	0
00.000,00.000	12.4	0	-200	0	4.5	267.481	208.458	42.6458	10.8459	5.53183	0	0	0	0	0	0	0	0	0	0	0	0	0	0	0	0
00.000,00.000	12.5	0	-200	0	4.5	275.602	215.018	43.901	10.9388	5.74415	0	0	0	0	0	0	0	0	0	0	0	0	0	0	0	0
00.000,00.000	12.6	0	-200	0	4.5	284.106	221.865	45.2345	11.0419	5.96499	0	0	0	0	0	0	0	0	0	0	0	0	0	0	0	0
00.000,00.000	12.7	0	-200	0	4.5	292.598	228.675	46.589	11.1513	6.18266	0	0	0	0	0	0	0	0	0	0	0	0	0	0	0	0
00.000,00.000	12.8	0	-200	0	4.5	300.699	235.168	47.8813	11.2615	6.38763	0	0	0	0	0	0	0	0	0	0	0	0	0	0	0	0
00.000,00.000	12.9	0	-200	0	4.5	309.26	241.963	49.3163	11.3824	6.599	0	0	0	0	0	0	0	0	0	0	0	0	0	0	0	0
00.000,00.000	13	0	-200	0	4.5	317.984	248.616	51.0464	11.5112	6.80984	0	0	0	0	0	0	0	0	0	0	0	0	0	0	0	0
00.000,00.000	13.1	0	-200	0	4.5	326.821	255.201	52.9544	11.647	7.01937	0	0	0	0	0	0	0	0	0	0	0	0	0	0	0	0
00.000,00.000	13.2	0	-200	0	4.5	335.816	261.911	54.8862	11.7901	7.22821	0	0	0	0	0	0	0	0	0	0	0	0	0	0	0	0
00.000,00.000	13.3	0	-200	0	4.5	345.031	268.803	56.8497	11.9418	7.43651	0	0	0	0	0	0	0	0	0	0	0	0	0	0	0	0
00.000,00.000	13.4	0	-200	0	4.5	354.455	275.847	58.8618	12.1013	7.6444	0	0	0	0	0	0	0	0	0	0	0	0	0	0	0	0
00.000,00.000	13.5	0	-200	0	4.5	364.006	282.978	60.9049	12.2704	7.85257	0	0	0	0	0	0	0	0	0	0	0	0	0	0	0	0
00.000,00.000	13.6	0	-200	0	4.5	374.579	290.727	63.3022	12.4673	8.08315	0	0	0	0	0	0	0	0	0	0	0	0	0	0	0	0
00.000,00.000	13.7	0	-200	0	4.5	384.293	297.723	65.6184	12.6572	8.2943	0	0	0	0	0	0	0	0	0	0	0	0	0	0	0	0
00.000,00.000	13.8	0	-200	0	4.5	392.812	303.897	67.6056	12.831	8.47814	0	0	0	0	0	0	0	0	0	0	0	0	0	0	0	0
00.000,00.000	13.9	0	-200	0	4.5	402.87	311.212	69.924	13.0428	8.69078	0	0	0	0	0	0	0	0	0	0	0	0	0	0	0	0
00.000,00.000	14	0	-200	0	4.5	412.894	318.464	72.2685	13.2615	8.89953	0	0	0	0	0	0	0	0	0	0	0	0	0	0	0	0
00.000,00.000	14.1	0	-200	0	4.5	422.835	325.607	74.6375	13.4862	9.10393	0	0	0	0	0	0	0	0	0	0	0	0	0	0	0	0
00.000,00.000	14.2	0	-200	0	4.5	432.855	332.754	77.0727	13.7205	9.30785	0	0	0	0	0	0	0	0	0	0	0	0	0	0	0	0
00.000,00.000	14.3	0	-200	0	4.5	442.823	339.895	79.4519	13.9654	9.51128	0	0	0	0	0	0	0	0	0	0	0	0	0	0	0	0
00.000,00.000	14.4	0	-200	0	4.5	452.722	347.008	81.7786	14.2206	9.71423	0	0	0	0	0	0	0	0	0	0	0	0	0	0	0	0
00.000,00.000	14.5	0	-200	0	4.5	462.984	354.297	84.2608	14.4995	9.92716	0	0	0	0	0	0	0	0	0	0	0	0	0	0	0	0
00.000,00.000	14.6	0	-200	0	4.5	475.138	362.862	87.2485	14.8458	10.0945	0.0865838	0	0	0	0	0	0	0	0	0	0	0	0	0	0	0
00.000,00.000	14.7	0	-200	0	4.5	484.638	369.449	89.6763	15.1303	10.0866	0.295124	0	0	0	0	0	0	0	0	0	0	0	0	0	0	0
00.000,00.000	14.8	0	-200	0	4.5	492.208	374.616	91.6777	15.3708	10.0859	0.457792	0	0	0	0	0	0	0	0	0	0	0	0	0	0	0
00.000,00.000	14.9	0	-200	0	4.5	501.147	380.626	94.1202	15.6668	10.0859	0.648429	0	0	0	0	0	0	0	0	0	0	0	0	0	0	0
00.000,00.000	15	0	-200	0	4.5	511.202	387.306	96.9271	16.018	10.0859	0.864888	0	0	0	0	0	0	0	0	0	0	0	0	0	0	0
00.000,00.000	15.1	0	-200	0	4.5	520.629	393.471	99.6403	16.3629	10.0859	1.06925	0	0	0	0	0	0	0	0	0	0	0	0	0	0	0
00.000,00.000	15.2	0	-200	0	4.5	529.678	399.283	102.328	16.7127	10.0862	1.26839	0	0	0	0	0	0	0	0	0	0	0	0	0	0	0
00.000,00.000	15.3	0	-200	0	4.5	538.558	404.843	105.085	17.0752	10.0878	1.46696	0	0	0	0	0	0	0	0	0	0	0	0	0	0	0
00.000,00.000	15.4	0	-200	0	4.5	547.301	410.227	107.868	17.4504	10.0897	1.66516	0	0	0	0	0	0	0	0	0	0	0	0	0	0	0
00.000,00.000	15.5	0	-200	0	4.5	559.357	417.532	111.787	17.9987	10.0945	1.94485	0	0	0	0	0	0	0	0	0	0	0	0	0	0	0
00.000,00.000	15.6	0	-200	0	4.5	567.615	422.437	114.54	18.3967	10.0994	2.14185	0	0	0	0	0	0	0	0	0	0	0	0	0	0	0
00.000,00.000	15.7	0	-200	0	4.5	576.639	427.695	117.617	18.8577	10.1066	2.36233	0	0	0	0	0	0	0	0	0	0	0	0	0	0	0
00.000,00.000	15.8	0	-200	0	4.5	586.707	433.408	121.156	19.4071	10.1179	2.61778	0	0	0	0	0	0	0	0	0	0	0	0	0	0	0
00.000,00.000	15.9	0	-200	0	4.5	590.132	435.304	122.399	19.6014	10.1226	2.70577	0	0	0	0	0	0	0	0	0	0	0	0	0	0	0
00.000,00.000	16	0	-200	0	4.5	599.105	440.243	125.656	20.1314	10.1382	2.93616	0	0	0	0	0	0	0	0	0	0	0	0	0	0	0
00.000,00.000	16.1	0	-200	0	4.5	607.25	444.659	128.647	20.6381	10.1555	3.15103	0	0	0	0	0	0	0	0	0	0	0	0	0	0	0
00.000,00.000	16.2	0	-200	0	4.5	614.475	448.516	131.331	21.1094	10.1737	3.34509	0	0	0	0	0	0	0	0	0	0	0	0	0	0	0
00.000,00.000	16.3	0	-200	0	4.5	621.567	452.235	134.005	21.5931	10.1952	3.5388	0	0	0	0	0	0	0	0	0	0	0	0	0	0	0
00.000,00.000	16.4	0	-200	0	4.5	628.534	455.822	136.672	22.089	10.2192	3.73209	0	0	0	0	0	0	0	0	0	0	0	0	0	0	0
00.000,00.000	16.5	0	-200	0	4.5	641.081	462.201	141.515	23.0243	10.2704	4.07085	0	0	0	0	0	0	0	0	0	0	0	0	0	0	0
00.000,00.000	16.6	0	-200	0	4.5	645.119	464.203	143.103	23.337	10.2887	4.18742	0	0	0	0	0	0	0	0	0	0	0	0	0	0	0
00.000,00.000	16.7	0	-200	0	4.5	652.613	467.85	146.029	23.991	10.3305	4.41259	0	0	0	0	0	0	0	0	0	0	0	0	0	0	0
00.000,00.000	16.8	0	-200	0	4.5	656.416	469.669	147.386	24.4793	10.3535	4.52845	0	0	0	0	0	0	0	0	0	0	0	0	0	0	0
00.000,00.000	16.9	0	-200	0	4.5	657.861	470.351	147.906	24.6673	10.3636	4.57334	0	0	0	0	0	0	0	0	0	0	0	0	0	0	0
00.000,00.000	17	0	-200	0	4.5	666.13	474.267	150.894	25.7597	10.4278	4.78155	0	0	0	0	0	0	0	0	0	0	0	0	0	0	0
00.000,00.000	17.1	0	-200	0	4.5	672.857	477.479	153.335	26.7723	10.4871	4.78253	0	0	0	0	0	0	0	0	0	0	0	0	0	0	0
00.000,00.000	17.2	0	-200	0	4.5	678.563	480.171	155.251	27.8131	10.5428	4.78464	0	0	0	0	0	0	0	0	0	0	0	0	0	0	0
00.000,00.000	17.3	0	-200	0	4.5	684.154	482.782	157.108	28.8751	10.6042	4.78529	0	0	0	0	0	0	0	0	0	0	0	0	0	0	0
00.000,00.000	17.4	0	-200	0	4.5	689.644	485.328	158.903	29.9572	10.6703	4.78528	0	0	0	0	0	0	0	0	0	0	0	0	0	0	0
00.000,00.000	17.5	0	-200	0	4.5	701.148	490.612	162.619	32.3052	10.8268	4.78528	0	0	0	0	0	0	0	0	0	0	0	0	0	0	0
00.000,00.000	17.6	0	-200	0	4.5	706.841	493.163	164.461	33.5195	10.9121	4.78528	0	0	0	0	0	0	0	0	0	0	0	0	0	0	0
00.000,00.000	17.7	0	-200	0	4.5	708.003	493.684	164.829	33.7735	10.9314	4.78528	0	0	0	0	0	0	0	0	0	0	0	0	0	0	0
00.000,00.000	17.8	0	-200	0	4.5	714.105	496.224	166.814	35.2315	11.0505	4.78528	0	0	0	0	0	0	0	0	0	0	0	0	0	0	0
00.000,00.000	17.9	0	-200	0	4.5	715.703	496.926	167.313	35.597	11.0814	4.78528	0	0	0	0	0	0	0	0	0	0	0	0	0	0	0
00.000,00.000	18	0	-200	0	4.5	725.557	501.379	170.243	37.8579	11.2918	4.78528	0	0	0	0	0	0	0	0	0	0	0	0	0	0	0
00.000,00.000	18.1	0	-200	0	4.5	731.979	504.242	172.16	39.3546	11.4372	4.78528	0	0	0	0	0	0	0	0	0	0	0	0	0	0	0
00.000,00.000	18.2	0	-200	0	4.5	736.732	506.387	173.522	40.4853	11.5523	4.78528	0	0	0	0	0	0	0	0	0	0	0	0	0	0	0
00.000,00.000	18.3	0	-200	0	4.5	741.578	508.582	174.89	41.6448	11.6763	4.78528	0	0	0	0	0	0	0	0	0	0	0	0	0	0	0
00.000,00.000	18.4	0	-200	0	4.5	746.439	510.795	176.244	42.8069	11.807	4.78528	0	0	0	0	0	0	0	0	0	0	0	0	0	0	0
00.000,00.000	18.5	0	-200	0	4.5	762.504	517.853	180.661	46.9283	12.276	4.78528	0	0	0	0	0	0	0	0	0	0	0	0	0	0	0
00.000,00.000	18.6	0	-200	0	4.5	765.793	519.312	181.444	47.8787	12.3724	4.78528	0	0	0	0	0	0	0	0	0	0	0	0	0	0	0
00.000,00.000	18.7	0	-200	0	4.5	794.968	529.568	189.563	57.5496	13.5016	4.78528	0	0	0	0	0	0	0	0	0	0	0	0	0	0	0
00.000,00.000	18.8	0	-200	0	4.5	802.254	532.62	191.538	59.5017	13.8086	4.78528	0	0	0	0	0	0	0	0	0	0	0	0	0	0	0
00.000,00.000	18.9	0	-200	0	4.5	815.368	537.457	195.445	63.2219	14.4585	4.78528	0	0	0	0	0	0	0	0	0	0	0	0	0	0	0
00.000,00.000	19	0	-200	0	4.5	821.426	539.803	197.269	64.7917	14.7763	4.78541	0	0	0	0	0	0	0	0	0	0	0	0	0	0	0
00.000,00.000	19.1	0	-200	0	4.5	826.348	541.872	198.656	66.0109	15.0224	4.78668	0	0	0	0	0	0	0	0	0	0	0	0	0	0	0
00.000,00.000	19.2	0	-200	0	4.5	831.537	544.201	200.163	67.126	15.2589	4.78798	0	0	0	0	0	0	0	0	0	0	0	0	0	0	0
00.000,00.000	19.3	0	-200	0	4.5	837.211	546.556	202.091	68.2614	15.5117	4.79127	0	0	0	0	0	0	0	0	0	0	0	0	0	0	0
00.000,00.000	19.4	0	-200	0	4.5	842.247	548.478	203.94	69.2845	15.7496	4.795	0	0	0	0	0	0	0	0	0	0	0	0	0	0	0
00.000,00.000	19.5	0	-200	0	4.5	847.157	550.106	205.983	70.2768	15.991	4.80028	0	0	0	0	0	0	0	0	0	0	0	0	0	0	0
00.000,00.000	19.6	0	-200	0	4.5	851.853	551.46	208.04	71.141	16.4052	4.80724	0	0	0	0	0	0	0	0	0	0	0	0	0	0	0
00.000,00.000	19.7	0	-200	0	4.5	881.266	559.651	220.701	76.431	19.6088	4.87438	0	0	0	0	0	0	0	0	0	0	0	0	0	0	0
00.000,00.000	19.8	0	-200	0	4.5	887.779	561.531	223.711	77.4013	20.2454	4.88966	0	0	0	0	0	0	0	0	0	0	0	0	0	0	0
00.000,00.000	19.9	0	-200	0	4.5	887.769	561.534	223.704	77.401	20.2412	4.88966	0	0	0	0	0	0	0	0	0	0	0	0	0	0	0
00.000,00.000	20	0	-200	0	4.5	916.048	570.682	236.456	81.0616	22.8368	5.01197	0	0	0	0	0	0	0	0	0	0	0	0	0	0	0
00.000,00.000	20.1	0	-200	0	4.5	929.114	575.015	242.394	82.6442	23.9861	5.07536	0	0	0	0	0	0	0	0	0	0	0	0	0	0	0
00.000,00.000	20.2	0	-200	0	4.5	934.371	576.709	244.803	83.2932	24.4568	5.1089	0	0	0	0	0	0	0	0	0	0	0	0	0	0	0
00.000,00.000	20.3	0	-200	0	4.5	940.168	578.775	247.341	83.9626	24.9424	5.14801	0	0	0	0	0	0	0	0	0	0	0	0	0	0	0
00.000,00.000	20.4	0	-200	0	4.5	947.23	581.355	250.401	84.7629	25.5109	5.20053	0	0	0	0	0	0	0	0	0	0	0	0	0	0	0
00.000,00.000	20.5	0	-200	0	4.5	952.004	583.108	252.464	85.2997	25.8924	5.23967	0	0	0	0	0	0	0	0	0	0	0	0	0	0	0
00.000,00.000	20.6	0	-200	0	4.5	964.404	587.529	257.789	86.7812	26.9429	5.36123	0	0	0	0	0	0	0	0	0	0	0	0	0	0	0
00.000,00.000	20.7	0	-200	0	4.5	988.677	596.094	268.092	89.7877	29.076	5.62745	0	0	0	0	0	0	0	0	0	0	0	0	0	0	0
00.000,00.000	20.8	0	-200	0	4.5	993.082	597.788	269.919	90.2953	29.4052	5.67425	0	0	0	0	0	0	0	0	0	0	0	0	0	0	0
00.000,00.000	20.9	0	-200	0	4.5	993.311	597.88	270.011	90.3209	29.4229	5.67673	0	0	0	0	0	0	0	0	0	0	0	0	0	0	0
00.000,00.000	21	0	-200	0	4.5	1001.98	601.511	273.402	91.2515	30.0488	5.77108	0	0	0	0	0	0	0	0	0	0	0	0	0	0	0
00.000,00.000	21.1	0	-200	0	4.5	1018.68	608.525	279.934	93.0245	31.238	5.95585	0	0	0	0	0	0	0	0	0	0	0	0	0	0	0
00.000,00.000	21.2	0	-200	0	4.5	1028.38	612.65	283.72	94.0508	31.89	6.06513	0	0	0	0	0	0	0	0	0	0	0	0	0	0	0
00.000,00.000	21.3	0	-200	0	4.5	1036.07	615.999	286.508	94.9118	32.5006	6.15277	0	0	0	0	0	0	0	0	0	0	0	0	0	0	0
00.000,00.000	21.4	0	-200	0	4.5	1044.02	619.519	289.248	95.8502	33.1607	6.24433	0	0	0	0	0	0	0	0	0	0	0	0	0	0	0
00.000,00.000	21.5	0	-200	0	4.5	1052.12	623.156	291.756	97.0457	33.8252	6.33938	0	0	0	0	0	0	0	0	0	0	0	0	0	0	0
00.000,00.000	21.6	0	-200	0	4.5	1060.09	626.682	294.216	98.2556	34.4959	6.4392	0	0	0	0	0	0	0	0	0	0	0	0	0	0	0
00.000,00.000	21.7	0	-200	0	4.5	1095.78	641.314	305.194	104.426	37.8938	6.95113	0	0	0	0	0	0	0	0	0	0	0	0	0	0	0
00.000,00.000	21.8	0	-200	0	4.5	1114.61	650.149	310.182	107.706	39.3787	7.19	0	0	0	0	0	0	0	0	0	0	0	0	0	0	0
00.000,00.000	21.9	0	-200	0	4.5	1114.71	650.193	310.213	107.725	39.3876	7.19143	0	0	0	0	0	0	0	0	0	0	0	0	0	0	0
00.000,00.000	22	0	-200	0	4.5	1131.73	658.665	314.663	110.425	40.579	7.39445	0	0	0	0	0	0	0	0	0	0	0	0	0	0	0
00.000,00.000	22.1	0	-200	0	4.5	1155.11	669.9	320.956	114.281	41.995	7.97367	0	0	0	0	0	0	0	0	0	0	0	0	0	0	0
00.000,00.000	22.2	0	-200	0	4.5	1167.08	675.37	324.387	116.322	42.6198	8.38573	0	0	0	0	0	0	0	0	0	0	0	0	0	0	0
00.000,00.000	22.3	0	-200	0	4.5	1176	679.687	326.842	117.744	43.0647	8.66479	0	0	0	0	0	0	0	0	0	0	0	0	0	0	0
00.000,00.000	22.4	0	-200	0	4.5	1186.22	684.571	329.726	119.366	43.568	8.98621	0	0	0	0	0	0	0	0	0	0	0	0	0	0	0
00.000,00.000	22.5	0	-200	0	4.5	1196.49	689.41	332.697	121.003	44.0732	9.30919	0	0	0	0	0	0	0	0	0	0	0	0	0	0	0
00.000,00.000	22.6	0	-200	0	4.5	1243.54	708.261	346.273	131.011	46.8343	11.1644	0	0	0	0	0	0	0	0	0	0	0	0	0	0	0
00.000,00.000	22.7	0	-200	0	4.5	1278.15	725.563	354.77	137.106	48.4618	12.2458	0	0	0	0	0	0	0	0	0	0	0	0	0	0	0
00.000,00.000	22.8	0	-200	0	4.5	1279.44	726.142	355.143	137.351	48.5218	12.2868	0	0	0	0	0	0	0	0	0	0	0	0	0	0	0
00.000,00.000	22.9	0	-200	0	4.5	1363.27	766.181	378.308	151.336	52.5505	14.8947	0	0	0	0	0	0	0	0	0	0	0	0	0	0	0
00.000,00.000	23	0	-200	0	4.5	1386.41	775.21	386.769	155.118	53.7478	15.5622	0	0	0	0	0	0	0	0	0	0	0	0	0	0	0
00.000,00.000	23.1	0	-200	0	4.5	1409.81	783.119	396.321	158.699	55.3656	16.3092	0	0	0	0	0	0	0	0	0	0	0	0	0	0	0
00.000,00.000	23.2	0	-200	0	4.5	1425.96	789.428	402.393	160.608	56.751	16.7785	0	0	0	0	0	0	0	0	0	0	0	0	0	0	0
00.000,00.000	23.3	0	-200	0	4.5	1437.41	793.685	406.941	161.954	57.7245	17.1092	0	0	0	0	0	0	0	0	0	0	0	0	0	0	0
00.000,00.000	23.4	0	-200	0	4.5	1449.7	798.52	411.716	163.313	58.7178	17.4369	0	0	0	0	0	0	0	0	0	0	0	0	0	0	0
00.000,00.000	23.5	0	-200	0	4.5	1462.58	803.507	416.821	164.736	59.7388	17.7735	0	0	0	0	0	0	0	0	0	0	0	0	0	0	0
00.000,00.000	23.6	0	-200	0	4.5	1489.7	813.427	427.708	167.736	62.228	18.5975	0	0	0	0	0	0	0	0	0	0	0	0	0	0	0
00.000,00.000	23.7	0	-200	0	4.5	1544.16	835.911	448.733	172.835	66.6853	19.9986	0	0	0	0	0	0	0	0	0	0	0	0	0	0	0
00.000,00.000	23.8	0	-200	0	4.5	1552.13	839.011	451.87	173.678	67.3923	20.1782	0	0	0	0	0	0	0	0	0	0	0	0	0	0	0
00.000,00.000	23.9	0	-200	0	4.5	1586.5	854.035	464.579	177.132	69.7673	20.9866	0	0	0	0	0	0	0	0	0	0	0	0	0	0	0
00.000,00.000	24	0	-200	0	4.5	1597.47	858.64	468.892	178.288	70.4375	21.2155	0	0	0	0	0	0	0	0	0	0	0	0	0	0	0
00.000,00.000	24.1	0	-200	0	4.5	1622.44	868.895	478.862	180.964	71.9359	21.7861	0	0	0	0	0	0	0	0	0	0	0	0	0	0	0
00.000,00.000	24.2	0	-200	0	4.5	1641.6	876.698	486.658	182.996	73.0585	22.189	0	0	0	0	0	0	0	0	0	0	0	0	0	0	0
00.000,00.000	24.3	0	-200	0	4.5	1657.27	883.099	493.018	184.67	73.9659	22.5189	0	0	0	0	0	0	0	0	0	0	0	0	0	0	0
00.000,00.000	24.4	0	-200	0	4.5	1673.44	889.631	499.663	186.416	74.877	22.8485	0	0	0	0	0	0	0	0	0	0	0	0	0	0	0
00.000,00.000	24.5	0	-200	0	4.5	1689.98	896.325	506.468	188.228	75.7813	23.1798	0	0	0	0	0	0	0	0	0	0	0	0	0	0	0
00.000,00.000	24.6	0	-200	0	4.5	1721.21	908.927	519.183	191.706	77.4339	23.9611	0	0	0	0	0	0	0	0	0	0	0	0	0	0	0
00.000,00.000	24.7	0	-200	0	4.5	1746.16	919.116	529.233	194.536	78.5928	24.6802	0	0	0	0	0	0	0	0	0	0	0	0	0	0	0
00.000,00.000	24.8	0	-200	0	4.5	1763.89	926.365	536.285	196.603	79.4225	25.1217	0.0922701	0	0	0	0	0	0	0	0	0	0	0	0	0	0
00.000,00.000	24.9	0	-200	0	4.5	1766.8	927.574	537.444	196.939	79.5535	25.1554	0.137301	0	0	0	0	0	0	0	0	0	0	0	0	0	0
00.000,00.000	25	0	-200	0	4.5	1779.05	932.712	542.251	198.373	80.0877	25.3733	0.251647	0	0	0	0	0	0	0	0	0	0	0	0	0	0
00.000,00.000	25.1	0	-200	0	4.5	1809.52	945.562	554.133	202.017	81.3699	25.9194	0.523542	0	0	0	0	0	0	0	0	0	0	0	0	0	0
00.000,00.000	25.2	0	-200	0	4.5	1832.28	955.219	562.756	204.948	82.316	26.3144	0.725726	0	0	0	0	0	0	0	0	0	0	0	0	0	0
00.000,00.000	25.3	0	-200	0	4.5	1852.02	963.625	570.007	207.724	83.1267	26.6406	0.892042	0	0	0	0	0	0	0	0	0	0	0	0	0	0
00.000,00.000	25.4	0	-200	0	4.5	1872.08	972.213	577.275	210.629	83.9385	26.9631	1.05853	0	0	0	0	0	0	0	0	0	0	0	0	0	0
00.000,00.000	25.5	0	-200	0	4.5	1892.43	980.928	584.663	213.56	84.768	27.2912	1.22579	0	0	0	0	0	0	0	0	0	0	0	0	0	0
00.000,00.000	25.6	0	-200	0	4.5	1912.39	989.158	591.999	216.588	85.6193	27.6314	1.39772	0	0	0	0	0	0	0	0	0	0	0	0	0	0
00.000,00.000	25.7	0	-200	0	4.5	1998.27	1021.62	624.255	231.098	89.7524	29.3113	2.23117	0	0	0	0	0	0	0	0	0	0	0	0	0	0
00.000,00.000	25.8	0	-200	0	4.5	2017.61	1029.94	630.944	234.113	90.5862	29.6284	2.39818	0	0	0	0	0	0	0	0	0	0	0	0	0	0
00.000,00.000	25.9	0	-200	0	4.5	2018.67	1030.36	631.329	234.289	90.6337	29.6473	2.40712	0	0	0	0	0	0	0	0	0	0	0	0	0	0
00.000,00.000	26	0	-200	0	4.5	2068.52	1052.48	648.104	242.004	92.495	30.6538	2.78875	0	0	0	0	0	0	0	0	0	0	0	0	0	0
00.000,00.000	26.1	0	-200	0	4.5	2102.33	1067.28	659.48	247.402	93.5829	31.5394	3.05135	0	0	0	0	0	0	0	0	0	0	0	0	0	0
00.000,00.000	26.2	0	-200	0	4.5	2123.86	1076.11	667.022	251.082	94.3181	32.1034	3.22148	0	0	0	0	0	0	0	0	0	0	0	0	0	0
00.000,00.000	26.3	0	-200	0	4.5	2145.76	1085.91	674.159	254.647	95.0262	32.6322	3.38103	0	0	0	0	0	0	0	0	0	0	0	0	0	0
00.000,00.000	26.4	0	-200	0	4.5	2168.98	1096.22	681.713	258.517	95.7913	33.1892	3.54858	0	0	0	0	0	0	0	0	0	0	0	0	0	0
00.000,00.000	26.5	0	-200	0	4.5	2192.3	1106.53	689.273	262.464	96.5688	33.7461	3.71489	0	0	0	0	0	0	0	0	0	0	0	0	0	0
00.000,00.000	26.6	0	-200	0	4.5	2233.88	1123.05	703.598	270.198	98.1146	34.8707	4.04815	0	0	0	0	0	0	0	0	0	0	0	0	0	0
00.000,00.000	26.7	0	-200	0	4.5	2300.38	1149.63	727.201	281.921	100.517	36.5572	4.55069	0	0	0	0	0	0	0	0	0	0	0	0	0	0
00.000,00.000	26.8	0	-200	0	4.5	2310.85	1153.45	731.205	283.842	100.918	36.8046	4.63169	0	0	0	0	0	0	0	0	0	0	0	0	0	0
00.000,00.000	26.9	0	-200	0	4.5	2319.96	1157.17	734.427	285.411	101.243	37.011	4.69431	0	0	0	0	0	0	0	0	0	0	0	0	0	0
00.000,00.000	27	0	-200	0	4.5	2336.71	1163.59	740.71	288.362	101.856	37.3872	4.80885	0	0	0	0	0	0	0	0	0	0	0	0	0	0
00.000,00.000	27.1	0	-200	0	4.5	2375.55	1178.07	755.483	295.327	103.315	38.2801	5.0732	0	0	0	0	0	0	0	0	0	0	0	0	0	0
00.000,00.000	27.2	0	-200	0	4.5	2405.05	1189.4	766.502	300.525	104.42	38.9332	5.26694	0	0	0	0	0	0	0	0	0	0	0	0	0	0
00.000,00.000	27.3	0	-200	0	4.5	2430.56	1199.18	775.992	305.078	105.381	39.4965	5.43133	0	0	0	0	0	0	0	0	0	0	0	0	0	0
00.000,00.000	27.4	0	-200	0	4.5	2456.42	1209.04	785.598	309.771	106.349	40.0631	5.59584	0	0	0	0	0	0	0	0	0	0	0	0	0	0
00.000,00.000	27.5	0	-200	0	4.5	2482.5	1218.95	795.257	314.558	107.348	40.6325	5.76011	0	0	0	0	0	0	0	0	0	0	0	0	0	0
00.000,00.000	27.6	0	-200	0	4.5	2527.12	1234.89	811.863	323.395	109.198	41.7043	6.07079	0	0	0	0	0	0	0	0	0	0	0	0	0	0
00.000,00.000	27.7	0	-200	0	4.5	2586.19	1258.06	832.665	334.378	111.576	43.0553	6.4612	0	0	0	0	0	0	0	0	0	0	0	0	0	0
00.000,00.000	27.8	0	-200	0	4.5	2595.28	1261.41	835.983	336.136	111.954	43.2725	6.52414	0	0	0	0	0	0	0	0	0	0	0	0	0	0
00.000,00.000	27.9	0	-200	0	4.5	2601.67	1263.99	838.182	337.305	112.22	43.4132	6.56419	0	0	0	0	0	0	0	0	0	0	0	0	0	0
00.000,00.000	28	0	-200	0	4.5	2606.45	1265.87	839.857	338.196	112.42	43.5186	6.59408	0	0	0	0	0	0	0	0	0	0	0	0	0	0
00.000,00.000	28.1	0	-200	0	4.5	2649.88	1282.14	855.4	346.588	114.386	44.4986	6.86852	0	0	0	0	0	0	0	0	0	0	0	0	0	0
00.000,00.000	28.2	0	-200	0	4.5	2683.64	1295.46	867.115	352.878	115.872	45.2479	7.07199	0	0	0	0	0	0	0	0	0	0	0	0	0	0
00.000,00.000	28.3	0	-200	0	4.5	2711.15	1306.31	876.584	358.039	117.121	45.8661	7.23599	0	0	0	0	0	0	0	0	0	0	0	0	0	0
00.000,00.000	28.4	0	-200	0	4.5	2738.74	1316.98	886.12	363.326	118.414	46.4986	7.39972	0	0	0	0	0	0	0	0	0	0	0	0	0	0
00.000,00.000	28.5	0	-200	0	4.5	2766.47	1328.04	895.378	368.616	119.741	47.1338	7.56298	0	0	0	0	0	0	0	0	0	0	0	0	0	0
00.000,00.000	28.6	0	-200	0	4.5	2830.34	1348.6	918.082	383.073	123.552	48.9866	8.04637	0	0	0	0	0	0	0	0	0	0	0	0	0	0
00.000,00.000	28.7	0	-200	0	4.5	2964.45	1408.05	957.505	407.64	130.368	52.2546	8.63259	0	0	0	0	0	0	0	0	0	0	0	0	0	0
00.000,00.000	28.8	0	-200	0	4.5	2981.82	1414.24	963.378	411.42	131.451	52.75	8.58411	0	0	0	0	0	0	0	0	0	0	0	0	0	0
00.000,00.000	28.9	0	-200	0	4.5	2984.17	1415.29	964.053	411.858	131.581	52.8079	8.58329	0	0	0	0	0	0	0	0	0	0	0	0	0	0
00.000,00.000	29	0	-200	0	4.5	3013.93	1427.32	973.33	417.795	133.335	53.5701	8.58652	0	0	0	0	0	0	0	0	0	0	0	0	0	0
00.000,00.000	29.1	0	-200	0	4.5	3068.24	1447.56	991.254	429.119	136.703	55.012	8.58924	0	0	0	0	0	0	0	0	0	0	0	0	0	0
00.000,00.000	29.2	0	-200	0	4.5	3102.08	1462.04	1001.34	435.603	138.671	55.8389	8.58924	0	0	0	0	0	0	0	0	0	0	0	0	0	0
00.000,00.000	29.3	0	-200	0	4.5	3130.89	1474.4	1009.79	441.166	140.408	56.5482	8.58924	0	0	0	0	0	0	0	0	0	0	0	0	0	0
00.000,00.000	29.4	0	-200	0	4.5	3159.75	1486.26	1018.59	446.837	142.204	57.2646	8.58924	0	0	0	0	0	0	0	0	0	0	0	0	0	0
00.000,00.000	29.5	0	-200	0	4.5	3188.15	1498.59	1026.87	452.213	143.938	57.9446	8.58924	0	0	0	0	0	0	0	0	0	0	0	0	0	0
00.000,00.000	29.6	0	-200	0	4.5	3216.22	1509.85	1035.22	458.003	145.863	58.6956	8.58924	0	0	0	0	0	0	0	0	0	0	0	0	0	0
00.000,00.000	29.7	0	-200	0	4.5	3358.42	1569.26	1073.87	487.534	156.258	62.0443	9.44555	0	0	0	0	0	0	0	0	0	0	0	0	0	0
00.000,00.000	29.8	0	-200	0	4.5	3397.96	1586.56	1084.51	495.329	158.977	62.8541	9.73551	0	0	0	0	0	0	0	0	0	0	0	0	0	0
00.000,00.000	29.9	0	-200	0	4.5	3397.87	1586.54	1084.49	495.298	158.956	62.8088	9.78047	0	0	0	0	0	0	0	0	0	0	0	0	0	0
00.000,00.000	30	0	-200	0	4.5	3533.44	1649.4	1118.48	520.982	168.387	65.0029	11.1904	0	0	0	0	0	0	0	0	0	0	0	0	0	0
00.000,00.000	30.1	0	-200	0	4.5	3596.96	1677.65	1135.28	533.045	173.079	65.9831	11.919	0	0	0	0	0	0	0	0	0	0	0	0	0	0
00.000,00.000	30.2	0	-200	0	4.5	3625	1690.92	1142.32	538.069	175.07	66.404	12.2236	0	0	0	0	0	0	0	0	0	0	0	0	0	0
00.000,00.000	30.3	0	-200	0	4.5	3654.98	1705.05	1149.86	543.419	177.222	66.8675	12.5535	0	0	0	0	0	0	0	0	0	0	0	0	0	0
00.000,00.000	30.4	0	-200	0	4.5	3683.81	1717.56	1157.74	548.843	179.421	67.3506	12.8899	0	0	0	0	0	0	0	0	0	0	0	0	0	0
00.000,00.000	30.5	0	-200	0	4.5	3712.43	1731.02	1164.71	554.073	181.554	67.8355	13.2302	0	0	0	0	0	0	0	0	0	0	0	0	0	0
00.000,00.000	30.6	0	-200	0	4.5	3747.52	1745.29	1174.53	561.096	184.421	68.501	13.6872	0	0	0	0	0	0	0	0	0	0	0	0	0	0
00.000,00.000	30.7	0	-200	0	4.5	3776.14	1758.53	1181.2	566.471	186.785	69.0664	14.092	0	0	0	0	0	0	0	0	0	0	0	0	0	0
00.000,00.000	30.8	0	-200	0	4.5	3921.23	1825.95	1215.02	593.723	198.574	71.9646	15.9926	0	0	0	0	0	0	0	0	0	0	0	0	0	0
00.000,00.000	30.9	0	-200	0	4.5	3945.98	1836.29	1221.65	598.454	200.733	72.498	16.3475	0	0	0	0	0	0	0	0	0	0	0	0	0	0
00.000,00.000	31	0	-200	0	4.5	4053.06	1884.64	1248.87	617.453	209.498	74.8077	17.799	0	0	0	0	0	0	0	0	0	0	0	0	0	0
00.000,00.000	31.1	0	-200	0	4.5	4105.7	1908.9	1261.43	627.046	213.783	75.983	18.5479	0	0	0	0	0	0	0	0	0	0	0	0	0	0
00.000,00.000	31.2	0	-200	0	4.5	4130.58	1918.88	1268.16	631.951	216.049	76.6021	18.9289	0	0	0	0	0	0	0	0	0	0	0	0	0	0
00.000,00.000	31.3	0	-200	0	4.5	4156.55	1930.36	1274.71	636.726	218.226	77.2253	19.3032	0	0	0	0	0	0	0	0	0	0	0	0	0	0
00.000,00.000	31.4	0	-200	0	4.5	4184.5	1943.18	1281.72	641.608	220.421	77.8839	19.6955	0	0	0	0	0	0	0	0	0	0	0	0	0	0
00.000,00.000	31.5	0	-200	0	4.5	4212.07	1955.19	1288.99	646.528	222.689	78.576	20.0986	0	0	0	0	0	0	0	0	0	0	0	0	0	0
00.000,00.000	31.6	0	-200	0	4.5	4277.62	1981.92	1305.98	659.049	228.908	80.5235	21.2392	0	0	0	0	0	0	0	0	0	0	0	0	0	0
00.000,00.000	31.7	0	-200	0	4.5	4394.72	2029.16	1334.86	681.683	240.954	84.5243	23.5361	0	0	0	0	0	0	0	0	0	0	0	0	0	0
00.000,00.000	31.8	0	-200	0	4.5	4414.33	2037.66	1339.56	685.075	242.957	85.1727	23.9	0	0	0	0	0	0	0	0	0	0	0	0	0	0
00.000,00.000	31.9	0	-200	0	4.5	4432.24	2046	1343.67	687.971	244.625	85.7551	24.2122	0	0	0	0	0	0	0	0	0	0	0	0	0	0
00.000,00.000	32	0	-200	0	4.5	4473.78	2065.55	1353.16	694.537	248.454	87.1325	24.934	0	0	0	0	0	0	0	0	0	0	0	0	0	0
00.000,00.000	32.1	0	-200	0	4.5	4517.38	2084.49	1364.05	701.836	252.616	88.6461	25.7447	0	0	0	0	0	0	0	0	0	0	0	0	0	0
00.000,00.000	32.2	0	-200	0	4.5	4547.02	2097.39	1371.47	706.651	255.506	89.6917	26.2807	0.0218477	0	0	0	0	0	0	0	0	0	0	0	0	0
00.000,00.000	32.3	0	-200	0	4.5	4572.06	2110.01	1377.04	710.118	257.671	90.4976	26.555	0.171752	0	0	0	0	0	0	0	0	0	0	0	0	0
00.000,00.000	32.4	0	-200	0	4.5	4601.15	2124.4	1383.73	714.161	260.155	91.4647	26.8803	0.350082	0	0	0	0	0	0	0	0	0	0	0	0	0
00.000,00.000	32.5	0	-200	0	4.5	4628.73	2137.49	1390.42	718.061	262.599	92.4402	27.2007	0.531246	0	0	0	0	0	0	0	0	0	0	0	0	0
00.000,00.000	32.6	0	-200	0	4.5	4778.48	2212.65	1421.89	738.143	276.634	98.2833	29.238	1.63998	0	0	0	0	0	0	0	0	0	0	0	0	0
00.000,00.000	32.7	0	-200	0	4.5	4808.08	2226.62	1428.72	742.256	279.515	99.4365	29.6547	1.87626	0	0	0	0	0	0	0	0	0	0	0	0	0
00.000,00.000	32.8	0	-200	0	4.5	4807.9	2226.57	1428.65	742.204	279.518	99.4225	29.6547	1.87626	0	0	0	0	0	0	0	0	0	0	0	0	0
00.000,00.000	32.9	0	-200	0	4.5	4808.64	2226.99	1428.79	742.288	279.578	99.4495	29.6639	1.88089	0	0	0	0	0	0	0	0	0	0	0	0	0
00.000,00.000	33	0	-200	0	4.5	4879.03	2265.02	1443.29	750.444	285.393	102.143	30.4117	2.32938	0	0	0	0	0	0	0	0	0	0	0	0	0
00.000,00.000	33.1	0	-200	0	4.5	4941.27	2298.89	1456.11	757.532	290.511	104.529	30.9765	2.72716	0	0	0	0	0	0	0	0	0	0	0	0	0
00.000,00.000	33.2	0	-200	0	4.5	4976.58	2319.19	1462.88	761.235	293.217	105.838	31.2897	2.93375	0	0	0	0	0	0	0	0	0	0	0	0	0
00.000,00.000	33.3	0	-200	0	4.5	5008.17	2337.07	1469.35	764.45	295.599	107.011	31.5763	3.11349	0	0	0	0	0	0	0	0	0	0	0	0	0
00.000,00.000	33.4	0	-200	0	4.5	5039.91	2354.71	1476.02	767.636	298.169	108.212	31.8769	3.29219	0	0	0	0	0	0	0	0	0	0	0	0	0
00.000,00.000	33.5	0	-200	0	4.5	5072.63	2373.13	1482.92	770.778	300.726	109.43	32.1872	3.46839	0	0	0	0	0	0	0	0	0	0	0	0	0
00.000,00.000	33.6	0	-200	0	4.5	5103.79	2390.72	1489.12	773.823	303.252	110.692	32.523	3.65787	0	0	0	0	0	0	0	0	0	0	0	0	0
00.000,00.000	33.7	0	-200	0	4.5	5256.08	2479.86	1517.1	788.192	315.186	116.903	34.2539	4.58035	0	0	0	0	0	0	0	0	0	0	0	0	0
00.000,00.000	33.8	0	-200	0	4.5	5286.46	2497.93	1522.68	790.859	317.584	118.058	34.596	4.75813	0	0	0	0	0	0	0	0	0	0	0	0	0
00.000,00.000	33.9	0	-200	0	4.5	5349.04	2533.82	1535.52	796.365	322.348	120.542	35.3367	5.11021	0	0	0	0	0	0	0	0	0	0	0	0	0
00.000,00.000	34	0	-200	0	4.5	5412.24	2570.65	1548.23	801.685	327.178	122.982	36.0608	5.45062	0	0	0	0	0	0	0	0	0	0	0	0	0
00.000,00.000	34.1	0	-200	0	4.5	5450.9	2593	1556.28	804.932	330.035	124.473	36.5125	5.65541	0	0	0	0	0	0	0	0	0	0	0	0	0
00.000,00.000	34.2	0	-200	0	4.5	5486.91	2614.28	1564.11	807.654	332.395	125.743	36.9073	5.82379	0	0	0	0	0	0	0	0	0	0	0	0	0
00.000,00.000	34.3	0	-200	0	4.5	5527.76	2637.73	1573.93	810.641	334.957	127.142	37.3525	6.0052	0	0	0	0	0	0	0	0	0	0	0	0	0
00.000,00.000	34.4	0	-200	0	4.5	5569.23	2661.39	1583.65	814.174	337.476	128.546	37.8079	6.18341	0	0	0	0	0	0	0	0	0	0	0	0	0
00.000,00.000	34.5	0	-200	0	4.5	5612.23	2685.82	1593.41	818.368	340.002	129.983	38.2836	6.36201	0	0	0	0	0	0	0	0	0	0	0	0	0
00.000,00.000	34.6	0	-200	0	4.5	5657.33	2711.55	1603.49	823.026	342.491	131.445	38.7795	6.54822	0	0	0	0	0	0	0	0	0	0	0	0	0
00.000,00.000	34.7	0	-200	0	4.5	5734.31	2755.01	1620.7	831.059	347.13	133.922	39.6355	6.85562	0	0	0	0	0	0	0	0	0	0	0	0	0
00.000,00.000	34.8	0	-200	0	4.5	5749.59	2763.73	1624.09	832.557	348.075	134.418	39.8053	6.91668	0	0	0	0	0	0	0	0	0	0	0	0	0
00.000,00.000	34.9	0	-200	0	4.5	5792.27	2787.37	1633.38	836.868	351.517	135.765	40.294	7.07605	0	0	0	0	0	0	0	0	0	0	0	0	0
00.000,00.000	35	0	-200	0	4.5	5848.32	2818.29	1645.39	842.565	356.197	137.642	40.9483	7.28373	0	0	0	0	0	0	0	0	0	0	0	0	0
00.000,00.000	35.1	0	-200	0	4.5	5897.92	2845.36	1655.94	847.722	360.303	139.583	41.5429	7.46607	0	0	0	0	0	0	0	0	0	0	0	0	0
00.000,00.000	35.2	0	-200	0	4.5	5945.23	2870.99	1665.83	852.673	364.028	141.87	42.1764	7.65348	0	0	0	0	0	0	0	0	0	0	0	0	0
00.000,00.000	35.3	0	-200	0	4.5	5988.77	2894.4	1674.79	857.138	367.789	144.023	42.7987	7.8265	0	0	0	0	0	0	0	0	0	0	0	0	0
00.000,00.000	35.4	0	-200	0	4.5	6032.13	2917.77	1683.63	861.495	371.531	146.215	43.492	8.00009	0	0	0	0	0	0	0	0	0	0	0	0	0
00.000,00.000	35.5	0	-200	0	4.5	6075.6	2941.25	1692.44	865.752	375.268	148.47	44.2428	8.17649	0	0	0	0	0	0	0	0	0	0	0	0	0
00.000,00.000	35.6	0	-200	0	4.5	6118.23	2964.33	1701	869.855	378.924	150.738	45.0364	8.35314	0	0	0	0	0	0	0	0	0	0	0	0	0
00.000,00.000	35.7	0	-200	0	4.5	6159.77	2986.82	1709.33	873.791	382.444	152.989	45.8606	8.52731	0	0	0	0	0	0	0	0	0	0	0	0	0
00.000,00.000	35.8	0	-200	0	4.5	6201.08	3009.33	1717.6	877.595	385.864	155.261	46.7239	8.7011	0	0	0	0	0	0	0	0	0	0	0	0	0
00.000,00.000	35.9	0	-200	0	4.5	6242.43	3031.98	1725.83	881.308	389.241	157.568	47.6262	8.87576	0	0	0	0	0	0	0	0	0	0	0	0	0
00.000,00.000	36	0	-200	0	4.5	6283.56	3054.54	1734.04	884.927	392.566	159.899	48.5296	9.05059	0	0	0	0	0	0	0	0	0	0	0	0	0
00.000,00.000	36.1	0	-200	0	4.5	6324.47	3077.08	1742.15	888.483	395.822	162.252	49.4639	9.22571	0	0	0	0	0	0	0	0	0	0	0	0	0
00.000,00.000	36.2	0	-200	0	4.5	6365.29	3099.87	1749.97	891.997	399.011	164.621	50.4267	9.40095	0	0	0	0	0	0	0	0	0	0	0	0	0
00.000,00.000	36.3	0	-200	0	4.5	6405.88	3122.63	1757.73	895.431	402.122	166.98	51.4118	9.5766	0	0	0	0	0	0	0	0	0	0	0	0	0
00.000,00.000	36.4	0	-200	0	4.5	6446.37	3145.42	1765.43	898.828	404.907	169.61	52.419	9.61028	0.142662	0	0	0	0	0	0	0	0	0	0	0	0
00.000,00.000	36.5	0	-200	0	4.5	6486.71	3168.19	1773.07	902.139	407.67	172.254	53.4577	9.61017	0.319783	0	0	0	0	0	0	0	0	0	0	0	0
00.000,00.000	36.6	0	-200	0	4.5	6526.79	3190.92	1780.55	905.373	410.366	174.942	54.5268	9.61046	0.500889	0	0	0	0	0	0	0	0	0	0	0	0
00.000,00.000	36.7	0	-200	0	4.5	6565.57	3213.13	1787.66	908.452	412.919	177.556	55.5723	9.61004	0.678404	0	0	0	0	0	0	0	0	0	0	0	0
00.000,00.000	36.8	0	-200	0	4.5	6616.97	3242.68	1797.01	912.519	416.209	181.045	56.9898	9.61004	0.912931	0	0	0	0	0	0	0	0	0	0	0	0
00.000,00.000	36.9	0	-200	0	4.5	6638.31	3254.99	1800.9	914.171	417.561	182.491	57.572	9.61004	1.01031	0	0	0	0	0	0	0	0	0	0	0	0
00.000,00.000	37	0	-200	0	4.5	6680.31	3279.41	1808.49	917.348	420.077	185.377	58.795	9.61004	1.20232	0	0	0	0	0	0	0	0	0	0	0	0
00.000,00.000	37.1	0	-200	0	4.5	6721.83	3303.68	1815.92	920.464	422.492	188.248	60.015	9.6101	1.39477	0	0	0	0	0	0	0	0	0	0	0	0
00.000,00.000	37.2	0	-200	0	4.5	6760.88	3326.9	1822.82	923.284	424.605	190.931	61.1532	9.6108	1.5732	0	0	0	0	0	0	0	0	0	0	0	0
00.000,00.000	37.3	0	-200	0	4.5	6801.01	3350.96	1829.88	926.101	426.665	193.688	62.3406	9.61227	1.75607	0	0	0	0	0	0	0	0	0	0	0	0
00.000,00.000	37.4	0	-200	0	4.5	6841.15	3375.18	1836.95	928.855	428.621	196.456	63.5377	9.61535	1.93884	0	0	0	0	0	0	0	0	0	0	0	0
00.000,00.000	37.5	0	-200	0	4.5	6881.5	3399.61	1843.97	931.591	430.567	199.249	64.7635	9.62012	2.12298	0	0	0	0	0	0	0	0	0	0	0	0
00.000,00.000	37.6	0	-200	0	4.5	6921.44	3423.98	1850.74	934.261	432.475	202.014	66.0448	9.62699	2.30727	0	0	0	0	0	0	0	0	0	0	0	0
00.000,00.000	37.7	0	-200	0	4.5	6960.71	3448.03	1857.32	936.857	434.298	204.748	67.332	9.63639	2.48867	0	0	0	0	0	0	0	0	0	0	0	0
00.000,00.000	37.8	0	-200	0	4.5	7001.48	3473.12	1864.09	939.482	436.139	207.633	68.6907	9.64918	2.67671	0	0	0	0	0	0	0	0	0	0	0	0
00.000,00.000	37.9	0	-200	0	4.5	7039.49	3496.61	1870.43	941.862	437.803	210.289	69.9676	9.66468	2.85145	0	0	0	0	0	0	0	0	0	0	0	0
00.000,00.000	38	0	-200	0	4.5	7079.74	3521.48	1877.23	944.25	439.575	213.139	71.3429	9.68549	3.03673	0	0	0	0	0	0	0	0	0	0	0	0
00.000,00.000	38.1	0	-200	0	4.5	7119.73	3546.28	1883.91	946.543	441.298	216.016	72.7549	9.7109	3.22336	0	0	0	0	0	0	0	0	0	0	0	0
00.000,00.000	38.2	0	-200	0	4.5	7158.67	3570.51	1890.17	948.73	442.983	218.9	74.2181	9.74242	3.41192	0	0	0	0	0	0	0	0	0	0	0	0
00.000,00.000	38.3	0	-200	0	4.5	7196.04	3593.83	1896.12	950.782	444.577	221.692	75.665	9.77871	3.5957	0	0	0	0	0	0	0	0	0	0	0	0
00.000,00.000	38.4	0	-200	0	4.5	7232.98	3616.97	1901.94	952.758	446.109	224.454	77.1417	9.82393	3.78035	0	0	0	0	0	0	0	0	0	0	0	0
00.000,00.000	38.5	0	-200	0	4.5	7269.51	3639.96	1907.64	954.663	447.58	227.18	78.6453	9.88006	3.9675	0	0	0	0	0	0	0	0	0	0	0	0
00.000,00.000	38.6	0	-200	0	4.5	7304.99	3662.31	1913.08	956.492	448.972	229.84	80.1765	9.9621	4.15599	0	0	0	0	0	0	0	0	0	0	0	0
00.000,00.000	38.7	0	-200	0	4.5	7349.81	3690.68	1919.82	958.826	450.686	233.139	82.1621	10.1012	4.39834	0	0	0	0	0	0	0	0	0	0	0	0
00.000,00.000	38.8	0	-200	0	4.5	7368.82	3702.78	1922.65	959.814	451.384	234.507	83.017	10.1663	4.50275	0	0	0	0	0	0	0	0	0	0	0	0
00.000,00.000	38.9	0	-200	0	4.5	7404.49	3725.53	1927.97	961.601	452.642	237.09	84.6596	10.2971	4.70092	0	0	0	0	0	0	0	0	0	0	0	0
00.000,00.000	39	0	-200	0	4.5	7439.79	3747.25	1934.05	963.382	453.848	239.611	86.3064	10.4383	4.90105	0	0	0	0	0	0	0	0	0	0	0	0
00.000,00.000	39.1	0	-200	0	4.5	7472.35	3767	1939.88	965.051	454.931	241.942	87.8718	10.5792	5.09018	0	0	0	0	0	0	0	0	0	0	0	0
00.000,00.000	39.2	0	-200	0	4.5	7504.26	3786.01	1945.85	966.729	455.972	244.23	89.4642	10.728	5.27952	0	0	0	0	0	0	0	0	0	0	0	0
00.000,00.000	39.3	0	-200	0	4.5	7535.52	3804.31	1951.99	968.354	456.971	246.468	91.0779	10.885	5.46918	0	0	0	0	0	0	0	0	0	0	0	0
00.000,00.000	39.4	0	-200	0	4.5	7566.08	3821.99	1958.15	969.933	457.913	248.65	92.7052	11.0804	5.65901	0	0	0	0	0	0	0	0	0	0	0	0
00.000,00.000	39.5	0	-200	0	4.5	7596.09	3839.14	1964.23	971.531	458.822	250.786	94.3555	11.3713	5.85089	0	0	0	0	0	0	0	0	0	0	0	0
00.000,00.000	39.6	0	-200	0	4.5	7624.95	3855.34	1970.28	973.06	459.682	252.839	96.0268	11.6739	6.04371	0	0	0	0	0	0	0	0	0	0	0	0
00.000,00.000	39.7	0	-200	0	4.5	7653.82	3871.31	1976.6	974.571	460.515	254.856	97.7356	11.9979	6.24121	0	0	0	0	0	0	0	0	0	0	0	0
00.000,00.000	39.8	0	-200	0	4.5	7678.69	3884.74	1982.31	975.913	461.214	256.599	99.1944	12.3103	6.41407	0	0	0	0	0	0	0	0	0	0	0	0
00.000,00.000	39.9	0	-200	0	4.5	7705.86	3898.98	1989.01	977.356	461.954	258.535	100.763	12.6448	6.60438	0	0	0	0	0	0	0	0	0	0	0	0
00.000,00.000	40	0	-200	0	4.5	7732.97	3912.84	1996.05	978.773	462.694	260.461	102.36	12.9932	6.79794	0	0	0	0	0	0	0	0	0	0	0	0
00.000,00.000	40.1	0	-200	0	4.5	7759.26	3925.88	2003.25	980.113	463.41	262.319	103.945	13.351	6.98963	0	0	0	0	0	0	0	0	0	0	0	0
00.000,00.000	40.2	0	-200	0	4.5	7784.8	3938.53	2010.28	981.38	464.092	264.089	105.534	13.7149	7.17989	0	0	0	0	0	0	0	0	0	0	0	0
00.000,00.000	40.3	0	-200	0	4.5	7809.68	3950.77	2017.23	982.578	464.751	265.786	107.117	14.0875	7.36965	0	0	0	0	0	0	0	0	0	0	0	0
00.000,00.000	40.4	0	-200	0	4.5	7833.86	3962.6	2023.97	983.732	465.393	267.424	108.699	14.4827	7.55938	0	0	0	0	0	0	0	0	0	0	0	0
00.000,00.000	40.5	0	-200	0	4.5	7857.35	3974	2030.58	984.832	466.019	268.99	110.278	14.9006	7.74911	0	0	0	0	0	0	0	0	0	0	0	0
00.000,00.000	40.6	0	-200	0	4.5	7879.95	3984.82	2036.91	985.88	466.638	270.521	111.886	15.3513	7.94419	0	0	0	0	0	0	0	0	0	0	0	0
00.000,00.000	40.7	0	-200	0	4.5	7906.47	3997.41	2044.48	987.063	467.362	272.283	113.782	15.9183	8.17772	0	0	0	0	0	0	0	0	0	0	0	0
00.000,00.000	40.8	0	-200	0	4.5	7919.59	4003.57	2048.3	987.631	467.727	273.139	114.712	16.2067	8.29461	0	0	0	0	0	0	0	0	0	0	0	0
00.000,00.000	40.9	0	-200	0	4.5	7941.32	4013.82	2054.55	988.553	468.343	274.342	116.48	16.7447	8.49244	0	0	0	0	0	0	0	0	0	0	0	0
00.000,00.000	41	0	-200	0	4.5	7962.59	4023.67	2060.76	989.45	468.944	275.457	118.31	17.3098	8.69299	0	0	0	0	0	0	0	0	0	0	0	0
00.000,00.000	41.1	0	-200	0	4.5	7982.18	4032.68	2066.52	990.255	469.502	276.492	119.997	17.8503	8.88192	0	0	0	0	0	0	0	0	0	0	0	0
00.000,00.000	41.2	0	-200	0	4.5	8000.98	4041.3	2072.08	991.023	470.057	277.479	121.576	18.3965	9.07007	0	0	0	0	0	0	0	0	0	0	0	0
00.000,00.000	41.3	0	-200	0	4.5	8019.07	4049.57	2077.51	991.763	470.618	278.403	122.994	18.951	9.25803	0	0	0	0	0	0	0	0	0	0	0	0
00.000,00.000	41.4	0	-200	0	4.5	8036.61	4057.51	2082.81	992.464	471.181	279.288	124.398	19.5138	9.44588	0	0	0	0	0	0	0	0	0	0	0	0
00.000,00.000	41.5	0	-200	0	4.5	8053.56	4065.09	2087.97	993.126	471.743	280.118	125.789	20.0849	9.63352	0	0	0	0	0	0	0	0	0	0	0	0
00.000,00.000	41.6	0	-200	0	4.5	8069.75	4072.17	2092.89	993.78	472.309	280.895	127.203	20.6797	9.82643	0	0	0	0	0	0	0	0	0	0	0	0
00.000,00.000	41.7	0	-200	0	4.5	8086.87	4079.55	2098.12	994.468	472.927	281.699	128.726	21.3403	10.0368	0.000409444	0	0	0	0	0	0	0	0	0	0	0
00.000,00.000	41.8	0	-200	0	4.5	8098.49	4084.55	2101.71	994.923	473.357	282.223	129.75	21.802	10.027	0.155204	0	0	0	0	0	0	0	0	0	0	0
00.000,00.000	41.9	0	-200	0	4.5	8113.47	4090.97	2106.36	995.45	473.93	282.876	131.101	22.4134	10.0349	0.33785	0	0	0	0	0	0	0	0	0	0	0
00.000,00.000	42	0	-200	0	4.5	8128.16	4097.15	2110.98	995.96	474.494	283.508	132.466	23.0391	10.0319	0.534751	0	0	0	0	0	0	0	0	0	0	0