
label	time(d)	x	depth	z	radius	total	0-10	10-20	20-30	30-40	40-50	50-60	60-70	70-80	80-90	90-100	100-110	110-120	120-130	130-140	140-150	150-160	160-170	170-180	180-190	190-200
05.500,00.000	0	5.5	-200	0	4.5	0	0	0	0	0	0	0	0	0	0	0	0	0	0	0	0	0	0	0	0	0
05.500,00.000	0.1	5.5	-200	0	4.5	0	0	0	0	0	0	0	0	0	0	0	0	0	0	0	0	0	0	0	0	0
05.500,00.000	0.2	5.5	-200	0	4.5	0	0	0	0	0	0	0	0	0	0	0	0	0	0	0	0	0	0	0	0	0
05.500,00.000	0.3	5.5	-200	0	4.5	0	0	0	0	0	0	0	0	0	0	0	0	0	0	0	0	0	0	0	0	0
05.500,00.000	0.4	5.5	-200	0	4.5	0	0	0	0	0	0	0	0	0	0	0	0	0	0	0	0	0	0	0	0	0
05.500,00.000	0.5	5.5	-200	0	4.5	0	0	0	0	0	0	0	0	0	0	0	0	0	0	0	0	0	0	0	0	0
05.500,00.000	0.6	5.5	-200	0	4.5	0	0	0	0	0	0	0	0	0	0	0	0	0	0	0	0	0	0	0	0	0
05.500,00.000	0.7	5.5	-200	0	4.5	0	0	0	0	0	0	0	0	0	0	0	0	0	0	0	0	0	0	0	0	0
05.500,00.000	0.8	5.5	-200	0	4.5	0	0	0	0	0	0	0	0	0	0	0	0	0	0	0	0	0	0	0	0	0
05.500,00.000	0.9	5.5	-200	0	4.5	0	0	0	0	0	0	0	0	0	0	0	0	0	0	0	0	0	0	0	0	0
05.500,00.000	1	5.5	-200	0	4.5	0	0	0	0	0	0	0	0	0	0	0	0	0	0	0	0	0	0	0	0	0
05.500,00.000	1.1	5.5	-200	0	4.5	0	0	0	0	0	0	0	0	0	0	0	0	0	0	0	0	0	0	0	0	0
05.500,00.000	1.2	5.5	-200	0	4.5	0	0	0	0	0	0	0	0	0	0	0	0	0	0	0	0	0	0	0	0	0
05.500,00.000	1.3	5.5	-200	0	4.5	0	0	0	0	0	0	0	0	0	0	0	0	0	0	0	0	0	0	0	0	0
05.500,00.000	1.4	5.5	-200	0	4.5	0	0	0	0	0	0	0	0	0	0	0	0	0	0	0	0	0	0	0	0	0
05.500,00.000	1.5	5.5	-200	0	4.5	0	0	0	0	0	0	0	0	0	0	0	0	0	0	0	0	0	0	0	0	0
05.500,00.000	1.6	5.5	-200	0	4.5	0	0	0	0	0	0	0	0	0	0	0	0	0	0	0	0	0	0	0	0	0
05.500,00.000	1.7	5.5	-200	0	4.5	0	0	0	0	0	0	0	0	0	0	0	0	0	0	0	0	0	0	0	0	0
05.500,00.000	1.8	5.5	-200	0	4.5	0	0	0	0	0	0	0	0	0	0	0	0	0	0	0	0	0	0	0	0	0
05.500,00.000	1.9	5.5	-200	0	4.5	0	0	0	0	0	0	0	0	0	0	0	0	0	0	0	0	0	0	0	0	0
05.500,00.000	2	5.5	-200	0	4.5	0	0	0	0	0	0	0	0	0	0	0	0	0	0	0	0	0	0	0	0	0
05.500,00.000	2.1	5.5	-200	0	4.5	0	0	0	0	0	0	0	0	0	0	0	0	0	0	0	0	0	0	0	0	0
05.500,00.000	2.2	5.5	-200	0	4.5	0	0	0	0	0	0	0	0	0	0	0	0	0	0	0	0	0	0	0	0	0
05.500,00.000	2.3	5.5	-200	0	4.5	0	0	0	0	0	0	0	0	0	0	0	0	0	0	0	0	0	0	0	0	0
05.500,00.000	2.4	5.5	-200	0	4.5	0	0	0	0	0	0	0	0	0	0	0	0	0	0	0	0	0	0	0	0	0
05.500,00.000	2.5	5.5	-200	0	4.5	0	0	0	0	0	0	0	0	0	0	0	0	0	0	0	0	0	0	0	0	0
05.500,00.000	2.6	5.5	-200	0	4.5	0	0	0	0	0	0	0	0	0	0	0	0	0	0	0	0	0	0	0	0	0
05.500,00.000	2.7	5.5	-200	0	4.5	0.12482	0	0.12482	0	0	0	0	0	0	0	0	0	0	0	0	0	0	0	0	0	0
05.500,00.000	2.8	5.5	-200	0	4.5	0.41914	0	0.41914	0	0	0	0	0	0	0	0	0	0	0	0	0	0	0	0	0	0
05.500,00.000	2.9	5.5	-200	0	4.5	0.701473	0	0.701473	0	0	0	0	0	0	0	0	0	0	0	0	0	0	0	0	0	0
05.500,00.000	3	5.5	-200	0	4.5	0.989541	3.9968e-15	0.989541	0	0	0	0	0	0	0	0	0	0	0	0	0	0	0	0	0	0
05.500,00.000	3.1	5.5	-200	0	4.5	1.58887	0.306811	1.28206	0	0	0	0	0	0	0	0	0	0	0	0	0	0	0	0	0	0
05.500,00.000	3.2	5.5	-200	0	4.5	2.18254	0.608266	1.57427	0	0	0	0	0	0	0	0	0	0	0	0	0	0	0	0	0	0
05.500,00.000	3.3	5.5	-200	0	4.5	2.7756	0.909149	1.86645	0	0	0	0	0	0	0	0	0	0	0	0	0	0	0	0	0	0
05.500,00.000	3.4	5.5	-200	0	4.5	3.36678	1.20826	2.15852	0	0	0	0	0	0	0	0	0	0	0	0	0	0	0	0	0	0
05.500,00.000	3.5	5.5	-200	0	4.5	4.16689	1.71757	2.44932	0	0	0	0	0	0	0	0	0	0	0	0	0	0	0	0	0	0
05.500,00.000	3.6	5.5	-200	0	4.5	4.95616	2.218	2.73817	0	0	0	0	0	0	0	0	0	0	0	0	0	0	0	0	0	0
05.500,00.000	3.7	5.5	-200	0	4.5	5.80431	2.77883	3.02548	0	0	0	0	0	0	0	0	0	0	0	0	0	0	0	0	0	0
05.500,00.000	3.8	5.5	-200	0	4.5	6.64853	3.3369	3.31163	0	0	0	0	0	0	0	0	0	0	0	0	0	0	0	0	0	0
05.500,00.000	3.9	5.5	-200	0	4.5	7.49279	3.8962	3.59659	0	0	0	0	0	0	0	0	0	0	0	0	0	0	0	0	0	0
05.500,00.000	4	5.5	-200	0	4.5	8.3431	4.46175	3.88135	0	0	0	0	0	0	0	0	0	0	0	0	0	0	0	0	0	0
05.500,00.000	4.1	5.5	-200	0	4.5	9.19835	5.03184	4.16651	0	0	0	0	0	0	0	0	0	0	0	0	0	0	0	0	0	0
05.500,00.000	4.2	5.5	-200	0	4.5	9.74922	5.29657	4.45265	0	0	0	0	0	0	0	0	0	0	0	0	0	0	0	0	0	0
05.500,00.000	4.3	5.5	-200	0	4.5	10.3306	5.59047	4.74015	0	0	0	0	0	0	0	0	0	0	0	0	0	0	0	0	0	0
05.500,00.000	4.4	5.5	-200	0	4.5	10.9138	5.88511	5.02868	0	0	0	0	0	0	0	0	0	0	0	0	0	0	0	0	0	0
05.500,00.000	4.5	5.5	-200	0	4.5	11.4942	6.17749	5.31666	0	0	0	0	0	0	0	0	0	0	0	0	0	0	0	0	0	0
05.500,00.000	4.6	5.5	-200	0	4.5	12.0708	6.46712	5.60369	0	0	0	0	0	0	0	0	0	0	0	0	0	0	0	0	0	0
05.500,00.000	4.7	5.5	-200	0	4.5	12.6437	6.75447	5.88928	0	0	0	0	0	0	0	0	0	0	0	0	0	0	0	0	0	0
05.500,00.000	4.8	5.5	-200	0	4.5	13.2139	6.78036	6.43354	0	0	0	0	0	0	0	0	0	0	0	0	0	0	0	0	0	0
05.500,00.000	4.9	5.5	-200	0	4.5	13.7816	6.78036	7.00122	0	0	0	0	0	0	0	0	0	0	0	0	0	0	0	0	0	0
05.500,00.000	5	5.5	-200	0	4.5	14.3467	6.78036	7.5663	0	0	0	0	0	0	0	0	0	0	0	0	0	0	0	0	0	0
05.500,00.000	5.1	5.5	-200	0	4.5	14.9104	6.78036	8.13001	0	0	0	0	0	0	0	0	0	0	0	0	0	0	0	0	0	0
05.500,00.000	5.2	5.5	-200	0	4.5	15.4735	6.78036	8.69312	0	0	0	0	0	0	0	0	0	0	0	0	0	0	0	0	0	0
05.500,00.000	5.3	5.5	-200	0	4.5	16.0369	6.78036	9.25658	0	0	0	0	0	0	0	0	0	0	0	0	0	0	0	0	0	0
05.500,00.000	5.4	5.5	-200	0	4.5	16.6014	6.78036	9.82109	0	0	0	0	0	0	0	0	0	0	0	0	0	0	0	0	0	0
05.500,00.000	5.5	5.5	-200	0	4.5	17.1653	6.78036	10.3849	0	0	0	0	0	0	0	0	0	0	0	0	0	0	0	0	0	0
05.500,00.000	5.6	5.5	-200	0	4.5	17.7284	6.78036	10.948	0	0	0	0	0	0	0	0	0	0	0	0	0	0	0	0	0	0
05.500,00.000	5.7	5.5	-200	0	4.5	18.2899	6.78036	11.5095	0	0	0	0	0	0	0	0	0	0	0	0	0	0	0	0	0	0
05.500,00.000	5.8	5.5	-200	0	4.5	18.8497	6.78036	12.0693	0	0	0	0	0	0	0	0	0	0	0	0	0	0	0	0	0	0
05.500,00.000	5.9	5.5	-200	0	4.5	19.409	6.78036	12.6286	0	0	0	0	0	0	0	0	0	0	0	0	0	0	0	0	0	0
05.500,00.000	6	5.5	-200	0	4.5	19.9675	6.78036	13.1179	0.0691884	0	0	0	0	0	0	0	0	0	0	0	0	0	0	0	0	0
05.500,00.000	6.1	5.5	-200	0	4.5	20.5254	6.78036	13.3963	0.348779	0	0	0	0	0	0	0	0	0	0	0	0	0	0	0	0	0
05.500,00.000	6.2	5.5	-200	0	4.5	21.0834	6.78036	13.6787	0.62431	0	0	0	0	0	0	0	0	0	0	0	0	0	0	0	0	0
05.500,00.000	6.3	5.5	-200	0	4.5	21.6412	6.78036	13.9616	0.899225	0	0	0	0	0	0	0	0	0	0	0	0	0	0	0	0	0
05.500,00.000	6.4	5.5	-200	0	4.5	22.1989	6.78036	14.2451	1.1735	0	0	0	0	0	0	0	0	0	0	0	0	0	0	0	0	0
05.500,00.000	6.5	5.5	-200	0	4.5	22.7556	6.78036	14.5283	1.44694	0	0	0	0	0	0	0	0	0	0	0	0	0	0	0	0	0
05.500,00.000	6.6	5.5	-200	0	4.5	23.3113	6.78036	14.811	1.71995	0	0	0	0	0	0	0	0	0	0	0	0	0	0	0	0	0
05.500,00.000	6.7	5.5	-200	0	4.5	23.866	6.78038	15.0934	1.99226	0	0	0	0	0	0	0	0	0	0	0	0	0	0	0	0	0
05.500,00.000	6.8	5.5	-200	0	4.5	24.4214	6.78157	15.3759	2.26395	0	0	0	0	0	0	0	0	0	0	0	0	0	0	0	0	0
05.500,00.000	6.9	5.5	-200	0	4.5	24.9783	6.78464	15.6586	2.53513	0	0	0	0	0	0	0	0	0	0	0	0	0	0	0	0	0
05.500,00.000	7	5.5	-200	0	4.5	25.5386	6.79149	15.9415	2.80559	0	0	0	0	0	0	0	0	0	0	0	0	0	0	0	0	0
05.500,00.000	7.1	5.5	-200	0	4.5	26.1054	6.80308	16.227	3.07538	0	0	0	0	0	0	0	0	0	0	0	0	0	0	0	0	0
05.500,00.000	7.2	5.5	-200	0	4.5	26.677	6.81903	16.5136	3.34445	0	0	0	0	0	0	0	0	0	0	0	0	0	0	0	0	0
05.500,00.000	7.3	5.5	-200	0	4.5	27.255	6.84043	16.8018	3.61281	0	0	0	0	0	0	0	0	0	0	0	0	0	0	0	0	0
05.500,00.000	7.4	5.5	-200	0	4.5	27.8416	6.86868	17.0925	3.88044	0	0	0	0	0	0	0	0	0	0	0	0	0	0	0	0	0
05.500,00.000	7.5	5.5	-200	0	4.5	28.4336	6.90163	17.3849	4.14705	0	0	0	0	0	0	0	0	0	0	0	0	0	0	0	0	0
05.500,00.000	7.6	5.5	-200	0	4.5	29.0342	6.94117	17.6799	4.41321	0	0	0	0	0	0	0	0	0	0	0	0	0	0	0	0	0
05.500,00.000	7.7	5.5	-200	0	4.5	29.6465	6.98852	17.9794	4.67861	0	0	0	0	0	0	0	0	0	0	0	0	0	0	0	0	0
05.500,00.000	7.8	5.5	-200	0	4.5	30.2696	7.04492	18.2812	4.94345	0	0	0	0	0	0	0	0	0	0	0	0	0	0	0	0	0
05.500,00.000	7.9	5.5	-200	0	4.5	30.9055	7.11114	18.5865	5.20793	0	0	0	0	0	0	0	0	0	0	0	0	0	0	0	0	0
05.500,00.000	8	5.5	-200	0	4.5	31.5559	7.18844	18.8957	5.47177	0	0	0	0	0	0	0	0	0	0	0	0	0	0	0	0	0
05.500,00.000	8.1	5.5	-200	0	4.5	32.2199	7.2771	19.2077	5.73507	0	0	0	0	0	0	0	0	0	0	0	0	0	0	0	0	0
05.500,00.000	8.2	5.5	-200	0	4.5	32.9	7.37941	19.5228	5.99781	0	0	0	0	0	0	0	0	0	0	0	0	0	0	0	0	0
05.500,00.000	8.3	5.5	-200	0	4.5	33.6004	7.49802	19.8424	6.25994	0	0	0	0	0	0	0	0	0	0	0	0	0	0	0	0	0
05.500,00.000	8.4	5.5	-200	0	4.5	34.3195	7.63117	20.1668	6.52148	0	0	0	0	0	0	0	0	0	0	0	0	0	0	0	0	0
05.500,00.000	8.5	5.5	-200	0	4.5	35.0538	7.77557	20.496	6.78218	0	0	0	0	0	0	0	0	0	0	0	0	0	0	0	0	0
05.500,00.000	8.6	5.5	-200	0	4.5	35.8068	7.93384	20.8306	7.04232	0	0	0	0	0	0	0	0	0	0	0	0	0	0	0	0	0
05.500,00.000	8.7	5.5	-200	0	4.5	36.5686	8.0985	21.1682	7.30197	0	0	0	0	0	0	0	0	0	0	0	0	0	0	0	0	0
05.500,00.000	8.8	5.5	-200	0	4.5	37.206	8.27483	21.2336	7.69765	0	0	0	0	0	0	0	0	0	0	0	0	0	0	0	0	0
05.500,00.000	8.9	5.5	-200	0	4.5	37.7298	8.46602	21.3073	7.9564	0	0	0	0	0	0	0	0	0	0	0	0	0	0	0	0	0
05.500,00.000	9	5.5	-200	0	4.5	38.279	8.67319	21.39	8.21579	0	0	0	0	0	0	0	0	0	0	0	0	0	0	0	0	0
05.500,00.000	9.1	5.5	-200	0	4.5	38.8578	8.90272	21.4812	8.47387	0	0	0	0	0	0	0	0	0	0	0	0	0	0	0	0	0
05.500,00.000	9.2	5.5	-200	0	4.5	39.4686	9.15489	21.5822	8.73153	0	0	0	0	0	0	0	0	0	0	0	0	0	0	0	0	0
05.500,00.000	9.3	5.5	-200	0	4.5	40.1052	9.42148	21.6949	8.98885	0	0	0	0	0	0	0	0	0	0	0	0	0	0	0	0	0
05.500,00.000	9.4	5.5	-200	0	4.5	40.7643	9.69893	21.8195	9.24587	0	0	0	0	0	0	0	0	0	0	0	0	0	0	0	0	0
05.500,00.000	9.5	5.5	-200	0	4.5	41.443	9.98299	21.9578	9.50225	0	0	0	0	0	0	0	0	0	0	0	0	0	0	0	0	0
05.500,00.000	9.6	5.5	-200	0	4.5	42.1405	10.2747	22.1072	9.75863	0	0	0	0	0	0	0	0	0	0	0	0	0	0	0	0	0
05.500,00.000	9.7	5.5	-200	0	4.5	42.8573	10.5731	22.2692	10.015	0	0	0	0	0	0	0	0	0	0	0	0	0	0	0	0	0
05.500,00.000	9.8	5.5	-200	0	4.5	43.5974	10.8796	22.4463	10.2715	0	0	0	0	0	0	0	0	0	0	0	0	0	0	0	0	0
05.500,00.000	9.9	5.5	-200	0	4.5	44.3679	11.2003	22.6396	10.528	0	0	0	0	0	0	0	0	0	0	0	0	0	0	0	0	0
05.500,00.000	10	5.5	-200	0	4.5	45.1742	11.5389	22.8508	10.5725	0.211986	0	0	0	0	0	0	0	0	0	0	0	0	0	0	0	0
05.500,00.000	10.1	5.5	-200	0	4.5	46.0133	11.8916	23.0809	10.5728	0.468012	0	0	0	0	0	0	0	0	0	0	0	0	0	0	0	0
05.500,00.000	10.2	5.5	-200	0	4.5	46.8951	12.258	23.34	10.5728	0.72431	0	0	0	0	0	0	0	0	0	0	0	0	0	0	0	0
05.500,00.000	10.3	5.5	-200	0	4.5	47.8152	12.6388	23.6231	10.5728	0.980441	0	0	0	0	0	0	0	0	0	0	0	0	0	0	0	0
05.500,00.000	10.4	5.5	-200	0	4.5	48.7709	13.0314	23.9295	10.5736	1.23645	0	0	0	0	0	0	0	0	0	0	0	0	0	0	0	0
05.500,00.000	10.5	5.5	-200	0	4.5	49.6281	13.4299	24.2551	10.5747	1.36847	0	0	0	0	0	0	0	0	0	0	0	0	0	0	0	0
05.500,00.000	10.6	5.5	-200	0	4.5	50.3766	13.8306	24.5996	10.5775	1.36885	0	0	0	0	0	0	0	0	0	0	0	0	0	0	0	0
05.500,00.000	10.7	5.5	-200	0	4.5	51.1256	14.2119	24.9633	10.5815	1.36882	0	0	0	0	0	0	0	0	0	0	0	0	0	0	0	0
05.500,00.000	10.8	5.5	-200	0	4.5	51.904	14.6026	25.3454	10.5874	1.36872	0	0	0	0	0	0	0	0	0	0	0	0	0	0	0	0
05.500,00.000	10.9	5.5	-200	0	4.5	52.7197	15.0096	25.7465	10.5949	1.36872	0	0	0	0	0	0	0	0	0	0	0	0	0	0	0	0
05.500,00.000	11	5.5	-200	0	4.5	53.5776	15.4358	26.1688	10.6043	1.36872	0	0	0	0	0	0	0	0	0	0	0	0	0	0	0	0
05.500,00.000	11.1	5.5	-200	0	4.5	54.4951	15.8962	26.6138	10.6165	1.36872	0	0	0	0	0	0	0	0	0	0	0	0	0	0	0	0
05.500,00.000	11.2	5.5	-200	0	4.5	55.4781	16.3953	27.083	10.6311	1.36872	0	0	0	0	0	0	0	0	0	0	0	0	0	0	0	0
05.500,00.000	11.3	5.5	-200	0	4.5	56.513	16.9176	27.5783	10.6485	1.36872	0	0	0	0	0	0	0	0	0	0	0	0	0	0	0	0
05.500,00.000	11.4	5.5	-200	0	4.5	57.5981	17.4613	28.098	10.6701	1.36872	0	0	0	0	0	0	0	0	0	0	0	0	0	0	0	0
05.500,00.000	11.5	5.5	-200	0	4.5	58.6927	17.9906	28.6378	10.6955	1.36872	0	0	0	0	0	0	0	0	0	0	0	0	0	0	0	0
05.500,00.000	11.6	5.5	-200	0	4.5	59.829	18.5376	29.1975	10.7252	1.36872	0	0	0	0	0	0	0	0	0	0	0	0	0	0	0	0
05.500,00.000	11.7	5.5	-200	0	4.5	60.9952	19.0924	29.7756	10.7584	1.36872	0	0	0	0	0	0	0	0	0	0	0	0	0	0	0	0
05.500,00.000	11.8	5.5	-200	0	4.5	62.2028	19.663	30.3758	10.7953	1.36872	0	0	0	0	0	0	0	0	0	0	0	0	0	0	0	0
05.500,00.000	11.9	5.5	-200	0	4.5	63.4671	20.2602	31.0018	10.8364	1.36872	0	0	0	0	0	0	0	0	0	0	0	0	0	0	0	0
05.500,00.000	12	5.5	-200	0	4.5	64.755	20.8807	31.624	10.8815	1.36872	0	0	0	0	0	0	0	0	0	0	0	0	0	0	0	0
05.500,00.000	12.1	5.5	-200	0	4.5	66.1248	21.5593	32.2656	10.9311	1.36872	0	0	0	0	0	0	0	0	0	0	0	0	0	0	0	0
05.500,00.000	12.2	5.5	-200	0	4.5	67.5737	22.2847	32.9343	10.986	1.36872	0	0	0	0	0	0	0	0	0	0	0	0	0	0	0	0
05.500,00.000	12.3	5.5	-200	0	4.5	69.0522	23.0175	33.6211	11.0448	1.36872	0	0	0	0	0	0	0	0	0	0	0	0	0	0	0	0
05.500,00.000	12.4	5.5	-200	0	4.5	70.5692	23.7621	34.3306	11.1078	1.36872	0	0	0	0	0	0	0	0	0	0	0	0	0	0	0	0
05.500,00.000	12.5	5.5	-200	0	4.5	72.1205	24.5107	35.065	11.1761	1.36872	0	0	0	0	0	0	0	0	0	0	0	0	0	0	0	0
05.500,00.000	12.6	5.5	-200	0	4.5	73.6907	25.2557	35.818	11.2483	1.36872	0	0	0	0	0	0	0	0	0	0	0	0	0	0	0	0
05.500,00.000	12.7	5.5	-200	0	4.5	75.2773	25.9932	36.5908	11.3246	1.36872	0	0	0	0	0	0	0	0	0	0	0	0	0	0	0	0
05.500,00.000	12.8	5.5	-200	0	4.5	76.8765	26.7174	37.3843	11.4061	1.36872	0	0	0	0	0	0	0	0	0	0	0	0	0	0	0	0
05.500,00.000	12.9	5.5	-200	0	4.5	78.5089	27.4521	38.1963	11.4918	1.36872	0	0	0	0	0	0	0	0	0	0	0	0	0	0	0	0
05.500,00.000	13	5.5	-200	0	4.5	80.1533	28.1635	39.0385	11.5825	1.36872	0	0	0	0	0	0	0	0	0	0	0	0	0	0	0	0
05.500,00.000	13.1	5.5	-200	0	4.5	81.8532	28.897	39.9086	11.6789	1.36872	0	0	0	0	0	0	0	0	0	0	0	0	0	0	0	0
05.500,00.000	13.2	5.5	-200	0	4.5	83.6051	29.6466	40.8097	11.7802	1.36872	0	0	0	0	0	0	0	0	0	0	0	0	0	0	0	0
05.500,00.000	13.3	5.5	-200	0	4.5	85.3694	30.3363	41.7778	11.8866	1.36872	0	0	0	0	0	0	0	0	0	0	0	0	0	0	0	0
05.500,00.000	13.4	5.5	-200	0	4.5	87.1782	31.0472	42.7636	11.9986	1.36872	0	0	0	0	0	0	0	0	0	0	0	0	0	0	0	0
05.500,00.000	13.5	5.5	-200	0	4.5	89.0052	31.7404	43.7787	12.1173	1.36872	0	0	0	0	0	0	0	0	0	0	0	0	0	0	0	0
05.500,00.000	13.6	5.5	-200	0	4.5	91.0535	32.527	44.9036	12.2542	1.36872	0	0	0	0	0	0	0	0	0	0	0	0	0	0	0	0
05.500,00.000	13.7	5.5	-200	0	4.5	93.1552	33.3186	46.0517	12.4162	1.36872	0	0	0	0	0	0	0	0	0	0	0	0	0	0	0	0
05.500,00.000	13.8	5.5	-200	0	4.5	94.9705	34.021	47.0218	12.559	1.36872	0	0	0	0	0	0	0	0	0	0	0	0	0	0	0	0
05.500,00.000	13.9	5.5	-200	0	4.5	97.0827	34.8402	48.1464	12.7274	1.36872	0	0	0	0	0	0	0	0	0	0	0	0	0	0	0	0
05.500,00.000	14	5.5	-200	0	4.5	99.2127	35.6614	49.2824	12.9001	1.36872	0	0	0	0	0	0	0	0	0	0	0	0	0	0	0	0
05.500,00.000	14.1	5.5	-200	0	4.5	101.373	36.5022	50.4253	13.0771	1.36872	0	0	0	0	0	0	0	0	0	0	0	0	0	0	0	0
05.500,00.000	14.2	5.5	-200	0	4.5	103.596	37.3707	51.5953	13.2618	1.36872	0	0	0	0	0	0	0	0	0	0	0	0	0	0	0	0
05.500,00.000	14.3	5.5	-200	0	4.5	105.861	38.2462	52.7918	13.4542	1.36877	0	0	0	0	0	0	0	0	0	0	0	0	0	0	0	0
05.500,00.000	14.4	5.5	-200	0	4.5	108.106	39.1259	53.9581	13.653	1.36944	0	0	0	0	0	0	0	0	0	0	0	0	0	0	0	0
05.500,00.000	14.5	5.5	-200	0	4.5	110.376	40.0003	55.1455	13.8599	1.3704	0	0	0	0	0	0	0	0	0	0	0	0	0	0	0	0
05.500,00.000	14.6	5.5	-200	0	4.5	113.216	41.102	56.6179	14.1233	1.3724	0	0	0	0	0	0	0	0	0	0	0	0	0	0	0	0
05.500,00.000	14.7	5.5	-200	0	4.5	115.806	42.0628	57.9939	14.3738	1.37595	0	0	0	0	0	0	0	0	0	0	0	0	0	0	0	0
05.500,00.000	14.8	5.5	-200	0	4.5	117.682	42.7345	59.0094	14.5586	1.37938	0	0	0	0	0	0	0	0	0	0	0	0	0	0	0	0
05.500,00.000	14.9	5.5	-200	0	4.5	120.226	43.636	60.391	14.8141	1.38529	0	0	0	0	0	0	0	0	0	0	0	0	0	0	0	0
05.500,00.000	15	5.5	-200	0	4.5	122.709	44.5166	61.7345	15.0662	1.39205	0	0	0	0	0	0	0	0	0	0	0	0	0	0	0	0
05.500,00.000	15.1	5.5	-200	0	4.5	125.144	45.3841	63.0452	15.3147	1.39968	0	0	0	0	0	0	0	0	0	0	0	0	0	0	0	0
05.500,00.000	15.2	5.5	-200	0	4.5	127.583	46.2585	64.3451	15.5706	1.4084	0	0	0	0	0	0	0	0	0	0	0	0	0	0	0	0
05.500,00.000	15.3	5.5	-200	0	4.5	130.044	47.1231	65.6686	15.8339	1.41821	0	0	0	0	0	0	0	0	0	0	0	0	0	0	0	0
05.500,00.000	15.4	5.5	-200	0	4.5	132.52	47.9673	67.0195	16.1046	1.42899	0	0	0	0	0	0	0	0	0	0	0	0	0	0	0	0
05.500,00.000	15.5	5.5	-200	0	4.5	135.737	49.0294	68.7978	16.4653	1.44422	0	0	0	0	0	0	0	0	0	0	0	0	0	0	0	0
05.500,00.000	15.6	5.5	-200	0	4.5	139.3	50.1492	70.8109	16.8776	1.46224	0	0	0	0	0	0	0	0	0	0	0	0	0	0	0	0
05.500,00.000	15.7	5.5	-200	0	4.5	142.066	50.9554	72.4258	17.2077	1.47694	0	0	0	0	0	0	0	0	0	0	0	0	0	0	0	0
05.500,00.000	15.8	5.5	-200	0	4.5	143.48	51.3504	73.2623	17.3826	1.48482	0	0	0	0	0	0	0	0	0	0	0	0	0	0	0	0
05.500,00.000	15.9	5.5	-200	0	4.5	145.859	52.0046	74.6697	17.6862	1.49881	0	0	0	0	0	0	0	0	0	0	0	0	0	0	0	0
05.500,00.000	16	5.5	-200	0	4.5	148.743	52.7123	76.4294	18.0849	1.51642	0	0	0	0	0	0	0	0	0	0	0	0	0	0	0	0
05.500,00.000	16.1	5.5	-200	0	4.5	151.288	53.3395	77.9303	18.486	1.53233	0	0	0	0	0	0	0	0	0	0	0	0	0	0	0	0
05.500,00.000	16.2	5.5	-200	0	4.5	153.721	53.9306	79.3632	18.8789	1.54817	0	0	0	0	0	0	0	0	0	0	0	0	0	0	0	0
05.500,00.000	16.3	5.5	-200	0	4.5	156.146	54.4995	80.8025	19.2792	1.56461	0	0	0	0	0	0	0	0	0	0	0	0	0	0	0	0
05.500,00.000	16.4	5.5	-200	0	4.5	158.568	55.0452	82.2609	19.68	1.58161	0	0	0	0	0	0	0	0	0	0	0	0	0	0	0	0
05.500,00.000	16.5	5.5	-200	0	4.5	163.384	56.0997	85.1569	20.5102	1.61755	0	0	0	0	0	0	0	0	0	0	0	0	0	0	0	0
05.500,00.000	16.6	5.5	-200	0	4.5	166.327	56.7247	86.911	21.0509	1.64045	0	0	0	0	0	0	0	0	0	0	0	0	0	0	0	0
05.500,00.000	16.7	5.5	-200	0	4.5	166.624	56.7871	87.0827	21.1111	1.64288	0	0	0	0	0	0	0	0	0	0	0	0	0	0	0	0
05.500,00.000	16.8	5.5	-200	0	4.5	168.505	57.1452	88.2209	21.4804	1.65897	0	0	0	0	0	0	0	0	0	0	0	0	0	0	0	0
05.500,00.000	16.9	5.5	-200	0	4.5	169.079	57.2557	88.5499	21.609	1.66409	0	0	0	0	0	0	0	0	0	0	0	0	0	0	0	0
05.500,00.000	17	5.5	-200	0	4.5	172.248	57.8123	90.4725	22.2701	1.69353	0	0	0	0	0	0	0	0	0	0	0	0	0	0	0	0
05.500,00.000	17.1	5.5	-200	0	4.5	174.799	58.2521	92.0423	22.7862	1.71833	0	0	0	0	0	0	0	0	0	0	0	0	0	0	0	0
05.500,00.000	17.2	5.5	-200	0	4.5	176.924	58.603	93.3735	23.2081	1.73971	0	0	0	0	0	0	0	0	0	0	0	0	0	0	0	0
05.500,00.000	17.3	5.5	-200	0	4.5	179.024	58.9399	94.6874	23.6354	1.76172	0	0	0	0	0	0	0	0	0	0	0	0	0	0	0	0
05.500,00.000	17.4	5.5	-200	0	4.5	181.092	59.2561	95.9846	24.0665	1.78438	0	0	0	0	0	0	0	0	0	0	0	0	0	0	0	0
05.500,00.000	17.5	5.5	-200	0	4.5	186.888	60.0851	99.6509	25.3004	1.85128	0	0	0	0	0	0	0	0	0	0	0	0	0	0	0	0
05.500,00.000	17.6	5.5	-200	0	4.5	188.94	60.3735	100.976	25.7149	1.87634	0	0	0	0	0	0	0	0	0	0	0	0	0	0	0	0
05.500,00.000	17.7	5.5	-200	0	4.5	189.012	60.3825	101.022	25.7298	1.87728	0	0	0	0	0	0	0	0	0	0	0	0	0	0	0	0
05.500,00.000	17.8	5.5	-200	0	4.5	190.986	60.6151	102.306	26.1599	1.90494	0	0	0	0	0	0	0	0	0	0	0	0	0	0	0	0
05.500,00.000	17.9	5.5	-200	0	4.5	191.582	60.6846	102.69	26.294	1.91347	0	0	0	0	0	0	0	0	0	0	0	0	0	0	0	0
05.500,00.000	18	5.5	-200	0	4.5	194.852	61.0239	104.817	27.0474	1.96422	0	0	0	0	0	0	0	0	0	0	0	0	0	0	0	0
05.500,00.000	18.1	5.5	-200	0	4.5	197.24	61.2241	106.379	27.6351	2.00143	0	0	0	0	0	0	0	0	0	0	0	0	0	0	0	0
05.500,00.000	18.2	5.5	-200	0	4.5	198.996	61.3594	107.529	28.0776	2.03028	0	0	0	0	0	0	0	0	0	0	0	0	0	0	0	0
05.500,00.000	18.3	5.5	-200	0	4.5	200.704	61.4802	108.639	28.525	2.06005	0	0	0	0	0	0	0	0	0	0	0	0	0	0	0	0
05.500,00.000	18.4	5.5	-200	0	4.5	202.338	61.5861	109.684	28.9774	2.09071	0	0	0	0	0	0	0	0	0	0	0	0	0	0	0	0
05.500,00.000	18.5	5.5	-200	0	4.5	207.784	61.9009	113.153	30.5311	2.1983	0	0	0	0	0	0	0	0	0	0	0	0	0	0	0	0
05.500,00.000	18.6	5.5	-200	0	4.5	208.855	61.9499	113.835	30.8501	2.22016	0	0	0	0	0	0	0	0	0	0	0	0	0	0	0	0
05.500,00.000	18.7	5.5	-200	0	4.5	211.21	62.0553	115.32	31.5632	2.27093	0	0	0	0	0	0	0	0	0	0	0	0	0	0	0	0
05.500,00.000	18.8	5.5	-200	0	4.5	211.741	62.0746	115.633	31.751	2.28274	0	0	0	0	0	0	0	0	0	0	0	0	0	0	0	0
05.500,00.000	18.9	5.5	-200	0	4.5	212.68	62.1072	116.187	32.0806	2.30561	0	0	0	0	0	0	0	0	0	0	0	0	0	0	0	0
05.500,00.000	19	5.5	-200	0	4.5	215.264	62.191	117.702	32.9997	2.37102	0	0	0	0	0	0	0	0	0	0	0	0	0	0	0	0
05.500,00.000	19.1	5.5	-200	0	4.5	216.988	62.2422	118.695	33.6347	2.41664	0	0	0	0	0	0	0	0	0	0	0	0	0	0	0	0
05.500,00.000	19.2	5.5	-200	0	4.5	218.397	62.2797	119.523	34.1396	2.45412	0	0	0	0	0	0	0	0	0	0	0	0	0	0	0	0
05.500,00.000	19.3	5.5	-200	0	4.5	219.819	62.3141	120.369	34.6435	2.49233	0	0	0	0	0	0	0	0	0	0	0	0	0	0	0	0
05.500,00.000	19.4	5.5	-200	0	4.5	221.205	62.3468	121.179	35.1477	2.53141	0	0	0	0	0	0	0	0	0	0	0	0	0	0	0	0
05.500,00.000	19.5	5.5	-200	0	4.5	222.549	62.378	121.95	35.6502	2.57126	0	0	0	0	0	0	0	0	0	0	0	0	0	0	0	0
05.500,00.000	19.6	5.5	-200	0	4.5	225.201	62.4355	123.442	36.6695	2.65439	0	0	0	0	0	0	0	0	0	0	0	0	0	0	0	0
05.500,00.000	19.7	5.5	-200	0	4.5	225.766	62.4474	123.746	36.8997	2.67299	0	0	0	0	0	0	0	0	0	0	0	0	0	0	0	0
05.500,00.000	19.8	5.5	-200	0	4.5	229.4	62.5147	125.708	38.375	2.80241	0	0	0	0	0	0	0	0	0	0	0	0	0	0	0	0
05.500,00.000	19.9	5.5	-200	0	4.5	230.283	62.5311	126.164	38.7521	2.83524	0	0	0	0	0	0	0	0	0	0	0	0	0	0	0	0
05.500,00.000	20	5.5	-200	0	4.5	232.221	62.5662	127.152	39.5617	2.94121	0	0	0	0	0	0	0	0	0	0	0	0	0	0	0	0
05.500,00.000	20.1	5.5	-200	0	4.5	234.247	62.5921	128.449	40.1658	3.04076	0	0	0	0	0	0	0	0	0	0	0	0	0	0	0	0
05.500,00.000	20.2	5.5	-200	0	4.5	235.846	62.6115	129.504	40.612	3.11845	0	0	0	0	0	0	0	0	0	0	0	0	0	0	0	0
05.500,00.000	20.3	5.5	-200	0	4.5	237.466	62.6305	130.59	41.0478	3.19794	0	0	0	0	0	0	0	0	0	0	0	0	0	0	0	0
05.500,00.000	20.4	5.5	-200	0	4.5	239.028	62.649	131.639	41.4623	3.27859	0	0	0	0	0	0	0	0	0	0	0	0	0	0	0	0
05.500,00.000	20.5	5.5	-200	0	4.5	240.518	62.667	132.656	41.8341	3.3609	0	0	0	0	0	0	0	0	0	0	0	0	0	0	0	0
05.500,00.000	20.6	5.5	-200	0	4.5	241.952	62.6842	133.622	42.2019	3.44461	0	0	0	0	0	0	0	0	0	0	0	0	0	0	0	0
05.500,00.000	20.7	5.5	-200	0	4.5	243.319	62.7007	134.538	42.5519	3.52876	0	0	0	0	0	0	0	0	0	0	0	0	0	0	0	0
05.500,00.000	20.8	5.5	-200	0	4.5	249.559	62.7721	138.679	44.1737	3.93359	0	0	0	0	0	0	0	0	0	0	0	0	0	0	0	0
05.500,00.000	20.9	5.5	-200	0	4.5	250.832	62.7872	139.527	44.4998	4.01786	0	0	0	0	0	0	0	0	0	0	0	0	0	0	0	0
05.500,00.000	21	5.5	-200	0	4.5	250.976	62.7888	139.623	44.5362	4.02786	0	0	0	0	0	0	0	0	0	0	0	0	0	0	0	0
05.500,00.000	21.1	5.5	-200	0	4.5	253.618	62.8196	141.376	45.2033	4.21928	0	0	0	0	0	0	0	0	0	0	0	0	0	0	0	0
05.500,00.000	21.2	5.5	-200	0	4.5	255.335	62.8394	142.514	45.6348	4.34671	0	0	0	0	0	0	0	0	0	0	0	0	0	0	0	0
05.500,00.000	21.3	5.5	-200	0	4.5	256.553	62.8534	143.321	45.9385	4.44036	0	0	0	0	0	0	0	0	0	0	0	0	0	0	0	0
05.500,00.000	21.4	5.5	-200	0	4.5	258.135	62.8712	144.371	46.3282	4.56453	0	0	0	0	0	0	0	0	0	0	0	0	0	0	0	0
05.500,00.000	21.5	5.5	-200	0	4.5	258.847	62.8789	144.848	46.5014	4.61934	0	0	0	0	0	0	0	0	0	0	0	0	0	0	0	0
05.500,00.000	21.6	5.5	-200	0	4.5	260.104	62.8922	145.562	46.9465	4.70293	0	0	0	0	0	0	0	0	0	0	0	0	0	0	0	0
05.500,00.000	21.7	5.5	-200	0	4.5	261.32	62.9046	146.016	47.6152	4.78372	0	0	0	0	0	0	0	0	0	0	0	0	0	0	0	0
05.500,00.000	21.8	5.5	-200	0	4.5	262.423	62.9191	146.447	48.2424	4.81448	0	0	0	0	0	0	0	0	0	0	0	0	0	0	0	0
05.500,00.000	21.9	5.5	-200	0	4.5	265.356	63.1155	147.536	49.8586	4.84582	0	0	0	0	0	0	0	0	0	0	0	0	0	0	0	0
05.500,00.000	22	5.5	-200	0	4.5	266.066	63.2029	147.779	50.221	4.86283	0	0	0	0	0	0	0	0	0	0	0	0	0	0	0	0
05.500,00.000	22.1	5.5	-200	0	4.5	268.16	63.3434	148.529	51.3631	4.92404	0	0	0	0	0	0	0	0	0	0	0	0	0	0	0	0
05.500,00.000	22.2	5.5	-200	0	4.5	269.632	63.507	149.023	52.1391	4.96315	0	0	0	0	0	0	0	0	0	0	0	0	0	0	0	0
05.500,00.000	22.3	5.5	-200	0	4.5	270.723	63.6509	149.369	52.7105	4.99217	0	0	0	0	0	0	0	0	0	0	0	0	0	0	0	0
05.500,00.000	22.4	5.5	-200	0	4.5	271.833	63.822	149.453	53.5363	5.02185	0	0	0	0	0	0	0	0	0	0	0	0	0	0	0	0
05.500,00.000	22.5	5.5	-200	0	4.5	272.922	63.99	149.527	54.3545	5.05067	0	0	0	0	0	0	0	0	0	0	0	0	0	0	0	0
05.500,00.000	22.6	5.5	-200	0	4.5	277.597	64.6827	149.808	57.9328	5.17388	0	0	0	0	0	0	0	0	0	0	0	0	0	0	0	0
05.500,00.000	22.7	5.5	-200	0	4.5	280.141	65.0305	149.957	59.9122	5.24146	0	0	0	0	0	0	0	0	0	0	0	0	0	0	0	0
05.500,00.000	22.8	5.5	-200	0	4.5	281.008	65.1705	150.001	60.5724	5.2636	0	0	0	0	0	0	0	0	0	0	0	0	0	0	0	0
05.500,00.000	22.9	5.5	-200	0	4.5	281.037	65.1748	150.003	60.5946	5.26432	0	0	0	0	0	0	0	0	0	0	0	0	0	0	0	0
05.500,00.000	23	5.5	-200	0	4.5	285.895	67.0518	150.165	63.3278	5.35042	0	0	0	0	0	0	0	0	0	0	0	0	0	0	0	0
05.500,00.000	23.1	5.5	-200	0	4.5	289.849	68.9111	150.283	65.2454	5.40948	0	0	0	0	0	0	0	0	0	0	0	0	0	0	0	0
05.500,00.000	23.2	5.5	-200	0	4.5	291.556	69.7135	150.338	66.0707	5.43384	0	0	0	0	0	0	0	0	0	0	0	0	0	0	0	0
05.500,00.000	23.3	5.5	-200	0	4.5	293.015	70.4049	150.389	66.7679	5.45382	0	0	0	0	0	0	0	0	0	0	0	0	0	0	0	0
05.500,00.000	23.4	5.5	-200	0	4.5	301.915	72.9491	152.437	70.4055	6.12354	0	0	0	0	0	0	0	0	0	0	0	0	0	0	0	0
05.500,00.000	23.5	5.5	-200	0	4.5	304.509	73.2574	153.522	71.0717	6.65736	0	0	0	0	0	0	0	0	0	0	0	0	0	0	0	0
05.500,00.000	23.6	5.5	-200	0	4.5	312.83	74.1277	157.089	73.1924	8.42065	0	0	0	0	0	0	0	0	0	0	0	0	0	0	0	0
05.500,00.000	23.7	5.5	-200	0	4.5	317.576	74.6363	159.122	74.3827	9.43581	0	0	0	0	0	0	0	0	0	0	0	0	0	0	0	0
05.500,00.000	23.8	5.5	-200	0	4.5	321.169	75.0267	160.685	75.2739	10.1833	0	0	0	0	0	0	0	0	0	0	0	0	0	0	0	0
05.500,00.000	23.9	5.5	-200	0	4.5	321.475	75.0594	160.824	75.3463	10.2459	0	0	0	0	0	0	0	0	0	0	0	0	0	0	0	0
05.500,00.000	24	5.5	-200	0	4.5	332.115	76.1519	165.729	76.7078	13.5266	0	0	0	0	0	0	0	0	0	0	0	0	0	0	0	0
05.500,00.000	24.1	5.5	-200	0	4.5	337.056	76.7716	168.024	77.0417	15.2185	0	0	0	0	0	0	0	0	0	0	0	0	0	0	0	0
05.500,00.000	24.2	5.5	-200	0	4.5	338.793	76.9259	168.892	77.1833	15.7927	0	0	0	0	0	0	0	0	0	0	0	0	0	0	0	0
05.500,00.000	24.3	5.5	-200	0	4.5	340.196	77.0488	169.598	77.3027	16.2467	0	0	0	0	0	0	0	0	0	0	0	0	0	0	0	0
05.500,00.000	24.4	5.5	-200	0	4.5	340.519	77.0791	169.759	77.331	16.3497	0	0	0	0	0	0	0	0	0	0	0	0	0	0	0	0
05.500,00.000	24.5	5.5	-200	0	4.5	345.404	77.4884	172.245	77.8078	17.8635	0	0	0	0	0	0	0	0	0	0	0	0	0	0	0	0
05.500,00.000	24.6	5.5	-200	0	4.5	353.38	78.0227	175.711	79.258	19.6203	0.767903	0	0	0	0	0	0	0	0	0	0	0	0	0	0	0
05.500,00.000	24.7	5.5	-200	0	4.5	357.633	78.3671	177.266	80.3834	20.2414	1.37534	0	0	0	0	0	0	0	0	0	0	0	0	0	0	0
05.500,00.000	24.8	5.5	-200	0	4.5	369.817	79.3563	181.257	84.1641	21.9648	3.07541	0	0	0	0	0	0	0	0	0	0	0	0	0	0	0
05.500,00.000	24.9	5.5	-200	0	4.5	372.444	79.8653	181.904	85.0316	22.2691	3.37448	0	0	0	0	0	0	0	0	0	0	0	0	0	0	0
05.500,00.000	25	5.5	-200	0	4.5	386.772	82.5142	185.393	90.0088	23.895	4.96027	0	0	0	0	0	0	0	0	0	0	0	0	0	0	0
05.500,00.000	25.1	5.5	-200	0	4.5	393.185	83.8398	186.994	92.0475	24.6306	5.67328	0	0	0	0	0	0	0	0	0	0	0	0	0	0	0
05.500,00.000	25.2	5.5	-200	0	4.5	395.554	84.3652	187.638	92.6922	24.9149	5.94388	0	0	0	0	0	0	0	0	0	0	0	0	0	0	0
05.500,00.000	25.3	5.5	-200	0	4.5	397.918	84.9203	188.279	93.3284	24.9753	6.41507	0	0	0	0	0	0	0	0	0	0	0	0	0	0	0
05.500,00.000	25.4	5.5	-200	0	4.5	411.185	88.1561	191.864	96.8429	25.2875	9.03431	0	0	0	0	0	0	0	0	0	0	0	0	0	0	0
05.500,00.000	25.5	5.5	-200	0	4.5	417.502	89.7536	193.673	98.4841	25.4179	10.1737	0	0	0	0	0	0	0	0	0	0	0	0	0	0	0
05.500,00.000	25.6	5.5	-200	0	4.5	420.102	90.4157	194.464	99.2075	25.4863	10.5281	0	0	0	0	0	0	0	0	0	0	0	0	0	0	0
05.500,00.000	25.7	5.5	-200	0	4.5	422.524	90.988	195.199	99.936	25.5644	10.8358	0	0	0	0	0	0	0	0	0	0	0	0	0	0	0
05.500,00.000	25.8	5.5	-200	0	4.5	440.81	96.1308	200.834	104.917	26.1483	11.3838	1.39631	0	0	0	0	0	0	0	0	0	0	0	0	0	0
05.500,00.000	25.9	5.5	-200	0	4.5	444.253	96.9231	202.067	105.849	26.2676	11.4161	1.72975	0	0	0	0	0	0	0	0	0	0	0	0	0	0
05.500,00.000	26	5.5	-200	0	4.5	444.46	96.9689	202.147	105.902	26.2759	11.4181	1.74794	0	0	0	0	0	0	0	0	0	0	0	0	0	0
05.500,00.000	26.1	5.5	-200	0	4.5	453.95	98.8701	205.971	108.373	26.685	11.507	2.54366	0	0	0	0	0	0	0	0	0	0	0	0	0	0
05.500,00.000	26.2	5.5	-200	0	4.5	459.435	99.9105	208.198	109.844	26.9318	11.5607	2.99038	0	0	0	0	0	0	0	0	0	0	0	0	0	0
05.500,00.000	26.3	5.5	-200	0	4.5	462.89	100.541	209.609	110.781	27.112	11.5954	3.2519	0	0	0	0	0	0	0	0	0	0	0	0	0	0
05.500,00.000	26.4	5.5	-200	0	4.5	484.928	103.26	219.854	115.498	29.6103	11.8341	4.87165	0	0	0	0	0	0	0	0	0	0	0	0	0	0
05.500,00.000	26.5	5.5	-200	0	4.5	494.257	104.474	223.716	117.776	30.7572	11.9504	5.58308	0	0	0	0	0	0	0	0	0	0	0	0	0	0
05.500,00.000	26.6	5.5	-200	0	4.5	497.933	104.937	225.216	118.713	31.2092	12.0036	5.85392	0	0	0	0	0	0	0	0	0	0	0	0	0	0
05.500,00.000	26.7	5.5	-200	0	4.5	501.513	105.389	226.679	119.635	31.6454	12.0603	6.10408	0	0	0	0	0	0	0	0	0	0	0	0	0	0
05.500,00.000	26.8	5.5	-200	0	4.5	516.332	107.22	232.745	123.482	33.451	12.3163	7.11678	0	0	0	0	0	0	0	0	0	0	0	0	0	0
05.500,00.000	26.9	5.5	-200	0	4.5	519.487	107.631	233.988	124.335	33.8328	12.3736	7.32639	0	0	0	0	0	0	0	0	0	0	0	0	0	0
05.500,00.000	27	5.5	-200	0	4.5	519.772	107.668	234.103	124.412	33.8667	12.3793	7.34404	0	0	0	0	0	0	0	0	0	0	0	0	0	0
05.500,00.000	27.1	5.5	-200	0	4.5	532.017	109.275	238.984	127.754	35.2979	12.639	8.06723	0	0	0	0	0	0	0	0	0	0	0	0	0	0
05.500,00.000	27.2	5.5	-200	0	4.5	539.318	110.224	241.879	129.78	36.1471	12.8002	8.48803	0	0	0	0	0	0	0	0	0	0	0	0	0	0
05.500,00.000	27.3	5.5	-200	0	4.5	542.295	110.617	243.051	130.616	36.4901	12.8699	8.65201	0	0	0	0	0	0	0	0	0	0	0	0	0	0
05.500,00.000	27.4	5.5	-200	0	4.5	542.841	110.691	243.262	130.769	36.5531	12.8832	8.6814	0	0	0	0	0	0	0	0	0	0	0	0	0	0
05.500,00.000	27.5	5.5	-200	0	4.5	567.013	114.025	252.748	137.391	39.3931	13.5112	9.0293	0.915977	0	0	0	0	0	0	0	0	0	0	0	0	0
05.500,00.000	27.6	5.5	-200	0	4.5	574.728	115.222	255.683	139.345	40.42	13.713	9.02932	1.31527	0	0	0	0	0	0	0	0	0	0	0	0	0
05.500,00.000	27.7	5.5	-200	0	4.5	588.803	117.397	260.923	143.06	42.2815	14.1144	9.03243	1.99495	0	0	0	0	0	0	0	0	0	0	0	0	0
05.500,00.000	27.8	5.5	-200	0	4.5	609.315	120.706	268.158	148.631	45.0503	14.7329	9.03957	2.99748	0	0	0	0	0	0	0	0	0	0	0	0	0
05.500,00.000	27.9	5.5	-200	0	4.5	614.149	121.578	269.709	149.967	45.7247	14.8909	9.04234	3.2368	0	0	0	0	0	0	0	0	0	0	0	0	0
05.500,00.000	28	5.5	-200	0	4.5	614.486	121.638	269.818	150.061	45.7712	14.9024	9.04268	3.25257	0	0	0	0	0	0	0	0	0	0	0	0	0
05.500,00.000	28.1	5.5	-200	0	4.5	615.517	121.827	270.143	150.346	45.9164	14.941	9.04409	3.29954	0	0	0	0	0	0	0	0	0	0	0	0	0
05.500,00.000	28.2	5.5	-200	0	4.5	616.523	122.009	270.461	150.625	46.0585	14.9794	9.04557	3.34481	0	0	0	0	0	0	0	0	0	0	0	0	0
05.500,00.000	28.3	5.5	-200	0	4.5	616.957	122.086	270.599	150.746	46.1196	14.9965	9.04634	3.36338	0	0	0	0	0	0	0	0	0	0	0	0	0
05.500,00.000	28.4	5.5	-200	0	4.5	617.026	122.099	270.621	150.765	46.1295	14.9994	9.04648	3.36638	0	0	0	0	0	0	0	0	0	0	0	0	0
05.500,00.000	28.5	5.5	-200	0	4.5	651.745	128.185	281.564	160.457	50.6925	16.9487	9.1267	4.77148	0	0	0	0	0	0	0	0	0	0	0	0	0
05.500,00.000	28.6	5.5	-200	0	4.5	668.632	131.246	286.791	165.091	52.5588	18.3258	9.17244	5.44653	0	0	0	0	0	0	0	0	0	0	0	0	0
05.500,00.000	28.7	5.5	-200	0	4.5	685.05	134.168	291.867	169.693	54.4025	19.6231	9.22968	6.06723	0	0	0	0	0	0	0	0	0	0	0	0	0
05.500,00.000	28.8	5.5	-200	0	4.5	696.031	136.141	295.18	172.823	55.6701	20.4713	9.27365	6.4723	0	0	0	0	0	0	0	0	0	0	0	0	0
05.500,00.000	28.9	5.5	-200	0	4.5	697.113	136.341	295.499	173.129	55.7997	20.554	9.27873	6.51179	0	0	0	0	0	0	0	0	0	0	0	0	0
05.500,00.000	29	5.5	-200	0	4.5	703.611	137.501	297.473	174.957	56.569	21.0564	9.31574	6.73824	0	0	0	0	0	0	0	0	0	0	0	0	0
05.500,00.000	29.1	5.5	-200	0	4.5	716.744	140.283	301.299	178.5	58.0711	22.0274	9.39553	7.16797	0	0	0	0	0	0	0	0	0	0	0	0	0
05.500,00.000	29.2	5.5	-200	0	4.5	726.194	142.359	304.059	180.966	59.1708	22.7146	9.45885	7.46634	0	0	0	0	0	0	0	0	0	0	0	0	0
05.500,00.000	29.3	5.5	-200	0	4.5	734.355	144.119	306.458	183.12	60.1143	23.3075	9.51996	7.71661	0	0	0	0	0	0	0	0	0	0	0	0	0
05.500,00.000	29.4	5.5	-200	0	4.5	761.505	150.029	314.371	190.262	63.2996	25.2711	9.74595	8.52655	0	0	0	0	0	0	0	0	0	0	0	0	0
05.500,00.000	29.5	5.5	-200	0	4.5	776.375	153.436	318.6	194.086	65.0804	26.3318	9.87889	8.61908	0.342732	0	0	0	0	0	0	0	0	0	0	0	0
05.500,00.000	29.6	5.5	-200	0	4.5	785.318	155.403	321.169	196.409	66.1655	26.9857	9.96786	8.61908	0.598726	0	0	0	0	0	0	0	0	0	0	0	0
05.500,00.000	29.7	5.5	-200	0	4.5	793.996	157.354	323.657	198.59	67.2588	27.6158	10.06	8.61908	0.840681	0	0	0	0	0	0	0	0	0	0	0	0
05.500,00.000	29.8	5.5	-200	0	4.5	824.508	164.166	332.489	206.148	71.1595	29.8396	10.4068	8.61908	1.67861	0	0	0	0	0	0	0	0	0	0	0	0
05.500,00.000	29.9	5.5	-200	0	4.5	830.653	165.618	334.199	207.621	71.9835	30.2853	10.4799	8.61908	1.84734	0	0	0	0	0	0	0	0	0	0	0	0
05.500,00.000	30	5.5	-200	0	4.5	831.819	165.891	334.518	207.907	72.1388	30.3709	10.4956	8.61908	1.87842	0	0	0	0	0	0	0	0	0	0	0	0
05.500,00.000	30.1	5.5	-200	0	4.5	848.132	169.638	339.114	211.879	74.2883	31.5665	10.7245	8.61908	2.30344	0	0	0	0	0	0	0	0	0	0	0	0
05.500,00.000	30.2	5.5	-200	0	4.5	860.32	172.442	342.476	214.797	75.9658	32.4559	10.9482	8.61908	2.61643	0	0	0	0	0	0	0	0	0	0	0	0
05.500,00.000	30.3	5.5	-200	0	4.5	870.144	174.673	345.213	217.137	77.328	33.1742	11.137	8.61927	2.86365	0	0	0	0	0	0	0	0	0	0	0	0
05.500,00.000	30.4	5.5	-200	0	4.5	905.417	182.698	354.85	225.608	82.2739	35.7727	11.8498	8.62348	3.74058	0	0	0	0	0	0	0	0	0	0	0	0
05.500,00.000	30.5	5.5	-200	0	4.5	923.711	186.537	360.388	229.655	84.9007	37.1719	12.2336	8.62817	4.19698	0	0	0	0	0	0	0	0	0	0	0	0
05.500,00.000	30.6	5.5	-200	0	4.5	934.068	188.374	363.796	232.02	86.3675	37.9673	12.4589	8.6345	4.45035	0	0	0	0	0	0	0	0	0	0	0	0
05.500,00.000	30.7	5.5	-200	0	4.5	955.147	192.061	370.875	236.741	89.3528	39.5812	12.929	8.65306	4.95433	0	0	0	0	0	0	0	0	0	0	0	0
05.500,00.000	30.8	5.5	-200	0	4.5	975.289	195.596	377.622	241.205	92.2289	40.8153	13.7128	8.67781	5.43073	0	0	0	0	0	0	0	0	0	0	0	0
05.500,00.000	30.9	5.5	-200	0	4.5	978.07	196.097	378.563	241.814	92.6305	40.9329	13.8547	8.68206	5.49648	0	0	0	0	0	0	0	0	0	0	0	0
05.500,00.000	31	5.5	-200	0	4.5	994.237	198.947	383.985	245.398	94.9494	41.7993	14.578	8.71632	5.8636	0	0	0	0	0	0	0	0	0	0	0	0
05.500,00.000	31.1	5.5	-200	0	4.5	1011.09	201.941	389.661	248.942	97.4564	42.7277	15.3511	8.75918	6.2472	0	0	0	0	0	0	0	0	0	0	0	0
05.500,00.000	31.2	5.5	-200	0	4.5	1023	204.072	393.716	251.363	99.2081	43.4314	15.8981	8.79497	6.51387	0	0	0	0	0	0	0	0	0	0	0	0
05.500,00.000	31.3	5.5	-200	0	4.5	1034.17	206.09	397.543	253.648	100.808	44.0688	16.4132	8.83434	6.7606	0	0	0	0	0	0	0	0	0	0	0	0
05.500,00.000	31.4	5.5	-200	0	4.5	1045.43	208.121	401.432	255.952	102.382	44.7193	16.9363	8.87946	7.00676	0	0	0	0	0	0	0	0	0	0	0	0
05.500,00.000	31.5	5.5	-200	0	4.5	1056.83	210.157	405.366	258.268	103.977	45.4087	17.4671	8.93192	7.25276	0	0	0	0	0	0	0	0	0	0	0	0
05.500,00.000	31.6	5.5	-200	0	4.5	1068.44	212.142	409.38	260.587	105.697	46.125	18.017	8.99148	7.50357	0	0	0	0	0	0	0	0	0	0	0	0
05.500,00.000	31.7	5.5	-200	0	4.5	1079.79	214.06	413.311	262.86	107.38	46.8279	18.5541	9.05491	7.74441	0	0	0	0	0	0	0	0	0	0	0	0
05.500,00.000	31.8	5.5	-200	0	4.5	1112.42	219.481	424.699	269.214	112.244	48.995	20.1064	9.25623	8.42779	0	0	0	0	0	0	0	0	0	0	0	0
05.500,00.000	31.9	5.5	-200	0	4.5	1118.88	220.581	427.015	270.399	113.195	49.4007	20.4247	9.29944	8.56675	0	0	0	0	0	0	0	0	0	0	0	0
05.500,00.000	32	5.5	-200	0	4.5	1120.26	220.809	427.501	270.658	113.4	49.498	20.4923	9.3099	8.59537	0	0	0	0	0	0	0	0	0	0	0	0
05.500,00.000	32.1	5.5	-200	0	4.5	1138.98	223.905	433.929	274.23	116.22	50.8377	21.4149	9.46045	8.97972	0	0	0	0	0	0	0	0	0	0	0	0
05.500,00.000	32.2	5.5	-200	0	4.5	1153.1	226.298	438.504	276.991	118.379	51.9062	22.15	9.58614	9.28146	0	0	0	0	0	0	0	0	0	0	0	0
05.500,00.000	32.3	5.5	-200	0	4.5	1164.68	228.205	442.234	279.267	120.158	52.8333	22.7613	9.69767	9.32421	0.202922	0	0	0	0	0	0	0	0	0	0	0
05.500,00.000	32.4	5.5	-200	0	4.5	1188.68	232.363	449.53	284.124	123.986	54.8841	23.781	9.95649	9.32424	0.7304	0	0	0	0	0	0	0	0	0	0	0
05.500,00.000	32.5	5.5	-200	0	4.5	1203.8	235.083	454.051	287.207	126.394	56.1953	24.3418	10.1334	9.32424	1.06995	0	0	0	0	0	0	0	0	0	0	0
05.500,00.000	32.6	5.5	-200	0	4.5	1220.94	238.147	459.108	290.706	129.14	57.7086	24.9976	10.3519	9.32424	1.45382	0	0	0	0	0	0	0	0	0	0	0
05.500,00.000	32.7	5.5	-200	0	4.5	1253.53	243.922	468.641	297.351	134.371	60.659	26.2812	10.798	9.3245	2.18531	0	0	0	0	0	0	0	0	0	0	0
05.500,00.000	32.8	5.5	-200	0	4.5	1259.18	244.99	470.263	298.462	135.236	61.2048	26.51	10.8791	9.32485	2.31381	0	0	0	0	0	0	0	0	0	0	0
05.500,00.000	32.9	5.5	-200	0	4.5	1259.81	245.105	470.443	298.587	135.333	61.2638	26.5354	10.8885	9.32495	2.32745	0	0	0	0	0	0	0	0	0	0	0
05.500,00.000	33	5.5	-200	0	4.5	1281.71	249.08	476.719	302.996	138.732	63.311	27.5046	11.2365	9.33024	2.80478	0	0	0	0	0	0	0	0	0	0	0
05.500,00.000	33.1	5.5	-200	0	4.5	1297.07	251.987	481.003	306.081	141.081	64.7261	28.2275	11.4883	9.33664	3.13798	0	0	0	0	0	0	0	0	0	0	0
05.500,00.000	33.2	5.5	-200	0	4.5	1308.39	254.14	484.098	308.368	142.817	65.7815	28.7724	11.6828	9.34519	3.38173	0	0	0	0	0	0	0	0	0	0	0
05.500,00.000	33.3	5.5	-200	0	4.5	1319.72	256.265	487.16	310.671	144.566	66.8551	29.3319	11.8865	9.35694	3.62615	0	0	0	0	0	0	0	0	0	0	0
05.500,00.000	33.4	5.5	-200	0	4.5	1331.07	258.384	490.204	312.975	146.317	67.9418	29.9048	12.0988	9.37244	3.87043	0	0	0	0	0	0	0	0	0	0	0
05.500,00.000	33.5	5.5	-200	0	4.5	1342.52	260.567	493.251	315.289	148.063	69.0352	30.4908	12.3194	9.39168	4.11483	0	0	0	0	0	0	0	0	0	0	0
05.500,00.000	33.6	5.5	-200	0	4.5	1368.94	265.578	500.189	320.64	152.089	71.5777	31.8865	12.8526	9.44671	4.68448	0	0	0	0	0	0	0	0	0	0	0
05.500,00.000	33.7	5.5	-200	0	4.5	1374.38	266.62	501.596	321.74	152.918	72.1062	32.1781	12.9649	9.4594	4.80222	0	0	0	0	0	0	0	0	0	0	0
05.500,00.000	33.8	5.5	-200	0	4.5	1391.37	269.87	506.135	325.056	155.453	73.7414	33.1081	13.3305	9.51065	5.16542	0	0	0	0	0	0	0	0	0	0	0
05.500,00.000	33.9	5.5	-200	0	4.5	1395.4	270.622	507.212	325.838	156.063	74.138	33.3348	13.4202	9.52393	5.25322	0	0	0	0	0	0	0	0	0	0	0
05.500,00.000	34	5.5	-200	0	4.5	1415.63	274.388	512.717	329.721	159.032	76.0979	34.4916	13.8869	9.60498	5.68776	0	0	0	0	0	0	0	0	0	0	0
05.500,00.000	34.1	5.5	-200	0	4.5	1430.47	277.204	516.757	332.558	161.108	77.5966	35.3234	14.2393	9.6708	6.00843	0	0	0	0	0	0	0	0	0	0	0
05.500,00.000	34.2	5.5	-200	0	4.5	1441.8	279.37	519.818	334.704	162.676	78.7834	35.9466	14.5178	9.72775	6.253	0	0	0	0	0	0	0	0	0	0	0
05.500,00.000	34.3	5.5	-200	0	4.5	1453.11	281.506	522.883	336.852	164.215	79.9741	36.5861	14.8056	9.79074	6.49822	0	0	0	0	0	0	0	0	0	0	0
05.500,00.000	34.4	5.5	-200	0	4.5	1464.47	283.617	525.943	339.059	165.719	81.1831	37.2407	15.1024	9.86014	6.74373	0	0	0	0	0	0	0	0	0	0	0
05.500,00.000	34.5	5.5	-200	0	4.5	1475.76	285.705	528.982	341.24	167.197	82.3849	37.9213	15.4083	9.93565	6.98946	0	0	0	0	0	0	0	0	0	0	0
05.500,00.000	34.6	5.5	-200	0	4.5	1508.05	291.327	537.654	347.551	171.495	85.8393	39.952	16.3363	10.1786	7.71468	0	0	0	0	0	0	0	0	0	0	0
05.500,00.000	34.7	5.5	-200	0	4.5	1516.54	292.806	539.829	349.309	172.616	86.7201	40.5086	16.5907	10.2478	7.91013	0	0	0	0	0	0	0	0	0	0	0
05.500,00.000	34.8	5.5	-200	0	4.5	1519.32	293.282	540.573	349.842	172.989	87.01	40.6998	16.6758	10.2726	7.97288	0	0	0	0	0	0	0	0	0	0	0
05.500,00.000	34.9	5.5	-200	0	4.5	1520.14	293.424	540.791	350.001	173.098	87.0957	40.7565	16.7018	10.2805	7.99165	0	0	0	0	0	0	0	0	0	0	0
05.500,00.000	35	5.5	-200	0	4.5	1541.15	297.063	546.451	353.906	175.867	89.2754	42.2373	17.3859	10.497	8.46847	0	0	0	0	0	0	0	0	0	0	0
05.500,00.000	35.1	5.5	-200	0	4.5	1555.36	299.583	550.197	356.488	177.826	90.7481	43.2097	17.8607	10.6509	8.79335	0	0	0	0	0	0	0	0	0	0	0
05.500,00.000	35.2	5.5	-200	0	4.5	1566.02	301.455	553.05	358.347	179.3	91.8761	43.9512	18.2276	10.7739	9.03655	0	0	0	0	0	0	0	0	0	0	0
05.500,00.000	35.3	5.5	-200	0	4.5	1576.73	303.326	555.93	360.146	180.768	93.017	44.7432	18.6095	10.9051	9.28324	0	0	0	0	0	0	0	0	0	0	0
05.500,00.000	35.4	5.5	-200	0	4.5	1587.34	305.174	558.813	361.883	182.233	94.1396	45.5226	19.0021	11.0435	9.53052	0	0	0	0	0	0	0	0	0	0	0
05.500,00.000	35.5	5.5	-200	0	4.5	1597.9	307.025	561.681	363.566	183.686	95.2566	46.3151	19.4053	11.1887	9.65529	0.122876	0	0	0	0	0	0	0	0	0	0
05.500,00.000	35.6	5.5	-200	0	4.5	1619.46	310.639	567.6	366.957	186.543	97.6643	47.9463	20.2861	11.5135	9.69141	0.614659	0	0	0	0	0	0	0	0	0	0
05.500,00.000	35.7	5.5	-200	0	4.5	1631.38	312.558	570.914	368.758	188.028	99.1347	48.8412	20.8376	11.7054	9.69141	0.9152	0	0	0	0	0	0	0	0	0	0
05.500,00.000	35.8	5.5	-200	0	4.5	1635.4	313.236	572.022	369.337	188.542	99.6061	49.1505	21.027	11.7729	9.69141	1.01565	0	0	0	0	0	0	0	0	0	0
05.500,00.000	35.9	5.5	-200	0	4.5	1636.05	313.346	572.203	369.427	188.624	99.6833	49.201	21.0588	11.7845	9.69141	1.03214	0	0	0	0	0	0	0	0	0	0
05.500,00.000	36	5.5	-200	0	4.5	1651.5	315.948	576.471	371.585	190.555	101.447	50.4533	21.8449	12.0768	9.69153	1.42853	0	0	0	0	0	0	0	0	0	0
05.500,00.000	36.1	5.5	-200	0	4.5	1662.71	317.856	579.562	373.152	191.88	102.742	51.3551	22.4438	12.2999	9.69259	1.72203	0	0	0	0	0	0	0	0	0	0
05.500,00.000	36.2	5.5	-200	0	4.5	1672.47	319.572	582.214	374.42	193.087	103.851	52.1515	23.006	12.4995	9.69511	1.97267	0	0	0	0	0	0	0	0	0	0
05.500,00.000	36.3	5.5	-200	0	4.5	1682.13	321.273	584.853	375.646	194.27	104.909	52.9646	23.5838	12.7078	9.69937	2.22421	0	0	0	0	0	0	0	0	0	0
05.500,00.000	36.4	5.5	-200	0	4.5	1691.49	322.903	587.425	376.797	195.403	105.948	53.7516	24.1659	12.9202	9.70588	2.47145	0	0	0	0	0	0	0	0	0	0
05.500,00.000	36.5	5.5	-200	0	4.5	1700.8	324.522	590.008	377.911	196.537	106.994	54.4771	24.7686	13.1447	9.71475	2.72349	0	0	0	0	0	0	0	0	0	0
05.500,00.000	36.6	5.5	-200	0	4.5	1730.74	329.316	598.244	381.358	200.351	110.532	56.873	26.8709	13.9432	9.7548	3.50192	0	0	0	0	0	0	0	0	0	0
05.500,00.000	36.7	5.5	-200	0	4.5	1736.38	330.317	599.817	382.04	201.102	111.241	57.2629	27.3246	14.1081	9.76454	3.40589	0	0	0	0	0	0	0	0	0	0
05.500,00.000	36.8	5.5	-200	0	4.5	1736.8	330.386	599.933	382.086	201.155	111.291	57.2992	27.3563	14.1205	9.76557	3.40738	0	0	0	0	0	0	0	0	0	0
05.500,00.000	36.9	5.5	-200	0	4.5	1742.58	331.478	601.513	382.68	201.859	111.969	57.7845	27.7979	14.2943	9.78271	3.42099	0	0	0	0	0	0	0	0	0	0
05.500,00.000	37	5.5	-200	0	4.5	1755.94	333.992	605.169	384.002	203.483	113.537	58.927	28.8493	14.7125	9.82905	3.43992	0	0	0	0	0	0	0	0	0	0
05.500,00.000	37.1	5.5	-200	0	4.5	1765.37	335.749	607.746	384.908	204.638	114.655	59.7276	29.6184	15.0219	9.86673	3.43992	0	0	0	0	0	0	0	0	0	0
05.500,00.000	37.2	5.5	-200	0	4.5	1772.55	337.104	609.668	385.571	205.506	115.501	60.3795	30.2125	15.2662	9.89996	3.43992	0	0	0	0	0	0	0	0	0	0
05.500,00.000	37.3	5.5	-200	0	4.5	1780.91	338.784	611.852	386.293	206.488	116.463	61.1522	30.9351	15.5562	9.94284	3.43992	0	0	0	0	0	0	0	0	0	0
05.500,00.000	37.4	5.5	-200	0	4.5	1789.16	340.428	613.99	386.971	207.447	117.424	61.9042	31.7148	15.8531	9.99004	3.43992	0	0	0	0	0	0	0	0	0	0
05.500,00.000	37.5	5.5	-200	0	4.5	1797.21	342.024	616.054	387.604	208.375	118.377	62.626	32.5094	16.1558	10.0413	3.43992	0	0	0	0	0	0	0	0	0	0
05.500,00.000	37.6	5.5	-200	0	4.5	1823.4	346.102	622.99	389.67	211.578	121.765	65.0261	35.3185	17.2719	10.243	3.43992	0	0	0	0	0	0	0	0	0	0
05.500,00.000	37.7	5.5	-200	0	4.5	1828.85	347.292	624.327	390.071	212.219	122.472	65.4655	35.7764	17.5018	10.2861	3.43992	0	0	0	0	0	0	0	0	0	0
05.500,00.000	37.8	5.5	-200	0	4.5	1837.57	348.74	626.577	390.704	213.261	123.615	66.259	36.6975	17.9095	10.3705	3.43992	0	0	0	0	0	0	0	0	0	0
05.500,00.000	37.9	5.5	-200	0	4.5	1839.91	349.247	627.127	390.869	213.529	123.916	66.4577	36.9123	18.0167	10.3933	3.43992	0	0	0	0	0	0	0	0	0	0
05.500,00.000	38	5.5	-200	0	4.5	1855.37	352.647	630.71	391.811	215.475	125.794	67.7604	38.4469	18.731	10.5585	3.43992	0	0	0	0	0	0	0	0	0	0
05.500,00.000	38.1	5.5	-200	0	4.5	1864.64	354.492	632.725	392.346	216.733	126.914	68.8404	39.3269	19.1622	10.6621	3.43992	0	0	0	0	0	0	0	0	0	0
05.500,00.000	38.2	5.5	-200	0	4.5	1870.91	355.736	634.106	392.683	217.566	127.671	69.5462	39.9501	19.4678	10.74	3.43992	0	0	0	0	0	0	0	0	0	0
05.500,00.000	38.3	5.5	-200	0	4.5	1878.35	357.245	635.73	393.056	218.541	128.573	70.383	40.6975	19.8443	10.84	3.43992	0	0	0	0	0	0	0	0	0	0
05.500,00.000	38.4	5.5	-200	0	4.5	1885.96	358.896	637.358	393.407	219.509	129.489	71.219	41.4558	20.2371	10.9492	3.43992	0	0	0	0	0	0	0	0	0	0
05.500,00.000	38.5	5.5	-200	0	4.5	1893.08	360.447	638.872	393.71	220.402	130.355	71.9977	42.1745	20.6195	11.0599	3.43992	0	0	0	0	0	0	0	0	0	0
05.500,00.000	38.6	5.5	-200	0	4.5	1903.62	362.205	641.182	394.15	221.801	131.742	73.2499	43.3418	21.2584	11.2535	3.43992	0	0	0	0	0	0	0	0	0	0
05.500,00.000	38.7	5.5	-200	0	4.5	1912.2	363.685	643.056	394.487	222.922	132.882	74.264	44.2465	21.7963	11.4232	3.43992	0	0	0	0	0	0	0	0	0	0
05.500,00.000	38.8	5.5	-200	0	4.5	1918.68	364.986	644.391	394.715	223.726	133.718	75.0192	44.9157	22.2072	11.5586	3.43992	0	0	0	0	0	0	0	0	0	0
05.500,00.000	38.9	5.5	-200	0	4.5	1919.68	365.188	644.6	394.749	223.849	133.84	75.1444	45.0119	22.2723	11.5807	3.43992	0	0	0	0	0	0	0	0	0	0
05.500,00.000	39	5.5	-200	0	4.5	1928.46	366.979	646.463	395.02	224.894	134.937	76.2152	45.8593	22.8647	11.7926	3.43992	0	0	0	0	0	0	0	0	0	0
05.500,00.000	39.1	5.5	-200	0	4.5	1935.15	368.459	647.834	395.215	225.674	135.702	77.0998	46.435	23.3263	11.9628	3.43992	0	0	0	0	0	0	0	0	0	0
05.500,00.000	39.2	5.5	-200	0	4.5	1942.03	370.027	649.22	395.398	226.457	136.579	77.8992	47.0434	23.8192	12.1517	3.43992	0	0	0	0	0	0	0	0	0	0
05.500,00.000	39.3	5.5	-200	0	4.5	1948.61	371.38	650.608	395.564	227.213	137.46	78.6673	47.6074	24.3194	12.3499	3.43992	0	0	0	0	0	0	0	0	0	0
05.500,00.000	39.4	5.5	-200	0	4.5	1953.67	372.526	651.652	395.679	227.77	138.128	79.2282	48.0299	24.7093	12.5091	3.44008	0	0	0	0	0	0	0	0	0	0
05.500,00.000	39.5	5.5	-200	0	4.5	1960.41	374.019	653.069	395.818	228.502	139.031	79.9354	48.6014	25.2537	12.7382	3.44119	0	0	0	0	0	0	0	0	0	0
05.500,00.000	39.6	5.5	-200	0	4.5	1967.79	375.16	654.733	395.97	229.373	140.092	80.7765	49.2655	25.9434	13.0355	3.44403	0	0	0	0	0	0	0	0	0	0
05.500,00.000	39.7	5.5	-200	0	4.5	1987.51	378.023	659.243	396.348	231.675	142.859	82.3898	51.7357	27.8782	13.9053	3.45813	0	0	0	0	0	0	0	0	0	0
05.500,00.000	39.8	5.5	-200	0	4.5	1990.96	378.606	660.061	396.419	232.078	143.324	82.5471	52.224	28.1652	14.0696	3.46183	0	0	0	0	0	0	0	0	0	0
05.500,00.000	39.9	5.5	-200	0	4.5	2002.17	380.857	662.62	396.597	233.222	144.768	83.178	53.7489	29.1127	14.5882	3.48175	0	0	0	0	0	0	0	0	0	0
05.500,00.000	40	5.5	-200	0	4.5	2010.54	382.606	664.568	396.727	234.002	145.872	83.6066	54.8652	29.7959	14.9943	3.50121	0	0	0	0	0	0	0	0	0	0
05.500,00.000	40.1	5.5	-200	0	4.5	2016.33	383.807	665.933	396.809	234.276	146.876	83.903	55.632	30.2885	15.2874	3.51913	0	0	0	0	0	0	0	0	0	0
05.500,00.000	40.2	5.5	-200	0	4.5	2021.01	384.773	667.049	396.871	234.468	147.705	84.1344	56.2463	30.6939	15.5355	3.53703	0	0	0	0	0	0	0	0	0	0
05.500,00.000	40.3	5.5	-200	0	4.5	2025.88	385.796	668.172	396.932	234.651	148.573	84.3723	56.8842	31.1273	15.8079	3.55961	0	0	0	0	0	0	0	0	0	0
05.500,00.000	40.4	5.5	-200	0	4.5	2030.56	386.778	669.255	396.988	234.815	149.402	84.5972	57.4985	31.5549	16.0863	3.58525	0	0	0	0	0	0	0	0	0	0
05.500,00.000	40.5	5.5	-200	0	4.5	2035.69	387.75	670.454	397.047	234.986	150.337	84.8481	58.1858	32.0475	16.4162	3.61843	0	0	0	0	0	0	0	0	0	0
05.500,00.000	40.6	5.5	-200	0	4.5	2039.71	388.306	671.515	397.091	235.114	151.102	85.0508	58.7451	32.4384	16.7013	3.6491	0	0	0	0	0	0	0	0	0	0
05.500,00.000	40.7	5.5	-200	0	4.5	2043.23	388.823	672.433	397.127	235.216	151.762	85.2252	59.2226	32.7785	16.9603	3.67857	0	0	0	0	0	0	0	0	0	0
05.500,00.000	40.8	5.5	-200	0	4.5	2053.08	390.258	674.979	397.215	235.475	153.618	85.7171	60.5567	33.7617	17.7307	3.76996	0	0	0	0	0	0	0	0	0	0
05.500,00.000	40.9	5.5	-200	0	4.5	2055.08	390.533	675.516	397.235	235.526	154.003	85.8074	60.8295	33.9439	17.8992	3.79024	0	0	0	0	0	0	0	0	0	0
05.500,00.000	41	5.5	-200	0	4.5	2061.52	391.252	677.497	397.284	235.664	155.194	86.114	61.6543	34.5759	18.4306	3.85792	0	0	0	0	0	0	0	0	0	0
05.500,00.000	41.1	5.5	-200	0	4.5	2066.38	391.729	679.048	397.319	235.76	156.105	86.3401	62.2773	35.0544	18.8345	3.91272	0	0	0	0	0	0	0	0	0	0
05.500,00.000	41.2	5.5	-200	0	4.5	2070.14	392.111	680.231	397.343	235.825	156.806	86.5118	62.7599	35.428	19.166	3.95748	0	0	0	0	0	0	0	0	0	0
05.500,00.000	41.3	5.5	-200	0	4.5	2073.87	392.486	681.422	397.364	235.88	157.501	86.6732	63.23	35.8009	19.5076	4.00453	0	0	0	0	0	0	0	0	0	0
05.500,00.000	41.4	5.5	-200	0	4.5	2077.6	392.844	682.621	397.383	235.929	158.202	86.8358	63.6979	36.1793	19.8535	4.05481	0	0	0	0	0	0	0	0	0	0
05.500,00.000	41.5	5.5	-200	0	4.5	2081.07	393.128	683.745	397.398	235.97	158.873	86.9923	64.1414	36.5443	20.1771	4.10581	0	0	0	0	0	0	0	0	0	0
05.500,00.000	41.6	5.5	-200	0	4.5	2093.26	393.981	687.451	397.438	236.098	161.309	87.58	65.7698	37.9129	21.4177	4.30717	0	0	0	0	0	0	0	0	0	0
05.500,00.000	41.7	5.5	-200	0	4.5	2095.67	394.155	688.24	397.446	236.123	161.803	87.6896	66.0958	38.1621	21.6062	4.34965	0	0	0	0	0	0	0	0	0	0
05.500,00.000	41.8	5.5	-200	0	4.5	2096.19	394.195	688.399	397.448	236.128	161.903	87.7142	66.1603	38.2156	21.6638	4.3588	0	0	0	0	0	0	0	0	0	0
05.500,00.000	41.9	5.5	-200	0	4.5	2096.4	394.211	688.468	397.448	236.13	161.946	87.7244	66.187	38.2376	21.6874	4.36287	0	0	0	0	0	0	0	0	0	0
05.500,00.000	42	5.5	-200	0	4.5	2103.98	394.743	690.874	397.46	236.198	163.413	88.0949	67.1142	39.0113	22.5543	4.51506	0	0	0	0	0	0	0	0	0	0