
label	time(d)	x	depth	z	radius	total	0-10	10-20	20-30	30-40	40-50	50-60	60-70	70-80	80-90	90-100	100-110	110-120	120-130	130-140	140-150	150-160	160-170	170-180	180-190	190-200
00.000,00.000	0	0	-200	0	4.5	0	0	0	0	0	0	0	0	0	0	0	0	0	0	0	0	0	0	0	0	0
00.000,00.000	0.1	0	-200	0	4.5	0.37949	0.37949	0	0	0	0	0	0	0	0	0	0	0	0	0	0	0	0	0	0	0
00.000,00.000	0.2	0	-200	0	4.5	0.761528	0.761528	0	0	0	0	0	0	0	0	0	0	0	0	0	0	0	0	0	0	0
00.000,00.000	0.3	0	-200	0	4.5	1.14629	1.14629	0	0	0	0	0	0	0	0	0	0	0	0	0	0	0	0	0	0	0
00.000,00.000	0.4	0	-200	0	4.5	1.5338	1.5338	0	0	0	0	0	0	0	0	0	0	0	0	0	0	0	0	0	0	0
00.000,00.000	0.5	0	-200	0	4.5	1.92344	1.92344	0	0	0	0	0	0	0	0	0	0	0	0	0	0	0	0	0	0	0
00.000,00.000	0.6	0	-200	0	4.5	2.31489	2.31489	0	0	0	0	0	0	0	0	0	0	0	0	0	0	0	0	0	0	0
00.000,00.000	0.7	0	-200	0	4.5	2.70846	2.70846	0	0	0	0	0	0	0	0	0	0	0	0	0	0	0	0	0	0	0
00.000,00.000	0.8	0	-200	0	4.5	3.10417	3.10417	0	0	0	0	0	0	0	0	0	0	0	0	0	0	0	0	0	0	0
00.000,00.000	0.9	0	-200	0	4.5	3.50212	3.50212	0	0	0	0	0	0	0	0	0	0	0	0	0	0	0	0	0	0	0
00.000,00.000	1	0	-200	0	4.5	3.90301	3.90301	0	0	0	0	0	0	0	0	0	0	0	0	0	0	0	0	0	0	0
00.000,00.000	1.1	0	-200	0	4.5	4.31505	4.31505	0	0	0	0	0	0	0	0	0	0	0	0	0	0	0	0	0	0	0
00.000,00.000	1.2	0	-200	0	4.5	4.73924	4.73924	0	0	0	0	0	0	0	0	0	0	0	0	0	0	0	0	0	0	0
00.000,00.000	1.3	0	-200	0	4.5	5.17526	5.17526	0	0	0	0	0	0	0	0	0	0	0	0	0	0	0	0	0	0	0
00.000,00.000	1.4	0	-200	0	4.5	5.62311	5.62311	0	0	0	0	0	0	0	0	0	0	0	0	0	0	0	0	0	0	0
00.000,00.000	1.5	0	-200	0	4.5	6.08111	6.08111	0	0	0	0	0	0	0	0	0	0	0	0	0	0	0	0	0	0	0
00.000,00.000	1.6	0	-200	0	4.5	6.54744	6.54744	0	0	0	0	0	0	0	0	0	0	0	0	0	0	0	0	0	0	0
00.000,00.000	1.7	0	-200	0	4.5	7.02537	7.02537	0	0	0	0	0	0	0	0	0	0	0	0	0	0	0	0	0	0	0
00.000,00.000	1.8	0	-200	0	4.5	7.51796	7.45133	0.0666331	0	0	0	0	0	0	0	0	0	0	0	0	0	0	0	0	0	0
00.000,00.000	1.9	0	-200	0	4.5	8.02465	7.6852	0.339453	0	0	0	0	0	0	0	0	0	0	0	0	0	0	0	0	0	0
00.000,00.000	2	0	-200	0	4.5	8.54587	7.93469	0.611183	0	0	0	0	0	0	0	0	0	0	0	0	0	0	0	0	0	0
00.000,00.000	2.1	0	-200	0	4.5	9.13597	8.25316	0.882809	0	0	0	0	0	0	0	0	0	0	0	0	0	0	0	0	0	0
00.000,00.000	2.2	0	-200	0	4.5	9.84766	8.69364	1.15402	0	0	0	0	0	0	0	0	0	0	0	0	0	0	0	0	0	0
00.000,00.000	2.3	0	-200	0	4.5	10.6814	9.256	1.4254	0	0	0	0	0	0	0	0	0	0	0	0	0	0	0	0	0	0
00.000,00.000	2.4	0	-200	0	4.5	11.6365	9.9412	1.69534	0	0	0	0	0	0	0	0	0	0	0	0	0	0	0	0	0	0
00.000,00.000	2.5	0	-200	0	4.5	12.7116	10.7468	1.96481	0	0	0	0	0	0	0	0	0	0	0	0	0	0	0	0	0	0
00.000,00.000	2.6	0	-200	0	4.5	13.9054	11.6716	2.23384	0	0	0	0	0	0	0	0	0	0	0	0	0	0	0	0	0	0
00.000,00.000	2.7	0	-200	0	4.5	15.2248	12.7224	2.50236	0	0	0	0	0	0	0	0	0	0	0	0	0	0	0	0	0	0
00.000,00.000	2.8	0	-200	0	4.5	16.6546	13.8846	2.77003	0	0	0	0	0	0	0	0	0	0	0	0	0	0	0	0	0	0
00.000,00.000	2.9	0	-200	0	4.5	18.2172	15.1797	3.03749	0	0	0	0	0	0	0	0	0	0	0	0	0	0	0	0	0	0
00.000,00.000	3	0	-200	0	4.5	19.907	16.602	3.30502	0	0	0	0	0	0	0	0	0	0	0	0	0	0	0	0	0	0
00.000,00.000	3.1	0	-200	0	4.5	21.6567	18.0852	3.57153	0	0	0	0	0	0	0	0	0	0	0	0	0	0	0	0	0	0
00.000,00.000	3.2	0	-200	0	4.5	23.4029	19.5658	3.83712	0	0	0	0	0	0	0	0	0	0	0	0	0	0	0	0	0	0
00.000,00.000	3.3	0	-200	0	4.5	25.1486	21.046	4.10261	0	0	0	0	0	0	0	0	0	0	0	0	0	0	0	0	0	0
00.000,00.000	3.4	0	-200	0	4.5	26.8954	22.5274	4.36794	0	0	0	0	0	0	0	0	0	0	0	0	0	0	0	0	0	0
00.000,00.000	3.5	0	-200	0	4.5	28.6329	24.0007	4.63225	0	0	0	0	0	0	0	0	0	0	0	0	0	0	0	0	0	0
00.000,00.000	3.6	0	-200	0	4.5	30.3534	25.4579	4.89548	0	0	0	0	0	0	0	0	0	0	0	0	0	0	0	0	0	0
00.000,00.000	3.7	0	-200	0	4.5	32.0666	26.9082	5.15848	0	0	0	0	0	0	0	0	0	0	0	0	0	0	0	0	0	0
00.000,00.000	3.8	0	-200	0	4.5	33.7742	28.353	5.42121	0	0	0	0	0	0	0	0	0	0	0	0	0	0	0	0	0	0
00.000,00.000	3.9	0	-200	0	4.5	35.4807	29.7973	5.68341	0	0	0	0	0	0	0	0	0	0	0	0	0	0	0	0	0	0
00.000,00.000	4	0	-200	0	4.5	37.1862	31.2412	5.94504	0	0	0	0	0	0	0	0	0	0	0	0	0	0	0	0	0	0
00.000,00.000	4.1	0	-200	0	4.5	38.8861	32.6798	6.20634	0	0	0	0	0	0	0	0	0	0	0	0	0	0	0	0	0	0
00.000,00.000	4.2	0	-200	0	4.5	40.5804	34.1131	6.46723	0	0	0	0	0	0	0	0	0	0	0	0	0	0	0	0	0	0
00.000,00.000	4.3	0	-200	0	4.5	42.2704	35.5431	6.72729	0	0	0	0	0	0	0	0	0	0	0	0	0	0	0	0	0	0
00.000,00.000	4.4	0	-200	0	4.5	43.955	36.9684	6.98659	0	0	0	0	0	0	0	0	0	0	0	0	0	0	0	0	0	0
00.000,00.000	4.5	0	-200	0	4.5	45.6143	38.3688	7.24548	0	0	0	0	0	0	0	0	0	0	0	0	0	0	0	0	0	0
00.000,00.000	4.6	0	-200	0	4.5	46.9936	39.4898	7.50376	0	0	0	0	0	0	0	0	0	0	0	0	0	0	0	0	0	0
00.000,00.000	4.7	0	-200	0	4.5	48.3582	40.5969	7.76132	0	0	0	0	0	0	0	0	0	0	0	0	0	0	0	0	0	0
00.000,00.000	4.8	0	-200	0	4.5	49.7165	41.2303	8.48617	0	0	0	0	0	0	0	0	0	0	0	0	0	0	0	0	0	0
00.000,00.000	4.9	0	-200	0	4.5	50.8731	41.3645	9.5086	0	0	0	0	0	0	0	0	0	0	0	0	0	0	0	0	0	0
00.000,00.000	5	0	-200	0	4.5	51.9557	41.3814	10.5743	0	0	0	0	0	0	0	0	0	0	0	0	0	0	0	0	0	0
00.000,00.000	5.1	0	-200	0	4.5	53.0375	41.3981	11.6394	0	0	0	0	0	0	0	0	0	0	0	0	0	0	0	0	0	0
00.000,00.000	5.2	0	-200	0	4.5	53.9317	41.4182	12.5135	0	0	0	0	0	0	0	0	0	0	0	0	0	0	0	0	0	0
00.000,00.000	5.3	0	-200	0	4.5	54.6048	41.4411	13.1637	0	0	0	0	0	0	0	0	0	0	0	0	0	0	0	0	0	0
00.000,00.000	5.4	0	-200	0	4.5	54.9658	41.467	13.4987	0	0	0	0	0	0	0	0	0	0	0	0	0	0	0	0	0	0
00.000,00.000	5.5	0	-200	0	4.5	55.2493	41.4945	13.7548	0	0	0	0	0	0	0	0	0	0	0	0	0	0	0	0	0	0
00.000,00.000	5.6	0	-200	0	4.5	55.5334	41.5262	14.0072	0	0	0	0	0	0	0	0	0	0	0	0	0	0	0	0	0	0
00.000,00.000	5.7	0	-200	0	4.5	55.8191	41.5602	14.2589	0	0	0	0	0	0	0	0	0	0	0	0	0	0	0	0	0	0
00.000,00.000	5.8	0	-200	0	4.5	56.1079	41.5977	14.3972	0.112993	0	0	0	0	0	0	0	0	0	0	0	0	0	0	0	0	0
00.000,00.000	5.9	0	-200	0	4.5	56.3999	41.6389	14.3972	0.363795	0	0	0	0	0	0	0	0	0	0	0	0	0	0	0	0	0
00.000,00.000	6	0	-200	0	4.5	56.6946	41.6836	14.3972	0.613796	0	0	0	0	0	0	0	0	0	0	0	0	0	0	0	0	0
00.000,00.000	6.1	0	-200	0	4.5	56.9917	41.7313	14.3972	0.863234	0	0	0	0	0	0	0	0	0	0	0	0	0	0	0	0	0
00.000,00.000	6.2	0	-200	0	4.5	57.2923	41.7824	14.3974	1.11246	0	0	0	0	0	0	0	0	0	0	0	0	0	0	0	0	0
00.000,00.000	6.3	0	-200	0	4.5	57.5971	41.838	14.3983	1.36089	0	0	0	0	0	0	0	0	0	0	0	0	0	0	0	0	0
00.000,00.000	6.4	0	-200	0	4.5	57.9062	41.8979	14.3999	1.60844	0	0	0	0	0	0	0	0	0	0	0	0	0	0	0	0	0
00.000,00.000	6.5	0	-200	0	4.5	58.2179	41.96	14.403	1.85489	0	0	0	0	0	0	0	0	0	0	0	0	0	0	0	0	0
00.000,00.000	6.6	0	-200	0	4.5	58.54	42.0309	14.4077	2.10136	0	0	0	0	0	0	0	0	0	0	0	0	0	0	0	0	0
00.000,00.000	6.7	0	-200	0	4.5	58.8744	42.113	14.4143	2.34707	0	0	0	0	0	0	0	0	0	0	0	0	0	0	0	0	0
00.000,00.000	6.8	0	-200	0	4.5	59.2221	42.2076	14.4227	2.59183	0	0	0	0	0	0	0	0	0	0	0	0	0	0	0	0	0
00.000,00.000	6.9	0	-200	0	4.5	59.5889	42.3194	14.433	2.83646	0	0	0	0	0	0	0	0	0	0	0	0	0	0	0	0	0
00.000,00.000	7	0	-200	0	4.5	59.9806	42.454	14.4459	3.08078	0	0	0	0	0	0	0	0	0	0	0	0	0	0	0	0	0
00.000,00.000	7.1	0	-200	0	4.5	60.3986	42.6135	14.4607	3.32437	0	0	0	0	0	0	0	0	0	0	0	0	0	0	0	0	0
00.000,00.000	7.2	0	-200	0	4.5	60.8501	42.8047	14.4783	3.56711	0	0	0	0	0	0	0	0	0	0	0	0	0	0	0	0	0
00.000,00.000	7.3	0	-200	0	4.5	61.3387	43.0301	14.4993	3.80927	0	0	0	0	0	0	0	0	0	0	0	0	0	0	0	0	0
00.000,00.000	7.4	0	-200	0	4.5	61.8665	43.2917	14.5237	4.05105	0	0	0	0	0	0	0	0	0	0	0	0	0	0	0	0	0
00.000,00.000	7.5	0	-200	0	4.5	62.4279	43.5833	14.5528	4.29177	0	0	0	0	0	0	0	0	0	0	0	0	0	0	0	0	0
00.000,00.000	7.6	0	-200	0	4.5	63.0312	43.9129	14.5863	4.53195	0	0	0	0	0	0	0	0	0	0	0	0	0	0	0	0	0
00.000,00.000	7.7	0	-200	0	4.5	63.677	44.2809	14.6246	4.77157	0	0	0	0	0	0	0	0	0	0	0	0	0	0	0	0	0
00.000,00.000	7.8	0	-200	0	4.5	64.1545	44.6899	14.6681	4.79651	0	0	0	0	0	0	0	0	0	0	0	0	0	0	0	0	0
00.000,00.000	7.9	0	-200	0	4.5	64.6607	45.1483	14.7168	4.79558	0	0	0	0	0	0	0	0	0	0	0	0	0	0	0	0	0
00.000,00.000	8	0	-200	0	4.5	65.2201	45.6531	14.7714	4.79558	0	0	0	0	0	0	0	0	0	0	0	0	0	0	0	0	0
00.000,00.000	8.1	0	-200	0	4.5	65.8342	46.2074	14.8312	4.79558	0	0	0	0	0	0	0	0	0	0	0	0	0	0	0	0	0
00.000,00.000	8.2	0	-200	0	4.5	66.5054	46.8129	14.8969	4.79558	0	0	0	0	0	0	0	0	0	0	0	0	0	0	0	0	0
00.000,00.000	8.3	0	-200	0	4.5	67.2338	47.4703	14.9679	4.79558	0	0	0	0	0	0	0	0	0	0	0	0	0	0	0	0	0
00.000,00.000	8.4	0	-200	0	4.5	68.0187	48.1785	15.0446	4.79558	0	0	0	0	0	0	0	0	0	0	0	0	0	0	0	0	0
00.000,00.000	8.5	0	-200	0	4.5	68.8372	48.9157	15.1259	4.79558	0	0	0	0	0	0	0	0	0	0	0	0	0	0	0	0	0
00.000,00.000	8.6	0	-200	0	4.5	69.7129	49.7047	15.2127	4.79558	0	0	0	0	0	0	0	0	0	0	0	0	0	0	0	0	0
00.000,00.000	8.7	0	-200	0	4.5	70.6382	50.5379	15.3047	4.79558	0	0	0	0	0	0	0	0	0	0	0	0	0	0	0	0	0
00.000,00.000	8.8	0	-200	0	4.5	71.6173	51.4187	15.403	4.79558	0	0	0	0	0	0	0	0	0	0	0	0	0	0	0	0	0
00.000,00.000	8.9	0	-200	0	4.5	72.6663	52.3629	15.5079	4.79558	0	0	0	0	0	0	0	0	0	0	0	0	0	0	0	0	0
00.000,00.000	9	0	-200	0	4.5	73.7765	53.3595	15.6215	4.79558	0	0	0	0	0	0	0	0	0	0	0	0	0	0	0	0	0
00.000,00.000	9.1	0	-200	0	4.5	74.9632	54.4234	15.7443	4.79558	0	0	0	0	0	0	0	0	0	0	0	0	0	0	0	0	0
00.000,00.000	9.2	0	-200	0	4.5	76.2352	55.5624	15.8772	4.79558	0	0	0	0	0	0	0	0	0	0	0	0	0	0	0	0	0
00.000,00.000	9.3	0	-200	0	4.5	77.5952	56.7778	16.0218	4.79558	0	0	0	0	0	0	0	0	0	0	0	0	0	0	0	0	0
00.000,00.000	9.4	0	-200	0	4.5	79.0443	58.0686	16.1801	4.79558	0	0	0	0	0	0	0	0	0	0	0	0	0	0	0	0	0
00.000,00.000	9.5	0	-200	0	4.5	80.5369	59.3912	16.3501	4.79558	0	0	0	0	0	0	0	0	0	0	0	0	0	0	0	0	0
00.000,00.000	9.6	0	-200	0	4.5	82.1179	60.7847	16.5377	4.79558	0	0	0	0	0	0	0	0	0	0	0	0	0	0	0	0	0
00.000,00.000	9.7	0	-200	0	4.5	83.7745	62.239	16.7399	4.79558	0	0	0	0	0	0	0	0	0	0	0	0	0	0	0	0	0
00.000,00.000	9.8	0	-200	0	4.5	85.5163	63.7629	16.9578	4.79558	0	0	0	0	0	0	0	0	0	0	0	0	0	0	0	0	0
00.000,00.000	9.9	0	-200	0	4.5	87.3699	65.3822	17.1922	4.79558	0	0	0	0	0	0	0	0	0	0	0	0	0	0	0	0	0
00.000,00.000	10	0	-200	0	4.5	89.3115	67.0739	17.442	4.79558	0	0	0	0	0	0	0	0	0	0	0	0	0	0	0	0	0
00.000,00.000	10.1	0	-200	0	4.5	91.353	68.8507	17.7067	4.79558	0	0	0	0	0	0	0	0	0	0	0	0	0	0	0	0	0
00.000,00.000	10.2	0	-200	0	4.5	93.5043	70.7226	17.9862	4.79558	0	0	0	0	0	0	0	0	0	0	0	0	0	0	0	0	0
00.000,00.000	10.3	0	-200	0	4.5	95.767	72.691	18.2803	4.79558	0	0	0	0	0	0	0	0	0	0	0	0	0	0	0	0	0
00.000,00.000	10.4	0	-200	0	4.5	98.1394	74.7552	18.5886	4.79558	0	0	0	0	0	0	0	0	0	0	0	0	0	0	0	0	0
00.000,00.000	10.5	0	-200	0	4.5	100.549	76.8463	18.9066	4.79566	0	0	0	0	0	0	0	0	0	0	0	0	0	0	0	0	0
00.000,00.000	10.6	0	-200	0	4.5	103.06	79.0252	19.2381	4.79689	0	0	0	0	0	0	0	0	0	0	0	0	0	0	0	0	0
00.000,00.000	10.7	0	-200	0	4.5	105.658	81.2782	19.5818	4.79835	0	0	0	0	0	0	0	0	0	0	0	0	0	0	0	0	0
00.000,00.000	10.8	0	-200	0	4.5	108.358	83.619	19.9383	4.80054	0	0	0	0	0	0	0	0	0	0	0	0	0	0	0	0	0
00.000,00.000	10.9	0	-200	0	4.5	111.194	86.08	20.3089	4.80468	0	0	0	0	0	0	0	0	0	0	0	0	0	0	0	0	0
00.000,00.000	11	0	-200	0	4.5	114.14	88.6379	20.6921	4.80973	0	0	0	0	0	0	0	0	0	0	0	0	0	0	0	0	0
00.000,00.000	11.1	0	-200	0	4.5	117.206	91.3018	21.0881	4.81638	0	0	0	0	0	0	0	0	0	0	0	0	0	0	0	0	0
00.000,00.000	11.2	0	-200	0	4.5	120.422	94.0996	21.4973	4.82557	0	0	0	0	0	0	0	0	0	0	0	0	0	0	0	0	0
00.000,00.000	11.3	0	-200	0	4.5	123.804	97.0473	21.9201	4.83698	0	0	0	0	0	0	0	0	0	0	0	0	0	0	0	0	0
00.000,00.000	11.4	0	-200	0	4.5	127.338	100.13	22.3574	4.85069	0	0	0	0	0	0	0	0	0	0	0	0	0	0	0	0	0
00.000,00.000	11.5	0	-200	0	4.5	130.92	103.248	22.8045	4.8672	0	0	0	0	0	0	0	0	0	0	0	0	0	0	0	0	0
00.000,00.000	11.6	0	-200	0	4.5	134.616	106.464	23.2667	4.88592	0	0	0	0	0	0	0	0	0	0	0	0	0	0	0	0	0
00.000,00.000	11.7	0	-200	0	4.5	138.406	109.758	23.742	4.90696	0	0	0	0	0	0	0	0	0	0	0	0	0	0	0	0	0
00.000,00.000	11.8	0	-200	0	4.5	142.309	113.147	24.2311	4.93044	0	0	0	0	0	0	0	0	0	0	0	0	0	0	0	0	0
00.000,00.000	11.9	0	-200	0	4.5	146.326	116.623	24.7466	4.95658	0	0	0	0	0	0	0	0	0	0	0	0	0	0	0	0	0
00.000,00.000	12	0	-200	0	4.5	150.499	120.236	25.2776	4.98504	0	0	0	0	0	0	0	0	0	0	0	0	0	0	0	0	0
00.000,00.000	12.1	0	-200	0	4.5	154.833	123.982	25.8352	5.01586	0	0	0	0	0	0	0	0	0	0	0	0	0	0	0	0	0
00.000,00.000	12.2	0	-200	0	4.5	159.257	127.796	26.4115	5.04923	0	0	0	0	0	0	0	0	0	0	0	0	0	0	0	0	0
00.000,00.000	12.3	0	-200	0	4.5	163.766	131.675	27.0053	5.08492	0	0	0	0	0	0	0	0	0	0	0	0	0	0	0	0	0
00.000,00.000	12.4	0	-200	0	4.5	168.354	135.576	27.6553	5.12293	0	0	0	0	0	0	0	0	0	0	0	0	0	0	0	0	0
00.000,00.000	12.5	0	-200	0	4.5	172.978	139.283	28.5323	5.16342	0	0	0	0	0	0	0	0	0	0	0	0	0	0	0	0	0
00.000,00.000	12.6	0	-200	0	4.5	178.249	143.348	29.6868	5.21333	0	0	0	0	0	0	0	0	0	0	0	0	0	0	0	0	0
00.000,00.000	12.7	0	-200	0	4.5	183.012	146.927	30.8236	5.26115	0	0	0	0	0	0	0	0	0	0	0	0	0	0	0	0	0
00.000,00.000	12.8	0	-200	0	4.5	187.169	149.855	32.0092	5.30512	0	0	0	0	0	0	0	0	0	0	0	0	0	0	0	0	0
00.000,00.000	12.9	0	-200	0	4.5	192.185	153.224	33.6006	5.36048	0	0	0	0	0	0	0	0	0	0	0	0	0	0	0	0	0
00.000,00.000	13	0	-200	0	4.5	197.24	156.529	35.2929	5.41814	0	0	0	0	0	0	0	0	0	0	0	0	0	0	0	0	0
00.000,00.000	13.1	0	-200	0	4.5	202.26	159.825	36.9568	5.47736	0	0	0	0	0	0	0	0	0	0	0	0	0	0	0	0	0
00.000,00.000	13.2	0	-200	0	4.5	207.367	163.188	38.6389	5.53923	0	0	0	0	0	0	0	0	0	0	0	0	0	0	0	0	0
00.000,00.000	13.3	0	-200	0	4.5	212.562	166.63	40.3284	5.60388	0	0	0	0	0	0	0	0	0	0	0	0	0	0	0	0	0
00.000,00.000	13.4	0	-200	0	4.5	217.824	170.148	42.005	5.67136	0	0	0	0	0	0	0	0	0	0	0	0	0	0	0	0	0
00.000,00.000	13.5	0	-200	0	4.5	223.373	173.852	43.7757	5.74455	0	0	0	0	0	0	0	0	0	0	0	0	0	0	0	0	0
00.000,00.000	13.6	0	-200	0	4.5	229.833	178.165	45.8354	5.83239	0	0	0	0	0	0	0	0	0	0	0	0	0	0	0	0	0
00.000,00.000	13.7	0	-200	0	4.5	235.197	181.743	47.5457	5.90746	0	0	0	0	0	0	0	0	0	0	0	0	0	0	0	0	0
00.000,00.000	13.8	0	-200	0	4.5	239.587	184.663	48.9526	5.97104	0	0	0	0	0	0	0	0	0	0	0	0	0	0	0	0	0
00.000,00.000	13.9	0	-200	0	4.5	244.819	188.139	50.6309	6.04909	0	0	0	0	0	0	0	0	0	0	0	0	0	0	0	0	0
00.000,00.000	14	0	-200	0	4.5	250.606	191.985	52.4843	6.1375	0	0	0	0	0	0	0	0	0	0	0	0	0	0	0	0	0
00.000,00.000	14.1	0	-200	0	4.5	256.171	195.685	54.2621	6.22451	0	0	0	0	0	0	0	0	0	0	0	0	0	0	0	0	0
00.000,00.000	14.2	0	-200	0	4.5	261.668	199.336	56.02	6.31287	0	0	0	0	0	0	0	0	0	0	0	0	0	0	0	0	0
00.000,00.000	14.3	0	-200	0	4.5	267.168	202.985	57.7788	6.40418	0	0	0	0	0	0	0	0	0	0	0	0	0	0	0	0	0
00.000,00.000	14.4	0	-200	0	4.5	272.643	206.587	59.5577	6.49836	0	0	0	0	0	0	0	0	0	0	0	0	0	0	0	0	0
00.000,00.000	14.5	0	-200	0	4.5	279.656	211.129	61.9032	6.62457	0	0	0	0	0	0	0	0	0	0	0	0	0	0	0	0	0
00.000,00.000	14.6	0	-200	0	4.5	286.201	215.337	64.1162	6.74725	0	0	0	0	0	0	0	0	0	0	0	0	0	0	0	0	0
00.000,00.000	14.7	0	-200	0	4.5	291.811	218.921	66.033	6.85684	0	0	0	0	0	0	0	0	0	0	0	0	0	0	0	0	0
00.000,00.000	14.8	0	-200	0	4.5	297.124	222.288	67.8681	6.96755	0	0	0	0	0	0	0	0	0	0	0	0	0	0	0	0	0
00.000,00.000	14.9	0	-200	0	4.5	300.47	224.363	69.0646	7.04272	0	0	0	0	0	0	0	0	0	0	0	0	0	0	0	0	0
00.000,00.000	15	0	-200	0	4.5	306.484	228.076	71.2261	7.1817	0	0	0	0	0	0	0	0	0	0	0	0	0	0	0	0	0
00.000,00.000	15.1	0	-200	0	4.5	311.936	231.413	73.2099	7.31281	0	0	0	0	0	0	0	0	0	0	0	0	0	0	0	0	0
00.000,00.000	15.2	0	-200	0	4.5	316.884	234.387	75.0595	7.43684	0	0	0	0	0	0	0	0	0	0	0	0	0	0	0	0	0
00.000,00.000	15.3	0	-200	0	4.5	321.771	237.254	76.9522	7.56441	0	0	0	0	0	0	0	0	0	0	0	0	0	0	0	0	0
00.000,00.000	15.4	0	-200	0	4.5	326.629	240.043	78.8908	7.69539	0	0	0	0	0	0	0	0	0	0	0	0	0	0	0	0	0
00.000,00.000	15.5	0	-200	0	4.5	336.259	245.447	82.5791	8.23221	0	0	0	0	0	0	0	0	0	0	0	0	0	0	0	0	0
00.000,00.000	15.6	0	-200	0	4.5	338.127	246.48	83.2386	8.40851	0	0	0	0	0	0	0	0	0	0	0	0	0	0	0	0	0
00.000,00.000	15.7	0	-200	0	4.5	342.538	248.879	84.8241	8.83444	0	0	0	0	0	0	0	0	0	0	0	0	0	0	0	0	0
00.000,00.000	15.8	0	-200	0	4.5	343.537	249.428	85.173	8.93583	0	0	0	0	0	0	0	0	0	0	0	0	0	0	0	0	0
00.000,00.000	15.9	0	-200	0	4.5	345.124	250.282	85.7458	9.09641	0	0	0	0	0	0	0	0	0	0	0	0	0	0	0	0	0
00.000,00.000	16	0	-200	0	4.5	351.173	253.517	87.938	9.71801	0	0	0	0	0	0	0	0	0	0	0	0	0	0	0	0	0
00.000,00.000	16.1	0	-200	0	4.5	356.04	256.064	89.7416	10.2342	0	0	0	0	0	0	0	0	0	0	0	0	0	0	0	0	0
00.000,00.000	16.2	0	-200	0	4.5	360.333	258.276	91.3684	10.688	0	0	0	0	0	0	0	0	0	0	0	0	0	0	0	0	0
00.000,00.000	16.3	0	-200	0	4.5	364.616	260.468	92.8278	11.32	0	0	0	0	0	0	0	0	0	0	0	0	0	0	0	0	0
00.000,00.000	16.4	0	-200	0	4.5	368.847	262.609	94.1974	12.0406	0	0	0	0	0	0	0	0	0	0	0	0	0	0	0	0	0
00.000,00.000	16.5	0	-200	0	4.5	380.644	268.467	98.1115	14.0652	0	0	0	0	0	0	0	0	0	0	0	0	0	0	0	0	0
00.000,00.000	16.6	0	-200	0	4.5	382.983	269.603	98.8399	14.5408	0	0	0	0	0	0	0	0	0	0	0	0	0	0	0	0	0
00.000,00.000	16.7	0	-200	0	4.5	399.142	277.198	103.509	18.4349	0	0	0	0	0	0	0	0	0	0	0	0	0	0	0	0	0
00.000,00.000	16.8	0	-200	0	4.5	402.949	279.001	104.584	19.3652	0	0	0	0	0	0	0	0	0	0	0	0	0	0	0	0	0
00.000,00.000	16.9	0	-200	0	4.5	413.023	283.666	107.435	21.9221	0	0	0	0	0	0	0	0	0	0	0	0	0	0	0	0	0
00.000,00.000	17	0	-200	0	4.5	419.167	286.643	109.102	23.422	0	0	0	0	0	0	0	0	0	0	0	0	0	0	0	0	0
00.000,00.000	17.1	0	-200	0	4.5	423.176	288.535	110.255	24.3858	0	0	0	0	0	0	0	0	0	0	0	0	0	0	0	0	0
00.000,00.000	17.2	0	-200	0	4.5	427.164	290.426	111.39	25.3477	0	0	0	0	0	0	0	0	0	0	0	0	0	0	0	0	0
00.000,00.000	17.3	0	-200	0	4.5	431.088	292.313	112.468	26.3062	0	0	0	0	0	0	0	0	0	0	0	0	0	0	0	0	0
00.000,00.000	17.4	0	-200	0	4.5	435.006	294.211	113.529	27.2673	0	0	0	0	0	0	0	0	0	0	0	0	0	0	0	0	0
00.000,00.000	17.5	0	-200	0	4.5	448.112	300.426	117.144	30.5428	0	0	0	0	0	0	0	0	0	0	0	0	0	0	0	0	0
00.000,00.000	17.6	0	-200	0	4.5	450.708	301.643	117.855	31.2108	0	0	0	0	0	0	0	0	0	0	0	0	0	0	0	0	0
00.000,00.000	17.7	0	-200	0	4.5	463.798	307.146	121.791	34.861	0	0	0	0	0	0	0	0	0	0	0	0	0	0	0	0	0
00.000,00.000	17.8	0	-200	0	4.5	466.929	308.535	122.78	35.5553	0.0582048	0	0	0	0	0	0	0	0	0	0	0	0	0	0	0	0
00.000,00.000	17.9	0	-200	0	4.5	475.553	312.031	125.47	37.4514	0.600186	0	0	0	0	0	0	0	0	0	0	0	0	0	0	0	0
00.000,00.000	18	0	-200	0	4.5	482.173	315.211	127.266	38.6323	1.06388	0	0	0	0	0	0	0	0	0	0	0	0	0	0	0	0
00.000,00.000	18.1	0	-200	0	4.5	487.078	317.735	128.526	39.4377	1.37858	0	0	0	0	0	0	0	0	0	0	0	0	0	0	0	0
00.000,00.000	18.2	0	-200	0	4.5	491.713	319.988	129.786	40.2457	1.69327	0	0	0	0	0	0	0	0	0	0	0	0	0	0	0	0
00.000,00.000	18.3	0	-200	0	4.5	495.472	321.824	130.811	40.892	1.9441	0	0	0	0	0	0	0	0	0	0	0	0	0	0	0	0
00.000,00.000	18.4	0	-200	0	4.5	499.343	323.744	131.849	41.5504	2.19879	0	0	0	0	0	0	0	0	0	0	0	0	0	0	0	0
00.000,00.000	18.5	0	-200	0	4.5	519.975	333.819	137.486	44.7062	3.96331	0	0	0	0	0	0	0	0	0	0	0	0	0	0	0	0
00.000,00.000	18.6	0	-200	0	4.5	524.108	335.839	138.584	45.2091	4.47611	0	0	0	0	0	0	0	0	0	0	0	0	0	0	0	0
00.000,00.000	18.7	0	-200	0	4.5	564.045	350.871	151.581	49.8836	11.7091	0	0	0	0	0	0	0	0	0	0	0	0	0	0	0	0
00.000,00.000	18.8	0	-200	0	4.5	575.261	354.456	156.333	50.7148	13.7577	0	0	0	0	0	0	0	0	0	0	0	0	0	0	0	0
00.000,00.000	18.9	0	-200	0	4.5	596.709	361.014	166.886	52.0606	16.749	0	0	0	0	0	0	0	0	0	0	0	0	0	0	0	0
00.000,00.000	19	0	-200	0	4.5	607.277	363.644	172.36	52.8613	18.2079	0.204429	0	0	0	0	0	0	0	0	0	0	0	0	0	0	0
00.000,00.000	19.1	0	-200	0	4.5	611.649	364.731	174.633	53.2092	18.6631	0.412594	0	0	0	0	0	0	0	0	0	0	0	0	0	0	0
00.000,00.000	19.2	0	-200	0	4.5	615.978	365.831	176.855	53.5715	19.0759	0.644689	0	0	0	0	0	0	0	0	0	0	0	0	0	0	0
00.000,00.000	19.3	0	-200	0	4.5	620.543	367	179.148	54.0135	19.4989	0.882484	0	0	0	0	0	0	0	0	0	0	0	0	0	0	0
00.000,00.000	19.4	0	-200	0	4.5	625.185	368.203	181.453	54.4912	19.9192	1.11861	0	0	0	0	0	0	0	0	0	0	0	0	0	0	0
00.000,00.000	19.5	0	-200	0	4.5	630.063	369.448	183.872	55.0189	20.359	1.36572	0	0	0	0	0	0	0	0	0	0	0	0	0	0	0
00.000,00.000	19.6	0	-200	0	4.5	634.564	370.563	186.112	55.5278	20.7666	1.5946	0	0	0	0	0	0	0	0	0	0	0	0	0	0	0
00.000,00.000	19.7	0	-200	0	4.5	639.197	371.769	188.378	56.058	21.1711	1.82183	0	0	0	0	0	0	0	0	0	0	0	0	0	0	0
00.000,00.000	19.8	0	-200	0	4.5	643.886	372.96	190.696	56.5853	21.5886	2.05584	0	0	0	0	0	0	0	0	0	0	0	0	0	0	0
00.000,00.000	19.9	0	-200	0	4.5	667.618	378.976	202.256	59.4022	23.7305	3.25363	0	0	0	0	0	0	0	0	0	0	0	0	0	0	0
00.000,00.000	20	0	-200	0	4.5	672.764	380.348	204.745	60.0046	24.1689	3.49759	0	0	0	0	0	0	0	0	0	0	0	0	0	0	0
00.000,00.000	20.1	0	-200	0	4.5	689.392	385.123	212.515	61.9811	25.4204	4.35204	0	0	0	0	0	0	0	0	0	0	0	0	0	0	0
00.000,00.000	20.2	0	-200	0	4.5	698.533	387.773	216.39	63.4579	25.789	5.12271	0	0	0	0	0	0	0	0	0	0	0	0	0	0	0
00.000,00.000	20.3	0	-200	0	4.5	703.807	389.409	218.495	64.3556	25.9998	5.54772	0	0	0	0	0	0	0	0	0	0	0	0	0	0	0
00.000,00.000	20.4	0	-200	0	4.5	709.302	391.161	220.64	65.3062	26.2172	5.97839	0	0	0	0	0	0	0	0	0	0	0	0	0	0	0
00.000,00.000	20.5	0	-200	0	4.5	714.89	392.976	222.792	66.274	26.4392	6.40853	0	0	0	0	0	0	0	0	0	0	0	0	0	0	0
00.000,00.000	20.6	0	-200	0	4.5	720.472	394.819	224.902	67.249	26.6651	6.83685	0	0	0	0	0	0	0	0	0	0	0	0	0	0	0
00.000,00.000	20.7	0	-200	0	4.5	726.198	396.753	227.052	68.2388	26.8942	7.26004	0	0	0	0	0	0	0	0	0	0	0	0	0	0	0
00.000,00.000	20.8	0	-200	0	4.5	732.127	398.792	229.244	69.2667	27.1332	7.69057	0	0	0	0	0	0	0	0	0	0	0	0	0	0	0
00.000,00.000	20.9	0	-200	0	4.5	762.197	409.361	239.958	74.6862	27.9935	10.1988	0	0	0	0	0	0	0	0	0	0	0	0	0	0	0
00.000,00.000	21	0	-200	0	4.5	768.53	411.651	241.786	76.2129	28.0498	10.8305	0	0	0	0	0	0	0	0	0	0	0	0	0	0	0
00.000,00.000	21.1	0	-200	0	4.5	788.498	419.415	247.603	80.4444	28.2802	12.7556	0	0	0	0	0	0	0	0	0	0	0	0	0	0	0
00.000,00.000	21.2	0	-200	0	4.5	799.555	423.773	250.474	83.0804	28.4187	13.8089	0	0	0	0	0	0	0	0	0	0	0	0	0	0	0
00.000,00.000	21.3	0	-200	0	4.5	806.037	426.34	252.168	84.611	28.5125	14.405	0	0	0	0	0	0	0	0	0	0	0	0	0	0	0
00.000,00.000	21.4	0	-200	0	4.5	821.056	432.329	256.093	88.132	28.7508	15.7518	0	0	0	0	0	0	0	0	0	0	0	0	0	0	0
00.000,00.000	21.5	0	-200	0	4.5	824.454	433.673	256.992	88.9271	28.8084	16.0534	0	0	0	0	0	0	0	0	0	0	0	0	0	0	0
00.000,00.000	21.6	0	-200	0	4.5	835.331	438.013	259.83	91.465	29.0228	16.9648	0.0356462	0	0	0	0	0	0	0	0	0	0	0	0	0	0
00.000,00.000	21.7	0	-200	0	4.5	870.464	450.504	269.086	100.531	29.8689	19.2942	1.17997	0	0	0	0	0	0	0	0	0	0	0	0	0	0
00.000,00.000	21.8	0	-200	0	4.5	881.77	455.026	271.985	103.165	30.1432	19.9201	1.53126	0	0	0	0	0	0	0	0	0	0	0	0	0	0
00.000,00.000	21.9	0	-200	0	4.5	882.081	455.141	272.071	103.239	30.1522	19.9371	1.54079	0	0	0	0	0	0	0	0	0	0	0	0	0	0
00.000,00.000	22	0	-200	0	4.5	883.482	455.716	272.439	103.548	30.1934	20.0062	1.57952	0	0	0	0	0	0	0	0	0	0	0	0	0	0
00.000,00.000	22.1	0	-200	0	4.5	904.255	464.181	277.91	108.136	30.8508	21.0258	2.15185	0	0	0	0	0	0	0	0	0	0	0	0	0	0
00.000,00.000	22.2	0	-200	0	4.5	916.273	468.761	281.226	110.855	31.3228	21.6207	2.48657	0	0	0	0	0	0	0	0	0	0	0	0	0	0
00.000,00.000	22.3	0	-200	0	4.5	923.749	471.759	283.216	112.504	31.6214	21.9683	2.68108	0	0	0	0	0	0	0	0	0	0	0	0	0	0
00.000,00.000	22.4	0	-200	0	4.5	943.143	479.524	288.44	116.738	32.416	22.8499	3.17479	0	0	0	0	0	0	0	0	0	0	0	0	0	0
00.000,00.000	22.5	0	-200	0	4.5	947.526	481.245	289.617	117.716	32.6131	23.0493	3.28612	0	0	0	0	0	0	0	0	0	0	0	0	0	0
00.000,00.000	22.6	0	-200	0	4.5	961.406	486.575	293.468	120.785	33.2547	23.6853	3.63729	0	0	0	0	0	0	0	0	0	0	0	0	0	0
00.000,00.000	22.7	0	-200	0	4.5	1004.83	500.779	305.961	131.376	35.7331	26.0415	4.94172	0	0	0	0	0	0	0	0	0	0	0	0	0	0
00.000,00.000	22.8	0	-200	0	4.5	1051.58	520.895	318.394	140.111	38.0484	27.184	6.95077	0	0	0	0	0	0	0	0	0	0	0	0	0	0
00.000,00.000	22.9	0	-200	0	4.5	1055.43	522.227	319.656	140.877	38.2665	27.2758	7.13151	0	0	0	0	0	0	0	0	0	0	0	0	0	0
00.000,00.000	23	0	-200	0	4.5	1115.88	541.588	341.684	151.273	42.8898	28.6769	9.76913	0	0	0	0	0	0	0	0	0	0	0	0	0	0
00.000,00.000	23.1	0	-200	0	4.5	1141.9	548.404	352.88	155.529	44.9053	29.1408	11.0429	0	0	0	0	0	0	0	0	0	0	0	0	0	0
00.000,00.000	23.2	0	-200	0	4.5	1151.02	550.975	356.76	156.93	45.5688	29.2441	11.5386	0	0	0	0	0	0	0	0	0	0	0	0	0	0
00.000,00.000	23.3	0	-200	0	4.5	1160.85	553.829	360.908	158.379	46.3183	29.3463	12.0675	0	0	0	0	0	0	0	0	0	0	0	0	0	0
00.000,00.000	23.4	0	-200	0	4.5	1178.74	559.266	368.311	160.932	47.7053	29.4847	13.0452	0	0	0	0	0	0	0	0	0	0	0	0	0	0
00.000,00.000	23.5	0	-200	0	4.5	1182.95	560.549	370.035	161.535	48.0355	29.5198	13.2737	0	0	0	0	0	0	0	0	0	0	0	0	0	0
00.000,00.000	23.6	0	-200	0	4.5	1221.09	571.69	385.592	167.174	51.2544	29.9113	15.1834	0.283735	0	0	0	0	0	0	0	0	0	0	0	0	0
00.000,00.000	23.7	0	-200	0	4.5	1230.78	574.778	389.469	168.518	52.03	30.0102	15.47	0.509435	0	0	0	0	0	0	0	0	0	0	0	0	0
00.000,00.000	23.8	0	-200	0	4.5	1231.81	575.102	389.875	168.664	52.1121	30.0222	15.5039	0.527827	0	0	0	0	0	0	0	0	0	0	0	0	0
00.000,00.000	23.9	0	-200	0	4.5	1266.55	586.642	403.359	173.529	54.8464	30.4527	16.5923	1.13351	0	0	0	0	0	0	0	0	0	0	0	0	0
00.000,00.000	24	0	-200	0	4.5	1275.52	589.656	406.801	174.773	55.5587	30.5688	16.866	1.29361	0	0	0	0	0	0	0	0	0	0	0	0	0
00.000,00.000	24.1	0	-200	0	4.5	1302.11	598.937	416.639	178.558	57.6509	30.9468	17.6366	1.74448	0	0	0	0	0	0	0	0	0	0	0	0	0
00.000,00.000	24.2	0	-200	0	4.5	1319.34	605.091	422.744	181.086	59.0319	31.2057	18.1398	2.03833	0	0	0	0	0	0	0	0	0	0	0	0	0
00.000,00.000	24.3	0	-200	0	4.5	1331.74	609.547	427.135	182.917	60.0049	31.4006	18.489	2.24219	0	0	0	0	0	0	0	0	0	0	0	0	0
00.000,00.000	24.4	0	-200	0	4.5	1344.13	614.158	431.352	184.814	61.0027	31.6112	18.8398	2.35027	0	0	0	0	0	0	0	0	0	0	0	0	0
00.000,00.000	24.5	0	-200	0	4.5	1356.66	618.88	435.596	186.77	62.0226	31.836	19.1915	2.36678	0	0	0	0	0	0	0	0	0	0	0	0	0
00.000,00.000	24.6	0	-200	0	4.5	1369.05	623.644	439.595	188.761	63.0666	32.0751	19.5464	2.36678	0	0	0	0	0	0	0	0	0	0	0	0	0
00.000,00.000	24.7	0	-200	0	4.5	1381.56	628.498	443.602	190.752	64.118	32.3252	19.8953	2.36678	0	0	0	0	0	0	0	0	0	0	0	0	0
00.000,00.000	24.8	0	-200	0	4.5	1394.39	633.488	447.678	192.813	65.2045	32.5923	20.2494	2.36678	0	0	0	0	0	0	0	0	0	0	0	0	0
00.000,00.000	24.9	0	-200	0	4.5	1438.94	650.929	461.567	200.027	69.0234	33.5602	21.4702	2.36678	0	0	0	0	0	0	0	0	0	0	0	0	0
00.000,00.000	25	0	-200	0	4.5	1448.42	654.678	464.483	201.58	69.8203	33.7685	21.7244	2.36678	0	0	0	0	0	0	0	0	0	0	0	0	0
00.000,00.000	25.1	0	-200	0	4.5	1479.26	667.1	473.684	206.662	72.4446	34.4756	22.5259	2.36678	0	0	0	0	0	0	0	0	0	0	0	0	0
00.000,00.000	25.2	0	-200	0	4.5	1499.1	675.269	479.283	210.008	74.1688	34.9532	23.0489	2.36678	0	0	0	0	0	0	0	0	0	0	0	0	0
00.000,00.000	25.3	0	-200	0	4.5	1513.05	681.015	483.235	212.336	75.39	35.3008	23.4111	2.36678	0	0	0	0	0	0	0	0	0	0	0	0	0
00.000,00.000	25.4	0	-200	0	4.5	1558.92	699.986	496.011	220.015	79.4595	36.4871	24.5915	2.36678	0	0	0	0	0	0	0	0	0	0	0	0	0
00.000,00.000	25.5	0	-200	0	4.5	1574.4	706.399	500.358	222.516	80.8555	36.9024	24.8663	2.49836	0	0	0	0	0	0	0	0	0	0	0	0	0
00.000,00.000	25.6	0	-200	0	4.5	1574.43	706.411	500.366	222.522	80.8583	36.9032	24.8666	2.49886	0	0	0	0	0	0	0	0	0	0	0	0	0
00.000,00.000	25.7	0	-200	0	4.5	1575.1	706.685	500.55	222.636	80.9192	36.9226	24.8786	2.50399	0	0	0	0	0	0	0	0	0	0	0	0	0
00.000,00.000	25.8	0	-200	0	4.5	1644.95	735.202	519.6	234.591	87.3657	39.0186	25.9646	3.20886	0	0	0	0	0	0	0	0	0	0	0	0	0
00.000,00.000	25.9	0	-200	0	4.5	1673.11	746.512	527.217	239.5	90.0612	39.9039	26.3616	3.55842	0	0	0	0	0	0	0	0	0	0	0	0	0
00.000,00.000	26	0	-200	0	4.5	1674.32	747.002	527.544	239.705	90.1766	39.9428	26.3784	3.57262	0	0	0	0	0	0	0	0	0	0	0	0	0
00.000,00.000	26.1	0	-200	0	4.5	1681.69	749.976	529.543	240.946	90.8958	40.1903	26.4822	3.65858	0	0	0	0	0	0	0	0	0	0	0	0	0
00.000,00.000	26.2	0	-200	0	4.5	1685.76	751.537	530.709	241.633	91.3046	40.3311	26.5405	3.70631	0	0	0	0	0	0	0	0	0	0	0	0	0
00.000,00.000	26.3	0	-200	0	4.5	1687.17	752.075	531.118	241.87	91.4441	40.3812	26.5607	3.72233	0	0	0	0	0	0	0	0	0	0	0	0	0
00.000,00.000	26.4	0	-200	0	4.5	1687.4	752.163	531.184	241.908	91.4674	40.3895	26.564	3.72494	0	0	0	0	0	0	0	0	0	0	0	0	0
00.000,00.000	26.5	0	-200	0	4.5	1688.4	752.541	531.473	242.075	91.5675	40.4271	26.5785	3.736	0	0	0	0	0	0	0	0	0	0	0	0	0
00.000,00.000	26.6	0	-200	0	4.5	1689.84	753.082	531.888	242.319	91.7181	40.4841	26.6003	3.7525	0	0	0	0	0	0	0	0	0	0	0	0	0
00.000,00.000	26.7	0	-200	0	4.5	1738.99	771.569	546.02	250.437	96.8652	42.4659	27.3364	4.29656	0	0	0	0	0	0	0	0	0	0	0	0	0
00.000,00.000	26.8	0	-200	0	4.5	1765.86	780.784	554.336	254.99	99.5688	43.8188	27.7606	4.60609	0	0	0	0	0	0	0	0	0	0	0	0	0
00.000,00.000	26.9	0	-200	0	4.5	1806.97	794.554	567.24	262.014	103.589	46.0679	28.4285	5.07569	0	0	0	0	0	0	0	0	0	0	0	0	0
00.000,00.000	27	0	-200	0	4.5	1815.97	797.551	570.124	263.544	104.417	46.5798	28.5765	5.17893	0	0	0	0	0	0	0	0	0	0	0	0	0
00.000,00.000	27.1	0	-200	0	4.5	1844.77	806.906	579.564	268.371	107.135	48.2339	28.8845	5.67141	0	0	0	0	0	0	0	0	0	0	0	0	0
00.000,00.000	27.2	0	-200	0	4.5	1864.18	813.255	585.727	271.655	109.036	49.3962	28.9915	6.12182	0	0	0	0	0	0	0	0	0	0	0	0	0
00.000,00.000	27.3	0	-200	0	4.5	1867.98	814.48	586.94	272.295	109.412	49.6289	29.0185	6.20555	0	0	0	0	0	0	0	0	0	0	0	0	0
00.000,00.000	27.4	0	-200	0	4.5	1868.27	814.572	587.033	272.344	109.441	49.6471	29.0207	6.21196	0	0	0	0	0	0	0	0	0	0	0	0	0
00.000,00.000	27.5	0	-200	0	4.5	1968.61	847.286	618.48	288.722	119.734	56.1258	29.853	8.40857	0	0	0	0	0	0	0	0	0	0	0	0	0
00.000,00.000	27.6	0	-200	0	4.5	1999.61	857.514	627.769	293.731	123.124	58.2064	30.135	9.12728	0	0	0	0	0	0	0	0	0	0	0	0	0
00.000,00.000	27.7	0	-200	0	4.5	2000.95	857.964	628.164	293.954	123.266	58.2971	30.1487	9.1571	0	0	0	0	0	0	0	0	0	0	0	0	0
00.000,00.000	27.8	0	-200	0	4.5	2040.57	871.182	639.865	300.585	127.533	61.057	30.5849	9.76516	0	0	0	0	0	0	0	0	0	0	0	0	0
00.000,00.000	27.9	0	-200	0	4.5	2052.38	875.084	643.417	302.556	128.803	61.8894	30.7238	9.90806	0	0	0	0	0	0	0	0	0	0	0	0	0
00.000,00.000	28	0	-200	0	4.5	2053.74	875.546	643.822	302.781	128.947	61.9852	30.7407	9.92374	0	0	0	0	0	0	0	0	0	0	0	0	0
00.000,00.000	28.1	0	-200	0	4.5	2055.24	876.053	644.263	303.024	129.103	62.0912	30.7599	9.94078	0	0	0	0	0	0	0	0	0	0	0	0	0
00.000,00.000	28.2	0	-200	0	4.5	2056.55	876.503	644.652	303.239	129.238	62.1891	30.7778	9.95579	0	0	0	0	0	0	0	0	0	0	0	0	0
00.000,00.000	28.3	0	-200	0	4.5	2057.72	876.903	644.993	303.427	129.356	62.2765	30.7942	9.96895	0	0	0	0	0	0	0	0	0	0	0	0	0
00.000,00.000	28.4	0	-200	0	4.5	2057.9	876.965	645.046	303.455	129.373	62.2904	30.7969	9.97102	0	0	0	0	0	0	0	0	0	0	0	0	0
00.000,00.000	28.5	0	-200	0	4.5	2163.56	913.71	675.419	320.378	139.997	70.4516	32.4347	11.1655	0	0	0	0	0	0	0	0	0	0	0	0	0
00.000,00.000	28.6	0	-200	0	4.5	2204.05	926.199	686.852	327.421	144.686	74.0154	33.1765	11.7041	0	0	0	0	0	0	0	0	0	0	0	0	0
00.000,00.000	28.7	0	-200	0	4.5	2311.71	966.283	713.864	344.516	155.647	83.1332	35.201	13.0614	0	0	0	0	0	0	0	0	0	0	0	0	0
00.000,00.000	28.8	0	-200	0	4.5	2330.96	972.866	718.907	347.704	157.66	84.8967	35.6023	13.1242	0.199822	0	0	0	0	0	0	0	0	0	0	0	0
00.000,00.000	28.9	0	-200	0	4.5	2331.62	973.13	719.068	347.804	157.721	84.952	35.6155	13.1257	0.206283	0	0	0	0	0	0	0	0	0	0	0	0
00.000,00.000	29	0	-200	0	4.5	2344.53	978.119	722.345	349.747	158.902	86.043	35.8886	13.1446	0.341771	0	0	0	0	0	0	0	0	0	0	0	0
00.000,00.000	29.1	0	-200	0	4.5	2382.99	992.689	732.287	355.622	162.433	89.2681	36.7379	13.195	0.753911	0	0	0	0	0	0	0	0	0	0	0	0
00.000,00.000	29.2	0	-200	0	4.5	2404.82	1001.41	737.768	358.837	164.345	91.0301	37.2244	13.2154	0.988554	0	0	0	0	0	0	0	0	0	0	0	0
00.000,00.000	29.3	0	-200	0	4.5	2421.36	1008.1	741.921	361.214	165.758	92.3684	37.5998	13.2314	1.16156	0	0	0	0	0	0	0	0	0	0	0	0
00.000,00.000	29.4	0	-200	0	4.5	2463.87	1025.46	752.58	367.231	169.285	95.8526	38.5966	13.2668	1.60409	0	0	0	0	0	0	0	0	0	0	0	0
00.000,00.000	29.5	0	-200	0	4.5	2488.89	1036	758.779	370.572	171.314	97.889	39.1946	13.2835	1.86346	0	0	0	0	0	0	0	0	0	0	0	0
00.000,00.000	29.6	0	-200	0	4.5	2505.41	1042.78	762.915	372.781	172.693	99.2807	39.6247	13.299	2.03952	0	0	0	0	0	0	0	0	0	0	0	0
00.000,00.000	29.7	0	-200	0	4.5	2649.74	1094.3	797.991	394.329	187.09	113.199	45.3647	13.5138	3.94717	0	0	0	0	0	0	0	0	0	0	0	0
00.000,00.000	29.8	0	-200	0	4.5	2680.31	1106.56	804.998	398.532	189.912	115.747	46.6383	13.5839	4.33394	0	0	0	0	0	0	0	0	0	0	0	0
00.000,00.000	29.9	0	-200	0	4.5	2778.15	1147.88	828.201	410.809	198.119	123.415	50.4878	13.785	5.46198	0	0	0	0	0	0	0	0	0	0	0	0
00.000,00.000	30	0	-200	0	4.5	2806.85	1158.06	836.825	414.466	200.557	125.743	51.5091	13.8681	5.81583	0	0	0	0	0	0	0	0	0	0	0	0
00.000,00.000	30.1	0	-200	0	4.5	2823.86	1164.19	842.039	416.572	201.933	127.084	52.0995	13.9323	6.00755	0	0	0	0	0	0	0	0	0	0	0	0
00.000,00.000	30.2	0	-200	0	4.5	2840.53	1170.54	846.894	418.608	203.272	128.374	52.64	14.0057	6.19685	0	0	0	0	0	0	0	0	0	0	0	0
00.000,00.000	30.3	0	-200	0	4.5	2855.1	1176.1	851.016	420.431	204.454	129.513	53.1412	14.0764	6.3643	0	0	0	0	0	0	0	0	0	0	0	0
00.000,00.000	30.4	0	-200	0	4.5	2870.2	1182.18	855.153	422.246	205.638	130.661	53.6297	14.1572	6.53202	0	0	0	0	0	0	0	0	0	0	0	0
00.000,00.000	30.5	0	-200	0	4.5	2885.51	1188.3	859.387	424.08	206.828	131.824	54.1418	14.2455	6.70156	0	0	0	0	0	0	0	0	0	0	0	0
00.000,00.000	30.6	0	-200	0	4.5	2899.61	1193.57	863.214	425.906	208.024	133.006	54.6764	14.3422	6.87471	0	0	0	0	0	0	0	0	0	0	0	0
00.000,00.000	30.7	0	-200	0	4.5	2913.83	1199.42	866.889	427.615	209.132	134.109	55.1946	14.4397	7.03663	0	0	0	0	0	0	0	0	0	0	0	0
00.000,00.000	30.8	0	-200	0	4.5	2927.87	1204.62	870.755	429.422	210.283	135.273	55.7545	14.5495	7.20775	0	0	0	0	0	0	0	0	0	0	0	0
00.000,00.000	30.9	0	-200	0	4.5	3003.58	1235.87	889.87	438.465	216.117	141.254	58.7547	15.143	8.10366	0	0	0	0	0	0	0	0	0	0	0	0
00.000,00.000	31	0	-200	0	4.5	3018.21	1241.82	893.74	440.207	217.253	142.34	59.2902	15.2841	8.2818	0	0	0	0	0	0	0	0	0	0	0	0
00.000,00.000	31.1	0	-200	0	4.5	3065.99	1260.38	906.873	445.993	220.835	146.009	61.3146	15.7277	8.85413	0	0	0	0	0	0	0	0	0	0	0	0
00.000,00.000	31.2	0	-200	0	4.5	3092.12	1271.59	913.582	448.882	222.705	147.881	62.3364	15.9774	8.92469	0.234357	0	0	0	0	0	0	0	0	0	0	0
00.000,00.000	31.3	0	-200	0	4.5	3106.19	1277.28	917.412	450.467	223.707	148.938	62.9415	16.1197	8.95023	0.375543	0	0	0	0	0	0	0	0	0	0	0
00.000,00.000	31.4	0	-200	0	4.5	3148.12	1295.82	928.333	454.685	226.49	151.827	64.6236	16.5527	8.98285	0.810709	0	0	0	0	0	0	0	0	0	0	0
00.000,00.000	31.5	0	-200	0	4.5	3164.05	1303.01	932.484	456.227	227.57	152.832	65.2214	16.7326	8.98285	0.994542	0	0	0	0	0	0	0	0	0	0	0
00.000,00.000	31.6	0	-200	0	4.5	3164.38	1303.14	932.571	456.262	227.593	152.857	65.2367	16.7367	8.98285	0.998689	0	0	0	0	0	0	0	0	0	0	0
00.000,00.000	31.7	0	-200	0	4.5	3185.8	1313.28	937.776	458.231	228.915	154.257	66.1327	16.9938	8.98285	1.23747	0	0	0	0	0	0	0	0	0	0	0
00.000,00.000	31.8	0	-200	0	4.5	3212.48	1324.72	944.648	460.931	230.728	156.17	67.3655	17.367	8.98285	1.56929	0	0	0	0	0	0	0	0	0	0	0
00.000,00.000	31.9	0	-200	0	4.5	3271.06	1351.64	958.953	466.433	234.395	160.153	70.0833	18.1576	8.98309	2.26018	0	0	0	0	0	0	0	0	0	0	0
00.000,00.000	32	0	-200	0	4.5	3280.84	1356.09	961.379	467.363	235.023	160.82	70.5078	18.2948	8.98351	2.37932	0	0	0	0	0	0	0	0	0	0	0
00.000,00.000	32.1	0	-200	0	4.5	3327.5	1376.44	973.556	471.925	237.885	164.034	72.7426	18.9844	8.99081	2.93564	0	0	0	0	0	0	0	0	0	0	0
00.000,00.000	32.2	0	-200	0	4.5	3343.19	1383.8	977.367	473.416	238.807	165.065	73.4109	19.2136	8.99414	3.11966	0	0	0	0	0	0	0	0	0	0	0
00.000,00.000	32.3	0	-200	0	4.5	3344.44	1384.36	977.682	473.536	238.879	165.147	73.4708	19.2326	8.99459	3.13402	0	0	0	0	0	0	0	0	0	0	0
00.000,00.000	32.4	0	-200	0	4.5	3344.64	1384.46	977.731	473.555	238.89	165.159	73.4795	19.2357	8.99468	3.13631	0	0	0	0	0	0	0	0	0	0	0
00.000,00.000	32.5	0	-200	0	4.5	3344.81	1384.54	977.772	473.57	238.899	165.17	73.4875	19.2383	8.99477	3.13814	0	0	0	0	0	0	0	0	0	0	0
00.000,00.000	32.6	0	-200	0	4.5	3430.31	1421.17	999.027	482.345	244.328	171.056	78.2511	20.8354	9.06324	4.23118	0	0	0	0	0	0	0	0	0	0	0
00.000,00.000	32.7	0	-200	0	4.5	3533.66	1470.34	1020.18	491.852	250.962	178.542	84.0076	22.9478	9.17306	5.6607	0	0	0	0	0	0	0	0	0	0	0
00.000,00.000	32.8	0	-200	0	4.5	3549.02	1477.32	1023.63	493.2	252.046	179.688	84.7742	23.2907	9.19299	5.87559	0	0	0	0	0	0	0	0	0	0	0
00.000,00.000	32.9	0	-200	0	4.5	3567.33	1485.5	1027.77	494.917	253.301	180.983	85.8167	23.6926	9.22659	6.12292	0	0	0	0	0	0	0	0	0	0	0
00.000,00.000	33	0	-200	0	4.5	3571.19	1487.29	1028.62	495.262	253.564	181.253	86.0128	23.7804	9.23431	6.17494	0	0	0	0	0	0	0	0	0	0	0
00.000,00.000	33.1	0	-200	0	4.5	3634.31	1515.76	1042.81	501.062	258.196	185.4	89.5085	25.1997	9.38757	6.9911	0	0	0	0	0	0	0	0	0	0	0
00.000,00.000	33.2	0	-200	0	4.5	3664.69	1529.96	1049.29	503.692	260.593	187.328	91.1023	25.8872	9.4658	7.37442	0	0	0	0	0	0	0	0	0	0	0
00.000,00.000	33.3	0	-200	0	4.5	3677.62	1535.95	1052.12	504.822	261.59	188.119	91.7985	26.1794	9.50489	7.53364	0	0	0	0	0	0	0	0	0	0	0
00.000,00.000	33.4	0	-200	0	4.5	3739.2	1565.35	1065.52	510.038	266.121	191.616	95.0223	27.552	9.70883	8.26384	0	0	0	0	0	0	0	0	0	0	0
00.000,00.000	33.5	0	-200	0	4.5	3768.35	1579.25	1071.8	512.644	267.976	193.534	96.5033	28.2127	9.81358	8.42106	0.191543	0	0	0	0	0	0	0	0	0	0
00.000,00.000	33.6	0	-200	0	4.5	3797.66	1592.64	1077.9	515.323	269.816	195.758	98.2712	28.9919	9.9506	8.47699	0.533341	0	0	0	0	0	0	0	0	0	0
00.000,00.000	33.7	0	-200	0	4.5	3832.49	1608.82	1085.22	518.485	272.008	198.229	100.27	29.8881	10.1194	8.47699	0.972512	0	0	0	0	0	0	0	0	0	0
00.000,00.000	33.8	0	-200	0	4.5	3846.55	1615.52	1088.1	519.701	272.838	199.208	101.094	30.2649	10.1935	8.47699	1.1524	0	0	0	0	0	0	0	0	0	0
00.000,00.000	33.9	0	-200	0	4.5	3876.39	1629.92	1094.02	522.311	274.668	201.176	102.851	31.0745	10.3635	8.47699	1.52235	0	0	0	0	0	0	0	0	0	0
00.000,00.000	34	0	-200	0	4.5	3881.02	1632.18	1094.89	522.757	274.954	201.471	103.117	31.2072	10.3911	8.47699	1.58078	0	0	0	0	0	0	0	0	0	0
00.000,00.000	34.1	0	-200	0	4.5	3946.64	1664.94	1107.03	528.47	278.988	205.513	107.025	32.9939	10.8227	8.47699	2.37724	0	0	0	0	0	0	0	0	0	0
00.000,00.000	34.2	0	-200	0	4.5	3979.2	1681.49	1112.67	531.309	281.056	207.516	108.947	33.923	11.0474	8.47725	2.77207	0	0	0	0	0	0	0	0	0	0
00.000,00.000	34.3	0	-200	0	4.5	3990.1	1687.07	1114.58	532.23	281.723	208.169	109.583	34.2366	11.1266	8.47811	2.90023	0	0	0	0	0	0	0	0	0	0
00.000,00.000	34.4	0	-200	0	4.5	4004.19	1694.38	1117.02	533.402	282.56	209.001	110.404	34.6468	11.2352	8.47994	3.06336	0	0	0	0	0	0	0	0	0	0
00.000,00.000	34.5	0	-200	0	4.5	4019.12	1702.29	1119.59	534.643	283.445	209.706	111.277	35.0922	11.357	8.48257	3.23635	0	0	0	0	0	0	0	0	0	0
00.000,00.000	34.6	0	-200	0	4.5	4038.34	1712.46	1122.92	536.203	284.565	210.598	112.429	35.6871	11.5257	8.48702	3.46425	0	0	0	0	0	0	0	0	0	0
00.000,00.000	34.7	0	-200	0	4.5	4129.43	1758.21	1139.43	543.738	290.068	214.969	118.442	38.8591	12.5172	8.52095	4.67325	0	0	0	0	0	0	0	0	0	0
00.000,00.000	34.8	0	-200	0	4.5	4146.53	1766.75	1142.59	545.217	291.11	215.761	119.475	39.4756	12.7222	8.5295	4.90187	0	0	0	0	0	0	0	0	0	0
00.000,00.000	34.9	0	-200	0	4.5	4146.56	1766.76	1142.6	545.22	291.112	215.762	119.477	39.4765	12.7226	8.52952	4.90222	0	0	0	0	0	0	0	0	0	0
00.000,00.000	35	0	-200	0	4.5	4200.23	1794.33	1152.29	549.489	294.157	218.315	122.728	41.3743	13.3957	8.58562	5.56778	0	0	0	0	0	0	0	0	0	0
00.000,00.000	35.1	0	-200	0	4.5	4234.01	1811.27	1158.65	552.224	296.089	219.944	124.766	42.6134	13.837	8.62751	5.9937	0	0	0	0	0	0	0	0	0	0
00.000,00.000	35.2	0	-200	0	4.5	4248.56	1818.72	1161.32	553.373	296.897	220.623	125.646	43.1357	14.0305	8.65076	6.17339	0	0	0	0	0	0	0	0	0	0
00.000,00.000	35.3	0	-200	0	4.5	4261.84	1825.63	1163.7	554.413	297.609	221.229	126.425	43.6038	14.2103	8.67583	6.33469	0	0	0	0	0	0	0	0	0	0
00.000,00.000	35.4	0	-200	0	4.5	4299.07	1845.36	1170.31	557.274	299.503	222.879	128.576	44.8946	14.7259	8.75695	6.78218	0	0	0	0	0	0	0	0	0	0
00.000,00.000	35.5	0	-200	0	4.5	4306.39	1849.33	1171.64	557.842	299.859	223.154	128.983	45.1141	14.8313	8.77451	6.87226	0	0	0	0	0	0	0	0	0	0
00.000,00.000	35.6	0	-200	0	4.5	4333.43	1863.99	1176.35	559.812	301.198	224.221	130.525	46.06	15.2259	8.85166	7.19549	0	0	0	0	0	0	0	0	0	0
00.000,00.000	35.7	0	-200	0	4.5	4365.48	1880.4	1182.14	562.233	302.899	225.527	132.518	47.4073	15.7591	8.96416	7.62721	0	0	0	0	0	0	0	0	0	0
00.000,00.000	35.8	0	-200	0	4.5	4415.95	1906.47	1191.18	566.034	305.558	227.571	135.537	49.387	16.7816	9.15538	8.27945	0	0	0	0	0	0	0	0	0	0
00.000,00.000	35.9	0	-200	0	4.5	4423.22	1910.21	1192.45	566.572	305.93	227.847	135.964	49.6936	16.9953	9.18499	8.37484	0	0	0	0	0	0	0	0	0	0
00.000,00.000	36	0	-200	0	4.5	4423.72	1910.47	1192.54	566.607	305.955	227.866	135.992	49.7132	17.0098	9.18724	8.38111	0	0	0	0	0	0	0	0	0	0
00.000,00.000	36.1	0	-200	0	4.5	4455.88	1927.55	1197.94	568.859	307.518	229.096	137.792	51.0087	17.9848	9.34602	8.78957	0	0	0	0	0	0	0	0	0	0
00.000,00.000	36.2	0	-200	0	4.5	4476.07	1938.35	1201.24	570.271	308.487	229.849	138.903	51.8465	18.6297	9.45277	9.04767	0	0	0	0	0	0	0	0	0	0
00.000,00.000	36.3	0	-200	0	4.5	4488.02	1944.86	1203.14	571.077	309.045	230.292	139.546	52.3361	19.0085	9.52104	9.19843	0	0	0	0	0	0	0	0	0	0
00.000,00.000	36.4	0	-200	0	4.5	4522.85	1963.94	1208.78	573.365	310.624	231.546	141.36	53.7493	20.1145	9.73441	9.49315	0.138643	0	0	0	0	0	0	0	0	0
00.000,00.000	36.5	0	-200	0	4.5	4529.64	1967.69	1209.86	573.816	310.925	231.759	141.71	54.0419	20.3417	9.77855	9.42709	0.291353	0	0	0	0	0	0	0	0	0
00.000,00.000	36.6	0	-200	0	4.5	4566.96	1988.64	1215.65	576.098	312.552	233.065	143.575	55.5818	21.5692	10.0428	9.46715	0.717676	0	0	0	0	0	0	0	0	0
00.000,00.000	36.7	0	-200	0	4.5	4585.2	1998.96	1218.43	577.19	313.295	233.696	144.482	56.3613	22.1914	10.1809	9.46715	0.949935	0	0	0	0	0	0	0	0	0
00.000,00.000	36.8	0	-200	0	4.5	4609.17	2012.76	1221.97	578.581	314.245	234.51	145.625	57.3625	23.0131	10.3764	9.46715	1.25365	0	0	0	0	0	0	0	0	0
00.000,00.000	36.9	0	-200	0	4.5	4613	2014.97	1222.52	578.808	314.394	234.643	145.809	57.524	23.1514	10.4095	9.46715	1.30348	0	0	0	0	0	0	0	0	0
00.000,00.000	37	0	-200	0	4.5	4613.25	2015.12	1222.55	578.822	314.403	234.652	145.82	57.5341	23.1604	10.4118	9.46715	1.3067	0	0	0	0	0	0	0	0	0
00.000,00.000	37.1	0	-200	0	4.5	4639.81	2031.03	1226.24	580.196	315.34	235.536	146.984	58.576	24.1228	10.6716	9.46739	1.6443	0	0	0	0	0	0	0	0	0
00.000,00.000	37.2	0	-200	0	4.5	4656.31	2040.97	1228.5	581.039	315.88	236.085	147.707	59.2303	24.7385	10.8411	9.46793	1.85593	0	0	0	0	0	0	0	0	0
00.000,00.000	37.3	0	-200	0	4.5	4666.69	2047.3	1229.89	581.538	316.215	236.432	148.139	59.6318	25.1278	10.9525	9.4688	1.98674	0	0	0	0	0	0	0	0	0
00.000,00.000	37.4	0	-200	0	4.5	4683.62	2057.77	1232.12	582.317	316.747	236.974	148.82	60.2847	25.7767	11.1435	9.47166	2.19937	0	0	0	0	0	0	0	0	0
00.000,00.000	37.5	0	-200	0	4.5	4692.18	2063.09	1233.2	582.703	317.007	237.25	149.163	60.6182	26.1149	11.2451	9.47458	2.30799	0	0	0	0	0	0	0	0	0
00.000,00.000	37.6	0	-200	0	4.5	4705.76	2071.58	1234.92	583.28	317.412	237.683	149.685	61.1495	26.6699	11.4171	9.48174	2.48211	0	0	0	0	0	0	0	0	0
00.000,00.000	37.7	0	-200	0	4.5	4744.97	2096.18	1239.84	584.859	318.561	238.939	151.15	62.6921	28.3126	11.9377	9.50887	2.98782	0	0	0	0	0	0	0	0	0
00.000,00.000	37.8	0	-200	0	4.5	4751.69	2100.32	1240.68	585.137	318.767	239.15	151.415	62.9739	28.6133	12.0332	9.51443	3.0788	0	0	0	0	0	0	0	0	0
00.000,00.000	37.9	0	-200	0	4.5	4759.39	2105.14	1241.65	585.425	318.991	239.405	151.691	63.2831	28.9607	12.1481	9.52328	3.18094	0	0	0	0	0	0	0	0	0
00.000,00.000	38	0	-200	0	4.5	4760.89	2106.06	1241.83	585.482	319.035	239.454	151.749	63.3468	29.0329	12.172	9.52523	3.20177	0	0	0	0	0	0	0	0	0
00.000,00.000	38.1	0	-200	0	4.5	4778.21	2116.9	1243.98	586.084	319.515	240.019	152.323	64.0546	29.8818	12.465	9.55392	3.43928	0	0	0	0	0	0	0	0	0
00.000,00.000	38.2	0	-200	0	4.5	4796.24	2128.09	1246.22	586.701	320.018	240.626	152.908	64.8033	30.8039	12.7883	9.58804	3.69261	0	0	0	0	0	0	0	0	0
00.000,00.000	38.3	0	-200	0	4.5	4800.42	2130.68	1246.75	586.839	320.131	240.769	153.037	64.9754	31.0208	12.8653	9.59672	3.75122	0	0	0	0	0	0	0	0	0
00.000,00.000	38.4	0	-200	0	4.5	4813.58	2138.91	1248.37	587.249	320.477	241.238	153.415	65.5027	31.727	13.1237	9.62877	3.93649	0	0	0	0	0	0	0	0	0
00.000,00.000	38.5	0	-200	0	4.5	4821	2143.51	1249.28	587.478	320.671	241.517	153.618	65.8023	32.1557	13.2764	9.64859	4.04269	0	0	0	0	0	0	0	0	0
00.000,00.000	38.6	0	-200	0	4.5	4834.31	2152.03	1250.79	587.806	320.989	241.975	153.979	66.3202	32.9318	13.5747	9.68805	4.23547	0	0	0	0	0	0	0	0	0
00.000,00.000	38.7	0	-200	0	4.5	4858.1	2167.33	1253.43	588.388	321.514	242.816	154.58	67.2188	34.3276	14.1413	9.76417	4.58384	0	0	0	0	0	0	0	0	0
00.000,00.000	38.8	0	-200	0	4.5	4861.9	2169.73	1253.87	588.482	321.598	242.96	154.677	67.369	34.5584	14.2398	9.7773	4.64057	0	0	0	0	0	0	0	0	0
00.000,00.000	38.9	0	-200	0	4.5	4868.9	2174.24	1254.61	588.633	321.75	243.218	154.855	67.6235	34.9947	14.4183	9.80378	4.74271	0	0	0	0	0	0	0	0	0
00.000,00.000	39	0	-200	0	4.5	4870.33	2175.15	1254.77	588.664	321.781	243.271	154.89	67.6777	35.0857	14.4586	9.80953	4.76416	0	0	0	0	0	0	0	0	0
00.000,00.000	39.1	0	-200	0	4.5	4879.41	2181.05	1255.71	588.832	321.969	243.61	155.116	67.9945	35.6741	14.7118	9.84898	4.89736	0	0	0	0	0	0	0	0	0
00.000,00.000	39.2	0	-200	0	4.5	4888.39	2186.86	1256.63	588.989	322.152	243.944	155.337	68.3055	36.2691	14.9812	9.89076	5.03009	0	0	0	0	0	0	0	0	0
00.000,00.000	39.3	0	-200	0	4.5	4897.36	2192.71	1257.53	589.133	322.322	244.269	155.547	68.6151	36.7746	15.3654	9.93567	5.16333	0	0	0	0	0	0	0	0	0
00.000,00.000	39.4	0	-200	0	4.5	4909.25	2200.45	1258.73	589.306	322.526	244.703	155.832	69.0121	37.3916	15.9527	9.99917	5.34065	0	0	0	0	0	0	0	0	0
00.000,00.000	39.5	0	-200	0	4.5	4914.8	2203.95	1259.42	589.38	322.615	244.902	155.96	69.1949	37.683	16.2359	10.0307	5.42364	0	0	0	0	0	0	0	0	0
00.000,00.000	39.6	0	-200	0	4.5	4926.53	2211.47	1260.83	589.514	322.785	245.291	156.202	69.5605	38.3125	16.8536	10.1032	5.60231	0	0	0	0	0	0	0	0	0
00.000,00.000	39.7	0	-200	0	4.5	4933.89	2216.15	1261.73	589.599	322.885	245.541	156.367	69.7933	38.7087	17.2529	10.1512	5.71475	0	0	0	0	0	0	0	0	0
00.000,00.000	39.8	0	-200	0	4.5	4938.89	2219.34	1262.33	589.651	322.954	245.709	156.469	69.9444	38.9827	17.5368	10.1871	5.79189	0	0	0	0	0	0	0	0	0
00.000,00.000	39.9	0	-200	0	4.5	4945.17	2223.31	1263.08	589.711	323.04	245.926	156.608	70.1293	39.3319	17.9086	10.2359	5.89024	0	0	0	0	0	0	0	0	0
00.000,00.000	40	0	-200	0	4.5	4951.77	2227.34	1263.99	589.774	323.129	246.152	156.755	70.3194	39.702	18.3145	10.2909	5.99404	0	0	0	0	0	0	0	0	0
00.000,00.000	40.1	0	-200	0	4.5	4957.16	2230.57	1264.79	589.826	323.2	246.33	156.865	70.4722	40.019	18.6602	10.3391	6.07995	0	0	0	0	0	0	0	0	0
00.000,00.000	40.2	0	-200	0	4.5	4964.44	2234.73	1266.06	589.889	323.296	246.567	157.019	70.6678	40.4516	19.1435	10.4088	6.19657	0	0	0	0	0	0	0	0	0
00.000,00.000	40.3	0	-200	0	4.5	4969.98	2237.45	1267.47	589.932	323.367	246.735	157.143	70.8142	40.7828	19.532	10.466	6.28672	0	0	0	0	0	0	0	0	0
00.000,00.000	40.4	0	-200	0	4.5	4976.95	2240.68	1269.42	589.98	323.458	246.945	157.292	70.9898	41.2006	20.037	10.5435	6.40098	0	0	0	0	0	0	0	0	0
00.000,00.000	40.5	0	-200	0	4.5	4981.83	2242.59	1271.13	590.009	323.52	247.087	157.397	71.1149	41.492	20.4059	10.6013	6.48194	0	0	0	0	0	0	0	0	0
00.000,00.000	40.6	0	-200	0	4.5	4988.26	2245.07	1273.43	590.042	323.595	247.27	157.535	71.263	41.8785	20.9059	10.6834	6.59082	0	0	0	0	0	0	0	0	0
00.000,00.000	40.7	0	-200	0	4.5	4993.51	2246.96	1275.41	590.064	323.655	247.419	157.652	71.3826	42.1913	21.3436	10.755	6.68048	0	0	0	0	0	0	0	0	0
00.000,00.000	40.8	0	-200	0	4.5	4998.69	2248.71	1277.46	590.083	323.716	247.562	157.758	71.4979	42.4924	21.8048	10.8301	6.76925	0	0	0	0	0	0	0	0	0
00.000,00.000	40.9	0	-200	0	4.5	5003.83	2250.43	1279.5	590.101	323.777	247.709	157.87	71.6033	42.7829	22.2879	10.9101	6.85915	0	0	0	0	0	0	0	0	0
00.000,00.000	41	0	-200	0	4.5	5008.8	2252.06	1281.47	590.116	323.831	247.853	157.984	71.7053	43.0711	22.773	10.9943	6.94755	0	0	0	0	0	0	0	0	0
00.000,00.000	41.1	0	-200	0	4.5	5013.64	2253.58	1283.43	590.13	323.883	247.989	158.09	71.804	43.36	23.255	11.0812	7.03448	0	0	0	0	0	0	0	0	0
00.000,00.000	41.2	0	-200	0	4.5	5018.34	2254.92	1285.47	590.143	323.935	248.119	158.198	71.8985	43.633	23.7377	11.171	7.11948	0	0	0	0	0	0	0	0	0
00.000,00.000	41.3	0	-200	0	4.5	5022.91	2256.17	1287.49	590.155	323.987	248.247	158.301	71.9781	43.8929	24.2239	11.2641	7.20314	0	0	0	0	0	0	0	0	0
00.000,00.000	41.4	0	-200	0	4.5	5027.35	2257.31	1289.49	590.165	324.039	248.374	158.407	72.0636	44.1425	24.7093	11.3599	7.28535	0	0	0	0	0	0	0	0	0
00.000,00.000	41.5	0	-200	0	4.5	5031.65	2258.37	1291.47	590.174	324.09	248.498	158.502	72.1366	44.3783	25.1974	11.4596	7.36603	0	0	0	0	0	0	0	0	0
00.000,00.000	41.6	0	-200	0	4.5	5035.82	2259.35	1293.44	590.182	324.138	248.614	158.593	72.2136	44.6008	25.6834	11.5617	7.44557	0	0	0	0	0	0	0	0	0
00.000,00.000	41.7	0	-200	0	4.5	5039.84	2260.23	1295.36	590.188	324.185	248.729	158.684	72.2911	44.8126	26.1674	11.6672	7.52264	0	0	0	0	0	0	0	0	0
00.000,00.000	41.8	0	-200	0	4.5	5043.78	2261.04	1297.29	590.194	324.254	248.844	158.766	72.361	45.0132	26.6532	11.7761	7.59919	0	0	0	0	0	0	0	0	0
00.000,00.000	41.9	0	-200	0	4.5	5047.61	2261.77	1299.19	590.198	324.323	248.957	158.851	72.4383	45.2012	27.1324	11.8872	7.67406	0	0	0	0	0	0	0	0	0
00.000,00.000	42	0	-200	0	4.5	5051.34	2262.43	1301.05	590.202	324.391	249.069	158.932	72.5145	45.3841	27.6125	12.003	7.74725	0	0	0	0	0	0	0	0	0