
label	time(d)	x	depth	z	radius	total	0-10	10-20	20-30	30-40	40-50	50-60	60-70	70-80	80-90	90-100	100-110	110-120	120-130	130-140	140-150	150-160	160-170	170-180	180-190	190-200
05.500,00.000	0	5.5	-200	0	4.5	0	0	0	0	0	0	0	0	0	0	0	0	0	0	0	0	0	0	0	0	0
05.500,00.000	0.1	5.5	-200	0	4.5	0	0	0	0	0	0	0	0	0	0	0	0	0	0	0	0	0	0	0	0	0
05.500,00.000	0.2	5.5	-200	0	4.5	0	0	0	0	0	0	0	0	0	0	0	0	0	0	0	0	0	0	0	0	0
05.500,00.000	0.3	5.5	-200	0	4.5	0	0	0	0	0	0	0	0	0	0	0	0	0	0	0	0	0	0	0	0	0
05.500,00.000	0.4	5.5	-200	0	4.5	0	0	0	0	0	0	0	0	0	0	0	0	0	0	0	0	0	0	0	0	0
05.500,00.000	0.5	5.5	-200	0	4.5	0	0	0	0	0	0	0	0	0	0	0	0	0	0	0	0	0	0	0	0	0
05.500,00.000	0.6	5.5	-200	0	4.5	0	0	0	0	0	0	0	0	0	0	0	0	0	0	0	0	0	0	0	0	0
05.500,00.000	0.7	5.5	-200	0	4.5	0	0	0	0	0	0	0	0	0	0	0	0	0	0	0	0	0	0	0	0	0
05.500,00.000	0.8	5.5	-200	0	4.5	0	0	0	0	0	0	0	0	0	0	0	0	0	0	0	0	0	0	0	0	0
05.500,00.000	0.9	5.5	-200	0	4.5	0	0	0	0	0	0	0	0	0	0	0	0	0	0	0	0	0	0	0	0	0
05.500,00.000	1	5.5	-200	0	4.5	0	0	0	0	0	0	0	0	0	0	0	0	0	0	0	0	0	0	0	0	0
05.500,00.000	1.1	5.5	-200	0	4.5	0	0	0	0	0	0	0	0	0	0	0	0	0	0	0	0	0	0	0	0	0
05.500,00.000	1.2	5.5	-200	0	4.5	0	0	0	0	0	0	0	0	0	0	0	0	0	0	0	0	0	0	0	0	0
05.500,00.000	1.3	5.5	-200	0	4.5	0	0	0	0	0	0	0	0	0	0	0	0	0	0	0	0	0	0	0	0	0
05.500,00.000	1.4	5.5	-200	0	4.5	0	0	0	0	0	0	0	0	0	0	0	0	0	0	0	0	0	0	0	0	0
05.500,00.000	1.5	5.5	-200	0	4.5	0	0	0	0	0	0	0	0	0	0	0	0	0	0	0	0	0	0	0	0	0
05.500,00.000	1.6	5.5	-200	0	4.5	0	0	0	0	0	0	0	0	0	0	0	0	0	0	0	0	0	0	0	0	0
05.500,00.000	1.7	5.5	-200	0	4.5	0	0	0	0	0	0	0	0	0	0	0	0	0	0	0	0	0	0	0	0	0
05.500,00.000	1.8	5.5	-200	0	4.5	0	0	0	0	0	0	0	0	0	0	0	0	0	0	0	0	0	0	0	0	0
05.500,00.000	1.9	5.5	-200	0	4.5	0	0	0	0	0	0	0	0	0	0	0	0	0	0	0	0	0	0	0	0	0
05.500,00.000	2	5.5	-200	0	4.5	0	0	0	0	0	0	0	0	0	0	0	0	0	0	0	0	0	0	0	0	0
05.500,00.000	2.1	5.5	-200	0	4.5	0	0	0	0	0	0	0	0	0	0	0	0	0	0	0	0	0	0	0	0	0
05.500,00.000	2.2	5.5	-200	0	4.5	0	0	0	0	0	0	0	0	0	0	0	0	0	0	0	0	0	0	0	0	0
05.500,00.000	2.3	5.5	-200	0	4.5	0	0	0	0	0	0	0	0	0	0	0	0	0	0	0	0	0	0	0	0	0
05.500,00.000	2.4	5.5	-200	0	4.5	0	0	0	0	0	0	0	0	0	0	0	0	0	0	0	0	0	0	0	0	0
05.500,00.000	2.5	5.5	-200	0	4.5	0.0638238	0	0.0638238	0	0	0	0	0	0	0	0	0	0	0	0	0	0	0	0	0	0
05.500,00.000	2.6	5.5	-200	0	4.5	0.354602	0	0.354602	0	0	0	0	0	0	0	0	0	0	0	0	0	0	0	0	0	0
05.500,00.000	2.7	5.5	-200	0	4.5	0.62805	0	0.62805	0	0	0	0	0	0	0	0	0	0	0	0	0	0	0	0	0	0
05.500,00.000	2.8	5.5	-200	0	4.5	0.895726	0	0.895726	0	0	0	0	0	0	0	0	0	0	0	0	0	0	0	0	0	0
05.500,00.000	2.9	5.5	-200	0	4.5	1.16318	0	1.16318	0	0	0	0	0	0	0	0	0	0	0	0	0	0	0	0	0	0
05.500,00.000	3	5.5	-200	0	4.5	1.43071	3.77476e-15	1.43071	0	0	0	0	0	0	0	0	0	0	0	0	0	0	0	0	0	0
05.500,00.000	3.1	5.5	-200	0	4.5	1.97282	0.275604	1.69722	0	0	0	0	0	0	0	0	0	0	0	0	0	0	0	0	0	0
05.500,00.000	3.2	5.5	-200	0	4.5	2.51403	0.551219	1.96281	0	0	0	0	0	0	0	0	0	0	0	0	0	0	0	0	0	0
05.500,00.000	3.3	5.5	-200	0	4.5	3.05613	0.827826	2.2283	0	0	0	0	0	0	0	0	0	0	0	0	0	0	0	0	0	0
05.500,00.000	3.4	5.5	-200	0	4.5	3.60003	1.10639	2.49363	0	0	0	0	0	0	0	0	0	0	0	0	0	0	0	0	0	0
05.500,00.000	3.5	5.5	-200	0	4.5	4.32231	1.56438	2.75794	0	0	0	0	0	0	0	0	0	0	0	0	0	0	0	0	0	0
05.500,00.000	3.6	5.5	-200	0	4.5	5.07933	2.05815	3.02117	0	0	0	0	0	0	0	0	0	0	0	0	0	0	0	0	0	0
05.500,00.000	3.7	5.5	-200	0	4.5	5.88495	2.60078	3.28417	0	0	0	0	0	0	0	0	0	0	0	0	0	0	0	0	0	0
05.500,00.000	3.8	5.5	-200	0	4.5	6.68904	3.14213	3.54691	0	0	0	0	0	0	0	0	0	0	0	0	0	0	0	0	0	0
05.500,00.000	3.9	5.5	-200	0	4.5	7.4949	3.68579	3.8091	0	0	0	0	0	0	0	0	0	0	0	0	0	0	0	0	0	0
05.500,00.000	4	5.5	-200	0	4.5	8.30254	4.2318	4.07074	0	0	0	0	0	0	0	0	0	0	0	0	0	0	0	0	0	0
05.500,00.000	4.1	5.5	-200	0	4.5	9.11008	4.77805	4.33203	0	0	0	0	0	0	0	0	0	0	0	0	0	0	0	0	0	0
05.500,00.000	4.2	5.5	-200	0	4.5	9.91791	5.32499	4.59293	0	0	0	0	0	0	0	0	0	0	0	0	0	0	0	0	0	0
05.500,00.000	4.3	5.5	-200	0	4.5	10.7257	5.87269	4.85298	0	0	0	0	0	0	0	0	0	0	0	0	0	0	0	0	0	0
05.500,00.000	4.4	5.5	-200	0	4.5	11.5286	6.41636	5.11229	0	0	0	0	0	0	0	0	0	0	0	0	0	0	0	0	0	0
05.500,00.000	4.5	5.5	-200	0	4.5	12.0428	6.67164	5.37118	0	0	0	0	0	0	0	0	0	0	0	0	0	0	0	0	0	0
05.500,00.000	4.6	5.5	-200	0	4.5	12.5771	6.94769	5.62946	0	0	0	0	0	0	0	0	0	0	0	0	0	0	0	0	0	0
05.500,00.000	4.7	5.5	-200	0	4.5	13.1116	7.22458	5.88702	0	0	0	0	0	0	0	0	0	0	0	0	0	0	0	0	0	0
05.500,00.000	4.8	5.5	-200	0	4.5	13.645	7.30207	6.34296	0	0	0	0	0	0	0	0	0	0	0	0	0	0	0	0	0	0
05.500,00.000	4.9	5.5	-200	0	4.5	14.1783	7.30243	6.87585	0	0	0	0	0	0	0	0	0	0	0	0	0	0	0	0	0	0
05.500,00.000	5	5.5	-200	0	4.5	14.7107	7.30243	7.40825	0	0	0	0	0	0	0	0	0	0	0	0	0	0	0	0	0	0
05.500,00.000	5.1	5.5	-200	0	4.5	15.2424	7.30243	7.94	0	0	0	0	0	0	0	0	0	0	0	0	0	0	0	0	0	0
05.500,00.000	5.2	5.5	-200	0	4.5	15.7737	7.30243	8.47125	0	0	0	0	0	0	0	0	0	0	0	0	0	0	0	0	0	0
05.500,00.000	5.3	5.5	-200	0	4.5	16.304	7.30243	9.00155	0	0	0	0	0	0	0	0	0	0	0	0	0	0	0	0	0	0
05.500,00.000	5.4	5.5	-200	0	4.5	16.8329	7.30243	9.5305	0	0	0	0	0	0	0	0	0	0	0	0	0	0	0	0	0	0
05.500,00.000	5.5	5.5	-200	0	4.5	17.36	7.30243	10.0575	0	0	0	0	0	0	0	0	0	0	0	0	0	0	0	0	0	0
05.500,00.000	5.6	5.5	-200	0	4.5	17.8872	7.30243	10.5848	0	0	0	0	0	0	0	0	0	0	0	0	0	0	0	0	0	0
05.500,00.000	5.7	5.5	-200	0	4.5	18.4127	7.30243	11.1103	0	0	0	0	0	0	0	0	0	0	0	0	0	0	0	0	0	0
05.500,00.000	5.8	5.5	-200	0	4.5	18.9377	7.30243	11.5223	0.112993	0	0	0	0	0	0	0	0	0	0	0	0	0	0	0	0	0
05.500,00.000	5.9	5.5	-200	0	4.5	19.462	7.30243	11.7958	0.363795	0	0	0	0	0	0	0	0	0	0	0	0	0	0	0	0	0
05.500,00.000	6	5.5	-200	0	4.5	19.9856	7.30243	12.0694	0.613796	0	0	0	0	0	0	0	0	0	0	0	0	0	0	0	0	0
05.500,00.000	6.1	5.5	-200	0	4.5	20.5081	7.30243	12.3424	0.863234	0	0	0	0	0	0	0	0	0	0	0	0	0	0	0	0	0
05.500,00.000	6.2	5.5	-200	0	4.5	21.0294	7.30243	12.6145	1.11246	0	0	0	0	0	0	0	0	0	0	0	0	0	0	0	0	0
05.500,00.000	6.3	5.5	-200	0	4.5	21.5498	7.30243	12.8865	1.36089	0	0	0	0	0	0	0	0	0	0	0	0	0	0	0	0	0
05.500,00.000	6.4	5.5	-200	0	4.5	22.0697	7.30243	13.1589	1.60844	0	0	0	0	0	0	0	0	0	0	0	0	0	0	0	0	0
05.500,00.000	6.5	5.5	-200	0	4.5	22.5871	7.30243	13.4298	1.85489	0	0	0	0	0	0	0	0	0	0	0	0	0	0	0	0	0
05.500,00.000	6.6	5.5	-200	0	4.5	23.104	7.30243	13.7002	2.10136	0	0	0	0	0	0	0	0	0	0	0	0	0	0	0	0	0
05.500,00.000	6.7	5.5	-200	0	4.5	23.6197	7.30243	13.9702	2.34707	0	0	0	0	0	0	0	0	0	0	0	0	0	0	0	0	0
05.500,00.000	6.8	5.5	-200	0	4.5	24.1341	7.30243	14.2398	2.59183	0	0	0	0	0	0	0	0	0	0	0	0	0	0	0	0	0
05.500,00.000	6.9	5.5	-200	0	4.5	24.6483	7.30243	14.5094	2.83646	0	0	0	0	0	0	0	0	0	0	0	0	0	0	0	0	0
05.500,00.000	7	5.5	-200	0	4.5	25.1625	7.30276	14.779	3.08078	0	0	0	0	0	0	0	0	0	0	0	0	0	0	0	0	0
05.500,00.000	7.1	5.5	-200	0	4.5	25.6775	7.3048	15.0483	3.32437	0	0	0	0	0	0	0	0	0	0	0	0	0	0	0	0	0
05.500,00.000	7.2	5.5	-200	0	4.5	26.1948	7.30924	15.3185	3.56711	0	0	0	0	0	0	0	0	0	0	0	0	0	0	0	0	0
05.500,00.000	7.3	5.5	-200	0	4.5	26.7159	7.31677	15.5898	3.80927	0	0	0	0	0	0	0	0	0	0	0	0	0	0	0	0	0
05.500,00.000	7.4	5.5	-200	0	4.5	27.2418	7.3281	15.8627	4.05105	0	0	0	0	0	0	0	0	0	0	0	0	0	0	0	0	0
05.500,00.000	7.5	5.5	-200	0	4.5	27.7728	7.34279	16.1383	4.29177	0	0	0	0	0	0	0	0	0	0	0	0	0	0	0	0	0
05.500,00.000	7.6	5.5	-200	0	4.5	28.3108	7.36203	16.4168	4.53195	0	0	0	0	0	0	0	0	0	0	0	0	0	0	0	0	0
05.500,00.000	7.7	5.5	-200	0	4.5	28.8564	7.38609	16.6987	4.77157	0	0	0	0	0	0	0	0	0	0	0	0	0	0	0	0	0
05.500,00.000	7.8	5.5	-200	0	4.5	29.4109	7.41571	16.9844	5.01075	0	0	0	0	0	0	0	0	0	0	0	0	0	0	0	0	0
05.500,00.000	7.9	5.5	-200	0	4.5	29.9756	7.45217	17.2738	5.24962	0	0	0	0	0	0	0	0	0	0	0	0	0	0	0	0	0
05.500,00.000	8	5.5	-200	0	4.5	30.5562	7.50051	17.5678	5.48788	0	0	0	0	0	0	0	0	0	0	0	0	0	0	0	0	0
05.500,00.000	8.1	5.5	-200	0	4.5	31.1557	7.56451	17.8655	5.7256	0	0	0	0	0	0	0	0	0	0	0	0	0	0	0	0	0
05.500,00.000	8.2	5.5	-200	0	4.5	31.7693	7.63906	18.1675	5.9628	0	0	0	0	0	0	0	0	0	0	0	0	0	0	0	0	0
05.500,00.000	8.3	5.5	-200	0	4.5	32.3969	7.72454	18.473	6.19941	0	0	0	0	0	0	0	0	0	0	0	0	0	0	0	0	0
05.500,00.000	8.4	5.5	-200	0	4.5	33.0386	7.82055	18.7827	6.43534	0	0	0	0	0	0	0	0	0	0	0	0	0	0	0	0	0
05.500,00.000	8.5	5.5	-200	0	4.5	33.6936	7.92729	19.0956	6.67073	0	0	0	0	0	0	0	0	0	0	0	0	0	0	0	0	0
05.500,00.000	8.6	5.5	-200	0	4.5	34.3672	8.04926	19.4125	6.90543	0	0	0	0	0	0	0	0	0	0	0	0	0	0	0	0	0
05.500,00.000	8.7	5.5	-200	0	4.5	35.0543	8.18161	19.7331	7.13954	0	0	0	0	0	0	0	0	0	0	0	0	0	0	0	0	0
05.500,00.000	8.8	5.5	-200	0	4.5	35.7586	8.32693	20.0585	7.37317	0	0	0	0	0	0	0	0	0	0	0	0	0	0	0	0	0
05.500,00.000	8.9	5.5	-200	0	4.5	36.4827	8.48729	20.2274	7.76803	0	0	0	0	0	0	0	0	0	0	0	0	0	0	0	0	0
05.500,00.000	9	5.5	-200	0	4.5	37.2228	8.65714	20.3051	8.26053	0	0	0	0	0	0	0	0	0	0	0	0	0	0	0	0	0
05.500,00.000	9.1	5.5	-200	0	4.5	37.9771	8.83572	20.3899	8.75151	0	0	0	0	0	0	0	0	0	0	0	0	0	0	0	0	0
05.500,00.000	9.2	5.5	-200	0	4.5	38.7482	9.02374	20.4831	9.24141	0	0	0	0	0	0	0	0	0	0	0	0	0	0	0	0	0
05.500,00.000	9.3	5.5	-200	0	4.5	39.5465	9.23166	20.5846	9.73024	0	0	0	0	0	0	0	0	0	0	0	0	0	0	0	0	0
05.500,00.000	9.4	5.5	-200	0	4.5	40.3662	9.45236	20.6961	10.2178	0	0	0	0	0	0	0	0	0	0	0	0	0	0	0	0	0
05.500,00.000	9.5	5.5	-200	0	4.5	41.1969	9.67641	20.817	10.7035	0	0	0	0	0	0	0	0	0	0	0	0	0	0	0	0	0
05.500,00.000	9.6	5.5	-200	0	4.5	42.0473	9.90809	20.951	11.1882	0	0	0	0	0	0	0	0	0	0	0	0	0	0	0	0	0
05.500,00.000	9.7	5.5	-200	0	4.5	42.917	10.1479	21.0972	11.6718	0	0	0	0	0	0	0	0	0	0	0	0	0	0	0	0	0
05.500,00.000	9.8	5.5	-200	0	4.5	43.8028	10.3924	21.2562	12.1541	0	0	0	0	0	0	0	0	0	0	0	0	0	0	0	0	0
05.500,00.000	9.9	5.5	-200	0	4.5	44.696	10.6324	21.4281	12.6354	0	0	0	0	0	0	0	0	0	0	0	0	0	0	0	0	0
05.500,00.000	10	5.5	-200	0	4.5	45.614	10.8847	21.6137	13.1156	0	0	0	0	0	0	0	0	0	0	0	0	0	0	0	0	0
05.500,00.000	10.1	5.5	-200	0	4.5	46.5546	11.1471	21.8128	13.4236	0.171125	0	0	0	0	0	0	0	0	0	0	0	0	0	0	0	0
05.500,00.000	10.2	5.5	-200	0	4.5	47.4709	11.4173	22.0269	13.6295	0.397296	0	0	0	0	0	0	0	0	0	0	0	0	0	0	0	0
05.500,00.000	10.3	5.5	-200	0	4.5	48.2049	11.6974	22.2553	13.6294	0.622828	0	0	0	0	0	0	0	0	0	0	0	0	0	0	0	0
05.500,00.000	10.4	5.5	-200	0	4.5	48.9863	11.9872	22.4962	13.6553	0.847622	0	0	0	0	0	0	0	0	0	0	0	0	0	0	0	0
05.500,00.000	10.5	5.5	-200	0	4.5	49.7322	12.2774	22.7278	13.6553	1.0717	0	0	0	0	0	0	0	0	0	0	0	0	0	0	0	0
05.500,00.000	10.6	5.5	-200	0	4.5	50.4944	12.5685	22.974	13.6566	1.29533	0	0	0	0	0	0	0	0	0	0	0	0	0	0	0	0
05.500,00.000	10.7	5.5	-200	0	4.5	51.3036	12.8922	23.2349	13.658	1.51841	0	0	0	0	0	0	0	0	0	0	0	0	0	0	0	0
05.500,00.000	10.8	5.5	-200	0	4.5	52.1464	13.2358	23.5096	13.6602	1.74082	0	0	0	0	0	0	0	0	0	0	0	0	0	0	0	0
05.500,00.000	10.9	5.5	-200	0	4.5	53.039	13.6114	23.8004	13.6644	1.96284	0	0	0	0	0	0	0	0	0	0	0	0	0	0	0	0
05.500,00.000	11	5.5	-200	0	4.5	53.9546	13.9974	24.1034	13.6694	2.18438	0	0	0	0	0	0	0	0	0	0	0	0	0	0	0	0
05.500,00.000	11.1	5.5	-200	0	4.5	54.9386	14.4194	24.4377	13.6761	2.40536	0	0	0	0	0	0	0	0	0	0	0	0	0	0	0	0
05.500,00.000	11.2	5.5	-200	0	4.5	55.9189	14.8161	24.7919	13.6852	2.62573	0	0	0	0	0	0	0	0	0	0	0	0	0	0	0	0
05.500,00.000	11.3	5.5	-200	0	4.5	56.9588	15.2558	25.1607	13.6967	2.84562	0	0	0	0	0	0	0	0	0	0	0	0	0	0	0	0
05.500,00.000	11.4	5.5	-200	0	4.5	58.0445	15.722	25.5469	13.7104	3.06522	0	0	0	0	0	0	0	0	0	0	0	0	0	0	0	0
05.500,00.000	11.5	5.5	-200	0	4.5	59.1578	16.2004	25.9466	13.7269	3.2839	0	0	0	0	0	0	0	0	0	0	0	0	0	0	0	0
05.500,00.000	11.6	5.5	-200	0	4.5	60.3231	16.7044	26.3714	13.7456	3.50178	0	0	0	0	0	0	0	0	0	0	0	0	0	0	0	0
05.500,00.000	11.7	5.5	-200	0	4.5	61.5137	17.2199	26.8081	13.7666	3.71903	0	0	0	0	0	0	0	0	0	0	0	0	0	0	0	0
05.500,00.000	11.8	5.5	-200	0	4.5	62.7383	17.7509	27.2612	13.7901	3.93599	0	0	0	0	0	0	0	0	0	0	0	0	0	0	0	0
05.500,00.000	11.9	5.5	-200	0	4.5	64.0056	18.3014	27.7351	13.8163	4.15275	0	0	0	0	0	0	0	0	0	0	0	0	0	0	0	0
05.500,00.000	12	5.5	-200	0	4.5	65.3158	18.8714	28.2305	13.8447	4.36923	0	0	0	0	0	0	0	0	0	0	0	0	0	0	0	0
05.500,00.000	12.1	5.5	-200	0	4.5	66.6744	19.46	28.7535	13.8755	4.5853	0	0	0	0	0	0	0	0	0	0	0	0	0	0	0	0
05.500,00.000	12.2	5.5	-200	0	4.5	68.0764	20.0647	29.3021	13.9089	4.80067	0	0	0	0	0	0	0	0	0	0	0	0	0	0	0	0
05.500,00.000	12.3	5.5	-200	0	4.5	69.5162	20.6822	29.8741	13.9446	5.01534	0	0	0	0	0	0	0	0	0	0	0	0	0	0	0	0
05.500,00.000	12.4	5.5	-200	0	4.5	70.9724	21.2873	30.4731	13.9826	5.22951	0	0	0	0	0	0	0	0	0	0	0	0	0	0	0	0
05.500,00.000	12.5	5.5	-200	0	4.5	72.455	21.8935	31.0942	14.0231	5.44414	0	0	0	0	0	0	0	0	0	0	0	0	0	0	0	0
05.500,00.000	12.6	5.5	-200	0	4.5	74.1671	22.5833	31.8249	14.073	5.68599	0	0	0	0	0	0	0	0	0	0	0	0	0	0	0	0
05.500,00.000	12.7	5.5	-200	0	4.5	75.6823	23.2043	32.4549	14.1208	5.90225	0	0	0	0	0	0	0	0	0	0	0	0	0	0	0	0
05.500,00.000	12.8	5.5	-200	0	4.5	76.9862	23.7463	32.9845	14.1653	6.09001	0	0	0	0	0	0	0	0	0	0	0	0	0	0	0	0
05.500,00.000	12.9	5.5	-200	0	4.5	78.5725	24.4013	33.6405	14.2214	6.30938	0	0	0	0	0	0	0	0	0	0	0	0	0	0	0	0
05.500,00.000	13	5.5	-200	0	4.5	80.2055	25.0849	34.3146	14.2802	6.52583	0	0	0	0	0	0	0	0	0	0	0	0	0	0	0	0
05.500,00.000	13.1	5.5	-200	0	4.5	81.807	25.7646	34.9634	14.3423	6.7366	0	0	0	0	0	0	0	0	0	0	0	0	0	0	0	0
05.500,00.000	13.2	5.5	-200	0	4.5	83.4396	26.4531	35.6326	14.4078	6.94618	0	0	0	0	0	0	0	0	0	0	0	0	0	0	0	0
05.500,00.000	13.3	5.5	-200	0	4.5	85.1132	27.1566	36.3237	14.4775	7.15541	0	0	0	0	0	0	0	0	0	0	0	0	0	0	0	0
05.500,00.000	13.4	5.5	-200	0	4.5	86.8314	27.8732	37.0411	14.5527	7.36437	0	0	0	0	0	0	0	0	0	0	0	0	0	0	0	0
05.500,00.000	13.5	5.5	-200	0	4.5	88.6672	28.6299	37.8161	14.6371	7.58408	0	0	0	0	0	0	0	0	0	0	0	0	0	0	0	0
05.500,00.000	13.6	5.5	-200	0	4.5	90.8559	29.5385	38.7418	14.7424	7.83332	0	0	0	0	0	0	0	0	0	0	0	0	0	0	0	0
05.500,00.000	13.7	5.5	-200	0	4.5	92.7222	30.3159	39.5286	14.8358	8.04196	0	0	0	0	0	0	0	0	0	0	0	0	0	0	0	0
05.500,00.000	13.8	5.5	-200	0	4.5	94.2798	30.959	40.1905	14.9179	8.21242	0	0	0	0	0	0	0	0	0	0	0	0	0	0	0	0
05.500,00.000	13.9	5.5	-200	0	4.5	96.1756	31.742	40.9976	15.0226	8.41336	0	0	0	0	0	0	0	0	0	0	0	0	0	0	0	0
05.500,00.000	14	5.5	-200	0	4.5	98.3143	32.627	41.9063	15.1464	8.63464	0	0	0	0	0	0	0	0	0	0	0	0	0	0	0	0
05.500,00.000	14.1	5.5	-200	0	4.5	100.393	33.482	42.7948	15.2725	8.84358	0	0	0	0	0	0	0	0	0	0	0	0	0	0	0	0
05.500,00.000	14.2	5.5	-200	0	4.5	102.493	34.3494	43.6902	15.405	9.04838	0	0	0	0	0	0	0	0	0	0	0	0	0	0	0	0
05.500,00.000	14.3	5.5	-200	0	4.5	104.64	35.2325	44.6081	15.5464	9.25283	0	0	0	0	0	0	0	0	0	0	0	0	0	0	0	0
05.500,00.000	14.4	5.5	-200	0	4.5	106.854	36.1221	45.5789	15.6969	9.45645	0	0	0	0	0	0	0	0	0	0	0	0	0	0	0	0
05.500,00.000	14.5	5.5	-200	0	4.5	109.762	37.2671	46.8658	15.9063	9.72257	0	0	0	0	0	0	0	0	0	0	0	0	0	0	0	0
05.500,00.000	14.6	5.5	-200	0	4.5	112.548	38.3585	48.1011	16.1164	9.97203	0	0	0	0	0	0	0	0	0	0	0	0	0	0	0	0
05.500,00.000	14.7	5.5	-200	0	4.5	114.981	39.2904	49.1933	16.3092	10.1878	0	0	0	0	0	0	0	0	0	0	0	0	0	0	0	0
05.500,00.000	14.8	5.5	-200	0	4.5	117.327	40.1703	50.2581	16.5052	10.2783	0.115191	0	0	0	0	0	0	0	0	0	0	0	0	0	0	0
05.500,00.000	14.9	5.5	-200	0	4.5	118.864	40.7333	50.9684	16.6374	10.2731	0.251808	0	0	0	0	0	0	0	0	0	0	0	0	0	0	0
05.500,00.000	15	5.5	-200	0	4.5	121.669	41.7275	52.2887	16.8905	10.2791	0.483446	0	0	0	0	0	0	0	0	0	0	0	0	0	0	0
05.500,00.000	15.1	5.5	-200	0	4.5	124.282	42.6217	53.5493	17.1318	10.2776	0.701671	0	0	0	0	0	0	0	0	0	0	0	0	0	0	0
05.500,00.000	15.2	5.5	-200	0	4.5	126.717	43.4321	54.7403	17.3658	10.2781	0.900368	0	0	0	0	0	0	0	0	0	0	0	0	0	0	0
05.500,00.000	15.3	5.5	-200	0	4.5	129.171	44.1963	55.9867	17.6103	10.2781	1.09971	0	0	0	0	0	0	0	0	0	0	0	0	0	0	0
05.500,00.000	15.4	5.5	-200	0	4.5	131.642	44.9418	57.2584	17.8652	10.2781	1.29879	0	0	0	0	0	0	0	0	0	0	0	0	0	0	0
05.500,00.000	15.5	5.5	-200	0	4.5	136.553	46.3816	59.8232	18.3944	10.2783	1.67571	0	0	0	0	0	0	0	0	0	0	0	0	0	0	0
05.500,00.000	15.6	5.5	-200	0	4.5	137.511	46.6591	60.3167	18.5021	10.2785	1.75467	0	0	0	0	0	0	0	0	0	0	0	0	0	0	0
05.500,00.000	15.7	5.5	-200	0	4.5	139.872	47.2956	61.5727	18.7755	10.2819	1.94574	0	0	0	0	0	0	0	0	0	0	0	0	0	0	0
05.500,00.000	15.8	5.5	-200	0	4.5	140.427	47.4482	61.865	18.841	10.2827	1.99057	0	0	0	0	0	0	0	0	0	0	0	0	0	0	0
05.500,00.000	15.9	5.5	-200	0	4.5	141.316	47.6731	62.3472	18.9496	10.2846	2.06131	0	0	0	0	0	0	0	0	0	0	0	0	0	0	0
05.500,00.000	16	5.5	-200	0	4.5	144.794	48.5127	64.2742	19.3803	10.2936	2.33276	0	0	0	0	0	0	0	0	0	0	0	0	0	0	0
05.500,00.000	16.1	5.5	-200	0	4.5	147.706	49.1857	65.9164	19.745	10.3026	2.55638	0	0	0	0	0	0	0	0	0	0	0	0	0	0	0
05.500,00.000	16.2	5.5	-200	0	4.5	150.264	49.7502	67.3756	20.0736	10.3133	2.75139	0	0	0	0	0	0	0	0	0	0	0	0	0	0	0
05.500,00.000	16.3	5.5	-200	0	4.5	152.853	50.3152	68.854	20.4116	10.3257	2.94607	0	0	0	0	0	0	0	0	0	0	0	0	0	0	0
05.500,00.000	16.4	5.5	-200	0	4.5	155.436	50.8526	70.3439	20.759	10.3402	3.14041	0	0	0	0	0	0	0	0	0	0	0	0	0	0	0
05.500,00.000	16.5	5.5	-200	0	4.5	162.67	52.2751	74.5567	21.7619	10.3917	3.6844	0	0	0	0	0	0	0	0	0	0	0	0	0	0	0
05.500,00.000	16.6	5.5	-200	0	4.5	164.133	52.5676	75.4049	21.9652	10.4026	3.79278	0	0	0	0	0	0	0	0	0	0	0	0	0	0	0
05.500,00.000	16.7	5.5	-200	0	4.5	174.523	54.4081	81.5655	23.5158	10.5049	4.52852	0	0	0	0	0	0	0	0	0	0	0	0	0	0	0
05.500,00.000	16.8	5.5	-200	0	4.5	176.999	54.8552	83.0175	23.8833	10.5297	4.71332	0	0	0	0	0	0	0	0	0	0	0	0	0	0	0
05.500,00.000	16.9	5.5	-200	0	4.5	183.65	55.9171	86.9813	24.9345	10.6131	5.20413	0	0	0	0	0	0	0	0	0	0	0	0	0	0	0
05.500,00.000	17	5.5	-200	0	4.5	187.593	56.536	89.3243	25.566	10.6667	5.4999	0	0	0	0	0	0	0	0	0	0	0	0	0	0	0
05.500,00.000	17.1	5.5	-200	0	4.5	190.178	56.8925	90.9073	25.9838	10.7055	5.68912	0	0	0	0	0	0	0	0	0	0	0	0	0	0	0
05.500,00.000	17.2	5.5	-200	0	4.5	192.729	57.2172	92.4765	26.4103	10.7477	5.87753	0	0	0	0	0	0	0	0	0	0	0	0	0	0	0
05.500,00.000	17.3	5.5	-200	0	4.5	195.25	57.5206	94.0268	26.845	10.7936	6.06421	0	0	0	0	0	0	0	0	0	0	0	0	0	0	0
05.500,00.000	17.4	5.5	-200	0	4.5	197.76	57.8057	95.5699	27.2909	10.843	6.25074	0	0	0	0	0	0	0	0	0	0	0	0	0	0	0
05.500,00.000	17.5	5.5	-200	0	4.5	206.001	58.6929	100.633	28.8235	11.0212	6.83072	0	0	0	0	0	0	0	0	0	0	0	0	0	0	0
05.500,00.000	17.6	5.5	-200	0	4.5	207.618	58.8742	101.596	29.1339	11.0583	6.9552	0	0	0	0	0	0	0	0	0	0	0	0	0	0	0
05.500,00.000	17.7	5.5	-200	0	4.5	216.307	59.728	106.834	30.8814	11.2823	7.58158	0	0	0	0	0	0	0	0	0	0	0	0	0	0	0
05.500,00.000	17.8	5.5	-200	0	4.5	218.121	59.9235	107.927	31.2	11.3351	7.7359	0	0	0	0	0	0	0	0	0	0	0	0	0	0	0
05.500,00.000	17.9	5.5	-200	0	4.5	223.774	60.3936	111.347	32.3227	11.5138	8.19615	0	0	0	0	0	0	0	0	0	0	0	0	0	0	0
05.500,00.000	18	5.5	-200	0	4.5	227.553	60.6927	113.653	33.0546	11.6407	8.51199	0	0	0	0	0	0	0	0	0	0	0	0	0	0	0
05.500,00.000	18.1	5.5	-200	0	4.5	230.07	60.8702	115.171	33.5674	11.7344	8.72617	0	0	0	0	0	0	0	0	0	0	0	0	0	0	0
05.500,00.000	18.2	5.5	-200	0	4.5	232.557	61.026	116.67	34.0869	11.8335	8.94066	0	0	0	0	0	0	0	0	0	0	0	0	0	0	0
05.500,00.000	18.3	5.5	-200	0	4.5	234.509	61.1354	117.836	34.509	11.917	9.11164	0	0	0	0	0	0	0	0	0	0	0	0	0	0	0
05.500,00.000	18.4	5.5	-200	0	4.5	236.478	61.2322	119.007	34.9466	12.0066	9.28543	0	0	0	0	0	0	0	0	0	0	0	0	0	0	0
05.500,00.000	18.5	5.5	-200	0	4.5	247.07	61.7494	125.292	37.3617	12.52	9.77358	0.373494	0	0	0	0	0	0	0	0	0	0	0	0	0	0
05.500,00.000	18.6	5.5	-200	0	4.5	249.155	61.9055	126.473	37.8193	12.6248	9.77358	0.558889	0	0	0	0	0	0	0	0	0	0	0	0	0	0
05.500,00.000	18.7	5.5	-200	0	4.5	273.61	62.9433	140.182	43.4762	14.6183	9.77586	2.61372	0	0	0	0	0	0	0	0	0	0	0	0	0	0
05.500,00.000	18.8	5.5	-200	0	4.5	280.044	63.2648	143.39	44.7768	15.6915	9.77936	3.14072	0	0	0	0	0	0	0	0	0	0	0	0	0	0
05.500,00.000	18.9	5.5	-200	0	4.5	289.649	63.5777	148.321	46.7564	17.3062	9.79784	3.88966	0	0	0	0	0	0	0	0	0	0	0	0	0	0
05.500,00.000	19	5.5	-200	0	4.5	295.384	63.7482	151.416	47.8661	18.0097	10.0159	4.32811	0	0	0	0	0	0	0	0	0	0	0	0	0	0
05.500,00.000	19.1	5.5	-200	0	4.5	297.688	63.8021	152.669	48.3104	18.17	10.2324	4.5036	0	0	0	0	0	0	0	0	0	0	0	0	0	0
05.500,00.000	19.2	5.5	-200	0	4.5	299.979	63.8466	153.931	48.7501	18.3021	10.4747	4.67448	0	0	0	0	0	0	0	0	0	0	0	0	0	0
05.500,00.000	19.3	5.5	-200	0	4.5	302.319	63.8864	155.209	49.2059	18.4432	10.7252	4.84992	0	0	0	0	0	0	0	0	0	0	0	0	0	0
05.500,00.000	19.4	5.5	-200	0	4.5	304.644	63.9215	156.468	49.665	18.5891	10.9763	5.02466	0	0	0	0	0	0	0	0	0	0	0	0	0	0
05.500,00.000	19.5	5.5	-200	0	4.5	307.07	63.9522	157.77	50.1501	18.7475	11.2424	5.20804	0	0	0	0	0	0	0	0	0	0	0	0	0	0
05.500,00.000	19.6	5.5	-200	0	4.5	309.302	63.9758	158.955	50.6024	18.8993	11.4912	5.37842	0	0	0	0	0	0	0	0	0	0	0	0	0	0
05.500,00.000	19.7	5.5	-200	0	4.5	311.514	63.9959	160.119	51.055	19.0556	11.7408	5.54775	0	0	0	0	0	0	0	0	0	0	0	0	0	0
05.500,00.000	19.8	5.5	-200	0	4.5	313.778	64.0134	161.296	51.5239	19.222	12.0002	5.72248	0	0	0	0	0	0	0	0	0	0	0	0	0	0
05.500,00.000	19.9	5.5	-200	0	4.5	325.369	64.0903	167.146	54.0636	20.107	13.3393	6.62295	0	0	0	0	0	0	0	0	0	0	0	0	0	0
05.500,00.000	20	5.5	-200	0	4.5	327.719	64.1107	168.223	54.6475	20.316	13.6144	6.80757	0	0	0	0	0	0	0	0	0	0	0	0	0	0
05.500,00.000	20.1	5.5	-200	0	4.5	335.129	64.3433	171.652	56.4071	20.9917	14.4744	7.26009	0	0	0	0	0	0	0	0	0	0	0	0	0	0
05.500,00.000	20.2	5.5	-200	0	4.5	338.998	64.6256	173.456	57.3471	21.3663	14.9426	7.26009	0	0	0	0	0	0	0	0	0	0	0	0	0	0
05.500,00.000	20.3	5.5	-200	0	4.5	341.19	64.7894	174.464	57.8896	21.5814	15.2051	7.26009	0	0	0	0	0	0	0	0	0	0	0	0	0	0
05.500,00.000	20.4	5.5	-200	0	4.5	343.437	64.9597	175.467	58.4691	21.8062	15.4748	7.26009	0	0	0	0	0	0	0	0	0	0	0	0	0	0
05.500,00.000	20.5	5.5	-200	0	4.5	345.712	65.1751	176.434	59.0577	22.0374	15.7479	7.26009	0	0	0	0	0	0	0	0	0	0	0	0	0	0
05.500,00.000	20.6	5.5	-200	0	4.5	348.023	65.4281	177.386	59.6521	22.2736	16.0235	7.26009	0	0	0	0	0	0	0	0	0	0	0	0	0	0
05.500,00.000	20.7	5.5	-200	0	4.5	350.279	65.6761	178.292	60.2368	22.5146	16.2995	7.26009	0	0	0	0	0	0	0	0	0	0	0	0	0	0
05.500,00.000	20.8	5.5	-200	0	4.5	352.585	65.9327	179.21	60.8317	22.767	16.584	7.26009	0	0	0	0	0	0	0	0	0	0	0	0	0	0
05.500,00.000	20.9	5.5	-200	0	4.5	364.379	67.2608	183.822	63.952	24.0641	18.0202	7.26009	0	0	0	0	0	0	0	0	0	0	0	0	0	0
05.500,00.000	21	5.5	-200	0	4.5	366.843	67.5554	184.616	64.7648	24.3322	18.3141	7.26009	0	0	0	0	0	0	0	0	0	0	0	0	0	0
05.500,00.000	21.1	5.5	-200	0	4.5	374.481	68.5034	186.95	67.3416	25.19	19.2354	7.26009	0	0	0	0	0	0	0	0	0	0	0	0	0	0
05.500,00.000	21.2	5.5	-200	0	4.5	378.68	69.0272	188.244	68.7329	25.6713	19.7451	7.26009	0	0	0	0	0	0	0	0	0	0	0	0	0	0
05.500,00.000	21.3	5.5	-200	0	4.5	381.08	69.3288	188.961	69.5353	25.9547	20.0397	7.26009	0	0	0	0	0	0	0	0	0	0	0	0	0	0
05.500,00.000	21.4	5.5	-200	0	4.5	386.596	70.0213	190.62	71.3632	26.6144	20.7169	7.26009	0	0	0	0	0	0	0	0	0	0	0	0	0	0
05.500,00.000	21.5	5.5	-200	0	4.5	387.884	70.2124	191.003	71.7738	26.7648	20.8699	7.26012	0	0	0	0	0	0	0	0	0	0	0	0	0	0
05.500,00.000	21.6	5.5	-200	0	4.5	391.91	70.8075	192.143	73.0793	27.2572	21.3259	7.2971	0	0	0	0	0	0	0	0	0	0	0	0	0	0
05.500,00.000	21.7	5.5	-200	0	4.5	406.442	72.8527	196.081	77.8668	29.1854	22.0092	8.44725	0	0	0	0	0	0	0	0	0	0	0	0	0	0
05.500,00.000	21.8	5.5	-200	0	4.5	410.676	73.4581	197.273	79.21	29.7515	22.1812	8.80201	0	0	0	0	0	0	0	0	0	0	0	0	0	0
05.500,00.000	21.9	5.5	-200	0	4.5	410.79	73.4745	197.305	79.2463	29.766	22.1863	8.8117	0	0	0	0	0	0	0	0	0	0	0	0	0	0
05.500,00.000	22	5.5	-200	0	4.5	411.258	73.5436	197.438	79.3941	29.8228	22.208	8.85134	0	0	0	0	0	0	0	0	0	0	0	0	0	0
05.500,00.000	22.1	5.5	-200	0	4.5	418.188	74.5696	199.324	81.5723	30.742	22.5399	9.44016	0	0	0	0	0	0	0	0	0	0	0	0	0	0
05.500,00.000	22.2	5.5	-200	0	4.5	422.319	75.1673	200.497	82.8482	31.2788	22.7411	9.78638	0	0	0	0	0	0	0	0	0	0	0	0	0	0
05.500,00.000	22.3	5.5	-200	0	4.5	424.775	75.5197	201.17	83.5845	31.6121	22.8649	9.98945	0.0346963	0	0	0	0	0	0	0	0	0	0	0	0	0
05.500,00.000	22.4	5.5	-200	0	4.5	431.533	76.6256	202.879	85.4379	32.4902	23.1929	10.5089	0.398627	0	0	0	0	0	0	0	0	0	0	0	0	0
05.500,00.000	22.5	5.5	-200	0	4.5	433.192	76.9788	203.29	85.8575	32.6812	23.2691	10.6265	0.488745	0	0	0	0	0	0	0	0	0	0	0	0	0
05.500,00.000	22.6	5.5	-200	0	4.5	438.4	78.0673	204.536	87.1662	33.3274	23.5279	11.0023	0.772894	0	0	0	0	0	0	0	0	0	0	0	0	0
05.500,00.000	22.7	5.5	-200	0	4.5	457.393	82.132	208.959	91.9397	35.6133	24.5154	12.4052	1.82851	0	0	0	0	0	0	0	0	0	0	0	0	0
05.500,00.000	22.8	5.5	-200	0	4.5	475.639	86.6096	213.528	96.0924	37.6334	25.4229	13.6182	2.73401	0	0	0	0	0	0	0	0	0	0	0	0	0
05.500,00.000	22.9	5.5	-200	0	4.5	477.226	86.8317	214.078	96.4485	37.8286	25.504	13.7232	2.81187	0	0	0	0	0	0	0	0	0	0	0	0	0
05.500,00.000	23	5.5	-200	0	4.5	500.716	89.3508	223.156	100.399	41.7756	26.8076	15.2804	3.94623	0	0	0	0	0	0	0	0	0	0	0	0	0
05.500,00.000	23.1	5.5	-200	0	4.5	510.915	90.538	227.051	102.016	43.5451	27.3864	15.9487	4.43045	0	0	0	0	0	0	0	0	0	0	0	0	0
05.500,00.000	23.2	5.5	-200	0	4.5	514.435	90.9775	228.391	102.549	44.1498	27.5996	16.1764	4.59244	0	0	0	0	0	0	0	0	0	0	0	0	0
05.500,00.000	23.3	5.5	-200	0	4.5	518.149	91.4556	229.791	103.106	44.7861	27.8337	16.4153	4.76063	0	0	0	0	0	0	0	0	0	0	0	0	0
05.500,00.000	23.4	5.5	-200	0	4.5	524.701	92.3378	232.22	104.091	45.8999	28.265	16.8345	4.84018	0.212367	0	0	0	0	0	0	0	0	0	0	0	0
05.500,00.000	23.5	5.5	-200	0	4.5	526.239	92.5797	232.755	104.321	46.1597	28.369	16.9331	4.84018	0.28055	0	0	0	0	0	0	0	0	0	0	0	0
05.500,00.000	23.6	5.5	-200	0	4.5	540.81	94.6092	237.865	106.546	48.705	29.42	17.6061	5.12391	0.934641	0	0	0	0	0	0	0	0	0	0	0	0
05.500,00.000	23.7	5.5	-200	0	4.5	544.317	95.1796	239.047	107.073	49.2983	29.6756	17.6056	5.34961	1.08758	0	0	0	0	0	0	0	0	0	0	0	0
05.500,00.000	23.8	5.5	-200	0	4.5	544.679	95.2284	239.178	107.127	49.3606	29.7035	17.6104	5.368	1.10316	0	0	0	0	0	0	0	0	0	0	0	0
05.500,00.000	23.9	5.5	-200	0	4.5	556.599	96.9232	243.406	108.864	51.4079	30.6504	17.7659	5.97369	1.60852	0	0	0	0	0	0	0	0	0	0	0	0
05.500,00.000	24	5.5	-200	0	4.5	559.74	97.3672	244.564	109.306	51.9306	30.8989	17.8016	6.13379	1.73795	0	0	0	0	0	0	0	0	0	0	0	0
05.500,00.000	24.1	5.5	-200	0	4.5	568.887	98.7857	247.828	110.594	53.4367	31.6469	17.9089	6.58466	2.10246	0	0	0	0	0	0	0	0	0	0	0	0
05.500,00.000	24.2	5.5	-200	0	4.5	574.907	99.6503	249.987	111.456	54.4669	32.1473	17.981	6.87851	2.34	0	0	0	0	0	0	0	0	0	0	0	0
05.500,00.000	24.3	5.5	-200	0	4.5	579.098	100.227	251.508	112.047	55.1873	32.5088	18.0334	7.08237	2.50466	0	0	0	0	0	0	0	0	0	0	0	0
05.500,00.000	24.4	5.5	-200	0	4.5	583.296	100.775	253.046	112.634	55.9121	32.8841	18.088	7.28682	2.66988	0	0	0	0	0	0	0	0	0	0	0	0
05.500,00.000	24.5	5.5	-200	0	4.5	587.685	101.447	254.584	113.262	56.6486	33.2712	18.1454	7.49114	2.83497	0	0	0	0	0	0	0	0	0	0	0	0
05.500,00.000	24.6	5.5	-200	0	4.5	592.12	102.119	256.005	113.985	57.4371	33.6704	18.2056	7.69675	3.00107	0	0	0	0	0	0	0	0	0	0	0	0
05.500,00.000	24.7	5.5	-200	0	4.5	596.552	102.809	257.17	114.931	58.2361	34.076	18.268	7.89835	3.16394	0	0	0	0	0	0	0	0	0	0	0	0
05.500,00.000	24.8	5.5	-200	0	4.5	601.081	103.523	258.336	115.885	59.0649	34.4975	18.343	8.10247	3.32883	0	0	0	0	0	0	0	0	0	0	0	0
05.500,00.000	24.9	5.5	-200	0	4.5	616.572	105.967	261.899	119.524	61.8925	35.9818	18.6104	8.80291	3.89489	0	0	0	0	0	0	0	0	0	0	0	0
05.500,00.000	25	5.5	-200	0	4.5	620.009	106.606	262.552	120.412	62.5089	36.2962	18.6741	8.94821	4.01239	0	0	0	0	0	0	0	0	0	0	0	0
05.500,00.000	25.1	5.5	-200	0	4.5	630.85	108.715	264.629	123.154	64.3797	37.3206	18.8713	9.40165	4.37888	0	0	0	0	0	0	0	0	0	0	0	0
05.500,00.000	25.2	5.5	-200	0	4.5	637.872	110.171	266.012	124.758	65.6095	37.9993	19.0088	9.69617	4.61697	0	0	0	0	0	0	0	0	0	0	0	0
05.500,00.000	25.3	5.5	-200	0	4.5	642.591	111.176	266.987	125.722	66.4497	38.4703	19.1072	9.89819	4.78023	0	0	0	0	0	0	0	0	0	0	0	0
05.500,00.000	25.4	5.5	-200	0	4.5	657.995	114.658	270.082	128.77	69.1618	39.9581	19.5061	10.5511	5.30797	0	0	0	0	0	0	0	0	0	0	0	0
05.500,00.000	25.5	5.5	-200	0	4.5	663.662	116.13	271.138	129.914	69.8662	40.6653	19.6838	10.7764	5.48887	0	0	0	0	0	0	0	0	0	0	0	0
05.500,00.000	25.6	5.5	-200	0	4.5	663.674	116.133	271.14	129.917	69.8676	40.6668	19.6841	10.7769	5.48923	0	0	0	0	0	0	0	0	0	0	0	0
05.500,00.000	25.7	5.5	-200	0	4.5	663.909	116.192	271.185	129.963	69.9002	40.6957	19.6906	10.7863	5.49666	0	0	0	0	0	0	0	0	0	0	0	0
05.500,00.000	25.8	5.5	-200	0	4.5	688.597	122.622	275.847	134.758	73.0739	43.8647	20.3988	11.7673	6.26557	0	0	0	0	0	0	0	0	0	0	0	0
05.500,00.000	25.9	5.5	-200	0	4.5	698.907	125.368	277.8	136.725	74.3329	45.1972	20.7187	12.1814	6.58417	0	0	0	0	0	0	0	0	0	0	0	0
05.500,00.000	26	5.5	-200	0	4.5	699.337	125.485	277.882	136.804	74.3845	45.2538	20.7319	12.1981	6.5971	0	0	0	0	0	0	0	0	0	0	0	0
05.500,00.000	26.1	5.5	-200	0	4.5	701.952	126.201	278.388	137.279	74.6933	45.5989	20.8171	12.2995	6.67525	0	0	0	0	0	0	0	0	0	0	0	0
05.500,00.000	26.2	5.5	-200	0	4.5	703.41	126.602	278.672	137.542	74.863	45.7885	20.8678	12.3567	6.71868	0	0	0	0	0	0	0	0	0	0	0	0
05.500,00.000	26.3	5.5	-200	0	4.5	703.904	126.737	278.769	137.63	74.92	45.8549	20.8846	12.3757	6.73325	0	0	0	0	0	0	0	0	0	0	0	0
05.500,00.000	26.4	5.5	-200	0	4.5	703.985	126.76	278.785	137.644	74.929	45.8652	20.8878	12.3789	6.73562	0	0	0	0	0	0	0	0	0	0	0	0
05.500,00.000	26.5	5.5	-200	0	4.5	704.328	126.854	278.853	137.703	74.9674	45.9122	20.9005	12.392	6.74568	0	0	0	0	0	0	0	0	0	0	0	0
05.500,00.000	26.6	5.5	-200	0	4.5	704.83	126.989	278.952	137.791	75.0235	45.982	20.9199	12.4118	6.76071	0	0	0	0	0	0	0	0	0	0	0	0
05.500,00.000	26.7	5.5	-200	0	4.5	721.609	131.653	282.298	140.673	76.8095	48.2496	21.588	13.0818	7.25593	0	0	0	0	0	0	0	0	0	0	0	0
05.500,00.000	26.8	5.5	-200	0	4.5	731.122	133.849	284.714	142.312	77.7634	49.489	21.9814	13.475	7.53779	0	0	0	0	0	0	0	0	0	0	0	0
05.500,00.000	26.9	5.5	-200	0	4.5	745.821	136.705	288.995	144.828	79.2176	51.4618	22.5723	13.961	8.08024	0	0	0	0	0	0	0	0	0	0	0	0
05.500,00.000	27	5.5	-200	0	4.5	749.064	137.347	289.958	145.399	79.5094	51.8771	22.6991	13.9442	8.32937	0	0	0	0	0	0	0	0	0	0	0	0
05.500,00.000	27.1	5.5	-200	0	4.5	759.259	139.294	293.036	147.122	80.4557	53.2473	23.122	14.0205	8.96093	0	0	0	0	0	0	0	0	0	0	0	0
05.500,00.000	27.2	5.5	-200	0	4.5	766.237	140.653	295.154	148.268	81.0948	54.1732	23.4188	14.0659	9.40937	0	0	0	0	0	0	0	0	0	0	0	0
05.500,00.000	27.3	5.5	-200	0	4.5	767.595	140.919	295.568	148.488	81.2155	54.3526	23.4784	14.0758	9.49719	0	0	0	0	0	0	0	0	0	0	0	0
05.500,00.000	27.4	5.5	-200	0	4.5	767.699	140.94	295.6	148.505	81.2243	54.3663	23.483	14.0767	9.50391	0	0	0	0	0	0	0	0	0	0	0	0
05.500,00.000	27.5	5.5	-200	0	4.5	804.079	147.519	307.639	153.62	84.7381	59.2237	25.1966	14.3361	11.3534	0.453573	0	0	0	0	0	0	0	0	0	0	0
05.500,00.000	27.6	5.5	-200	0	4.5	815.891	149.603	311.778	154.962	86.0066	60.7931	25.7499	14.4376	11.7695	0.790647	0	0	0	0	0	0	0	0	0	0	0
05.500,00.000	27.7	5.5	-200	0	4.5	816.394	149.691	311.95	155.018	86.0656	60.8612	25.775	14.4416	11.7866	0.804554	0	0	0	0	0	0	0	0	0	0	0
05.500,00.000	27.8	5.5	-200	0	4.5	831.51	152.188	317.053	156.69	87.7904	63.1585	26.5426	14.5708	12.2983	1.21908	0	0	0	0	0	0	0	0	0	0	0
05.500,00.000	27.9	5.5	-200	0	4.5	836.098	152.886	318.617	157.234	88.2948	63.8701	26.7753	14.6165	12.4567	1.34751	0	0	0	0	0	0	0	0	0	0	0
05.500,00.000	28	5.5	-200	0	4.5	836.617	152.969	318.793	157.294	88.3522	63.9504	26.803	14.6214	12.4739	1.36146	0	0	0	0	0	0	0	0	0	0	0
05.500,00.000	28.1	5.5	-200	0	4.5	837.181	153.057	318.984	157.358	88.4132	64.0373	26.8338	14.6271	12.4926	1.37647	0	0	0	0	0	0	0	0	0	0	0
05.500,00.000	28.2	5.5	-200	0	4.5	837.674	153.133	319.154	157.415	88.4633	64.1162	26.8616	14.6324	12.5089	1.38949	0	0	0	0	0	0	0	0	0	0	0
05.500,00.000	28.3	5.5	-200	0	4.5	838.106	153.199	319.303	157.465	88.5067	64.1851	26.8866	14.6373	12.5231	1.40073	0	0	0	0	0	0	0	0	0	0	0
05.500,00.000	28.4	5.5	-200	0	4.5	838.173	153.209	319.326	157.473	88.5126	64.1961	26.8904	14.6381	12.5253	1.40248	0	0	0	0	0	0	0	0	0	0	0
05.500,00.000	28.5	5.5	-200	0	4.5	875.586	159.407	332.414	161.956	91.4802	69.71	29.259	15.1726	13.7999	2.38689	0	0	0	0	0	0	0	0	0	0	0
05.500,00.000	28.6	5.5	-200	0	4.5	890.094	161.561	337.211	163.928	92.5499	71.9158	30.2938	15.436	14.372	2.82613	0	0	0	0	0	0	0	0	0	0	0
05.500,00.000	28.7	5.5	-200	0	4.5	925.411	168.445	347.072	168.708	95.1948	76.6162	33.5659	16.0887	15.8102	3.90976	0	0	0	0	0	0	0	0	0	0	0
05.500,00.000	28.8	5.5	-200	0	4.5	932.345	169.829	349.067	169.698	95.7036	77.2345	34.3696	16.2353	16.0893	4.11842	0	0	0	0	0	0	0	0	0	0	0
05.500,00.000	28.9	5.5	-200	0	4.5	932.567	169.88	349.129	169.728	95.7186	77.2548	34.3949	16.2397	16.0978	4.12454	0	0	0	0	0	0	0	0	0	0	0
05.500,00.000	29	5.5	-200	0	4.5	936.933	170.878	350.378	170.312	96.0075	77.621	34.896	16.3387	16.2605	4.24177	0	0	0	0	0	0	0	0	0	0	0
05.500,00.000	29.1	5.5	-200	0	4.5	950.082	173.841	354.151	172.036	96.9152	78.7474	36.4093	16.646	16.7479	4.58894	0	0	0	0	0	0	0	0	0	0	0
05.500,00.000	29.2	5.5	-200	0	4.5	957.409	175.567	356.208	172.983	97.4346	79.3438	37.2532	16.8245	17.0166	4.77795	0	0	0	0	0	0	0	0	0	0	0
05.500,00.000	29.3	5.5	-200	0	4.5	962.919	176.879	357.772	173.68	97.817	79.7952	37.8808	16.9627	17.2172	4.91549	0	0	0	0	0	0	0	0	0	0	0
05.500,00.000	29.4	5.5	-200	0	4.5	977.094	180.372	361.706	175.486	98.7961	80.8908	39.5052	17.3405	17.7337	5.26283	0	0	0	0	0	0	0	0	0	0	0
05.500,00.000	29.5	5.5	-200	0	4.5	985.344	182.492	363.933	176.531	99.3697	81.4757	40.4656	17.5749	17.8118	5.69071	0	0	0	0	0	0	0	0	0	0	0
05.500,00.000	29.6	5.5	-200	0	4.5	990.916	183.895	365.406	177.269	99.7559	81.8841	41.1187	17.7403	17.8332	6.01339	0	0	0	0	0	0	0	0	0	0	0
05.500,00.000	29.7	5.5	-200	0	4.5	1044.81	194.947	379.498	185.12	103.806	86.1925	48.0794	19.5954	18.025	9.54858	0	0	0	0	0	0	0	0	0	0	0
05.500,00.000	29.8	5.5	-200	0	4.5	1056.4	198.118	382.096	186.672	104.723	86.9783	49.4893	19.995	18.0589	10.2716	0	0	0	0	0	0	0	0	0	0	0
05.500,00.000	29.9	5.5	-200	0	4.5	1092.21	207.638	390.948	191.449	107.286	89.3677	53.7248	21.2389	18.1982	12.3626	0	0	0	0	0	0	0	0	0	0	0
05.500,00.000	30	5.5	-200	0	4.5	1103.32	210.243	394.099	192.899	108.126	89.9867	55.0324	21.6688	18.2461	13.0172	0	0	0	0	0	0	0	0	0	0	0
05.500,00.000	30.1	5.5	-200	0	4.5	1109.78	211.769	395.952	193.768	108.575	90.3909	55.758	21.9168	18.2819	13.3689	0	0	0	0	0	0	0	0	0	0	0
05.500,00.000	30.2	5.5	-200	0	4.5	1116.24	213.351	397.763	194.626	109.027	90.7862	56.4711	22.1769	18.3222	13.621	0.0936801	0	0	0	0	0	0	0	0	0	0
05.500,00.000	30.3	5.5	-200	0	4.5	1122.05	214.761	399.412	195.395	109.437	91.1397	57.1101	22.4152	18.3632	13.8072	0.211832	0	0	0	0	0	0	0	0	0	0
05.500,00.000	30.4	5.5	-200	0	4.5	1128	216.235	401.089	196.186	109.851	91.494	57.7523	22.6649	18.4094	13.9937	0.328658	0	0	0	0	0	0	0	0	0	0
05.500,00.000	30.5	5.5	-200	0	4.5	1134.09	217.731	402.806	197.003	110.274	91.8525	58.4061	22.926	18.4612	14.1822	0.445226	0	0	0	0	0	0	0	0	0	0
05.500,00.000	30.6	5.5	-200	0	4.5	1140.1	219.118	404.491	197.846	110.705	92.2155	59.0746	23.1979	18.519	14.3746	0.562691	0	0	0	0	0	0	0	0	0	0
05.500,00.000	30.7	5.5	-200	0	4.5	1145.87	220.534	406.069	198.627	111.111	92.5666	59.7031	23.4589	18.5785	14.5544	0.671136	0	0	0	0	0	0	0	0	0	0
05.500,00.000	30.8	5.5	-200	0	4.5	1152.02	221.975	407.758	199.49	111.552	92.9575	60.3728	23.7448	18.6467	14.7444	0.784204	0	0	0	0	0	0	0	0	0	0
05.500,00.000	30.9	5.5	-200	0	4.5	1184.32	229.655	416.327	204.06	113.871	94.9889	64.0024	25.2683	19.0389	15.7392	1.36798	0	0	0	0	0	0	0	0	0	0
05.500,00.000	31	5.5	-200	0	4.5	1190.82	231.281	417.999	204.93	114.362	95.3978	64.7185	25.5952	19.1209	15.937	1.48342	0	0	0	0	0	0	0	0	0	0
05.500,00.000	31.1	5.5	-200	0	4.5	1212.43	236.516	423.801	207.974	115.886	96.713	66.9015	26.7947	19.4237	16.5723	1.84551	0	0	0	0	0	0	0	0	0	0
05.500,00.000	31.2	5.5	-200	0	4.5	1223.92	239.42	426.717	209.62	116.664	97.448	67.8423	27.6641	19.5936	16.9107	2.03698	0	0	0	0	0	0	0	0	0	0
05.500,00.000	31.3	5.5	-200	0	4.5	1230.28	240.998	428.376	210.528	117.097	97.8429	68.3626	28.1406	19.6961	17.0957	2.13976	0	0	0	0	0	0	0	0	0	0
05.500,00.000	31.4	5.5	-200	0	4.5	1248.71	245.848	433.042	213.157	118.323	98.9698	69.8198	29.5011	20.009	17.6143	2.42326	0	0	0	0	0	0	0	0	0	0
05.500,00.000	31.5	5.5	-200	0	4.5	1255.86	247.724	434.814	214.166	118.825	99.4178	70.3872	30.0387	20.1362	17.6233	2.72891	0	0	0	0	0	0	0	0	0	0
05.500,00.000	31.6	5.5	-200	0	4.5	1256.02	247.762	434.855	214.189	118.837	99.4277	70.4001	30.0511	20.1394	17.6245	2.73477	0	0	0	0	0	0	0	0	0	0
05.500,00.000	31.7	5.5	-200	0	4.5	1265.58	250.258	437.26	215.541	119.488	100.01	71.1396	30.7771	20.3404	17.6662	3.09586	0	0	0	0	0	0	0	0	0	0
05.500,00.000	31.8	5.5	-200	0	4.5	1278.81	253.528	440.659	217.424	120.413	100.864	72.1691	31.7971	20.6346	17.6727	3.64684	0	0	0	0	0	0	0	0	0	0
05.500,00.000	31.9	5.5	-200	0	4.5	1306.42	260.556	446.614	222.23	122.356	102.634	74.3105	33.9582	21.2877	17.6731	4.80085	0	0	0	0	0	0	0	0	0	0
05.500,00.000	32	5.5	-200	0	4.5	1311.12	261.704	447.612	223.057	122.706	102.955	74.6785	34.3332	21.4045	17.6734	4.9993	0	0	0	0	0	0	0	0	0	0
05.500,00.000	32.1	5.5	-200	0	4.5	1334.2	267.489	452.737	227.101	124.323	104.395	76.4142	36.1431	21.9998	17.6774	5.9181	0	0	0	0	0	0	0	0	0	0
05.500,00.000	32.2	5.5	-200	0	4.5	1341.69	269.393	454.382	228.401	124.809	104.874	76.9874	36.7399	22.2007	17.6792	6.22131	0	0	0	0	0	0	0	0	0	0
05.500,00.000	32.3	5.5	-200	0	4.5	1342.29	269.546	454.518	228.506	124.852	104.911	77.0323	36.7878	22.2175	17.6796	6.24477	0	0	0	0	0	0	0	0	0	0
05.500,00.000	32.4	5.5	-200	0	4.5	1342.39	269.57	454.539	228.523	124.858	104.916	77.0395	36.7954	22.2203	17.6797	6.24851	0	0	0	0	0	0	0	0	0	0
05.500,00.000	32.5	5.5	-200	0	4.5	1342.47	269.59	454.557	228.536	124.864	104.921	77.0451	36.8017	22.2226	17.6797	6.25145	0	0	0	0	0	0	0	0	0	0
05.500,00.000	32.6	5.5	-200	0	4.5	1387.83	280.097	464.689	236.382	128.642	107.689	80.3399	40.5797	23.667	17.7397	8.00597	0	0	0	0	0	0	0	0	0	0
05.500,00.000	32.7	5.5	-200	0	4.5	1443.38	293.499	474.739	245.968	134.525	111.238	84.1783	45.4798	25.6202	17.8455	10.2899	0	0	0	0	0	0	0	0	0	0
05.500,00.000	32.8	5.5	-200	0	4.5	1452.07	295.661	476.329	247.409	135.459	111.817	84.7528	46.2553	25.8889	17.8673	10.6323	0	0	0	0	0	0	0	0	0	0
05.500,00.000	32.9	5.5	-200	0	4.5	1462.5	298.204	478.334	249.148	136.548	112.462	85.4763	47.1445	26.2532	17.9087	11.0224	0	0	0	0	0	0	0	0	0	0
05.500,00.000	33	5.5	-200	0	4.5	1464.68	298.75	478.738	249.502	136.785	112.603	85.6187	47.33	26.3314	17.9184	11.1043	0	0	0	0	0	0	0	0	0	0
05.500,00.000	33.1	5.5	-200	0	4.5	1499.88	307.484	485.701	255.197	140.321	114.777	87.9511	50.3199	27.625	18.1244	12.3779	0	0	0	0	0	0	0	0	0	0
05.500,00.000	33.2	5.5	-200	0	4.5	1515.9	311.782	488.891	257.319	141.982	115.833	88.9203	51.7221	28.2457	18.2325	12.9742	0	0	0	0	0	0	0	0	0	0
05.500,00.000	33.3	5.5	-200	0	4.5	1522.77	313.6	490.305	258.22	142.685	116.28	89.3403	52.317	28.5149	18.2888	13.2199	0	0	0	0	0	0	0	0	0	0
05.500,00.000	33.4	5.5	-200	0	4.5	1555.19	322.569	496.968	262.294	145.973	118.347	91.2474	55.0094	29.8493	18.59	14.3397	0	0	0	0	0	0	0	0	0	0
05.500,00.000	33.5	5.5	-200	0	4.5	1570.68	326.982	500.063	264.188	147.29	119.649	92.119	55.9519	30.8203	18.7464	14.7699	0.102581	0	0	0	0	0	0	0	0	0
05.500,00.000	33.6	5.5	-200	0	4.5	1587.15	331.263	503.218	266.31	148.695	121.175	93.0735	57.0473	31.9411	18.9536	14.9341	0.541388	0	0	0	0	0	0	0	0	0
05.500,00.000	33.7	5.5	-200	0	4.5	1606.64	336.387	507.209	268.769	150.308	122.997	94.132	58.2826	33.2124	19.208	15.112	1.02517	0	0	0	0	0	0	0	0	0
05.500,00.000	33.8	5.5	-200	0	4.5	1614.51	338.5	508.745	269.732	150.953	123.729	94.5656	58.8154	33.7382	19.3198	15.1834	1.22354	0	0	0	0	0	0	0	0	0
05.500,00.000	33.9	5.5	-200	0	4.5	1631.37	343.054	512.113	271.819	152.31	125.268	95.4831	59.9338	34.8556	19.5749	15.3262	1.63166	0	0	0	0	0	0	0	0	0
05.500,00.000	34	5.5	-200	0	4.5	1634.04	343.783	512.614	272.165	152.541	125.516	95.6189	60.1093	35.0326	19.6163	15.3486	1.6961	0	0	0	0	0	0	0	0	0
05.500,00.000	34.1	5.5	-200	0	4.5	1671.51	354.129	520.004	276.817	155.518	128.892	97.5982	62.1643	37.9202	20.2515	15.6411	2.57507	0	0	0	0	0	0	0	0	0
05.500,00.000	34.2	5.5	-200	0	4.5	1690.17	359.523	523.441	279.163	156.957	130.589	98.572	63.3149	39.2345	20.5803	15.7846	3.0108	0	0	0	0	0	0	0	0	0
05.500,00.000	34.3	5.5	-200	0	4.5	1696.39	361.318	524.653	279.924	157.43	131.138	98.885	63.6867	39.675	20.695	15.83	3.1523	0	0	0	0	0	0	0	0	0
05.500,00.000	34.4	5.5	-200	0	4.5	1704.44	363.653	526.227	280.905	158.039	131.845	99.2879	64.1724	40.242	20.8507	15.8865	3.33238	0	0	0	0	0	0	0	0	0
05.500,00.000	34.5	5.5	-200	0	4.5	1713.08	366.191	527.908	281.948	158.69	132.597	99.7127	64.6931	40.8514	21.0239	15.9453	3.52344	0	0	0	0	0	0	0	0	0
05.500,00.000	34.6	5.5	-200	0	4.5	1724.37	369.507	530.089	283.292	159.528	133.581	100.268	65.3816	41.6658	21.2628	16.0222	3.77534	0	0	0	0	0	0	0	0	0
05.500,00.000	34.7	5.5	-200	0	4.5	1780.52	385.247	540.721	290.021	163.537	138.69	103.147	69.0641	45.9727	22.579	16.4265	5.11207	0	0	0	0	0	0	0	0	0
05.500,00.000	34.8	5.5	-200	0	4.5	1791.68	388.536	542.806	291.417	164.273	139.691	103.689	69.7625	46.8033	22.8351	16.5039	5.36476	0	0	0	0	0	0	0	0	0
05.500,00.000	34.9	5.5	-200	0	4.5	1791.7	388.541	542.81	291.419	164.274	139.692	103.69	69.7636	46.8046	22.8355	16.504	5.36514	0	0	0	0	0	0	0	0	0
05.500,00.000	35	5.5	-200	0	4.5	1826.16	398.766	549.586	295.426	166.743	142.55	105.351	71.8805	49.3385	23.6799	16.7411	6.10159	0	0	0	0	0	0	0	0	0
05.500,00.000	35.1	5.5	-200	0	4.5	1848.27	405.366	553.886	298	168.308	144.279	106.476	73.268	50.98	24.2344	16.8956	6.57276	0	0	0	0	0	0	0	0	0
05.500,00.000	35.2	5.5	-200	0	4.5	1857.81	408.199	555.728	299.103	168.992	145.03	106.959	73.905	51.6841	24.4782	16.963	6.77142	0	0	0	0	0	0	0	0	0
05.500,00.000	35.3	5.5	-200	0	4.5	1866.49	410.777	557.406	300.111	169.614	145.705	107.388	74.4799	52.3263	24.7054	17.0251	6.94967	0	0	0	0	0	0	0	0	0
05.500,00.000	35.4	5.5	-200	0	4.5	1890.71	417.97	562.12	302.924	171.322	147.561	108.583	76.0802	54.1389	25.3585	17.2026	7.44456	0	0	0	0	0	0	0	0	0
05.500,00.000	35.5	5.5	-200	0	4.5	1895.55	419.445	563.026	303.493	171.659	147.91	108.827	76.4072	54.5071	25.4923	17.2389	7.54419	0	0	0	0	0	0	0	0	0
05.500,00.000	35.6	5.5	-200	0	4.5	1913.17	424.719	566.409	305.495	172.909	149.241	109.695	77.575	55.856	25.9959	17.3749	7.90178	0	0	0	0	0	0	0	0	0
05.500,00.000	35.7	5.5	-200	0	4.5	1935.05	430.995	570.428	307.997	174.536	150.94	110.817	79.1168	57.5967	26.6804	17.5612	8.37955	0	0	0	0	0	0	0	0	0
05.500,00.000	35.8	5.5	-200	0	4.5	1969.41	440.813	576.958	311.982	177.096	153.573	112.549	81.4341	60.2907	27.761	17.8537	9.10176	0	0	0	0	0	0	0	0	0
05.500,00.000	35.9	5.5	-200	0	4.5	1974.34	442.226	577.839	312.582	177.459	153.957	112.801	81.7766	60.6733	27.9227	17.8974	9.20743	0	0	0	0	0	0	0	0	0
05.500,00.000	36	5.5	-200	0	4.5	1974.68	442.322	577.903	312.62	177.484	153.983	112.818	81.7985	60.7002	27.9339	17.9004	9.21437	0	0	0	0	0	0	0	0	0
05.500,00.000	36.1	5.5	-200	0	4.5	1996.52	448.514	582.083	315.107	179.097	155.668	113.915	83.2109	62.466	28.687	18.1027	9.61496	0.0518635	0	0	0	0	0	0	0	0
05.500,00.000	36.2	5.5	-200	0	4.5	2010.3	452.47	584.592	316.773	180.086	156.726	114.607	84.1016	63.5852	29.1744	18.234	9.61496	0.337828	0	0	0	0	0	0	0	0
05.500,00.000	36.3	5.5	-200	0	4.5	2018.43	454.75	586.114	317.721	180.694	157.355	115.018	84.6146	64.1698	29.5561	18.3141	9.61496	0.504927	0	0	0	0	0	0	0	0
05.500,00.000	36.4	5.5	-200	0	4.5	2041.89	461.166	590.577	320.416	182.56	159.184	116.201	86.0694	65.6941	30.866	18.5529	9.61496	0.984983	0	0	0	0	0	0	0	0
05.500,00.000	36.5	5.5	-200	0	4.5	2046.36	462.345	591.386	320.969	182.935	159.515	116.433	86.3596	65.9931	31.1296	18.6015	9.61496	1.08103	0	0	0	0	0	0	0	0
05.500,00.000	36.6	5.5	-200	0	4.5	2071.18	469.072	595.951	323.848	184.979	161.435	117.664	87.8751	67.6742	32.5916	18.8777	9.61496	1.59824	0	0	0	0	0	0	0	0
05.500,00.000	36.7	5.5	-200	0	4.5	2083.32	472.385	598.11	325.298	185.991	162.353	118.228	88.623	68.5122	33.3291	19.0184	9.61543	1.85575	0	0	0	0	0	0	0	0
05.500,00.000	36.8	5.5	-200	0	4.5	2099.14	476.717	600.972	327.116	187.311	163.316	119.189	89.5692	69.6187	34.3126	19.2087	9.61705	2.1921	0	0	0	0	0	0	0	0
05.500,00.000	36.9	5.5	-200	0	4.5	2101.69	477.427	601.411	327.428	187.535	163.404	119.383	89.7242	69.7936	34.4759	19.2405	9.61749	2.24734	0	0	0	0	0	0	0	0
05.500,00.000	37	5.5	-200	0	4.5	2101.86	477.473	601.441	327.448	187.549	163.414	119.394	89.7339	69.8051	34.4868	19.2426	9.61755	2.25091	0	0	0	0	0	0	0	0
05.500,00.000	37.1	5.5	-200	0	4.5	2119.36	482.32	604.543	329.414	188.992	164.442	120.517	90.7357	71.0123	35.658	19.4741	9.62549	2.62499	0	0	0	0	0	0	0	0
05.500,00.000	37.2	5.5	-200	0	4.5	2130.27	485.401	606.396	330.671	189.896	165.034	121.229	91.3607	71.7649	36.4073	19.6227	9.6317	2.85967	0	0	0	0	0	0	0	0
05.500,00.000	37.3	5.5	-200	0	4.5	2137.09	487.308	607.571	331.449	190.438	165.421	121.678	91.7415	72.2384	36.8856	19.7136	9.64093	3.00456	0	0	0	0	0	0	0	0
05.500,00.000	37.4	5.5	-200	0	4.5	2148.09	490.445	609.509	332.693	191.301	166.071	122.246	92.3536	73.0171	37.686	19.8612	9.6636	3.24024	0	0	0	0	0	0	0	0
05.500,00.000	37.5	5.5	-200	0	4.5	2153.78	492.145	610.486	333.335	191.744	166.403	122.509	92.6637	73.4147	38.1045	19.9374	9.6774	3.36065	0	0	0	0	0	0	0	0
05.500,00.000	37.6	5.5	-200	0	4.5	2162.85	494.822	612.051	334.325	192.431	166.942	122.962	93.1506	74.0474	38.7966	20.0692	9.69673	3.55374	0	0	0	0	0	0	0	0
05.500,00.000	37.7	5.5	-200	0	4.5	2188.84	502.416	616.549	337.161	194.396	168.501	124.22	94.5076	75.8957	40.8548	20.4665	9.75681	4.11462	0	0	0	0	0	0	0	0
05.500,00.000	37.8	5.5	-200	0	4.5	2193.31	503.698	617.267	337.705	194.732	168.772	124.436	94.7357	76.2086	41.2292	20.5355	9.772	4.21552	0	0	0	0	0	0	0	0
05.500,00.000	37.9	5.5	-200	0	4.5	2198.51	505.184	618.162	338.285	195.117	169.079	124.69	94.9999	76.5874	41.6682	20.6229	9.78648	4.32876	0	0	0	0	0	0	0	0
05.500,00.000	38	5.5	-200	0	4.5	2199.53	505.469	618.329	338.408	195.193	169.136	124.741	95.0514	76.6605	41.759	20.6408	9.78982	4.35186	0	0	0	0	0	0	0	0
05.500,00.000	38.1	5.5	-200	0	4.5	2211.45	508.789	620.377	339.74	196.029	169.851	125.335	95.6516	77.5281	42.8424	20.8625	9.83117	4.61528	0	0	0	0	0	0	0	0
05.500,00.000	38.2	5.5	-200	0	4.5	2224.01	512.211	622.531	341.161	196.931	170.631	125.927	96.2797	78.4275	44.023	21.1071	9.87984	4.89627	0	0	0	0	0	0	0	0
05.500,00.000	38.3	5.5	-200	0	4.5	2226.91	513.009	623.025	341.497	197.136	170.81	126.062	96.4212	78.6305	44.3009	21.1653	9.89214	4.96125	0	0	0	0	0	0	0	0
05.500,00.000	38.4	5.5	-200	0	4.5	2236.15	515.455	624.64	342.521	197.779	171.384	126.516	96.8766	79.2955	45.2141	21.3607	9.93761	5.16653	0	0	0	0	0	0	0	0
05.500,00.000	38.5	5.5	-200	0	4.5	2241.41	516.85	625.549	343.117	198.148	171.709	126.77	97.1317	79.6651	45.7475	21.4762	9.96604	5.28427	0	0	0	0	0	0	0	0
05.500,00.000	38.6	5.5	-200	0	4.5	2250.55	519.327	627.064	344.066	198.778	172.255	127.205	97.5771	80.3291	46.7344	21.6934	10.0239	5.4981	0	0	0	0	0	0	0	0
05.500,00.000	38.7	5.5	-200	0	4.5	2266.75	523.735	629.761	345.709	199.852	173.224	127.987	98.3407	81.4856	48.5341	22.0959	10.1381	5.88533	0	0	0	0	0	0	0	0
05.500,00.000	38.8	5.5	-200	0	4.5	2269.43	524.471	630.187	346.002	200.031	173.39	128.107	98.4682	81.667	48.8347	22.164	10.158	5.94833	0	0	0	0	0	0	0	0
05.500,00.000	38.9	5.5	-200	0	4.5	2274.29	525.751	631	346.505	200.358	173.673	128.351	98.7004	81.9988	49.3992	22.2947	10.1988	6.06151	0	0	0	0	0	0	0	0
05.500,00.000	39	5.5	-200	0	4.5	2275.31	526.024	631.164	346.615	200.426	173.735	128.399	98.7488	82.0656	49.5196	22.3227	10.2077	6.08529	0	0	0	0	0	0	0	0
05.500,00.000	39.1	5.5	-200	0	4.5	2281.67	527.656	632.231	347.276	200.849	174.098	128.717	99.0556	82.4803	50.2939	22.5072	10.27	6.23304	0	0	0	0	0	0	0	0
05.500,00.000	39.2	5.5	-200	0	4.5	2287.95	529.23	633.286	347.939	201.263	174.461	129.036	99.3592	82.8832	51.0817	22.6978	10.3363	6.38028	0	0	0	0	0	0	0	0
05.500,00.000	39.3	5.5	-200	0	4.5	2294.25	530.778	634.356	348.595	201.668	174.817	129.364	99.6651	83.2813	51.8932	22.8978	10.4082	6.52822	0	0	0	0	0	0	0	0
05.500,00.000	39.4	5.5	-200	0	4.5	2302.59	532.807	635.779	349.456	202.195	175.288	129.802	100.068	83.7969	52.9924	23.1733	10.5107	6.72527	0	0	0	0	0	0	0	0
05.500,00.000	39.5	5.5	-200	0	4.5	2306.48	533.736	636.44	349.859	202.439	175.506	130.009	100.256	84.0319	53.516	23.3065	10.5616	6.81751	0	0	0	0	0	0	0	0
05.500,00.000	39.6	5.5	-200	0	4.5	2314.56	535.676	637.802	350.678	202.922	175.938	130.44	100.632	84.5153	54.6563	23.603	10.6788	7.01614	0	0	0	0	0	0	0	0
05.500,00.000	39.7	5.5	-200	0	4.5	2319.6	536.88	638.659	351.192	203.213	176.211	130.695	100.871	84.8093	55.3788	23.7948	10.7568	7.14106	0	0	0	0	0	0	0	0
05.500,00.000	39.8	5.5	-200	0	4.5	2323.08	537.692	639.243	351.553	203.413	176.395	130.885	101.039	85.0061	55.8824	23.9328	10.8145	7.22671	0	0	0	0	0	0	0	0
05.500,00.000	39.9	5.5	-200	0	4.5	2327.5	538.715	639.975	352.013	203.666	176.629	131.123	101.254	85.2484	56.528	24.1153	10.8929	7.33594	0	0	0	0	0	0	0	0
05.500,00.000	40	5.5	-200	0	4.5	2332.14	539.766	640.734	352.49	203.933	176.874	131.384	101.491	85.4977	57.218	24.316	10.981	7.45126	0	0	0	0	0	0	0	0
05.500,00.000	40.1	5.5	-200	0	4.5	2335.98	540.562	641.415	352.89	204.153	177.07	131.609	101.694	85.6988	57.7938	24.488	11.0587	7.54675	0	0	0	0	0	0	0	0
05.500,00.000	40.2	5.5	-200	0	4.5	2341.19	541.541	642.429	353.442	204.449	177.334	131.915	101.964	85.9615	58.5792	24.7305	11.1712	7.67648	0	0	0	0	0	0	0	0
05.500,00.000	40.3	5.5	-200	0	4.5	2345.19	542.275	643.207	353.867	204.676	177.539	132.14	102.173	86.1573	59.1872	24.9241	11.2629	7.77678	0	0	0	0	0	0	0	0
05.500,00.000	40.4	5.5	-200	0	4.5	2350.24	543.163	644.17	354.423	204.963	177.795	132.438	102.461	86.3989	59.959	25.1789	11.3864	7.90396	0	0	0	0	0	0	0	0
05.500,00.000	40.5	5.5	-200	0	4.5	2353.79	543.776	644.843	354.812	205.165	177.973	132.644	102.67	86.5651	60.5059	25.3654	11.4786	7.99403	0	0	0	0	0	0	0	0
05.500,00.000	40.6	5.5	-200	0	4.5	2358.34	544.572	645.703	355.309	205.405	178.194	132.891	102.914	86.7703	61.2316	25.623	11.6094	8.11491	0	0	0	0	0	0	0	0
05.500,00.000	40.7	5.5	-200	0	4.5	2362.1	545.197	646.407	355.748	205.603	178.377	133.1	103.126	86.932	61.8289	25.8429	11.7229	8.2146	0	0	0	0	0	0	0	0
05.500,00.000	40.8	5.5	-200	0	4.5	2365.95	545.799	647.205	356.185	205.801	178.557	133.31	103.364	87.0922	62.4168	26.0682	11.8416	8.31329	0	0	0	0	0	0	0	0
05.500,00.000	40.9	5.5	-200	0	4.5	2369.84	546.39	648.022	356.609	206.004	178.736	133.512	103.58	87.2384	63.0072	26.3035	12.0263	8.41326	0	0	0	0	0	0	0	0
05.500,00.000	41	5.5	-200	0	4.5	2373.71	546.954	648.815	357.03	206.208	178.912	133.71	103.805	87.3784	63.5899	26.5449	12.2486	8.51164	0	0	0	0	0	0	0	0
05.500,00.000	41.1	5.5	-200	0	4.5	2377.56	547.489	649.605	357.448	206.414	179.088	133.906	104.058	87.5205	64.1573	26.789	12.4731	8.60842	0	0	0	0	0	0	0	0
05.500,00.000	41.2	5.5	-200	0	4.5	2381.32	547.992	650.382	357.865	206.604	179.262	134.095	104.317	87.658	64.7073	27.0363	12.6969	8.7031	0	0	0	0	0	0	0	0
05.500,00.000	41.3	5.5	-200	0	4.5	2384.87	548.454	651.137	358.226	206.787	179.431	134.267	104.547	87.777	65.245	27.288	12.9144	8.79636	0	0	0	0	0	0	0	0
05.500,00.000	41.4	5.5	-200	0	4.5	2388.4	548.879	651.868	358.604	206.97	179.601	134.439	104.81	87.9009	65.7653	27.542	13.1344	8.88812	0	0	0	0	0	0	0	0
05.500,00.000	41.5	5.5	-200	0	4.5	2391.84	549.272	652.579	358.974	207.155	179.769	134.603	105.054	88.0114	66.2713	27.7997	13.3701	8.97813	0	0	0	0	0	0	0	0
05.500,00.000	41.6	5.5	-200	0	4.5	2395.16	549.632	653.279	359.311	207.325	179.922	134.755	105.318	88.1234	66.759	28.0581	13.6093	9.06691	0	0	0	0	0	0	0	0
05.500,00.000	41.7	5.5	-200	0	4.5	2398.4	549.954	653.949	359.648	207.498	180.076	134.902	105.586	88.2331	67.2287	28.3178	13.8505	9.15282	0	0	0	0	0	0	0	0
05.500,00.000	41.8	5.5	-200	0	4.5	2401.59	550.243	654.649	359.99	207.673	180.232	135.044	105.829	88.3274	67.6891	28.5793	14.097	9.23815	0	0	0	0	0	0	0	0
05.500,00.000	41.9	5.5	-200	0	4.5	2404.77	550.506	655.404	360.3	207.851	180.384	135.175	106.087	88.4233	68.1277	28.8386	14.3464	9.32158	0	0	0	0	0	0	0	0
05.500,00.000	42	5.5	-200	0	4.5	2407.86	550.745	656.131	360.595	208.029	180.536	135.302	106.349	88.5202	68.5535	29.0995	14.6006	9.4032	0	0	0	0	0	0	0	0