
label	time(d)	x	depth	z	radius	total	0-10	10-20	20-30	30-40	40-50	50-60	60-70	70-80	80-90	90-100	100-110	110-120	120-130	130-140	140-150	150-160	160-170	170-180	180-190	190-200
00.000,00.000	0	0	-200	0	4.5	0	0	0	0	0	0	0	0	0	0	0	0	0	0	0	0	0	0	0	0	0
00.000,00.000	0.1	0	-200	0	4.5	0.372517	0.372517	0	0	0	0	0	0	0	0	0	0	0	0	0	0	0	0	0	0	0
00.000,00.000	0.2	0	-200	0	4.5	0.749708	0.749708	0	0	0	0	0	0	0	0	0	0	0	0	0	0	0	0	0	0	0
00.000,00.000	0.3	0	-200	0	4.5	1.13179	1.13179	0	0	0	0	0	0	0	0	0	0	0	0	0	0	0	0	0	0	0
00.000,00.000	0.4	0	-200	0	4.5	1.51819	1.51819	0	0	0	0	0	0	0	0	0	0	0	0	0	0	0	0	0	0	0
00.000,00.000	0.5	0	-200	0	4.5	1.90744	1.90744	0	0	0	0	0	0	0	0	0	0	0	0	0	0	0	0	0	0	0
00.000,00.000	0.6	0	-200	0	4.5	2.29789	2.29789	0	0	0	0	0	0	0	0	0	0	0	0	0	0	0	0	0	0	0
00.000,00.000	0.7	0	-200	0	4.5	2.68996	2.68996	0	0	0	0	0	0	0	0	0	0	0	0	0	0	0	0	0	0	0
00.000,00.000	0.8	0	-200	0	4.5	3.08467	3.08467	0	0	0	0	0	0	0	0	0	0	0	0	0	0	0	0	0	0	0
00.000,00.000	0.9	0	-200	0	4.5	3.48286	3.48286	0	0	0	0	0	0	0	0	0	0	0	0	0	0	0	0	0	0	0
00.000,00.000	1	0	-200	0	4.5	3.88502	3.88502	0	0	0	0	0	0	0	0	0	0	0	0	0	0	0	0	0	0	0
00.000,00.000	1.1	0	-200	0	4.5	4.29429	4.29429	0	0	0	0	0	0	0	0	0	0	0	0	0	0	0	0	0	0	0
00.000,00.000	1.2	0	-200	0	4.5	4.71018	4.71018	0	0	0	0	0	0	0	0	0	0	0	0	0	0	0	0	0	0	0
00.000,00.000	1.3	0	-200	0	4.5	5.13243	5.13243	0	0	0	0	0	0	0	0	0	0	0	0	0	0	0	0	0	0	0
00.000,00.000	1.4	0	-200	0	4.5	5.56055	5.56055	0	0	0	0	0	0	0	0	0	0	0	0	0	0	0	0	0	0	0
00.000,00.000	1.5	0	-200	0	4.5	5.99387	5.99387	0	0	0	0	0	0	0	0	0	0	0	0	0	0	0	0	0	0	0
00.000,00.000	1.6	0	-200	0	4.5	6.4317	6.4317	0	0	0	0	0	0	0	0	0	0	0	0	0	0	0	0	0	0	0
00.000,00.000	1.7	0	-200	0	4.5	6.88006	6.88006	0	0	0	0	0	0	0	0	0	0	0	0	0	0	0	0	0	0	0
00.000,00.000	1.8	0	-200	0	4.5	7.33815	7.29952	0.0386246	0	0	0	0	0	0	0	0	0	0	0	0	0	0	0	0	0	0
00.000,00.000	1.9	0	-200	0	4.5	7.80541	7.50247	0.302934	0	0	0	0	0	0	0	0	0	0	0	0	0	0	0	0	0	0
00.000,00.000	2	0	-200	0	4.5	8.28342	7.71597	0.567455	0	0	0	0	0	0	0	0	0	0	0	0	0	0	0	0	0	0
00.000,00.000	2.1	0	-200	0	4.5	8.80258	7.97017	0.832408	0	0	0	0	0	0	0	0	0	0	0	0	0	0	0	0	0	0
00.000,00.000	2.2	0	-200	0	4.5	9.40799	8.30561	1.10238	0	0	0	0	0	0	0	0	0	0	0	0	0	0	0	0	0	0
00.000,00.000	2.3	0	-200	0	4.5	10.0938	8.71712	1.37663	0	0	0	0	0	0	0	0	0	0	0	0	0	0	0	0	0	0
00.000,00.000	2.4	0	-200	0	4.5	10.8546	9.20242	1.65213	0	0	0	0	0	0	0	0	0	0	0	0	0	0	0	0	0	0
00.000,00.000	2.5	0	-200	0	4.5	11.6879	9.76082	1.92704	0	0	0	0	0	0	0	0	0	0	0	0	0	0	0	0	0	0
00.000,00.000	2.6	0	-200	0	4.5	12.5929	10.3921	2.2008	0	0	0	0	0	0	0	0	0	0	0	0	0	0	0	0	0	0
00.000,00.000	2.7	0	-200	0	4.5	13.5706	11.0969	2.47372	0	0	0	0	0	0	0	0	0	0	0	0	0	0	0	0	0	0
00.000,00.000	2.8	0	-200	0	4.5	14.6233	11.8771	2.74615	0	0	0	0	0	0	0	0	0	0	0	0	0	0	0	0	0	0
00.000,00.000	2.9	0	-200	0	4.5	15.7547	12.7355	3.01912	0	0	0	0	0	0	0	0	0	0	0	0	0	0	0	0	0	0
00.000,00.000	3	0	-200	0	4.5	16.9652	13.672	3.2932	0	0	0	0	0	0	0	0	0	0	0	0	0	0	0	0	0	0
00.000,00.000	3.1	0	-200	0	4.5	18.2135	14.6456	3.56797	0	0	0	0	0	0	0	0	0	0	0	0	0	0	0	0	0	0
00.000,00.000	3.2	0	-200	0	4.5	19.4545	15.612	3.84256	0	0	0	0	0	0	0	0	0	0	0	0	0	0	0	0	0	0
00.000,00.000	3.3	0	-200	0	4.5	20.6902	16.5732	4.11708	0	0	0	0	0	0	0	0	0	0	0	0	0	0	0	0	0	0
00.000,00.000	3.4	0	-200	0	4.5	21.9167	17.526	4.39069	0	0	0	0	0	0	0	0	0	0	0	0	0	0	0	0	0	0
00.000,00.000	3.5	0	-200	0	4.5	23.1311	18.4683	4.66283	0	0	0	0	0	0	0	0	0	0	0	0	0	0	0	0	0	0
00.000,00.000	3.6	0	-200	0	4.5	24.3329	19.3998	4.9331	0	0	0	0	0	0	0	0	0	0	0	0	0	0	0	0	0	0
00.000,00.000	3.7	0	-200	0	4.5	25.5234	20.322	5.2014	0	0	0	0	0	0	0	0	0	0	0	0	0	0	0	0	0	0
00.000,00.000	3.8	0	-200	0	4.5	26.706	21.2373	5.46879	0	0	0	0	0	0	0	0	0	0	0	0	0	0	0	0	0	0
00.000,00.000	3.9	0	-200	0	4.5	27.8845	22.1483	5.73617	0	0	0	0	0	0	0	0	0	0	0	0	0	0	0	0	0	0
00.000,00.000	4	0	-200	0	4.5	28.9382	22.9346	6.00363	0	0	0	0	0	0	0	0	0	0	0	0	0	0	0	0	0	0
00.000,00.000	4.1	0	-200	0	4.5	29.7315	23.4605	6.27105	0	0	0	0	0	0	0	0	0	0	0	0	0	0	0	0	0	0
00.000,00.000	4.2	0	-200	0	4.5	30.3084	23.7709	6.53752	0	0	0	0	0	0	0	0	0	0	0	0	0	0	0	0	0	0
00.000,00.000	4.3	0	-200	0	4.5	30.8743	24.0711	6.80316	0	0	0	0	0	0	0	0	0	0	0	0	0	0	0	0	0	0
00.000,00.000	4.4	0	-200	0	4.5	31.4327	24.3654	7.06725	0	0	0	0	0	0	0	0	0	0	0	0	0	0	0	0	0	0
00.000,00.000	4.5	0	-200	0	4.5	31.9813	24.6526	7.3287	0	0	0	0	0	0	0	0	0	0	0	0	0	0	0	0	0	0
00.000,00.000	4.6	0	-200	0	4.5	32.4382	24.8508	7.58747	0	0	0	0	0	0	0	0	0	0	0	0	0	0	0	0	0	0
00.000,00.000	4.7	0	-200	0	4.5	32.7311	24.8874	7.84377	0	0	0	0	0	0	0	0	0	0	0	0	0	0	0	0	0	0
00.000,00.000	4.8	0	-200	0	4.5	33.0199	24.9221	8.09773	0	0	0	0	0	0	0	0	0	0	0	0	0	0	0	0	0	0
00.000,00.000	4.9	0	-200	0	4.5	33.3034	24.9537	8.3497	0	0	0	0	0	0	0	0	0	0	0	0	0	0	0	0	0	0
00.000,00.000	5	0	-200	0	4.5	33.5827	24.9828	8.5999	0	0	0	0	0	0	0	0	0	0	0	0	0	0	0	0	0	0
00.000,00.000	5.1	0	-200	0	4.5	33.8643	25.0152	8.84912	0	0	0	0	0	0	0	0	0	0	0	0	0	0	0	0	0	0
00.000,00.000	5.2	0	-200	0	4.5	34.1521	25.0549	9.09721	0	0	0	0	0	0	0	0	0	0	0	0	0	0	0	0	0	0
00.000,00.000	5.3	0	-200	0	4.5	34.4461	25.102	9.34404	0	0	0	0	0	0	0	0	0	0	0	0	0	0	0	0	0	0
00.000,00.000	5.4	0	-200	0	4.5	34.7457	25.1557	9.58998	0	0	0	0	0	0	0	0	0	0	0	0	0	0	0	0	0	0
00.000,00.000	5.5	0	-200	0	4.5	35.0512	25.2166	9.83461	0	0	0	0	0	0	0	0	0	0	0	0	0	0	0	0	0	0
00.000,00.000	5.6	0	-200	0	4.5	35.3622	25.2848	10.0774	0	0	0	0	0	0	0	0	0	0	0	0	0	0	0	0	0	0
00.000,00.000	5.7	0	-200	0	4.5	35.6775	25.3597	10.205	0.11283	0	0	0	0	0	0	0	0	0	0	0	0	0	0	0	0	0
00.000,00.000	5.8	0	-200	0	4.5	35.9988	25.4426	10.2058	0.350479	0	0	0	0	0	0	0	0	0	0	0	0	0	0	0	0	0
00.000,00.000	5.9	0	-200	0	4.5	36.3269	25.5339	10.2059	0.587053	0	0	0	0	0	0	0	0	0	0	0	0	0	0	0	0	0
00.000,00.000	6	0	-200	0	4.5	36.6609	25.633	10.2059	0.821956	0	0	0	0	0	0	0	0	0	0	0	0	0	0	0	0	0
00.000,00.000	6.1	0	-200	0	4.5	37.002	25.7404	10.2063	1.0553	0	0	0	0	0	0	0	0	0	0	0	0	0	0	0	0	0
00.000,00.000	6.2	0	-200	0	4.5	37.353	25.8568	10.2082	1.28797	0	0	0	0	0	0	0	0	0	0	0	0	0	0	0	0	0
00.000,00.000	6.3	0	-200	0	4.5	37.7161	25.9844	10.2111	1.52056	0	0	0	0	0	0	0	0	0	0	0	0	0	0	0	0	0
00.000,00.000	6.4	0	-200	0	4.5	38.0918	26.1236	10.2153	1.75291	0	0	0	0	0	0	0	0	0	0	0	0	0	0	0	0	0
00.000,00.000	6.5	0	-200	0	4.5	38.4802	26.2733	10.2223	1.98453	0	0	0	0	0	0	0	0	0	0	0	0	0	0	0	0	0
00.000,00.000	6.6	0	-200	0	4.5	38.8875	26.4397	10.2325	2.21532	0	0	0	0	0	0	0	0	0	0	0	0	0	0	0	0	0
00.000,00.000	6.7	0	-200	0	4.5	39.3199	26.6292	10.2459	2.44481	0	0	0	0	0	0	0	0	0	0	0	0	0	0	0	0	0
00.000,00.000	6.8	0	-200	0	4.5	39.7789	26.8426	10.2631	2.67315	0	0	0	0	0	0	0	0	0	0	0	0	0	0	0	0	0
00.000,00.000	6.9	0	-200	0	4.5	40.268	27.0827	10.2843	2.90111	0	0	0	0	0	0	0	0	0	0	0	0	0	0	0	0	0
00.000,00.000	7	0	-200	0	4.5	40.7961	27.3566	10.3104	3.12911	0	0	0	0	0	0	0	0	0	0	0	0	0	0	0	0	0
00.000,00.000	7.1	0	-200	0	4.5	41.3611	27.6623	10.3417	3.35709	0	0	0	0	0	0	0	0	0	0	0	0	0	0	0	0	0
00.000,00.000	7.2	0	-200	0	4.5	41.9646	28.0031	10.3778	3.58373	0	0	0	0	0	0	0	0	0	0	0	0	0	0	0	0	0
00.000,00.000	7.3	0	-200	0	4.5	42.6133	28.3844	10.4199	3.80896	0	0	0	0	0	0	0	0	0	0	0	0	0	0	0	0	0
00.000,00.000	7.4	0	-200	0	4.5	43.3108	28.8113	10.4671	4.03248	0	0	0	0	0	0	0	0	0	0	0	0	0	0	0	0	0
00.000,00.000	7.5	0	-200	0	4.5	44.0558	29.2818	10.5203	4.2536	0	0	0	0	0	0	0	0	0	0	0	0	0	0	0	0	0
00.000,00.000	7.6	0	-200	0	4.5	44.8538	29.8029	10.5788	4.47215	0	0	0	0	0	0	0	0	0	0	0	0	0	0	0	0	0
00.000,00.000	7.7	0	-200	0	4.5	45.705	30.3724	10.6443	4.68838	0	0	0	0	0	0	0	0	0	0	0	0	0	0	0	0	0
00.000,00.000	7.8	0	-200	0	4.5	46.6201	31.0014	10.7162	4.90249	0	0	0	0	0	0	0	0	0	0	0	0	0	0	0	0	0
00.000,00.000	7.9	0	-200	0	4.5	47.5979	31.6889	10.7943	5.11475	0	0	0	0	0	0	0	0	0	0	0	0	0	0	0	0	0
00.000,00.000	8	0	-200	0	4.5	48.6406	32.4355	10.8799	5.32527	0	0	0	0	0	0	0	0	0	0	0	0	0	0	0	0	0
00.000,00.000	8.1	0	-200	0	4.5	49.7497	33.2434	10.9721	5.53415	0	0	0	0	0	0	0	0	0	0	0	0	0	0	0	0	0
00.000,00.000	8.2	0	-200	0	4.5	50.9257	34.1124	11.0718	5.74155	0	0	0	0	0	0	0	0	0	0	0	0	0	0	0	0	0
00.000,00.000	8.3	0	-200	0	4.5	52.1717	35.0458	11.1782	5.94759	0	0	0	0	0	0	0	0	0	0	0	0	0	0	0	0	0
00.000,00.000	8.4	0	-200	0	4.5	53.4801	36.0364	11.2914	6.15226	0	0	0	0	0	0	0	0	0	0	0	0	0	0	0	0	0
00.000,00.000	8.5	0	-200	0	4.5	54.8514	37.0839	11.4121	6.35534	0	0	0	0	0	0	0	0	0	0	0	0	0	0	0	0	0
00.000,00.000	8.6	0	-200	0	4.5	56.2858	38.1886	11.5405	6.55673	0	0	0	0	0	0	0	0	0	0	0	0	0	0	0	0	0
00.000,00.000	8.7	0	-200	0	4.5	57.778	39.3463	11.6752	6.75641	0	0	0	0	0	0	0	0	0	0	0	0	0	0	0	0	0
00.000,00.000	8.8	0	-200	0	4.5	59.33	40.5581	11.8174	6.95446	0	0	0	0	0	0	0	0	0	0	0	0	0	0	0	0	0
00.000,00.000	8.9	0	-200	0	4.5	60.947	41.8293	11.9668	7.15096	0	0	0	0	0	0	0	0	0	0	0	0	0	0	0	0	0
00.000,00.000	9	0	-200	0	4.5	62.632	43.1618	12.1243	7.34591	0	0	0	0	0	0	0	0	0	0	0	0	0	0	0	0	0
00.000,00.000	9.1	0	-200	0	4.5	64.3817	44.5521	12.2903	7.53937	0	0	0	0	0	0	0	0	0	0	0	0	0	0	0	0	0
00.000,00.000	9.2	0	-200	0	4.5	66.2545	46.0548	12.4677	7.73192	0	0	0	0	0	0	0	0	0	0	0	0	0	0	0	0	0
00.000,00.000	9.3	0	-200	0	4.5	68.2257	47.6434	12.6578	7.92451	0	0	0	0	0	0	0	0	0	0	0	0	0	0	0	0	0
00.000,00.000	9.4	0	-200	0	4.5	70.2926	49.3158	12.8589	8.1179	0	0	0	0	0	0	0	0	0	0	0	0	0	0	0	0	0
00.000,00.000	9.5	0	-200	0	4.5	72.4515	51.0677	13.0715	8.31231	0	0	0	0	0	0	0	0	0	0	0	0	0	0	0	0	0
00.000,00.000	9.6	0	-200	0	4.5	74.6993	52.8974	13.2943	8.50765	0	0	0	0	0	0	0	0	0	0	0	0	0	0	0	0	0
00.000,00.000	9.7	0	-200	0	4.5	77.0437	54.8106	13.5295	8.7037	0	0	0	0	0	0	0	0	0	0	0	0	0	0	0	0	0
00.000,00.000	9.8	0	-200	0	4.5	79.4963	56.8181	13.7776	8.90066	0	0	0	0	0	0	0	0	0	0	0	0	0	0	0	0	0
00.000,00.000	9.9	0	-200	0	4.5	82.0738	58.9326	14.0419	9.0993	0	0	0	0	0	0	0	0	0	0	0	0	0	0	0	0	0
00.000,00.000	10	0	-200	0	4.5	84.7834	61.1602	14.3225	9.30074	0	0	0	0	0	0	0	0	0	0	0	0	0	0	0	0	0
00.000,00.000	10.1	0	-200	0	4.5	87.629	63.5029	14.6205	9.50565	0	0	0	0	0	0	0	0	0	0	0	0	0	0	0	0	0
00.000,00.000	10.2	0	-200	0	4.5	90.5175	65.8823	14.9253	9.70993	0	0	0	0	0	0	0	0	0	0	0	0	0	0	0	0	0
00.000,00.000	10.3	0	-200	0	4.5	93.4999	68.3455	15.2414	9.913	0	0	0	0	0	0	0	0	0	0	0	0	0	0	0	0	0
00.000,00.000	10.4	0	-200	0	4.5	96.5669	70.8832	15.5692	10.0743	0.0402368	0	0	0	0	0	0	0	0	0	0	0	0	0	0	0	0
00.000,00.000	10.5	0	-200	0	4.5	99.7058	73.4852	15.9069	10.0744	0.239406	0	0	0	0	0	0	0	0	0	0	0	0	0	0	0	0
00.000,00.000	10.6	0	-200	0	4.5	102.916	76.1516	16.254	10.0744	0.436065	0	0	0	0	0	0	0	0	0	0	0	0	0	0	0	0
00.000,00.000	10.7	0	-200	0	4.5	106.208	78.8906	16.6126	10.0743	0.630239	0	0	0	0	0	0	0	0	0	0	0	0	0	0	0	0
00.000,00.000	10.8	0	-200	0	4.5	109.594	81.7146	16.983	10.0743	0.821963	0	0	0	0	0	0	0	0	0	0	0	0	0	0	0	0
00.000,00.000	10.9	0	-200	0	4.5	113.091	84.6498	17.3555	10.0743	1.01175	0	0	0	0	0	0	0	0	0	0	0	0	0	0	0	0
00.000,00.000	11	0	-200	0	4.5	116.666	87.6744	17.7169	10.0746	1.20018	0	0	0	0	0	0	0	0	0	0	0	0	0	0	0	0
00.000,00.000	11.1	0	-200	0	4.5	120.351	90.7797	18.1072	10.0762	1.38748	0	0	0	0	0	0	0	0	0	0	0	0	0	0	0	0
00.000,00.000	11.2	0	-200	0	4.5	124.139	93.9617	18.5231	10.0804	1.57338	0	0	0	0	0	0	0	0	0	0	0	0	0	0	0	0
00.000,00.000	11.3	0	-200	0	4.5	128.038	97.2294	18.9652	10.0858	1.75789	0	0	0	0	0	0	0	0	0	0	0	0	0	0	0	0
00.000,00.000	11.4	0	-200	0	4.5	132.032	100.589	19.4089	10.0938	1.94095	0	0	0	0	0	0	0	0	0	0	0	0	0	0	0	0
00.000,00.000	11.5	0	-200	0	4.5	136.101	104.012	19.8628	10.1039	2.12219	0	0	0	0	0	0	0	0	0	0	0	0	0	0	0	0
00.000,00.000	11.6	0	-200	0	4.5	140.246	107.501	20.3261	10.1174	2.30169	0	0	0	0	0	0	0	0	0	0	0	0	0	0	0	0
00.000,00.000	11.7	0	-200	0	4.5	144.486	111.063	20.81	10.1334	2.47933	0	0	0	0	0	0	0	0	0	0	0	0	0	0	0	0
00.000,00.000	11.8	0	-200	0	4.5	148.821	114.71	21.3033	10.1529	2.65492	0	0	0	0	0	0	0	0	0	0	0	0	0	0	0	0
00.000,00.000	11.9	0	-200	0	4.5	153.255	118.443	21.8083	10.1754	2.82868	0	0	0	0	0	0	0	0	0	0	0	0	0	0	0	0
00.000,00.000	12	0	-200	0	4.5	157.795	122.262	22.3298	10.2021	3.001	0	0	0	0	0	0	0	0	0	0	0	0	0	0	0	0
00.000,00.000	12.1	0	-200	0	4.5	162.375	126.108	22.8626	10.2317	3.17226	0	0	0	0	0	0	0	0	0	0	0	0	0	0	0	0
00.000,00.000	12.2	0	-200	0	4.5	167.016	130.002	23.4082	10.2648	3.34182	0	0	0	0	0	0	0	0	0	0	0	0	0	0	0	0
00.000,00.000	12.3	0	-200	0	4.5	171.754	133.976	23.9674	10.3008	3.51018	0	0	0	0	0	0	0	0	0	0	0	0	0	0	0	0
00.000,00.000	12.4	0	-200	0	4.5	176.572	138.013	24.5406	10.3407	3.67779	0	0	0	0	0	0	0	0	0	0	0	0	0	0	0	0
00.000,00.000	12.5	0	-200	0	4.5	181.439	142.087	25.1245	10.3834	3.84415	0	0	0	0	0	0	0	0	0	0	0	0	0	0	0	0
00.000,00.000	12.6	0	-200	0	4.5	186.661	146.45	25.7579	10.433	4.02	0	0	0	0	0	0	0	0	0	0	0	0	0	0	0	0
00.000,00.000	12.7	0	-200	0	4.5	191.863	150.584	26.6023	10.4847	4.19271	0	0	0	0	0	0	0	0	0	0	0	0	0	0	0	0
00.000,00.000	12.8	0	-200	0	4.5	196.806	154.416	27.4998	10.5371	4.35271	0	0	0	0	0	0	0	0	0	0	0	0	0	0	0	0
00.000,00.000	12.9	0	-200	0	4.5	202.009	158.46	28.4376	10.5947	4.51661	0	0	0	0	0	0	0	0	0	0	0	0	0	0	0	0
00.000,00.000	13	0	-200	0	4.5	207.259	162.388	29.5356	10.6567	4.67811	0	0	0	0	0	0	0	0	0	0	0	0	0	0	0	0
00.000,00.000	13.1	0	-200	0	4.5	212.553	166.237	30.7567	10.7223	4.8375	0	0	0	0	0	0	0	0	0	0	0	0	0	0	0	0
00.000,00.000	13.2	0	-200	0	4.5	217.93	170.151	31.9911	10.7932	4.99482	0	0	0	0	0	0	0	0	0	0	0	0	0	0	0	0
00.000,00.000	13.3	0	-200	0	4.5	223.427	174.15	33.2546	10.8695	5.15275	0	0	0	0	0	0	0	0	0	0	0	0	0	0	0	0
00.000,00.000	13.4	0	-200	0	4.5	229.008	178.207	34.5379	10.9516	5.311	0	0	0	0	0	0	0	0	0	0	0	0	0	0	0	0
00.000,00.000	13.5	0	-200	0	4.5	234.66	182.321	35.8308	11.0388	5.46917	0	0	0	0	0	0	0	0	0	0	0	0	0	0	0	0
00.000,00.000	13.6	0	-200	0	4.5	240.345	186.457	37.1283	11.1326	5.6267	0	0	0	0	0	0	0	0	0	0	0	0	0	0	0	0
00.000,00.000	13.7	0	-200	0	4.5	246.065	190.617	38.4321	11.2317	5.78384	0	0	0	0	0	0	0	0	0	0	0	0	0	0	0	0
00.000,00.000	13.8	0	-200	0	4.5	251.845	194.817	39.7474	11.3391	5.94086	0	0	0	0	0	0	0	0	0	0	0	0	0	0	0	0
00.000,00.000	13.9	0	-200	0	4.5	257.634	199.005	41.0777	11.4533	6.09777	0	0	0	0	0	0	0	0	0	0	0	0	0	0	0	0
00.000,00.000	14	0	-200	0	4.5	263.312	203.064	42.4174	11.5767	6.25401	0	0	0	0	0	0	0	0	0	0	0	0	0	0	0	0
00.000,00.000	14.1	0	-200	0	4.5	269.012	207.112	43.7788	11.7091	6.41162	0	0	0	0	0	0	0	0	0	0	0	0	0	0	0	0
00.000,00.000	14.2	0	-200	0	4.5	274.719	211.144	45.153	11.8511	6.57152	0	0	0	0	0	0	0	0	0	0	0	0	0	0	0	0
00.000,00.000	14.3	0	-200	0	4.5	280.386	215.151	46.5062	12.0002	6.72889	0	0	0	0	0	0	0	0	0	0	0	0	0	0	0	0
00.000,00.000	14.4	0	-200	0	4.5	286.017	219.119	47.8549	12.1571	6.886	0	0	0	0	0	0	0	0	0	0	0	0	0	0	0	0
00.000,00.000	14.5	0	-200	0	4.5	293.544	224.363	49.695	12.3846	7.10064	0	0	0	0	0	0	0	0	0	0	0	0	0	0	0	0
00.000,00.000	14.6	0	-200	0	4.5	300.605	229.194	51.4846	12.6173	7.30937	0	0	0	0	0	0	0	0	0	0	0	0	0	0	0	0
00.000,00.000	14.7	0	-200	0	4.5	306.479	233.221	52.9529	12.8219	7.48307	0	0	0	0	0	0	0	0	0	0	0	0	0	0	0	0
00.000,00.000	14.8	0	-200	0	4.5	308.918	235.005	53.4402	12.9142	7.55817	0	0	0	0	0	0	0	0	0	0	0	0	0	0	0	0
00.000,00.000	14.9	0	-200	0	4.5	313.365	238.195	54.387	13.0898	7.69302	0	0	0	0	0	0	0	0	0	0	0	0	0	0	0	0
00.000,00.000	15	0	-200	0	4.5	319.417	242.537	55.6606	13.3426	7.8769	0	0	0	0	0	0	0	0	0	0	0	0	0	0	0	0
00.000,00.000	15.1	0	-200	0	4.5	324.633	246.271	56.7574	13.5703	8.03468	0	0	0	0	0	0	0	0	0	0	0	0	0	0	0	0
00.000,00.000	15.2	0	-200	0	4.5	329.493	249.736	57.7815	13.7932	8.18187	0	0	0	0	0	0	0	0	0	0	0	0	0	0	0	0
00.000,00.000	15.3	0	-200	0	4.5	334.324	253.172	58.7988	14.0252	8.32812	0	0	0	0	0	0	0	0	0	0	0	0	0	0	0	0
00.000,00.000	15.4	0	-200	0	4.5	339.148	256.599	59.8074	14.2677	8.47359	0	0	0	0	0	0	0	0	0	0	0	0	0	0	0	0
00.000,00.000	15.5	0	-200	0	4.5	346.963	262.131	61.4414	14.6801	8.71084	0	0	0	0	0	0	0	0	0	0	0	0	0	0	0	0
00.000,00.000	15.6	0	-200	0	4.5	353.409	266.678	62.7872	15.0362	8.90739	0	0	0	0	0	0	0	0	0	0	0	0	0	0	0	0
00.000,00.000	15.7	0	-200	0	4.5	358.82	270.483	63.9138	15.3497	9.07347	0	0	0	0	0	0	0	0	0	0	0	0	0	0	0	0
00.000,00.000	15.8	0	-200	0	4.5	360.155	271.419	64.1909	15.4297	9.11446	0	0	0	0	0	0	0	0	0	0	0	0	0	0	0	0
00.000,00.000	15.9	0	-200	0	4.5	364.143	274.209	65.0134	15.6832	9.23744	0	0	0	0	0	0	0	0	0	0	0	0	0	0	0	0
00.000,00.000	16	0	-200	0	4.5	370.105	278.364	66.2418	16.0779	9.42136	0	0	0	0	0	0	0	0	0	0	0	0	0	0	0	0
00.000,00.000	16.1	0	-200	0	4.5	374.936	281.724	67.1827	16.4588	9.57038	0	0	0	0	0	0	0	0	0	0	0	0	0	0	0	0
00.000,00.000	16.2	0	-200	0	4.5	379.348	284.784	67.8305	17.0275	9.70683	0	0	0	0	0	0	0	0	0	0	0	0	0	0	0	0
00.000,00.000	16.3	0	-200	0	4.5	383.723	287.809	68.4646	17.6068	9.84237	0	0	0	0	0	0	0	0	0	0	0	0	0	0	0	0
00.000,00.000	16.4	0	-200	0	4.5	388.041	290.783	69.0847	18.1962	9.97688	0	0	0	0	0	0	0	0	0	0	0	0	0	0	0	0
00.000,00.000	16.5	0	-200	0	4.5	400.305	299.225	70.8151	19.9055	10.036	0.32341	0	0	0	0	0	0	0	0	0	0	0	0	0	0	0
00.000,00.000	16.6	0	-200	0	4.5	404.156	301.883	71.3508	20.4438	10.0184	0.459688	0	0	0	0	0	0	0	0	0	0	0	0	0	0	0
00.000,00.000	16.7	0	-200	0	4.5	404.867	302.373	71.448	20.5459	10.0204	0.47971	0	0	0	0	0	0	0	0	0	0	0	0	0	0	0
00.000,00.000	16.8	0	-200	0	4.5	405.332	302.691	71.511	20.6154	10.0195	0.495221	0	0	0	0	0	0	0	0	0	0	0	0	0	0	0
00.000,00.000	16.9	0	-200	0	4.5	406.149	303.247	71.6207	20.7406	10.0161	0.524434	0	0	0	0	0	0	0	0	0	0	0	0	0	0	0
00.000,00.000	17	0	-200	0	4.5	412.97	307.882	72.5067	21.8245	10.0185	0.737631	0	0	0	0	0	0	0	0	0	0	0	0	0	0	0
00.000,00.000	17.1	0	-200	0	4.5	418.044	311.282	73.1593	22.6881	10.0185	0.896451	0	0	0	0	0	0	0	0	0	0	0	0	0	0	0
00.000,00.000	17.2	0	-200	0	4.5	422.117	313.994	73.7016	23.3789	10.0185	1.02392	0	0	0	0	0	0	0	0	0	0	0	0	0	0	0
00.000,00.000	17.3	0	-200	0	4.5	426.189	316.699	74.2373	24.0831	10.0187	1.15094	0	0	0	0	0	0	0	0	0	0	0	0	0	0	0
00.000,00.000	17.4	0	-200	0	4.5	430.23	319.369	74.7747	24.7889	10.0198	1.27731	0	0	0	0	0	0	0	0	0	0	0	0	0	0	0
00.000,00.000	17.5	0	-200	0	4.5	445.818	329.658	76.834	27.5723	10.0246	1.72854	0	0	0	0	0	0	0	0	0	0	0	0	0	0	0
00.000,00.000	17.6	0	-200	0	4.5	448.966	331.705	77.2529	28.1547	10.0262	1.82682	0	0	0	0	0	0	0	0	0	0	0	0	0	0	0
00.000,00.000	17.7	0	-200	0	4.5	452.13	333.745	77.6631	28.765	10.0294	1.92685	0	0	0	0	0	0	0	0	0	0	0	0	0	0	0
00.000,00.000	17.8	0	-200	0	4.5	452.957	334.277	77.772	28.9252	10.0303	1.95288	0	0	0	0	0	0	0	0	0	0	0	0	0	0	0
00.000,00.000	17.9	0	-200	0	4.5	453.65	334.719	77.8623	29.0627	10.0315	1.97465	0	0	0	0	0	0	0	0	0	0	0	0	0	0	0
00.000,00.000	18	0	-200	0	4.5	461.202	339.53	78.8378	30.5773	10.0462	2.21123	0	0	0	0	0	0	0	0	0	0	0	0	0	0	0
00.000,00.000	18.1	0	-200	0	4.5	466.375	342.81	79.5155	31.619	10.0586	2.37184	0	0	0	0	0	0	0	0	0	0	0	0	0	0	0
00.000,00.000	18.2	0	-200	0	4.5	470.193	345.208	80.0218	32.4027	10.0694	2.49101	0	0	0	0	0	0	0	0	0	0	0	0	0	0	0
00.000,00.000	18.3	0	-200	0	4.5	474.018	347.602	80.5337	33.1915	10.082	2.60947	0	0	0	0	0	0	0	0	0	0	0	0	0	0	0
00.000,00.000	18.4	0	-200	0	4.5	477.864	350.002	81.0518	33.9863	10.0965	2.72735	0	0	0	0	0	0	0	0	0	0	0	0	0	0	0
00.000,00.000	18.5	0	-200	0	4.5	497.236	362.004	83.7738	38.0104	10.1786	3.26954	0	0	0	0	0	0	0	0	0	0	0	0	0	0	0
00.000,00.000	18.6	0	-200	0	4.5	501.21	364.437	84.3582	38.8292	10.1966	3.38866	0	0	0	0	0	0	0	0	0	0	0	0	0	0	0
00.000,00.000	18.7	0	-200	0	4.5	504.082	366.183	84.7882	39.4244	10.2124	3.47385	0	0	0	0	0	0	0	0	0	0	0	0	0	0	0
00.000,00.000	18.8	0	-200	0	4.5	504.881	366.665	84.9109	39.5901	10.2171	3.49754	0	0	0	0	0	0	0	0	0	0	0	0	0	0	0
00.000,00.000	18.9	0	-200	0	4.5	505.474	367.022	85.0036	39.712	10.2209	3.51476	0	0	0	0	0	0	0	0	0	0	0	0	0	0	0
00.000,00.000	19	0	-200	0	4.5	514.635	372.543	86.4563	41.5741	10.285	3.77613	0	0	0	0	0	0	0	0	0	0	0	0	0	0	0
00.000,00.000	19.1	0	-200	0	4.5	520.468	376.028	87.4249	42.7478	10.3278	3.93957	0	0	0	0	0	0	0	0	0	0	0	0	0	0	0
00.000,00.000	19.2	0	-200	0	4.5	524.47	378.405	88.1084	43.5474	10.36	4.04984	0	0	0	0	0	0	0	0	0	0	0	0	0	0	0
00.000,00.000	19.3	0	-200	0	4.5	528.531	380.805	88.8149	44.356	10.3945	4.16049	0	0	0	0	0	0	0	0	0	0	0	0	0	0	0
00.000,00.000	19.4	0	-200	0	4.5	532.653	383.225	89.5482	45.1762	10.4317	4.27202	0	0	0	0	0	0	0	0	0	0	0	0	0	0	0
00.000,00.000	19.5	0	-200	0	4.5	539.94	387.453	90.8855	46.6299	10.503	4.4688	0	0	0	0	0	0	0	0	0	0	0	0	0	0	0
00.000,00.000	19.6	0	-200	0	4.5	554.571	394.745	94.6275	49.662	10.6599	4.87653	0	0	0	0	0	0	0	0	0	0	0	0	0	0	0
00.000,00.000	19.7	0	-200	0	4.5	557.208	395.946	95.3827	50.2077	10.7187	4.95312	0	0	0	0	0	0	0	0	0	0	0	0	0	0	0
00.000,00.000	19.8	0	-200	0	4.5	562.156	398.242	96.7864	51.0898	10.9453	5.09275	0	0	0	0	0	0	0	0	0	0	0	0	0	0	0
00.000,00.000	19.9	0	-200	0	4.5	563.378	398.803	97.1361	51.2661	11.0455	5.12748	0	0	0	0	0	0	0	0	0	0	0	0	0	0	0
00.000,00.000	20	0	-200	0	4.5	564.851	399.484	97.5595	51.4861	11.1536	5.16846	0	0	0	0	0	0	0	0	0	0	0	0	0	0	0
00.000,00.000	20.1	0	-200	0	4.5	574.504	404.006	100.306	53.0575	11.7009	5.43329	0	0	0	0	0	0	0	0	0	0	0	0	0	0	0
00.000,00.000	20.2	0	-200	0	4.5	580.198	406.668	101.952	53.9578	12.0335	5.58748	0	0	0	0	0	0	0	0	0	0	0	0	0	0	0
00.000,00.000	20.3	0	-200	0	4.5	584.21	408.559	103.113	54.5779	12.266	5.69403	0	0	0	0	0	0	0	0	0	0	0	0	0	0	0
00.000,00.000	20.4	0	-200	0	4.5	588.305	410.493	104.307	55.2013	12.5022	5.80133	0	0	0	0	0	0	0	0	0	0	0	0	0	0	0
00.000,00.000	20.5	0	-200	0	4.5	604.15	417.974	108.954	57.5896	13.4181	6.21393	0	0	0	0	0	0	0	0	0	0	0	0	0	0	0
00.000,00.000	20.6	0	-200	0	4.5	620.324	425.694	113.65	60.0056	14.343	6.63075	0	0	0	0	0	0	0	0	0	0	0	0	0	0	0
00.000,00.000	20.7	0	-200	0	4.5	624.143	427.53	114.755	60.5695	14.5608	6.72796	0	0	0	0	0	0	0	0	0	0	0	0	0	0	0
00.000,00.000	20.8	0	-200	0	4.5	624.486	427.695	114.855	60.6191	14.5803	6.73651	0	0	0	0	0	0	0	0	0	0	0	0	0	0	0
00.000,00.000	20.9	0	-200	0	4.5	624.891	427.891	114.974	60.6763	14.6032	6.74641	0	0	0	0	0	0	0	0	0	0	0	0	0	0	0
00.000,00.000	21	0	-200	0	4.5	625.491	428.183	115.152	60.759	14.6369	6.76073	0	0	0	0	0	0	0	0	0	0	0	0	0	0	0
00.000,00.000	21.1	0	-200	0	4.5	645.336	437.896	121.055	63.4215	15.7404	7.22316	0	0	0	0	0	0	0	0	0	0	0	0	0	0	0
00.000,00.000	21.2	0	-200	0	4.5	655.091	442.693	124.016	64.6533	16.2786	7.44921	0	0	0	0	0	0	0	0	0	0	0	0	0	0	0
00.000,00.000	21.3	0	-200	0	4.5	659.78	444.994	125.454	65.2426	16.5343	7.55494	0	0	0	0	0	0	0	0	0	0	0	0	0	0	0
00.000,00.000	21.4	0	-200	0	4.5	664.648	447.403	126.947	65.8383	16.797	7.66221	0	0	0	0	0	0	0	0	0	0	0	0	0	0	0
00.000,00.000	21.5	0	-200	0	4.5	696.467	463.853	135.741	69.8718	18.6061	8.39482	0	0	0	0	0	0	0	0	0	0	0	0	0	0	0
00.000,00.000	21.6	0	-200	0	4.5	703.113	467.281	137.607	70.7101	18.9662	8.5484	0	0	0	0	0	0	0	0	0	0	0	0	0	0	0
00.000,00.000	21.7	0	-200	0	4.5	802.522	517.23	167.158	82.981	24.354	10.2811	0.517576	0	0	0	0	0	0	0	0	0	0	0	0	0	0
00.000,00.000	21.8	0	-200	0	4.5	824.686	528.301	173.883	85.6318	25.5626	10.2818	1.02621	0	0	0	0	0	0	0	0	0	0	0	0	0	0
00.000,00.000	21.9	0	-200	0	4.5	905.507	567.784	199.689	95.4008	28.826	10.9388	2.86849	0	0	0	0	0	0	0	0	0	0	0	0	0	0
00.000,00.000	22	0	-200	0	4.5	926.111	576.802	207.803	97.649	29.5138	10.9516	3.39169	0	0	0	0	0	0	0	0	0	0	0	0	0	0
00.000,00.000	22.1	0	-200	0	4.5	947.775	586.869	215.681	100.096	30.2686	10.9851	3.87393	0	0	0	0	0	0	0	0	0	0	0	0	0	0
00.000,00.000	22.2	0	-200	0	4.5	958.217	591.638	219.518	101.239	30.7105	11.002	4.1099	0	0	0	0	0	0	0	0	0	0	0	0	0	0
00.000,00.000	22.3	0	-200	0	4.5	963.353	594.103	221.283	101.821	30.9148	11.0127	4.21799	0	0	0	0	0	0	0	0	0	0	0	0	0	0
00.000,00.000	22.4	0	-200	0	4.5	968.832	596.792	223.124	102.428	31.134	11.0257	4.32759	0	0	0	0	0	0	0	0	0	0	0	0	0	0
00.000,00.000	22.5	0	-200	0	4.5	999.457	612.151	233.215	105.682	32.3764	11.1102	4.92279	0	0	0	0	0	0	0	0	0	0	0	0	0	0
00.000,00.000	22.6	0	-200	0	4.5	1005.8	615.545	235.165	106.286	32.6246	11.1301	5.0507	0	0	0	0	0	0	0	0	0	0	0	0	0	0
00.000,00.000	22.7	0	-200	0	4.5	1022.36	624.456	240.153	107.981	33.2356	11.1897	5.34749	0	0	0	0	0	0	0	0	0	0	0	0	0	0
00.000,00.000	22.8	0	-200	0	4.5	1070.53	650.072	254.819	112.997	35.0547	11.3794	6.21142	0	0	0	0	0	0	0	0	0	0	0	0	0	0
00.000,00.000	22.9	0	-200	0	4.5	1079.85	654.927	257.76	113.963	35.4014	11.419	6.37934	0	0	0	0	0	0	0	0	0	0	0	0	0	0
00.000,00.000	23	0	-200	0	4.5	1080.74	655.413	258.022	114.053	35.4352	11.4231	6.39363	0	0	0	0	0	0	0	0	0	0	0	0	0	0
00.000,00.000	23.1	0	-200	0	4.5	1108.24	670.507	266.065	116.796	36.4939	11.5558	6.82233	0	0	0	0	0	0	0	0	0	0	0	0	0	0
00.000,00.000	23.2	0	-200	0	4.5	1122.24	678.253	270.098	118.194	37.028	11.6265	7.03959	0	0	0	0	0	0	0	0	0	0	0	0	0	0
00.000,00.000	23.3	0	-200	0	4.5	1129.78	682.47	272.267	118.922	37.3063	11.6663	7.14858	0	0	0	0	0	0	0	0	0	0	0	0	0	0
00.000,00.000	23.4	0	-200	0	4.5	1137.68	686.918	274.526	119.674	37.5988	11.7093	7.25883	0	0	0	0	0	0	0	0	0	0	0	0	0	0
00.000,00.000	23.5	0	-200	0	4.5	1172.3	706.54	284.288	122.906	38.924	11.9083	7.73414	0	0	0	0	0	0	0	0	0	0	0	0	0	0
00.000,00.000	23.6	0	-200	0	4.5	1179.93	710.85	286.531	123.557	39.201	11.9541	7.83914	0	0	0	0	0	0	0	0	0	0	0	0	0	0
00.000,00.000	23.7	0	-200	0	4.5	1217.24	732.115	297.069	126.882	40.6634	12.1888	8.32181	0	0	0	0	0	0	0	0	0	0	0	0	0	0
00.000,00.000	23.8	0	-200	0	4.5	1225.18	736.624	299.367	127.556	40.9685	12.2407	8.42575	0	0	0	0	0	0	0	0	0	0	0	0	0	0
00.000,00.000	23.9	0	-200	0	4.5	1226.08	737.138	299.619	127.632	41.0034	12.2466	8.43659	0	0	0	0	0	0	0	0	0	0	0	0	0	0
00.000,00.000	24	0	-200	0	4.5	1227.47	737.944	300.014	127.747	41.0582	12.2562	8.453	0	0	0	0	0	0	0	0	0	0	0	0	0	0
00.000,00.000	24.1	0	-200	0	4.5	1259.92	756.732	309.187	130.344	42.3471	12.4842	8.72216	0.102007	0	0	0	0	0	0	0	0	0	0	0	0	0
00.000,00.000	24.2	0	-200	0	4.5	1277.33	766.89	314.057	131.701	43.0463	12.6103	8.68728	0.335936	0	0	0	0	0	0	0	0	0	0	0	0	0
00.000,00.000	24.3	0	-200	0	4.5	1287.29	772.696	316.85	132.474	43.4479	12.684	8.69913	0.433526	0	0	0	0	0	0	0	0	0	0	0	0	0
00.000,00.000	24.4	0	-200	0	4.5	1297.52	778.676	319.729	133.259	43.853	12.7617	8.70397	0.539086	0	0	0	0	0	0	0	0	0	0	0	0	0
00.000,00.000	24.5	0	-200	0	4.5	1348.06	807.945	334.068	137.169	45.924	13.1614	8.70397	1.08413	0	0	0	0	0	0	0	0	0	0	0	0	0
00.000,00.000	24.6	0	-200	0	4.5	1358.79	814.2	337.103	137.98	46.3556	13.2491	8.70397	1.20047	0	0	0	0	0	0	0	0	0	0	0	0	0
00.000,00.000	24.7	0	-200	0	4.5	1392.28	833.445	346.753	140.51	47.7856	13.5325	8.70397	1.55345	0	0	0	0	0	0	0	0	0	0	0	0	0
00.000,00.000	24.8	0	-200	0	4.5	1399.91	837.851	348.973	141.049	48.0971	13.5984	8.70397	1.63357	0	0	0	0	0	0	0	0	0	0	0	0	0
00.000,00.000	24.9	0	-200	0	4.5	1401.01	838.486	349.294	141.129	48.1439	13.6083	8.70397	1.64471	0	0	0	0	0	0	0	0	0	0	0	0	0
00.000,00.000	25	0	-200	0	4.5	1408.25	842.638	351.429	141.642	48.4496	13.6757	8.70397	1.71661	0	0	0	0	0	0	0	0	0	0	0	0	0
00.000,00.000	25.1	0	-200	0	4.5	1437.29	859.192	360.005	143.729	49.7084	13.9501	8.70397	1.99972	0	0	0	0	0	0	0	0	0	0	0	0	0
00.000,00.000	25.2	0	-200	0	4.5	1453.45	868.396	364.782	144.887	50.4162	14.108	8.70397	2.15659	0	0	0	0	0	0	0	0	0	0	0	0	0
00.000,00.000	25.3	0	-200	0	4.5	1464.92	874.909	368.184	145.706	50.9309	14.2231	8.70397	2.26568	0	0	0	0	0	0	0	0	0	0	0	0	0
00.000,00.000	25.4	0	-200	0	4.5	1476.58	881.492	371.665	146.535	51.4608	14.3435	8.70408	2.37514	0	0	0	0	0	0	0	0	0	0	0	0	0
00.000,00.000	25.5	0	-200	0	4.5	1489.07	888.5	375.417	147.433	52.0478	14.4783	8.70481	2.49348	0	0	0	0	0	0	0	0	0	0	0	0	0
00.000,00.000	25.6	0	-200	0	4.5	1540.73	917.182	391.103	151.162	54.5405	15.0552	8.70858	2.98103	0	0	0	0	0	0	0	0	0	0	0	0	0
00.000,00.000	25.7	0	-200	0	4.5	1551.62	923.16	394.497	151.95	55.0389	15.1796	8.71005	3.08422	0	0	0	0	0	0	0	0	0	0	0	0	0
00.000,00.000	25.8	0	-200	0	4.5	1553.89	924.409	395.195	152.111	55.1504	15.2063	8.71068	3.10528	0	0	0	0	0	0	0	0	0	0	0	0	0
00.000,00.000	25.9	0	-200	0	4.5	1555.42	925.252	395.665	152.22	55.2259	15.2247	8.7112	3.11936	0	0	0	0	0	0	0	0	0	0	0	0	0
00.000,00.000	26	0	-200	0	4.5	1579.22	938.194	403.124	153.887	56.4352	15.5226	8.72182	3.33868	0	0	0	0	0	0	0	0	0	0	0	0	0
00.000,00.000	26.1	0	-200	0	4.5	1600.9	949.89	410.001	155.388	57.5418	15.8052	8.7333	3.54198	0	0	0	0	0	0	0	0	0	0	0	0	0
00.000,00.000	26.2	0	-200	0	4.5	1613.68	956.724	414.043	156.304	58.2252	15.9809	8.74205	3.66454	0	0	0	0	0	0	0	0	0	0	0	0	0
00.000,00.000	26.3	0	-200	0	4.5	1625.01	962.736	417.642	157.112	58.8514	16.1415	8.75104	3.77317	0	0	0	0	0	0	0	0	0	0	0	0	0
00.000,00.000	26.4	0	-200	0	4.5	1636.3	968.703	421.237	157.909	59.5052	16.3068	8.76179	3.88192	0	0	0	0	0	0	0	0	0	0	0	0	0
00.000,00.000	26.5	0	-200	0	4.5	1655.72	978.834	427.434	159.325	60.6714	16.6044	8.78307	4.07297	0	0	0	0	0	0	0	0	0	0	0	0	0
00.000,00.000	26.6	0	-200	0	4.5	1696.29	1000.01	440.315	162.249	63.158	17.2459	8.83555	4.47213	0	0	0	0	0	0	0	0	0	0	0	0	0
00.000,00.000	26.7	0	-200	0	4.5	1703.89	1003.95	442.756	162.793	63.6199	17.3733	8.84671	4.55001	0	0	0	0	0	0	0	0	0	0	0	0	0
00.000,00.000	26.8	0	-200	0	4.5	1748.31	1026.36	457.428	165.953	66.5103	18.1402	8.92528	4.99894	0	0	0	0	0	0	0	0	0	0	0	0	0
00.000,00.000	26.9	0	-200	0	4.5	1764.36	1034.35	462.857	167.055	67.5513	18.4282	8.95635	5.16474	0	0	0	0	0	0	0	0	0	0	0	0	0
00.000,00.000	27	0	-200	0	4.5	1766.11	1035.23	463.434	167.177	67.6671	18.4598	8.96025	5.18217	0	0	0	0	0	0	0	0	0	0	0	0	0
00.000,00.000	27.1	0	-200	0	4.5	1792.56	1048.53	472.154	169.04	69.4113	18.9503	9.0262	5.44602	0	0	0	0	0	0	0	0	0	0	0	0	0
00.000,00.000	27.2	0	-200	0	4.5	1808.76	1056.67	477.511	170.198	70.442	19.2584	9.06985	5.60927	0	0	0	0	0	0	0	0	0	0	0	0	0
00.000,00.000	27.3	0	-200	0	4.5	1819.55	1062.13	481.018	170.967	71.1524	19.4689	9.10218	5.71686	0	0	0	0	0	0	0	0	0	0	0	0	0
00.000,00.000	27.4	0	-200	0	4.5	1830.38	1067.59	484.527	171.742	71.8746	19.6859	9.13726	5.82493	0	0	0	0	0	0	0	0	0	0	0	0	0
00.000,00.000	27.5	0	-200	0	4.5	1854.62	1079.69	492.384	173.515	73.5459	20.1919	9.22375	6.07211	0	0	0	0	0	0	0	0	0	0	0	0	0
00.000,00.000	27.6	0	-200	0	4.5	1889.54	1097.22	503.588	176.078	75.9321	20.9414	9.35725	6.42739	0	0	0	0	0	0	0	0	0	0	0	0	0
00.000,00.000	27.7	0	-200	0	4.5	1895.44	1100.2	505.477	176.522	76.297	21.0752	9.38147	6.48922	0	0	0	0	0	0	0	0	0	0	0	0	0
00.000,00.000	27.8	0	-200	0	4.5	1938.38	1121.96	519.027	179.711	79.1259	22.0561	9.57036	6.93127	0	0	0	0	0	0	0	0	0	0	0	0	0
00.000,00.000	27.9	0	-200	0	4.5	1949.61	1127.79	522.5	180.543	79.7691	22.3276	9.62317	7.05135	0	0	0	0	0	0	0	0	0	0	0	0	0
00.000,00.000	28	0	-200	0	4.5	1952.77	1129.42	523.483	180.78	79.9603	22.4052	9.63911	7.08439	0	0	0	0	0	0	0	0	0	0	0	0	0
00.000,00.000	28.1	0	-200	0	4.5	1973.33	1140.08	529.738	182.299	81.2728	22.9024	9.74352	7.29167	0	0	0	0	0	0	0	0	0	0	0	0	0
00.000,00.000	28.2	0	-200	0	4.5	1987.09	1147.28	533.873	183.325	82.1171	23.2435	9.81657	7.43012	0	0	0	0	0	0	0	0	0	0	0	0	0
00.000,00.000	28.3	0	-200	0	4.5	1997.66	1152.81	537.03	184.101	82.7937	23.5098	9.87535	7.53459	0	0	0	0	0	0	0	0	0	0	0	0	0
00.000,00.000	28.4	0	-200	0	4.5	2008.24	1158.35	540.196	184.862	83.472	23.782	9.93669	7.63807	0	0	0	0	0	0	0	0	0	0	0	0	0
00.000,00.000	28.5	0	-200	0	4.5	2019.16	1164.07	543.428	185.657	84.1821	24.0715	10.0035	7.74533	0	0	0	0	0	0	0	0	0	0	0	0	0
00.000,00.000	28.6	0	-200	0	4.5	2063.93	1187.59	556.493	188.937	87.1538	25.2854	10.2913	8.18116	0	0	0	0	0	0	0	0	0	0	0	0	0
00.000,00.000	28.7	0	-200	0	4.5	2073.38	1192.57	559.311	189.596	87.7172	25.5571	10.3564	8.27682	0	0	0	0	0	0	0	0	0	0	0	0	0
00.000,00.000	28.8	0	-200	0	4.5	2074.5	1193.16	559.627	189.674	87.7904	25.5886	10.3642	8.28748	0	0	0	0	0	0	0	0	0	0	0	0	0
00.000,00.000	28.9	0	-200	0	4.5	2075.78	1193.87	559.981	189.762	87.8738	25.6251	10.3736	8.29954	0	0	0	0	0	0	0	0	0	0	0	0	0
00.000,00.000	29	0	-200	0	4.5	2101.05	1207.92	566.736	191.424	89.5147	26.3526	10.568	8.5345	0	0	0	0	0	0	0	0	0	0	0	0	0
00.000,00.000	29.1	0	-200	0	4.5	2118.11	1217.48	571.245	192.513	90.6082	26.8653	10.7082	8.69816	0	0	0	0	0	0	0	0	0	0	0	0	0
00.000,00.000	29.2	0	-200	0	4.5	2128.82	1223.58	573.988	193.185	91.2954	27.1808	10.7981	8.79729	0	0	0	0	0	0	0	0	0	0	0	0	0
00.000,00.000	29.3	0	-200	0	4.5	2139	1229.5	576.498	193.804	91.9395	27.4826	10.887	8.89068	0	0	0	0	0	0	0	0	0	0	0	0	0
00.000,00.000	29.4	0	-200	0	4.5	2149.16	1235.49	578.947	194.405	92.5661	27.7853	10.9795	8.98297	0	0	0	0	0	0	0	0	0	0	0	0	0
00.000,00.000	29.5	0	-200	0	4.5	2159.52	1241.65	581.388	195.026	93.1958	28.1004	11.0789	9.0781	0	0	0	0	0	0	0	0	0	0	0	0	0
00.000,00.000	29.6	0	-200	0	4.5	2202.02	1267.14	591.144	197.485	95.864	29.4096	11.5083	9.46912	0	0	0	0	0	0	0	0	0	0	0	0	0
00.000,00.000	29.7	0	-200	0	4.5	2210.89	1272.62	593.149	197.934	96.3496	29.6894	11.6017	9.46834	0.0835152	0	0	0	0	0	0	0	0	0	0	0	0
00.000,00.000	29.8	0	-200	0	4.5	2211.89	1273.23	593.364	197.986	96.4086	29.7197	11.6124	9.46899	0.0917151	0	0	0	0	0	0	0	0	0	0	0	0
00.000,00.000	29.9	0	-200	0	4.5	2213.02	1273.95	593.602	198.042	96.4738	29.7537	11.6249	9.46944	0.101107	0	0	0	0	0	0	0	0	0	0	0	0
00.000,00.000	30	0	-200	0	4.5	2232.04	1286.17	597.494	198.948	97.5308	30.3198	11.8437	9.47312	0.259413	0	0	0	0	0	0	0	0	0	0	0	0
00.000,00.000	30.1	0	-200	0	4.5	2249.84	1297.38	601.306	199.789	98.5336	30.8804	12.0672	9.4537	0.438308	0	0	0	0	0	0	0	0	0	0	0	0
00.000,00.000	30.2	0	-200	0	4.5	2260.22	1303.81	603.569	200.278	99.1427	31.2175	12.2074	9.45016	0.537193	0	0	0	0	0	0	0	0	0	0	0	0
00.000,00.000	30.3	0	-200	0	4.5	2269.21	1309.43	605.51	200.695	99.6701	31.508	12.3339	9.45016	0.619039	0	0	0	0	0	0	0	0	0	0	0	0
00.000,00.000	30.4	0	-200	0	4.5	2278.16	1315.06	607.405	201.101	100.181	31.7961	12.4654	9.45016	0.699901	0	0	0	0	0	0	0	0	0	0	0	0
00.000,00.000	30.5	0	-200	0	4.5	2287.22	1320.75	609.322	201.522	100.7	32.0929	12.6068	9.45016	0.783297	0	0	0	0	0	0	0	0	0	0	0	0
00.000,00.000	30.6	0	-200	0	4.5	2318.33	1339.94	615.937	203.147	102.532	33.128	13.1244	9.45016	1.07394	0	0	0	0	0	0	0	0	0	0	0	0
00.000,00.000	30.7	0	-200	0	4.5	2332.52	1348.63	618.997	203.904	103.348	33.6128	13.3714	9.45016	1.20771	0	0	0	0	0	0	0	0	0	0	0	0
00.000,00.000	30.8	0	-200	0	4.5	2333.36	1349.15	619.172	203.945	103.396	33.6416	13.3867	9.45016	1.21549	0	0	0	0	0	0	0	0	0	0	0	0
00.000,00.000	30.9	0	-200	0	4.5	2334.28	1349.73	619.363	203.989	103.447	33.6731	13.4041	9.45016	1.22398	0	0	0	0	0	0	0	0	0	0	0	0
00.000,00.000	31	0	-200	0	4.5	2346.54	1357.51	621.845	204.552	104.116	34.1183	13.6149	9.45016	1.3352	0	0	0	0	0	0	0	0	0	0	0	0
00.000,00.000	31.1	0	-200	0	4.5	2363.18	1368.01	625.277	205.296	105	34.7682	13.8857	9.45016	1.48692	0	0	0	0	0	0	0	0	0	0	0	0
00.000,00.000	31.2	0	-200	0	4.5	2373.02	1374.32	627.275	205.712	105.485	35.1506	14.0486	9.45016	1.57387	0	0	0	0	0	0	0	0	0	0	0	0
00.000,00.000	31.3	0	-200	0	4.5	2381.29	1379.73	628.896	206.034	105.887	35.4512	14.1994	9.45033	1.64518	0	0	0	0	0	0	0	0	0	0	0	0
00.000,00.000	31.4	0	-200	0	4.5	2389.54	1385.17	630.495	206.333	106.277	35.7449	14.3566	9.45131	1.71509	0	0	0	0	0	0	0	0	0	0	0	0
00.000,00.000	31.5	0	-200	0	4.5	2406.21	1396.26	633.672	206.905	107.052	36.3191	14.6961	9.45361	1.85627	0	0	0	0	0	0	0	0	0	0	0	0
00.000,00.000	31.6	0	-200	0	4.5	2443	1420.89	640.681	208.051	108.64	37.6274	15.4833	9.46102	2.16516	0	0	0	0	0	0	0	0	0	0	0	0
00.000,00.000	31.7	0	-200	0	4.5	2449.55	1425.31	641.925	208.23	108.878	37.9078	15.6175	9.4629	2.22009	0	0	0	0	0	0	0	0	0	0	0	0
00.000,00.000	31.8	0	-200	0	4.5	2461.36	1433.43	644.053	208.554	109.348	38.3003	15.8891	9.46828	2.31544	0	0	0	0	0	0	0	0	0	0	0	0
00.000,00.000	31.9	0	-200	0	4.5	2464.73	1435.76	644.651	208.636	109.466	38.431	15.9656	9.47004	2.3428	0	0	0	0	0	0	0	0	0	0	0	0
00.000,00.000	32	0	-200	0	4.5	2493.47	1455.89	649.676	209.349	110.48	39.3538	16.6644	9.48988	2.56848	0	0	0	0	0	0	0	0	0	0	0	0
00.000,00.000	32.1	0	-200	0	4.5	2508.49	1466.45	652.266	209.745	110.935	39.8694	17.034	9.50165	2.68669	0	0	0	0	0	0	0	0	0	0	0	0
00.000,00.000	32.2	0	-200	0	4.5	2516.28	1472	653.561	209.93	111.178	40.1142	17.2357	9.50935	2.74708	0	0	0	0	0	0	0	0	0	0	0	0
00.000,00.000	32.3	0	-200	0	4.5	2524.01	1477.59	654.797	210.101	111.407	40.3529	17.4434	9.51796	2.80658	0	0	0	0	0	0	0	0	0	0	0	0
00.000,00.000	32.4	0	-200	0	4.5	2531.67	1483.18	655.968	210.259	111.624	40.5847	17.6558	9.5275	2.86501	0	0	0	0	0	0	0	0	0	0	0	0
00.000,00.000	32.5	0	-200	0	4.5	2539.39	1488.9	657.104	210.404	111.834	40.8143	17.8784	9.53826	2.9241	0	0	0	0	0	0	0	0	0	0	0	0
00.000,00.000	32.6	0	-200	0	4.5	2571.49	1512.86	661.673	210.948	112.694	41.7177	18.8366	9.5877	3.16796	0	0	0	0	0	0	0	0	0	0	0	0
00.000,00.000	32.7	0	-200	0	4.5	2593.59	1529.6	664.643	211.301	113.233	42.3429	19.5123	9.62497	3.33505	0	0	0	0	0	0	0	0	0	0	0	0
00.000,00.000	32.8	0	-200	0	4.5	2595.18	1530.82	664.845	211.326	113.265	42.3922	19.5615	9.62781	3.34705	0	0	0	0	0	0	0	0	0	0	0	0
00.000,00.000	32.9	0	-200	0	4.5	2601.22	1535.49	665.582	211.412	113.384	42.564	19.7553	9.63988	3.39147	0	0	0	0	0	0	0	0	0	0	0	0
00.000,00.000	33	0	-200	0	4.5	2621.32	1551.11	668.028	211.686	113.795	43.0721	20.4074	9.68214	3.53593	0	0	0	0	0	0	0	0	0	0	0	0
00.000,00.000	33.1	0	-200	0	4.5	2631.94	1559.42	669.292	211.826	114.002	43.3312	20.7559	9.70571	3.61123	0	0	0	0	0	0	0	0	0	0	0	0
00.000,00.000	33.2	0	-200	0	4.5	2639.16	1565.09	670.135	211.913	114.144	43.4962	20.9962	9.72274	3.66085	0	0	0	0	0	0	0	0	0	0	0	0
00.000,00.000	33.3	0	-200	0	4.5	2646.36	1570.79	670.964	211.994	114.279	43.6461	21.2402	9.74074	3.70956	0	0	0	0	0	0	0	0	0	0	0	0
00.000,00.000	33.4	0	-200	0	4.5	2653.56	1576.52	671.769	212.07	114.407	43.7948	21.4867	9.75969	3.75722	0	0	0	0	0	0	0	0	0	0	0	0
00.000,00.000	33.5	0	-200	0	4.5	2660.86	1582.36	672.559	212.142	114.531	43.9417	21.7419	9.78019	3.80527	0	0	0	0	0	0	0	0	0	0	0	0
00.000,00.000	33.6	0	-200	0	4.5	2693.08	1608.36	675.898	212.429	115.05	44.5905	22.8738	9.87643	4.01175	0	0	0	0	0	0	0	0	0	0	0	0
00.000,00.000	33.7	0	-200	0	4.5	2711.65	1623.39	677.789	212.586	115.326	44.9608	23.5283	9.93384	4.12888	0	0	0	0	0	0	0	0	0	0	0	0
00.000,00.000	33.8	0	-200	0	4.5	2712.47	1624.07	677.871	212.592	115.337	44.9761	23.5575	9.93651	4.13399	0	0	0	0	0	0	0	0	0	0	0	0
00.000,00.000	33.9	0	-200	0	4.5	2714.28	1625.56	678.041	212.605	115.358	45.0078	23.6209	9.94271	4.14471	0	0	0	0	0	0	0	0	0	0	0	0
00.000,00.000	34	0	-200	0	4.5	2734.95	1642.69	679.923	212.734	115.608	45.3743	24.3399	10.0159	4.26394	0	0	0	0	0	0	0	0	0	0	0	0
00.000,00.000	34.1	0	-200	0	4.5	2746.43	1652.23	680.951	212.803	115.738	45.5775	24.7425	10.0586	4.32978	0	0	0	0	0	0	0	0	0	0	0	0
00.000,00.000	34.2	0	-200	0	4.5	2753.56	1658.21	681.557	212.839	115.814	45.6987	24.9846	10.0858	4.36838	0	0	0	0	0	0	0	0	0	0	0	0
00.000,00.000	34.3	0	-200	0	4.5	2760.87	1664.39	682.161	212.871	115.888	45.8108	25.2303	10.1147	4.40678	0	0	0	0	0	0	0	0	0	0	0	0
00.000,00.000	34.4	0	-200	0	4.5	2768.16	1670.58	682.741	212.899	115.956	45.92	25.4738	10.1448	4.44404	0	0	0	0	0	0	0	0	0	0	0	0
00.000,00.000	34.5	0	-200	0	4.5	2775.54	1676.88	683.306	212.924	116.021	46.025	25.7196	10.1767	4.48097	0	0	0	0	0	0	0	0	0	0	0	0
00.000,00.000	34.6	0	-200	0	4.5	2794.97	1693.58	684.741	212.981	116.179	46.2872	26.3584	10.2643	4.57498	0	0	0	0	0	0	0	0	0	0	0	0
00.000,00.000	34.7	0	-200	0	4.5	2810.44	1706.94	685.856	213.024	116.298	46.4895	26.8319	10.3539	4.64896	0	0	0	0	0	0	0	0	0	0	0	0
00.000,00.000	34.8	0	-200	0	4.5	2812.41	1708.6	685.991	213.029	116.313	46.5182	26.8855	10.4142	4.65817	0	0	0	0	0	0	0	0	0	0	0	0
00.000,00.000	34.9	0	-200	0	4.5	2822.25	1717.07	686.634	213.052	116.375	46.6427	27.1704	10.6075	4.70165	0	0	0	0	0	0	0	0	0	0	0	0
00.000,00.000	35	0	-200	0	4.5	2835.47	1728.43	687.526	213.081	116.455	46.8012	27.5461	10.8789	4.75881	0	0	0	0	0	0	0	0	0	0	0	0
00.000,00.000	35.1	0	-200	0	4.5	2843.84	1735.65	688.065	213.098	116.501	46.8968	27.7825	11.048	4.79385	0	0	0	0	0	0	0	0	0	0	0	0
00.000,00.000	35.2	0	-200	0	4.5	2850.98	1741.86	688.495	213.111	116.536	46.9726	27.9864	11.1899	4.82283	0	0	0	0	0	0	0	0	0	0	0	0
00.000,00.000	35.3	0	-200	0	4.5	2858.11	1748.09	688.91	213.123	116.566	47.0499	28.1873	11.333	4.85074	0	0	0	0	0	0	0	0	0	0	0	0
00.000,00.000	35.4	0	-200	0	4.5	2865.2	1754.3	689.301	213.134	116.594	47.1199	28.3859	11.4802	4.87758	0	0	0	0	0	0	0	0	0	0	0	0
00.000,00.000	35.5	0	-200	0	4.5	2872.38	1760.64	689.673	213.144	116.618	47.1869	28.5852	11.6317	4.90386	0	0	0	0	0	0	0	0	0	0	0	0
00.000,00.000	35.6	0	-200	0	4.5	2882.5	1769.63	690.153	213.157	116.649	47.2629	28.8613	11.8464	4.9391	0	0	0	0	0	0	0	0	0	0	0	0
00.000,00.000	35.7	0	-200	0	4.5	2900.04	1785.3	690.933	213.178	116.698	47.3856	29.3275	12.2188	4.99696	0	0	0	0	0	0	0	0	0	0	0	0
00.000,00.000	35.8	0	-200	0	4.5	2903.39	1788.29	691.086	213.182	116.709	47.4153	29.4125	12.2919	5.00796	0	0	0	0	0	0	0	0	0	0	0	0
00.000,00.000	35.9	0	-200	0	4.5	2915.77	1799.41	691.583	213.194	116.739	47.5057	29.7307	12.5634	5.04526	0	0	0	0	0	0	0	0	0	0	0	0
00.000,00.000	36	0	-200	0	4.5	2925.8	1808.45	691.971	213.204	116.762	47.5745	29.9803	12.7852	5.07434	0	0	0	0	0	0	0	0	0	0	0	0
00.000,00.000	36.1	0	-200	0	4.5	2933.2	1815.15	692.239	213.21	116.777	47.6214	30.1622	12.9509	5.09463	0	0	0	0	0	0	0	0	0	0	0	0
00.000,00.000	36.2	0	-200	0	4.5	2940.45	1821.72	692.485	213.216	116.79	47.6721	30.336	13.1144	5.11335	0	0	0	0	0	0	0	0	0	0	0	0
00.000,00.000	36.3	0	-200	0	4.5	2947.72	1828.34	692.721	213.221	116.801	47.7197	30.506	13.2799	5.13107	0	0	0	0	0	0	0	0	0	0	0	0
00.000,00.000	36.4	0	-200	0	4.5	2955	1834.99	692.948	213.226	116.811	47.7608	30.6721	13.4475	5.14777	0	0	0	0	0	0	0	0	0	0	0	0
00.000,00.000	36.5	0	-200	0	4.5	2962.4	1841.75	693.167	213.242	116.819	47.7997	30.8361	13.619	5.16368	0	0	0	0	0	0	0	0	0	0	0	0
00.000,00.000	36.6	0	-200	0	4.5	2972.35	1850.86	693.446	213.279	116.829	47.8393	31.0535	13.8546	5.18385	0	0	0	0	0	0	0	0	0	0	0	0
00.000,00.000	36.7	0	-200	0	4.5	2983.86	1861.44	693.751	213.318	116.839	47.8818	31.2975	14.1286	5.2055	0	0	0	0	0	0	0	0	0	0	0	0
00.000,00.000	36.8	0	-200	0	4.5	2986.07	1863.47	693.809	213.325	116.841	47.8901	31.3431	14.1822	5.20951	0	0	0	0	0	0	0	0	0	0	0	0
00.000,00.000	36.9	0	-200	0	4.5	2996.97	1873.55	694.061	213.358	116.846	47.9258	31.559	14.4442	5.22654	0	0	0	0	0	0	0	0	0	0	0	0
00.000,00.000	37	0	-200	0	4.5	3005.88	1881.77	694.293	213.382	116.849	47.9507	31.7292	14.6586	5.2394	0	0	0	0	0	0	0	0	0	0	0	0
00.000,00.000	37.1	0	-200	0	4.5	3013.33	1888.67	694.486	213.401	116.851	47.9695	31.8669	14.8385	5.249	0	0	0	0	0	0	0	0	0	0	0	0
00.000,00.000	37.2	0	-200	0	4.5	3020.87	1895.67	694.671	213.419	116.851	47.9876	32.0004	15.0194	5.25757	0	0	0	0	0	0	0	0	0	0	0	0
00.000,00.000	37.3	0	-200	0	4.5	3028.51	1902.77	694.846	213.435	116.852	48.0042	32.1305	15.2022	5.26518	0	0	0	0	0	0	0	0	0	0	0	0
00.000,00.000	37.4	0	-200	0	4.5	3036.22	1909.97	695.012	213.45	116.852	48.018	32.2564	15.3864	5.27178	0	0	0	0	0	0	0	0	0	0	0	0
00.000,00.000	37.5	0	-200	0	4.5	3044.02	1917.28	695.169	213.463	116.852	48.0297	32.3791	15.5735	5.27743	0	0	0	0	0	0	0	0	0	0	0	0
00.000,00.000	37.6	0	-200	0	4.5	3051.72	1924.49	695.322	213.475	116.852	48.0393	32.4965	15.76	5.28201	0	0	0	0	0	0	0	0	0	0	0	0
00.000,00.000	37.7	0	-200	0	4.5	3062.92	1935	695.546	213.49	116.852	48.0505	32.6597	16.0318	5.28713	0	0	0	0	0	0	0	0	0	0	0	0
00.000,00.000	37.8	0	-200	0	4.5	3066	1937.89	695.612	213.494	116.852	48.0534	32.7033	16.107	5.28827	0	0	0	0	0	0	0	0	0	0	0	0
00.000,00.000	37.9	0	-200	0	4.5	3074.54	1945.95	695.76	213.502	116.852	48.0588	32.8165	16.3171	5.28983	0	0	0	0	0	0	0	0	0	0	0	0
00.000,00.000	38	0	-200	0	4.5	3082.86	1953.8	695.907	213.508	116.852	48.0631	32.9228	16.5231	5.29043	0	0	0	0	0	0	0	0	0	0	0	0
00.000,00.000	38.1	0	-200	0	4.5	3090.63	1961.12	696.042	213.513	116.852	48.0792	33.0169	16.7161	5.29043	0	0	0	0	0	0	0	0	0	0	0	0
00.000,00.000	38.2	0	-200	0	4.5	3098.35	1968.4	696.168	213.516	116.852	48.1028	33.1066	16.9101	5.29043	0	0	0	0	0	0	0	0	0	0	0	0
00.000,00.000	38.3	0	-200	0	4.5	3105.98	1975.62	696.289	213.518	116.852	48.1223	33.192	17.1046	5.29043	0	0	0	0	0	0	0	0	0	0	0	0
00.000,00.000	38.4	0	-200	0	4.5	3113.58	1982.81	696.392	213.519	116.852	48.1395	33.2731	17.2994	5.29043	0	0	0	0	0	0	0	0	0	0	0	0
00.000,00.000	38.5	0	-200	0	4.5	3121.13	1990	696.473	213.519	116.852	48.1558	33.3501	17.4949	5.29043	0	0	0	0	0	0	0	0	0	0	0	0
00.000,00.000	38.6	0	-200	0	4.5	3128.67	1997.17	696.549	213.519	116.852	48.1731	33.4236	17.6924	5.29043	0	0	0	0	0	0	0	0	0	0	0	0
00.000,00.000	38.7	0	-200	0	4.5	3142.48	2010.32	696.68	213.519	116.852	48.2021	33.5541	18.0619	5.29043	0	0	0	0	0	0	0	0	0	0	0	0
00.000,00.000	38.8	0	-200	0	4.5	3145.26	2012.96	696.706	213.519	116.852	48.2118	33.5809	18.1397	5.29043	0	0	0	0	0	0	0	0	0	0	0	0
00.000,00.000	38.9	0	-200	0	4.5	3154.74	2021.98	696.79	213.519	116.852	48.2317	33.666	18.4078	5.29043	0	0	0	0	0	0	0	0	0	0	0	0
00.000,00.000	39	0	-200	0	4.5	3162.65	2029.51	696.856	213.519	116.852	48.2507	33.7297	18.6404	5.29043	0	0	0	0	0	0	0	0	0	0	0	0
00.000,00.000	39.1	0	-200	0	4.5	3169.14	2035.69	696.907	213.519	116.852	48.2649	33.777	18.8409	5.29043	0	0	0	0	0	0	0	0	0	0	0	0
00.000,00.000	39.2	0	-200	0	4.5	3175.26	2041.5	696.955	213.519	116.852	48.2774	33.8296	19.0326	5.29043	0	0	0	0	0	0	0	0	0	0	0	0
00.000,00.000	39.3	0	-200	0	4.5	3181.09	2047.04	696.998	213.519	116.852	48.2903	33.8757	19.2266	5.29043	0	0	0	0	0	0	0	0	0	0	0	0
00.000,00.000	39.4	0	-200	0	4.5	3186.82	2052.48	697.035	213.519	116.852	48.3024	33.9236	19.4148	5.29043	0	0	0	0	0	0	0	0	0	0	0	0
00.000,00.000	39.5	0	-200	0	4.5	3192.55	2057.93	697.069	213.519	116.852	48.3141	33.9688	19.6036	5.29043	0	0	0	0	0	0	0	0	0	0	0	0
00.000,00.000	39.6	0	-200	0	4.5	3198.07	2063.19	697.096	213.519	116.852	48.3252	34.0147	19.7858	5.29043	0	0	0	0	0	0	0	0	0	0	0	0
00.000,00.000	39.7	0	-200	0	4.5	3205.89	2070.63	697.133	213.519	116.852	48.3406	34.0736	20.06	5.29043	0	0	0	0	0	0	0	0	0	0	0	0
00.000,00.000	39.8	0	-200	0	4.5	3207.61	2072.25	697.14	213.519	116.852	48.3455	34.0858	20.1247	5.29043	0	0	0	0	0	0	0	0	0	0	0	0
00.000,00.000	39.9	0	-200	0	4.5	3213.2	2077.57	697.162	213.519	116.852	48.3563	34.1217	20.3355	5.29043	0	0	0	0	0	0	0	0	0	0	0	0
00.000,00.000	40	0	-200	0	4.5	3218.39	2082.49	697.179	213.519	116.852	48.367	34.1539	20.5354	5.29043	0	0	0	0	0	0	0	0	0	0	0	0
00.000,00.000	40.1	0	-200	0	4.5	3222.97	2086.85	697.192	213.519	116.852	48.376	34.1808	20.7177	5.29043	0	0	0	0	0	0	0	0	0	0	0	0
00.000,00.000	40.2	0	-200	0	4.5	3227.31	2090.95	697.204	213.519	116.852	48.384	34.2053	20.8978	5.29043	0	0	0	0	0	0	0	0	0	0	0	0
00.000,00.000	40.3	0	-200	0	4.5	3231.48	2094.91	697.214	213.519	116.852	48.3917	34.2272	21.0757	5.29043	0	0	0	0	0	0	0	0	0	0	0	0
00.000,00.000	40.4	0	-200	0	4.5	3235.43	2098.65	697.222	213.519	116.852	48.3988	34.2468	21.2517	5.29043	0	0	0	0	0	0	0	0	0	0	0	0
00.000,00.000	40.5	0	-200	0	4.5	3239.27	2102.29	697.229	213.519	116.852	48.4054	34.2643	21.4274	5.29043	0	0	0	0	0	0	0	0	0	0	0	0
00.000,00.000	40.6	0	-200	0	4.5	3242.93	2105.74	697.233	213.519	116.852	48.4114	34.2794	21.5997	5.29043	0	0	0	0	0	0	0	0	0	0	0	0
00.000,00.000	40.7	0	-200	0	4.5	3248.8	2111.3	697.239	213.519	116.852	48.4201	34.3015	21.8858	5.29043	0	0	0	0	0	0	0	0	0	0	0	0
00.000,00.000	40.8	0	-200	0	4.5	3250.01	2112.44	697.241	213.519	116.852	48.4223	34.306	21.9496	5.29043	0	0	0	0	0	0	0	0	0	0	0	0
00.000,00.000	40.9	0	-200	0	4.5	3254.12	2116.31	697.244	213.519	116.852	48.4274	34.3185	22.1606	5.29043	0	0	0	0	0	0	0	0	0	0	0	0
00.000,00.000	41	0	-200	0	4.5	3257.6	2119.59	697.247	213.519	116.852	48.4318	34.3282	22.3458	5.29043	0	0	0	0	0	0	0	0	0	0	0	0
00.000,00.000	41.1	0	-200	0	4.5	3260.52	2122.33	697.249	213.519	116.852	48.4349	34.3349	22.5054	5.29043	0	0	0	0	0	0	0	0	0	0	0	0
00.000,00.000	41.2	0	-200	0	4.5	3263.33	2124.98	697.251	213.519	116.852	48.4375	34.3401	22.6626	5.29043	0	0	0	0	0	0	0	0	0	0	0	0
00.000,00.000	41.3	0	-200	0	4.5	3266.04	2127.53	697.252	213.519	116.852	48.4395	34.344	22.817	5.29043	0	0	0	0	0	0	0	0	0	0	0	0
00.000,00.000	41.4	0	-200	0	4.5	3268.64	2129.97	697.253	213.519	116.852	48.4408	34.3467	22.9686	5.29043	0	0	0	0	0	0	0	0	0	0	0	0
00.000,00.000	41.5	0	-200	0	4.5	3271.15	2132.33	697.253	213.519	116.852	48.4417	34.3485	23.119	5.29043	0	0	0	0	0	0	0	0	0	0	0	0
00.000,00.000	41.6	0	-200	0	4.5	3275.41	2136.32	697.253	213.519	116.852	48.442	34.3498	23.3793	5.29043	0	0	0	0	0	0	0	0	0	0	0	0
00.000,00.000	41.7	0	-200	0	4.5	3281.27	2141.82	697.253	213.519	116.852	48.442	34.3502	23.7434	5.29043	0	0	0	0	0	0	0	0	0	0	0	0
00.000,00.000	41.8	0	-200	0	4.5	3282.25	2142.74	697.253	213.519	116.852	48.442	34.3502	23.8066	5.29043	0	0	0	0	0	0	0	0	0	0	0	0
00.000,00.000	41.9	0	-200	0	4.5	3284.52	2144.86	697.253	213.519	116.852	48.442	34.3502	23.9538	5.29043	0	0	0	0	0	0	0	0	0	0	0	0
00.000,00.000	42	0	-200	0	4.5	3287.98	2148.09	697.253	213.519	116.852	48.442	34.3502	24.1834	5.29043	0	0	0	0	0	0	0	0	0	0	0	0