
label	time(d)	x	depth	z	radius	total	0-10	10-20	20-30	30-40	40-50	50-60	60-70	70-80	80-90	90-100	100-110	110-120	120-130	130-140	140-150	150-160	160-170	170-180	180-190	190-200
00.000,00.000	0	0	-200	0	4.5	0	0	0	0	0	0	0	0	0	0	0	0	0	0	0	0	0	0	0	0	0
00.000,00.000	0.1	0	-200	0	4.5	0.293975	0.293975	0	0	0	0	0	0	0	0	0	0	0	0	0	0	0	0	0	0	0
00.000,00.000	0.2	0	-200	0	4.5	0.590923	0.590923	0	0	0	0	0	0	0	0	0	0	0	0	0	0	0	0	0	0	0
00.000,00.000	0.3	0	-200	0	4.5	0.890002	0.890002	0	0	0	0	0	0	0	0	0	0	0	0	0	0	0	0	0	0	0
00.000,00.000	0.4	0	-200	0	4.5	1.19143	1.19143	0	0	0	0	0	0	0	0	0	0	0	0	0	0	0	0	0	0	0
00.000,00.000	0.5	0	-200	0	4.5	1.49521	1.49521	0	0	0	0	0	0	0	0	0	0	0	0	0	0	0	0	0	0	0
00.000,00.000	0.6	0	-200	0	4.5	1.80098	1.80098	0	0	0	0	0	0	0	0	0	0	0	0	0	0	0	0	0	0	0
00.000,00.000	0.7	0	-200	0	4.5	2.10874	2.10874	0	0	0	0	0	0	0	0	0	0	0	0	0	0	0	0	0	0	0
00.000,00.000	0.8	0	-200	0	4.5	2.41846	2.41846	0	0	0	0	0	0	0	0	0	0	0	0	0	0	0	0	0	0	0
00.000,00.000	0.9	0	-200	0	4.5	2.72956	2.72956	0	0	0	0	0	0	0	0	0	0	0	0	0	0	0	0	0	0	0
00.000,00.000	1	0	-200	0	4.5	3.04086	3.04086	0	0	0	0	0	0	0	0	0	0	0	0	0	0	0	0	0	0	0
00.000,00.000	1.1	0	-200	0	4.5	3.35446	3.35446	0	0	0	0	0	0	0	0	0	0	0	0	0	0	0	0	0	0	0
00.000,00.000	1.2	0	-200	0	4.5	3.67269	3.67269	0	0	0	0	0	0	0	0	0	0	0	0	0	0	0	0	0	0	0
00.000,00.000	1.3	0	-200	0	4.5	3.99751	3.99751	0	0	0	0	0	0	0	0	0	0	0	0	0	0	0	0	0	0	0
00.000,00.000	1.4	0	-200	0	4.5	4.32999	4.32999	0	0	0	0	0	0	0	0	0	0	0	0	0	0	0	0	0	0	0
00.000,00.000	1.5	0	-200	0	4.5	4.67069	4.67069	0	0	0	0	0	0	0	0	0	0	0	0	0	0	0	0	0	0	0
00.000,00.000	1.6	0	-200	0	4.5	5.01978	5.01978	0	0	0	0	0	0	0	0	0	0	0	0	0	0	0	0	0	0	0
00.000,00.000	1.7	0	-200	0	4.5	5.37763	5.37763	0	0	0	0	0	0	0	0	0	0	0	0	0	0	0	0	0	0	0
00.000,00.000	1.8	0	-200	0	4.5	5.74463	5.74463	0	0	0	0	0	0	0	0	0	0	0	0	0	0	0	0	0	0	0
00.000,00.000	1.9	0	-200	0	4.5	6.14473	6.14473	0	0	0	0	0	0	0	0	0	0	0	0	0	0	0	0	0	0	0
00.000,00.000	2	0	-200	0	4.5	6.57739	6.57739	0	0	0	0	0	0	0	0	0	0	0	0	0	0	0	0	0	0	0
00.000,00.000	2.1	0	-200	0	4.5	7.06288	7.06288	0	0	0	0	0	0	0	0	0	0	0	0	0	0	0	0	0	0	0
00.000,00.000	2.2	0	-200	0	4.5	7.65229	7.65229	0	0	0	0	0	0	0	0	0	0	0	0	0	0	0	0	0	0	0
00.000,00.000	2.3	0	-200	0	4.5	8.33969	8.08779	0.251897	0	0	0	0	0	0	0	0	0	0	0	0	0	0	0	0	0	0
00.000,00.000	2.4	0	-200	0	4.5	9.11133	8.57929	0.532037	0	0	0	0	0	0	0	0	0	0	0	0	0	0	0	0	0	0
00.000,00.000	2.5	0	-200	0	4.5	9.95128	9.13895	0.812328	0	0	0	0	0	0	0	0	0	0	0	0	0	0	0	0	0	0
00.000,00.000	2.6	0	-200	0	4.5	10.8557	9.76411	1.09156	0	0	0	0	0	0	0	0	0	0	0	0	0	0	0	0	0	0
00.000,00.000	2.7	0	-200	0	4.5	11.8294	10.4593	1.37008	0	0	0	0	0	0	0	0	0	0	0	0	0	0	0	0	0	0
00.000,00.000	2.8	0	-200	0	4.5	12.8907	11.2418	1.64893	0	0	0	0	0	0	0	0	0	0	0	0	0	0	0	0	0	0
00.000,00.000	2.9	0	-200	0	4.5	14.0649	12.1337	1.93127	0	0	0	0	0	0	0	0	0	0	0	0	0	0	0	0	0	0
00.000,00.000	3	0	-200	0	4.5	15.3365	13.1176	2.21894	0	0	0	0	0	0	0	0	0	0	0	0	0	0	0	0	0	0
00.000,00.000	3.1	0	-200	0	4.5	16.6601	14.1487	2.51139	0	0	0	0	0	0	0	0	0	0	0	0	0	0	0	0	0	0
00.000,00.000	3.2	0	-200	0	4.5	17.9547	15.151	2.80361	0	0	0	0	0	0	0	0	0	0	0	0	0	0	0	0	0	0
00.000,00.000	3.3	0	-200	0	4.5	19.2403	16.1447	3.09567	0	0	0	0	0	0	0	0	0	0	0	0	0	0	0	0	0	0
00.000,00.000	3.4	0	-200	0	4.5	20.5109	17.123	3.38786	0	0	0	0	0	0	0	0	0	0	0	0	0	0	0	0	0	0
00.000,00.000	3.5	0	-200	0	4.5	21.7519	18.0732	3.67873	0	0	0	0	0	0	0	0	0	0	0	0	0	0	0	0	0	0
00.000,00.000	3.6	0	-200	0	4.5	22.9639	18.9962	3.9677	0	0	0	0	0	0	0	0	0	0	0	0	0	0	0	0	0	0
00.000,00.000	3.7	0	-200	0	4.5	24.1553	19.9002	4.25512	0	0	0	0	0	0	0	0	0	0	0	0	0	0	0	0	0	0
00.000,00.000	3.8	0	-200	0	4.5	25.3369	20.7956	4.54133	0	0	0	0	0	0	0	0	0	0	0	0	0	0	0	0	0	0
00.000,00.000	3.9	0	-200	0	4.5	26.521	21.6946	4.82638	0	0	0	0	0	0	0	0	0	0	0	0	0	0	0	0	0	0
00.000,00.000	4	0	-200	0	4.5	27.6054	22.4942	5.11115	0	0	0	0	0	0	0	0	0	0	0	0	0	0	0	0	0	0
00.000,00.000	4.1	0	-200	0	4.5	28.5107	23.1144	5.39637	0	0	0	0	0	0	0	0	0	0	0	0	0	0	0	0	0	0
00.000,00.000	4.2	0	-200	0	4.5	29.1311	23.4486	5.68254	0	0	0	0	0	0	0	0	0	0	0	0	0	0	0	0	0	0
00.000,00.000	4.3	0	-200	0	4.5	29.4648	23.4949	5.96989	0	0	0	0	0	0	0	0	0	0	0	0	0	0	0	0	0	0
00.000,00.000	4.4	0	-200	0	4.5	29.7926	23.5344	6.25826	0	0	0	0	0	0	0	0	0	0	0	0	0	0	0	0	0	0
00.000,00.000	4.5	0	-200	0	4.5	30.1119	23.5657	6.54622	0	0	0	0	0	0	0	0	0	0	0	0	0	0	0	0	0	0
00.000,00.000	4.6	0	-200	0	4.5	30.4231	23.5899	6.83322	0	0	0	0	0	0	0	0	0	0	0	0	0	0	0	0	0	0
00.000,00.000	4.7	0	-200	0	4.5	30.7275	23.6087	7.1188	0	0	0	0	0	0	0	0	0	0	0	0	0	0	0	0	0	0
00.000,00.000	4.8	0	-200	0	4.5	31.0259	23.6229	7.403	0	0	0	0	0	0	0	0	0	0	0	0	0	0	0	0	0	0
00.000,00.000	4.9	0	-200	0	4.5	31.3193	23.6334	7.68591	0	0	0	0	0	0	0	0	0	0	0	0	0	0	0	0	0	0
00.000,00.000	5	0	-200	0	4.5	31.6074	23.6398	7.96756	0	0	0	0	0	0	0	0	0	0	0	0	0	0	0	0	0	0
00.000,00.000	5.1	0	-200	0	4.5	31.8948	23.6466	8.24819	0	0	0	0	0	0	0	0	0	0	0	0	0	0	0	0	0	0
00.000,00.000	5.2	0	-200	0	4.5	32.183	23.655	8.52802	0	0	0	0	0	0	0	0	0	0	0	0	0	0	0	0	0	0
00.000,00.000	5.3	0	-200	0	4.5	32.4728	23.6655	8.80728	0	0	0	0	0	0	0	0	0	0	0	0	0	0	0	0	0	0
00.000,00.000	5.4	0	-200	0	4.5	32.7653	23.6791	9.08618	0	0	0	0	0	0	0	0	0	0	0	0	0	0	0	0	0	0
00.000,00.000	5.5	0	-200	0	4.5	33.0593	23.6948	9.36456	0	0	0	0	0	0	0	0	0	0	0	0	0	0	0	0	0	0
00.000,00.000	5.6	0	-200	0	4.5	33.3557	23.7128	9.64297	0	0	0	0	0	0	0	0	0	0	0	0	0	0	0	0	0	0
00.000,00.000	5.7	0	-200	0	4.5	33.6545	23.7334	9.92104	0	0	0	0	0	0	0	0	0	0	0	0	0	0	0	0	0	0
00.000,00.000	5.8	0	-200	0	4.5	33.9569	23.7581	10.1988	0	0	0	0	0	0	0	0	0	0	0	0	0	0	0	0	0	0
00.000,00.000	5.9	0	-200	0	4.5	34.2627	23.7865	10.3029	0.173327	0	0	0	0	0	0	0	0	0	0	0	0	0	0	0	0	0
00.000,00.000	6	0	-200	0	4.5	34.5724	23.8195	10.3031	0.449778	0	0	0	0	0	0	0	0	0	0	0	0	0	0	0	0	0
00.000,00.000	6.1	0	-200	0	4.5	34.8855	23.8568	10.3033	0.725354	0	0	0	0	0	0	0	0	0	0	0	0	0	0	0	0	0
00.000,00.000	6.2	0	-200	0	4.5	35.203	23.898	10.3047	1.00037	0	0	0	0	0	0	0	0	0	0	0	0	0	0	0	0	0
00.000,00.000	6.3	0	-200	0	4.5	35.5243	23.9431	10.3064	1.27476	0	0	0	0	0	0	0	0	0	0	0	0	0	0	0	0	0
00.000,00.000	6.4	0	-200	0	4.5	35.8496	23.9919	10.3092	1.54845	0	0	0	0	0	0	0	0	0	0	0	0	0	0	0	0	0
00.000,00.000	6.5	0	-200	0	4.5	36.1816	24.0466	10.3141	1.82089	0	0	0	0	0	0	0	0	0	0	0	0	0	0	0	0	0
00.000,00.000	6.6	0	-200	0	4.5	36.5215	24.1074	10.3208	2.09327	0	0	0	0	0	0	0	0	0	0	0	0	0	0	0	0	0
00.000,00.000	6.7	0	-200	0	4.5	36.8736	24.1785	10.3304	2.36468	0	0	0	0	0	0	0	0	0	0	0	0	0	0	0	0	0
00.000,00.000	6.8	0	-200	0	4.5	37.2353	24.2577	10.3419	2.63572	0	0	0	0	0	0	0	0	0	0	0	0	0	0	0	0	0
00.000,00.000	6.9	0	-200	0	4.5	37.6145	24.351	10.3571	2.90639	0	0	0	0	0	0	0	0	0	0	0	0	0	0	0	0	0
00.000,00.000	7	0	-200	0	4.5	38.01	24.4589	10.3748	3.17624	0	0	0	0	0	0	0	0	0	0	0	0	0	0	0	0	0
00.000,00.000	7.1	0	-200	0	4.5	38.4257	24.5844	10.3959	3.44541	0	0	0	0	0	0	0	0	0	0	0	0	0	0	0	0	0
00.000,00.000	7.2	0	-200	0	4.5	38.866	24.7309	10.4212	3.71389	0	0	0	0	0	0	0	0	0	0	0	0	0	0	0	0	0
00.000,00.000	7.3	0	-200	0	4.5	39.329	24.8979	10.4495	3.98163	0	0	0	0	0	0	0	0	0	0	0	0	0	0	0	0	0
00.000,00.000	7.4	0	-200	0	4.5	39.8197	25.0898	10.4812	4.24868	0	0	0	0	0	0	0	0	0	0	0	0	0	0	0	0	0
00.000,00.000	7.5	0	-200	0	4.5	40.3294	25.2983	10.5165	4.51461	0	0	0	0	0	0	0	0	0	0	0	0	0	0	0	0	0
00.000,00.000	7.6	0	-200	0	4.5	40.8655	25.5298	10.5557	4.78002	0	0	0	0	0	0	0	0	0	0	0	0	0	0	0	0	0
00.000,00.000	7.7	0	-200	0	4.5	41.4231	25.7778	10.6006	5.04464	0	0	0	0	0	0	0	0	0	0	0	0	0	0	0	0	0
00.000,00.000	7.8	0	-200	0	4.5	42.0099	26.052	10.6491	5.30881	0	0	0	0	0	0	0	0	0	0	0	0	0	0	0	0	0
00.000,00.000	7.9	0	-200	0	4.5	42.6277	26.3531	10.7021	5.57254	0	0	0	0	0	0	0	0	0	0	0	0	0	0	0	0	0
00.000,00.000	8	0	-200	0	4.5	43.2787	26.6828	10.7602	5.83565	0	0	0	0	0	0	0	0	0	0	0	0	0	0	0	0	0
00.000,00.000	8.1	0	-200	0	4.5	43.9646	27.0433	10.8231	6.09819	0	0	0	0	0	0	0	0	0	0	0	0	0	0	0	0	0
00.000,00.000	8.2	0	-200	0	4.5	44.6962	27.4453	10.8908	6.36014	0	0	0	0	0	0	0	0	0	0	0	0	0	0	0	0	0
00.000,00.000	8.3	0	-200	0	4.5	45.4777	27.8908	10.9654	6.62151	0	0	0	0	0	0	0	0	0	0	0	0	0	0	0	0	0
00.000,00.000	8.4	0	-200	0	4.5	46.2993	28.371	11.0461	6.88218	0	0	0	0	0	0	0	0	0	0	0	0	0	0	0	0	0
00.000,00.000	8.5	0	-200	0	4.5	47.1442	28.8698	11.1325	7.14181	0	0	0	0	0	0	0	0	0	0	0	0	0	0	0	0	0
00.000,00.000	8.6	0	-200	0	4.5	48.0162	29.4069	11.2084	7.40094	0	0	0	0	0	0	0	0	0	0	0	0	0	0	0	0	0
00.000,00.000	8.7	0	-200	0	4.5	48.9143	29.9686	11.2861	7.65959	0	0	0	0	0	0	0	0	0	0	0	0	0	0	0	0	0
00.000,00.000	8.8	0	-200	0	4.5	49.8422	30.5544	11.37	7.91776	0	0	0	0	0	0	0	0	0	0	0	0	0	0	0	0	0
00.000,00.000	8.9	0	-200	0	4.5	50.8154	31.1794	11.4603	8.17574	0	0	0	0	0	0	0	0	0	0	0	0	0	0	0	0	0
00.000,00.000	9	0	-200	0	4.5	51.8371	31.8445	11.5594	8.43328	0	0	0	0	0	0	0	0	0	0	0	0	0	0	0	0	0
00.000,00.000	9.1	0	-200	0	4.5	52.9109	32.5544	11.6661	8.69039	0	0	0	0	0	0	0	0	0	0	0	0	0	0	0	0	0
00.000,00.000	9.2	0	-200	0	4.5	54.0386	33.3088	11.7827	8.94709	0	0	0	0	0	0	0	0	0	0	0	0	0	0	0	0	0
00.000,00.000	9.3	0	-200	0	4.5	55.2199	34.1088	11.9077	9.20339	0	0	0	0	0	0	0	0	0	0	0	0	0	0	0	0	0
00.000,00.000	9.4	0	-200	0	4.5	56.4482	34.9518	12.0371	9.45934	0	0	0	0	0	0	0	0	0	0	0	0	0	0	0	0	0
00.000,00.000	9.5	0	-200	0	4.5	57.7021	35.8139	12.1736	9.71453	0	0	0	0	0	0	0	0	0	0	0	0	0	0	0	0	0
00.000,00.000	9.6	0	-200	0	4.5	58.9855	36.6975	12.3184	9.96961	0	0	0	0	0	0	0	0	0	0	0	0	0	0	0	0	0
00.000,00.000	9.7	0	-200	0	4.5	60.301	37.6059	12.4705	10.1496	0.0749893	0	0	0	0	0	0	0	0	0	0	0	0	0	0	0	0
00.000,00.000	9.8	0	-200	0	4.5	61.6591	38.5477	12.6318	10.1506	0.329068	0	0	0	0	0	0	0	0	0	0	0	0	0	0	0	0
00.000,00.000	9.9	0	-200	0	4.5	63.0861	39.5502	12.801	10.1506	0.584324	0	0	0	0	0	0	0	0	0	0	0	0	0	0	0	0
00.000,00.000	10	0	-200	0	4.5	64.5817	40.615	12.9766	10.1506	0.839505	0	0	0	0	0	0	0	0	0	0	0	0	0	0	0	0
00.000,00.000	10.1	0	-200	0	4.5	65.9523	41.7421	13.1601	10.1517	0.898413	0	0	0	0	0	0	0	0	0	0	0	0	0	0	0	0
00.000,00.000	10.2	0	-200	0	4.5	67.3267	42.9278	13.354	10.1535	0.891429	0	0	0	0	0	0	0	0	0	0	0	0	0	0	0	0
00.000,00.000	10.3	0	-200	0	4.5	68.7799	44.1747	13.5574	10.1563	0.891429	0	0	0	0	0	0	0	0	0	0	0	0	0	0	0	0
00.000,00.000	10.4	0	-200	0	4.5	70.2931	45.4703	13.7705	10.1609	0.891429	0	0	0	0	0	0	0	0	0	0	0	0	0	0	0	0
00.000,00.000	10.5	0	-200	0	4.5	71.8316	46.7826	13.9908	10.1667	0.891429	0	0	0	0	0	0	0	0	0	0	0	0	0	0	0	0
00.000,00.000	10.6	0	-200	0	4.5	73.4066	48.1222	14.2189	10.174	0.891429	0	0	0	0	0	0	0	0	0	0	0	0	0	0	0	0
00.000,00.000	10.7	0	-200	0	4.5	75.024	49.4955	14.4535	10.1836	0.891429	0	0	0	0	0	0	0	0	0	0	0	0	0	0	0	0
00.000,00.000	10.8	0	-200	0	4.5	76.6983	50.9168	14.6952	10.1948	0.891429	0	0	0	0	0	0	0	0	0	0	0	0	0	0	0	0
00.000,00.000	10.9	0	-200	0	4.5	78.4642	52.4207	14.9442	10.2079	0.891429	0	0	0	0	0	0	0	0	0	0	0	0	0	0	0	0
00.000,00.000	11	0	-200	0	4.5	80.3217	54.0068	15.1997	10.2238	0.891429	0	0	0	0	0	0	0	0	0	0	0	0	0	0	0	0
00.000,00.000	11.1	0	-200	0	4.5	82.2657	55.6679	15.4647	10.2417	0.891429	0	0	0	0	0	0	0	0	0	0	0	0	0	0	0	0
00.000,00.000	11.2	0	-200	0	4.5	84.3162	57.423	15.7398	10.2619	0.891429	0	0	0	0	0	0	0	0	0	0	0	0	0	0	0	0
00.000,00.000	11.3	0	-200	0	4.5	86.4614	59.2586	16.0261	10.2853	0.891429	0	0	0	0	0	0	0	0	0	0	0	0	0	0	0	0
00.000,00.000	11.4	0	-200	0	4.5	88.6838	61.1564	16.3243	10.3117	0.891429	0	0	0	0	0	0	0	0	0	0	0	0	0	0	0	0
00.000,00.000	11.5	0	-200	0	4.5	90.9397	63.0758	16.6302	10.3424	0.891429	0	0	0	0	0	0	0	0	0	0	0	0	0	0	0	0
00.000,00.000	11.6	0	-200	0	4.5	93.2304	65.0192	16.9431	10.3768	0.891429	0	0	0	0	0	0	0	0	0	0	0	0	0	0	0	0
00.000,00.000	11.7	0	-200	0	4.5	95.5646	66.9958	17.2626	10.4148	0.891429	0	0	0	0	0	0	0	0	0	0	0	0	0	0	0	0
00.000,00.000	11.8	0	-200	0	4.5	97.9702	69.0321	17.5893	10.4574	0.891429	0	0	0	0	0	0	0	0	0	0	0	0	0	0	0	0
00.000,00.000	11.9	0	-200	0	4.5	100.501	71.1801	17.9254	10.504	0.891429	0	0	0	0	0	0	0	0	0	0	0	0	0	0	0	0
00.000,00.000	12	0	-200	0	4.5	103.207	73.4779	18.2875	10.5501	0.891429	0	0	0	0	0	0	0	0	0	0	0	0	0	0	0	0
00.000,00.000	12.1	0	-200	0	4.5	106	75.8457	18.6712	10.5916	0.891429	0	0	0	0	0	0	0	0	0	0	0	0	0	0	0	0
00.000,00.000	12.2	0	-200	0	4.5	108.741	78.1535	19.0592	10.6371	0.891429	0	0	0	0	0	0	0	0	0	0	0	0	0	0	0	0
00.000,00.000	12.3	0	-200	0	4.5	111.496	80.465	19.4532	10.6862	0.891429	0	0	0	0	0	0	0	0	0	0	0	0	0	0	0	0
00.000,00.000	12.4	0	-200	0	4.5	114.275	82.7887	19.8532	10.7415	0.891429	0	0	0	0	0	0	0	0	0	0	0	0	0	0	0	0
00.000,00.000	12.5	0	-200	0	4.5	117.52	85.4868	20.3304	10.811	0.891429	0	0	0	0	0	0	0	0	0	0	0	0	0	0	0	0
00.000,00.000	12.6	0	-200	0	4.5	120.78	88.0005	21.0028	10.8849	0.891429	0	0	0	0	0	0	0	0	0	0	0	0	0	0	0	0
00.000,00.000	12.7	0	-200	0	4.5	123.723	90.0652	21.8169	10.9498	0.891429	0	0	0	0	0	0	0	0	0	0	0	0	0	0	0	0
00.000,00.000	12.8	0	-200	0	4.5	125.795	91.5154	22.392	10.9964	0.891429	0	0	0	0	0	0	0	0	0	0	0	0	0	0	0	0
00.000,00.000	12.9	0	-200	0	4.5	128.594	93.4734	23.1642	11.0646	0.891429	0	0	0	0	0	0	0	0	0	0	0	0	0	0	0	0
00.000,00.000	13	0	-200	0	4.5	131.76	95.3875	24.3373	11.1441	0.891429	0	0	0	0	0	0	0	0	0	0	0	0	0	0	0	0
00.000,00.000	13.1	0	-200	0	4.5	134.765	97.2133	25.4358	11.2244	0.891429	0	0	0	0	0	0	0	0	0	0	0	0	0	0	0	0
00.000,00.000	13.2	0	-200	0	4.5	137.77	99.0503	26.518	11.31	0.891429	0	0	0	0	0	0	0	0	0	0	0	0	0	0	0	0
00.000,00.000	13.3	0	-200	0	4.5	140.838	100.93	27.616	11.4014	0.891429	0	0	0	0	0	0	0	0	0	0	0	0	0	0	0	0
00.000,00.000	13.4	0	-200	0	4.5	143.958	102.837	28.732	11.497	0.891429	0	0	0	0	0	0	0	0	0	0	0	0	0	0	0	0
00.000,00.000	13.5	0	-200	0	4.5	148.218	105.42	30.2675	11.6392	0.891429	0	0	0	0	0	0	0	0	0	0	0	0	0	0	0	0
00.000,00.000	13.6	0	-200	0	4.5	152.194	107.812	31.7118	11.7782	0.891429	0	0	0	0	0	0	0	0	0	0	0	0	0	0	0	0
00.000,00.000	13.7	0	-200	0	4.5	155.465	109.768	32.9045	11.9011	0.891429	0	0	0	0	0	0	0	0	0	0	0	0	0	0	0	0
00.000,00.000	13.8	0	-200	0	4.5	157.349	110.89	33.5931	11.9743	0.891429	0	0	0	0	0	0	0	0	0	0	0	0	0	0	0	0
00.000,00.000	13.9	0	-200	0	4.5	159.822	112.368	34.4866	12.0763	0.891429	0	0	0	0	0	0	0	0	0	0	0	0	0	0	0	0
00.000,00.000	14	0	-200	0	4.5	163.701	114.689	35.8779	12.2421	0.891429	0	0	0	0	0	0	0	0	0	0	0	0	0	0	0	0
00.000,00.000	14.1	0	-200	0	4.5	167.065	116.693	37.0853	12.3951	0.891429	0	0	0	0	0	0	0	0	0	0	0	0	0	0	0	0
00.000,00.000	14.2	0	-200	0	4.5	169.894	118.558	37.8988	12.5457	0.891429	0	0	0	0	0	0	0	0	0	0	0	0	0	0	0	0
00.000,00.000	14.3	0	-200	0	4.5	172.718	120.406	38.7167	12.7038	0.891523	0	0	0	0	0	0	0	0	0	0	0	0	0	0	0	0
00.000,00.000	14.4	0	-200	0	4.5	175.526	122.227	39.537	12.8695	0.892385	0	0	0	0	0	0	0	0	0	0	0	0	0	0	0	0
00.000,00.000	14.5	0	-200	0	4.5	180.267	125.254	40.9505	13.1683	0.894863	0	0	0	0	0	0	0	0	0	0	0	0	0	0	0	0
00.000,00.000	14.6	0	-200	0	4.5	183.687	127.404	41.9891	13.3959	0.897315	0	0	0	0	0	0	0	0	0	0	0	0	0	0	0	0
00.000,00.000	14.7	0	-200	0	4.5	186.681	129.262	42.9106	13.6082	0.900193	0	0	0	0	0	0	0	0	0	0	0	0	0	0	0	0
00.000,00.000	14.8	0	-200	0	4.5	187.915	130.021	43.2939	13.6986	0.901616	0	0	0	0	0	0	0	0	0	0	0	0	0	0	0	0
00.000,00.000	14.9	0	-200	0	4.5	189.733	131.129	43.8601	13.8402	0.904212	0	0	0	0	0	0	0	0	0	0	0	0	0	0	0	0
00.000,00.000	15	0	-200	0	4.5	193.17	133.211	44.9312	14.118	0.90986	0	0	0	0	0	0	0	0	0	0	0	0	0	0	0	0
00.000,00.000	15.1	0	-200	0	4.5	195.987	134.909	45.8141	14.3537	0.909962	0	0	0	0	0	0	0	0	0	0	0	0	0	0	0	0
00.000,00.000	15.2	0	-200	0	4.5	198.517	136.429	46.6038	14.5735	0.910195	0	0	0	0	0	0	0	0	0	0	0	0	0	0	0	0
00.000,00.000	15.3	0	-200	0	4.5	201.019	137.918	47.3908	14.7998	0.91036	0	0	0	0	0	0	0	0	0	0	0	0	0	0	0	0
00.000,00.000	15.4	0	-200	0	4.5	203.485	139.368	48.174	15.0327	0.910487	0	0	0	0	0	0	0	0	0	0	0	0	0	0	0	0
00.000,00.000	15.5	0	-200	0	4.5	210.638	143.489	50.4911	15.7463	0.911724	0	0	0	0	0	0	0	0	0	0	0	0	0	0	0	0
00.000,00.000	15.6	0	-200	0	4.5	212.054	144.3	50.9529	15.8913	0.910395	0	0	0	0	0	0	0	0	0	0	0	0	0	0	0	0
00.000,00.000	15.7	0	-200	0	4.5	214.411	145.612	51.7361	16.1514	0.911082	0	0	0	0	0	0	0	0	0	0	0	0	0	0	0	0
00.000,00.000	15.8	0	-200	0	4.5	214.868	145.866	51.8888	16.2031	0.910711	0	0	0	0	0	0	0	0	0	0	0	0	0	0	0	0
00.000,00.000	15.9	0	-200	0	4.5	217.423	147.28	52.7158	16.5164	0.910796	0	0	0	0	0	0	0	0	0	0	0	0	0	0	0	0
00.000,00.000	16	0	-200	0	4.5	221.08	149.285	53.8973	16.9877	0.910503	0	0	0	0	0	0	0	0	0	0	0	0	0	0	0	0
00.000,00.000	16.1	0	-200	0	4.5	223.471	150.581	54.6721	17.3075	0.910328	0	0	0	0	0	0	0	0	0	0	0	0	0	0	0	0
00.000,00.000	16.2	0	-200	0	4.5	225.527	151.69	55.3349	17.591	0.91043	0	0	0	0	0	0	0	0	0	0	0	0	0	0	0	0
00.000,00.000	16.3	0	-200	0	4.5	227.564	152.781	55.7541	18.1176	0.910513	0	0	0	0	0	0	0	0	0	0	0	0	0	0	0	0
00.000,00.000	16.4	0	-200	0	4.5	229.587	153.855	56.1327	18.6889	0.910643	0	0	0	0	0	0	0	0	0	0	0	0	0	0	0	0
00.000,00.000	16.5	0	-200	0	4.5	239.075	158.85	57.8652	21.4469	0.912048	0	0	0	0	0	0	0	0	0	0	0	0	0	0	0	0
00.000,00.000	16.6	0	-200	0	4.5	240.829	159.796	58.1674	21.9543	0.910837	0	0	0	0	0	0	0	0	0	0	0	0	0	0	0	0
00.000,00.000	16.7	0	-200	0	4.5	254.655	167.327	60.686	25.73	0.912169	0	0	0	0	0	0	0	0	0	0	0	0	0	0	0	0
00.000,00.000	16.8	0	-200	0	4.5	257.493	169.095	61.2704	26.2173	0.910557	0	0	0	0	0	0	0	0	0	0	0	0	0	0	0	0
00.000,00.000	16.9	0	-200	0	4.5	264.261	173.128	62.7253	27.4974	0.91078	0	0	0	0	0	0	0	0	0	0	0	0	0	0	0	0
00.000,00.000	17	0	-200	0	4.5	267.535	175.088	63.4332	28.1034	0.909975	0	0	0	0	0	0	0	0	0	0	0	0	0	0	0	0
00.000,00.000	17.1	0	-200	0	4.5	269.073	175.997	63.7716	28.3942	0.910023	0	0	0	0	0	0	0	0	0	0	0	0	0	0	0	0
00.000,00.000	17.2	0	-200	0	4.5	270.654	176.942	64.1063	28.6958	0.910041	0	0	0	0	0	0	0	0	0	0	0	0	0	0	0	0
00.000,00.000	17.3	0	-200	0	4.5	272.277	177.909	64.4541	29.0038	0.91006	0	0	0	0	0	0	0	0	0	0	0	0	0	0	0	0
00.000,00.000	17.4	0	-200	0	4.5	273.934	178.891	64.8168	29.3161	0.91009	0	0	0	0	0	0	0	0	0	0	0	0	0	0	0	0
00.000,00.000	17.5	0	-200	0	4.5	285.069	184.995	67.1922	31.3326	0.910861	0.638091	0	0	0	0	0	0	0	0	0	0	0	0	0	0	0
00.000,00.000	17.6	0	-200	0	4.5	287.429	186.188	67.6687	31.7266	0.910111	0.935743	0	0	0	0	0	0	0	0	0	0	0	0	0	0	0
00.000,00.000	17.7	0	-200	0	4.5	304.804	194.571	71.4319	34.7039	0.910902	3.18626	0	0	0	0	0	0	0	0	0	0	0	0	0	0	0
00.000,00.000	17.8	0	-200	0	4.5	309.054	196.722	72.3521	35.3535	0.909792	3.71695	0	0	0	0	0	0	0	0	0	0	0	0	0	0	0
00.000,00.000	17.9	0	-200	0	4.5	319.292	201.75	74.5875	37.0931	0.909932	4.95141	0	0	0	0	0	0	0	0	0	0	0	0	0	0	0
00.000,00.000	18	0	-200	0	4.5	324.045	204.156	75.6171	37.8567	0.909353	5.26002	0.245068	0	0	0	0	0	0	0	0	0	0	0	0	0	0
00.000,00.000	18.1	0	-200	0	4.5	326.119	205.195	76.0826	38.1993	0.909386	5.30786	0.424681	0	0	0	0	0	0	0	0	0	0	0	0	0	0
00.000,00.000	18.2	0	-200	0	4.5	328.288	206.285	76.5742	38.5562	0.909407	5.32416	0.639002	0	0	0	0	0	0	0	0	0	0	0	0	0	0
00.000,00.000	18.3	0	-200	0	4.5	330.523	207.41	77.0884	38.9221	0.909431	5.32416	0.869091	0	0	0	0	0	0	0	0	0	0	0	0	0	0
00.000,00.000	18.4	0	-200	0	4.5	332.825	208.572	77.6246	39.2945	0.909459	5.32416	1.09945	0	0	0	0	0	0	0	0	0	0	0	0	0	0
00.000,00.000	18.5	0	-200	0	4.5	348.332	216.193	81.5068	41.7753	0.909915	5.32416	2.6224	0	0	0	0	0	0	0	0	0	0	0	0	0	0
00.000,00.000	18.6	0	-200	0	4.5	351.409	217.242	82.7718	42.2383	0.909915	5.32416	2.92308	0	0	0	0	0	0	0	0	0	0	0	0	0	0
00.000,00.000	18.7	0	-200	0	4.5	372.867	223.947	91.4325	46.0393	0.94413	5.32416	5.17952	0	0	0	0	0	0	0	0	0	0	0	0	0	0
00.000,00.000	18.8	0	-200	0	4.5	378.045	225.539	93.5474	46.8936	1.02892	5.32445	5.71112	0	0	0	0	0	0	0	0	0	0	0	0	0	0
00.000,00.000	18.9	0	-200	0	4.5	390.418	229.377	98.4357	49.146	1.19758	5.34582	6.9156	0	0	0	0	0	0	0	0	0	0	0	0	0	0
00.000,00.000	19	0	-200	0	4.5	396.125	231.169	100.724	50.1314	1.28117	5.35841	7.46014	0	0	0	0	0	0	0	0	0	0	0	0	0	0
00.000,00.000	19.1	0	-200	0	4.5	398.57	231.945	101.682	50.5788	1.31445	5.37158	7.67857	0	0	0	0	0	0	0	0	0	0	0	0	0	0
00.000,00.000	19.2	0	-200	0	4.5	401.158	232.762	102.698	51.0575	1.35006	5.3891	7.90162	0	0	0	0	0	0	0	0	0	0	0	0	0	0
00.000,00.000	19.3	0	-200	0	4.5	403.802	233.617	103.721	51.5426	1.38661	5.4115	8.12416	0	0	0	0	0	0	0	0	0	0	0	0	0	0
00.000,00.000	19.4	0	-200	0	4.5	406.508	234.501	104.762	52.0359	1.42411	5.43893	8.34628	0	0	0	0	0	0	0	0	0	0	0	0	0	0
00.000,00.000	19.5	0	-200	0	4.5	409.423	235.443	105.883	52.578	1.46462	5.47424	8.57986	0	0	0	0	0	0	0	0	0	0	0	0	0	0
00.000,00.000	19.6	0	-200	0	4.5	412.146	236.311	106.935	53.0926	1.50282	5.51022	8.79468	0	0	0	0	0	0	0	0	0	0	0	0	0	0
00.000,00.000	19.7	0	-200	0	4.5	414.967	237.212	108.02	53.6278	1.54208	5.55287	9.01134	0	0	0	0	0	0	0	0	0	0	0	0	0	0
00.000,00.000	19.8	0	-200	0	4.5	417.764	238.148	109.013	54.1836	1.58312	5.6031	9.23233	0	0	0	0	0	0	0	0	0	0	0	0	0	0
00.000,00.000	19.9	0	-200	0	4.5	423.154	240.055	110.75	55.2997	1.66574	5.71712	9.59168	0.0745434	0	0	0	0	0	0	0	0	0	0	0	0	0
00.000,00.000	20	0	-200	0	4.5	424.458	240.529	111.162	55.5639	1.68684	5.7455	9.55689	0.213494	0	0	0	0	0	0	0	0	0	0	0	0	0
00.000,00.000	20.1	0	-200	0	4.5	428.587	242.062	112.474	56.3671	1.75007	5.84886	9.57704	0.508414	0	0	0	0	0	0	0	0	0	0	0	0	0
00.000,00.000	20.2	0	-200	0	4.5	432.061	243.393	113.551	57.0264	1.80419	5.93982	9.57275	0.773326	0	0	0	0	0	0	0	0	0	0	0	0	0
00.000,00.000	20.3	0	-200	0	4.5	435.083	244.569	114.485	57.5868	1.85064	6.02533	9.57275	0.993456	0	0	0	0	0	0	0	0	0	0	0	0	0
00.000,00.000	20.4	0	-200	0	4.5	439.763	246.415	115.929	58.4321	1.92197	6.16664	9.57275	1.32565	0	0	0	0	0	0	0	0	0	0	0	0	0
00.000,00.000	20.5	0	-200	0	4.5	440.968	246.901	116.291	58.6465	1.94106	6.20432	9.57277	1.41085	0	0	0	0	0	0	0	0	0	0	0	0	0
00.000,00.000	20.6	0	-200	0	4.5	454.654	252.298	120.506	61.0842	2.15225	6.67255	9.5789	2.36225	0	0	0	0	0	0	0	0	0	0	0	0	0
00.000,00.000	20.7	0	-200	0	4.5	462.959	255.556	123.04	62.5773	2.28517	6.96861	9.58731	2.94445	0	0	0	0	0	0	0	0	0	0	0	0	0
00.000,00.000	20.8	0	-200	0	4.5	463.461	255.756	123.193	62.665	2.29331	6.98711	9.58819	2.97874	0	0	0	0	0	0	0	0	0	0	0	0	0
00.000,00.000	20.9	0	-200	0	4.5	463.704	255.854	123.266	62.7067	2.29713	6.99654	9.58883	2.99476	0	0	0	0	0	0	0	0	0	0	0	0	0
00.000,00.000	21	0	-200	0	4.5	464.112	256.024	123.39	62.7709	2.30356	7.01307	9.59022	3.02125	0	0	0	0	0	0	0	0	0	0	0	0	0
00.000,00.000	21.1	0	-200	0	4.5	474.281	260.319	126.462	64.2997	2.46454	7.436	9.63271	3.66676	0	0	0	0	0	0	0	0	0	0	0	0	0
00.000,00.000	21.2	0	-200	0	4.5	479.913	262.805	128.077	65.0996	2.55765	7.68074	9.66143	4.03127	0	0	0	0	0	0	0	0	0	0	0	0	0
00.000,00.000	21.3	0	-200	0	4.5	483.376	264.347	129.052	65.5975	2.61416	7.83402	9.68459	4.24742	0	0	0	0	0	0	0	0	0	0	0	0	0
00.000,00.000	21.4	0	-200	0	4.5	486.946	265.949	130.055	66.0983	2.67217	7.99435	9.71226	4.46523	0	0	0	0	0	0	0	0	0	0	0	0	0
00.000,00.000	21.5	0	-200	0	4.5	490.575	267.566	131.106	66.597	2.73111	8.14717	9.74457	4.68289	0	0	0	0	0	0	0	0	0	0	0	0	0
00.000,00.000	21.6	0	-200	0	4.5	494.21	269.131	132.221	67.0894	2.79083	8.29628	9.78177	4.90007	0	0	0	0	0	0	0	0	0	0	0	0	0
00.000,00.000	21.7	0	-200	0	4.5	505.314	273.884	135.676	68.5549	2.97196	8.7723	9.90927	5.54625	0	0	0	0	0	0	0	0	0	0	0	0	0
00.000,00.000	21.8	0	-200	0	4.5	507.658	274.88	136.401	68.8667	3.01297	8.86608	9.93943	5.69153	0	0	0	0	0	0	0	0	0	0	0	0	0
00.000,00.000	21.9	0	-200	0	4.5	528.82	283.793	143.023	71.5257	3.43799	9.83364	10.2628	6.94381	0	0	0	0	0	0	0	0	0	0	0	0	0
00.000,00.000	22	0	-200	0	4.5	533.685	285.913	144.527	72.0585	3.55012	10.0459	10.3459	7.24418	0	0	0	0	0	0	0	0	0	0	0	0	0
00.000,00.000	22.1	0	-200	0	4.5	545.271	290.975	148.1	73.3446	3.78118	10.5987	10.5743	7.89843	0	0	0	0	0	0	0	0	0	0	0	0	0
00.000,00.000	22.2	0	-200	0	4.5	551.55	293.669	150.148	74.0328	3.91151	10.8131	10.7113	8.26392	0	0	0	0	0	0	0	0	0	0	0	0	0
00.000,00.000	22.3	0	-200	0	4.5	555.403	295.303	151.417	74.4497	3.98587	10.9682	10.8029	8.47654	0	0	0	0	0	0	0	0	0	0	0	0	0
00.000,00.000	22.4	0	-200	0	4.5	559.476	297.041	152.764	74.8763	4.06152	11.1308	10.9069	8.69596	0	0	0	0	0	0	0	0	0	0	0	0	0
00.000,00.000	22.5	0	-200	0	4.5	563.523	298.737	154.125	75.2962	4.1343	11.2983	11.0196	8.91277	0	0	0	0	0	0	0	0	0	0	0	0	0
00.000,00.000	22.6	0	-200	0	4.5	567.513	300.372	155.496	75.7087	4.20425	11.4656	11.1395	9.12679	0	0	0	0	0	0	0	0	0	0	0	0	0
00.000,00.000	22.7	0	-200	0	4.5	571.522	301.852	156.956	76.1536	4.27813	11.6465	11.2755	9.36074	0	0	0	0	0	0	0	0	0	0	0	0	0
00.000,00.000	22.8	0	-200	0	4.5	579.903	305.671	159.577	76.9125	4.42253	12.0108	11.5471	9.74404	0.0190624	0	0	0	0	0	0	0	0	0	0	0	0
00.000,00.000	22.9	0	-200	0	4.5	595.045	311.703	164.84	78.4021	4.71267	12.7034	12.1181	9.77401	0.791932	0	0	0	0	0	0	0	0	0	0	0	0
00.000,00.000	23	0	-200	0	4.5	598.005	312.936	165.845	78.6724	4.77318	12.8289	12.232	9.77401	0.943104	0	0	0	0	0	0	0	0	0	0	0	0
00.000,00.000	23.1	0	-200	0	4.5	612.153	319.043	170.498	79.9038	5.02158	13.4761	12.8136	9.7746	1.62259	0	0	0	0	0	0	0	0	0	0	0	0
00.000,00.000	23.2	0	-200	0	4.5	620.028	322.384	173.028	80.5622	5.31521	13.8232	13.1446	9.77646	1.99339	0	0	0	0	0	0	0	0	0	0	0	0
00.000,00.000	23.3	0	-200	0	4.5	624.683	324.362	174.547	80.9314	5.47852	14.0343	13.3474	9.78027	2.20312	0	0	0	0	0	0	0	0	0	0	0	0
00.000,00.000	23.4	0	-200	0	4.5	629.485	326.407	176.12	81.2969	5.64305	14.2533	13.5643	9.78571	2.41473	0	0	0	0	0	0	0	0	0	0	0	0
00.000,00.000	23.5	0	-200	0	4.5	634.361	328.469	177.733	81.6588	5.80751	14.4781	13.793	9.7931	2.62728	0	0	0	0	0	0	0	0	0	0	0	0
00.000,00.000	23.6	0	-200	0	4.5	639.209	330.485	179.361	82.0118	5.97054	14.706	14.0314	9.80442	2.83888	0	0	0	0	0	0	0	0	0	0	0	0
00.000,00.000	23.7	0	-200	0	4.5	645.103	332.929	181.342	82.4314	6.16501	14.9887	14.3322	9.82313	3.09222	0	0	0	0	0	0	0	0	0	0	0	0
00.000,00.000	23.8	0	-200	0	4.5	652.008	335.785	183.661	82.9126	6.38984	15.3238	14.6976	9.85245	3.38626	0	0	0	0	0	0	0	0	0	0	0	0
00.000,00.000	23.9	0	-200	0	4.5	678.004	345.612	192.925	84.7348	7.24558	16.828	16.1469	9.99808	4.51309	0	0	0	0	0	0	0	0	0	0	0	0
00.000,00.000	24	0	-200	0	4.5	683.242	347.431	194.904	85.0913	7.41906	17.1801	16.4464	10.0329	4.73759	0	0	0	0	0	0	0	0	0	0	0	0
00.000,00.000	24.1	0	-200	0	4.5	703.3	354.659	202.262	86.5214	8.02945	18.4839	17.5867	10.2164	5.54037	0	0	0	0	0	0	0	0	0	0	0	0
00.000,00.000	24.2	0	-200	0	4.5	713.222	358.409	205.485	87.3695	8.34278	19.161	18.1819	10.3221	5.9502	0	0	0	0	0	0	0	0	0	0	0	0
00.000,00.000	24.3	0	-200	0	4.5	718.439	360.369	207.198	87.7717	8.54595	19.5133	18.4963	10.3882	6.15722	0	0	0	0	0	0	0	0	0	0	0	0
00.000,00.000	24.4	0	-200	0	4.5	737.743	367.698	213.473	89.1764	9.29002	20.8338	19.6884	10.6701	6.91332	0	0	0	0	0	0	0	0	0	0	0	0
00.000,00.000	24.5	0	-200	0	4.5	747.657	371.447	216.594	89.887	9.75527	21.524	20.3147	10.831	7.30409	0	0	0	0	0	0	0	0	0	0	0	0
00.000,00.000	24.6	0	-200	0	4.5	753.114	373.472	218.367	90.2602	10.0057	21.9021	20.6622	10.9314	7.51409	0	0	0	0	0	0	0	0	0	0	0	0
00.000,00.000	24.7	0	-200	0	4.5	758.55	375.505	220.118	90.6212	10.251	22.2802	21.0139	11.0409	7.71916	0	0	0	0	0	0	0	0	0	0	0	0
00.000,00.000	24.8	0	-200	0	4.5	774.02	380.268	225.595	91.7514	11.0048	23.4751	22.1246	11.4178	8.38371	0	0	0	0	0	0	0	0	0	0	0	0
00.000,00.000	24.9	0	-200	0	4.5	803.548	391.987	234.602	93.5746	12.2576	25.5028	24.0656	12.1179	9.44141	0	0	0	0	0	0	0	0	0	0	0	0
00.000,00.000	25	0	-200	0	4.5	807.774	393.511	235.918	93.8527	12.4851	25.813	24.3627	12.2301	9.5575	0.0437887	0	0	0	0	0	0	0	0	0	0	0
00.000,00.000	25.1	0	-200	0	4.5	835.442	403.854	244.656	95.5121	13.8801	27.5985	26.3106	13.038	9.68475	0.907946	0	0	0	0	0	0	0	0	0	0	0
00.000,00.000	25.2	0	-200	0	4.5	848.507	409.049	248.534	96.2945	14.5876	28.3028	27.2425	13.4366	9.68554	1.37422	0	0	0	0	0	0	0	0	0	0	0
00.000,00.000	25.3	0	-200	0	4.5	854.609	411.531	250.335	96.6244	14.8858	28.6712	27.6627	13.6306	9.68887	1.57878	0	0	0	0	0	0	0	0	0	0	0
00.000,00.000	25.4	0	-200	0	4.5	912.828	435.111	267.722	99.9547	17.666	32.2529	31.6415	15.6979	9.74132	3.04157	0	0	0	0	0	0	0	0	0	0	0
00.000,00.000	25.5	0	-200	0	4.5	927.874	440.59	272.63	101.039	18.4989	33.2046	32.7381	16.3624	9.76858	3.04157	0	0	0	0	0	0	0	0	0	0	0
00.000,00.000	25.6	0	-200	0	4.5	940.052	444.991	276.713	101.828	19.1068	34.0126	33.6351	16.8979	9.82582	3.04157	0	0	0	0	0	0	0	0	0	0	0
00.000,00.000	25.7	0	-200	0	4.5	948.103	447.956	279.368	102.348	19.4999	34.5353	34.2149	17.269	9.8716	3.04157	0	0	0	0	0	0	0	0	0	0	0
00.000,00.000	25.8	0	-200	0	4.5	954.1	450.135	281.371	102.714	19.7778	34.9269	34.6665	17.5506	9.91651	3.04157	0	0	0	0	0	0	0	0	0	0	0
00.000,00.000	25.9	0	-200	0	4.5	999.383	466.667	296.296	105.401	22.0193	37.8382	38.0898	19.7055	10.3251	3.04157	0	0	0	0	0	0	0	0	0	0	0
00.000,00.000	26	0	-200	0	4.5	1008.6	470.015	299.37	105.942	22.4695	38.4197	38.7596	20.1679	10.4157	3.04157	0	0	0	0	0	0	0	0	0	0	0
00.000,00.000	26.1	0	-200	0	4.5	1038.48	481.059	309.418	107.516	23.812	40.2309	40.9757	21.6377	10.7935	3.04157	0	0	0	0	0	0	0	0	0	0	0
00.000,00.000	26.2	0	-200	0	4.5	1052.64	486.261	314.234	108.247	24.4887	41.0214	41.9889	22.3621	10.9903	3.04157	0	0	0	0	0	0	0	0	0	0	0
00.000,00.000	26.3	0	-200	0	4.5	1059.14	488.713	316.422	108.562	24.78	41.3791	42.4548	22.6923	11.0941	3.04157	0	0	0	0	0	0	0	0	0	0	0
00.000,00.000	26.4	0	-200	0	4.5	1131.66	516.017	341.099	111.927	28.0546	45.2412	47.4704	26.4083	12.4007	3.04157	0	0	0	0	0	0	0	0	0	0	0
00.000,00.000	26.5	0	-200	0	4.5	1152.31	523.787	348.328	112.851	29.0628	46.3303	48.6718	27.4097	12.8253	3.04326	0	0	0	0	0	0	0	0	0	0	0
00.000,00.000	26.6	0	-200	0	4.5	1152.44	523.838	348.375	112.856	29.0691	46.3375	48.68	27.4164	12.8284	3.04333	0	0	0	0	0	0	0	0	0	0	0
00.000,00.000	26.7	0	-200	0	4.5	1209.15	545.872	367.782	115.061	31.5232	49.2498	52.2188	30.1864	14.1599	3.10104	0	0	0	0	0	0	0	0	0	0	0
00.000,00.000	26.8	0	-200	0	4.5	1266.95	567.867	388.199	117.149	33.8904	52.2022	55.7829	33.0871	15.5883	3.18562	0	0	0	0	0	0	0	0	0	0	0
00.000,00.000	26.9	0	-200	0	4.5	1275.29	571.055	391.199	117.439	34.2419	52.649	56.2291	33.4725	15.8066	3.2016	0	0	0	0	0	0	0	0	0	0	0
00.000,00.000	27	0	-200	0	4.5	1275.93	571.315	391.418	117.462	34.2675	52.6798	56.2649	33.5009	15.8235	3.20327	0	0	0	0	0	0	0	0	0	0	0
00.000,00.000	27.1	0	-200	0	4.5	1294.98	579.307	397.836	118.127	34.9853	53.5507	57.3022	34.274	16.3381	3.26286	0	0	0	0	0	0	0	0	0	0	0
00.000,00.000	27.2	0	-200	0	4.5	1302.36	582.486	400.367	118.377	35.2408	53.8483	57.7001	34.5013	16.5464	3.28812	0	0	0	0	0	0	0	0	0	0	0
00.000,00.000	27.3	0	-200	0	4.5	1303.39	582.94	400.7	118.413	35.2782	53.892	57.755	34.5399	16.575	3.29211	0	0	0	0	0	0	0	0	0	0	0
00.000,00.000	27.4	0	-200	0	4.5	1303.59	583.031	400.766	118.42	35.285	53.9	57.7659	34.5464	16.5808	3.29297	0	0	0	0	0	0	0	0	0	0	0
00.000,00.000	27.5	0	-200	0	4.5	1328.48	594.383	408.537	119.309	36.139	54.9411	59.0476	35.4088	17.2991	3.41349	0	0	0	0	0	0	0	0	0	0	0
00.000,00.000	27.6	0	-200	0	4.5	1339.46	599.403	412	119.7	36.5022	55.4156	59.5985	35.742	17.6272	3.47078	0	0	0	0	0	0	0	0	0	0	0
00.000,00.000	27.7	0	-200	0	4.5	1339.99	599.649	412.156	119.719	36.52	55.4387	59.626	35.7617	17.643	3.47365	0	0	0	0	0	0	0	0	0	0	0
00.000,00.000	27.8	0	-200	0	4.5	1340.11	599.708	412.194	119.724	36.5241	55.4446	59.6325	35.7657	17.6469	3.47439	0	0	0	0	0	0	0	0	0	0	0
00.000,00.000	27.9	0	-200	0	4.5	1374.99	616.379	421.988	121.099	37.6501	56.8728	61.5122	37.096	18.712	3.68311	0	0	0	0	0	0	0	0	0	0	0
00.000,00.000	28	0	-200	0	4.5	1387.66	622.684	425.307	121.665	38.0756	57.3568	62.1564	37.5494	19.0928	3.77419	0	0	0	0	0	0	0	0	0	0	0
00.000,00.000	28.1	0	-200	0	4.5	1388.57	623.136	425.545	121.703	38.1055	57.3916	62.2041	37.5855	19.122	3.78	0	0	0	0	0	0	0	0	0	0	0
00.000,00.000	28.2	0	-200	0	4.5	1389.41	623.55	425.759	121.737	38.1328	57.4237	62.2485	37.6199	19.1498	3.78564	0	0	0	0	0	0	0	0	0	0	0
00.000,00.000	28.3	0	-200	0	4.5	1390.18	623.938	425.954	121.769	38.1577	57.4532	62.2905	37.653	19.1767	3.79112	0	0	0	0	0	0	0	0	0	0	0
00.000,00.000	28.4	0	-200	0	4.5	1390.3	624	425.983	121.773	38.1618	57.4577	62.2968	37.658	19.1809	3.79205	0	0	0	0	0	0	0	0	0	0	0
00.000,00.000	28.5	0	-200	0	4.5	1393.09	625.442	426.631	121.88	38.2502	57.5601	62.4471	37.7808	19.284	3.81458	0	0	0	0	0	0	0	0	0	0	0
00.000,00.000	28.6	0	-200	0	4.5	1443.01	650.891	438.304	123.818	39.809	59.4416	65.1975	40.116	21.2013	4.23493	0	0	0	0	0	0	0	0	0	0	0
00.000,00.000	28.7	0	-200	0	4.5	1524.02	692.36	456.466	127.388	42.3845	62.6759	69.2203	44.285	24.3724	4.86454	0	0	0	0	0	0	0	0	0	0	0
00.000,00.000	28.8	0	-200	0	4.5	1536.58	698.776	459.326	127.966	42.7918	63.1678	69.7398	44.9817	24.8851	4.94528	0	0	0	0	0	0	0	0	0	0	0
00.000,00.000	28.9	0	-200	0	4.5	1537.23	699.114	459.465	127.995	42.8114	63.1931	69.7693	45.0178	24.9119	4.95045	0	0	0	0	0	0	0	0	0	0	0
00.000,00.000	29	0	-200	0	4.5	1574.72	718.718	467.302	129.734	43.9414	64.6403	71.5003	47.1205	26.5021	5.26412	0	0	0	0	0	0	0	0	0	0	0
00.000,00.000	29.1	0	-200	0	4.5	1592.86	728.185	471.222	130.606	44.4943	65.3359	72.257	48.076	27.2506	5.43678	0	0	0	0	0	0	0	0	0	0	0
00.000,00.000	29.2	0	-200	0	4.5	1601.26	732.625	472.956	130.987	44.739	65.6648	72.6139	48.5448	27.6142	5.51719	0	0	0	0	0	0	0	0	0	0	0
00.000,00.000	29.3	0	-200	0	4.5	1609.74	737.142	474.658	131.368	44.9807	65.9983	72.9658	49.0313	27.9918	5.60067	0	0	0	0	0	0	0	0	0	0	0
00.000,00.000	29.4	0	-200	0	4.5	1635.21	750.587	479.82	132.472	45.7155	67.0274	74.0575	50.5504	29.1269	5.85792	0	0	0	0	0	0	0	0	0	0	0
00.000,00.000	29.5	0	-200	0	4.5	1648.8	757.791	482.618	133.035	46.1392	67.597	74.6342	51.3481	29.6599	5.97308	0	0	0	0	0	0	0	0	0	0	0
00.000,00.000	29.6	0	-200	0	4.5	1656.81	761.92	484.268	133.383	46.3833	67.937	75.0111	51.8498	30.005	6.04812	0	0	0	0	0	0	0	0	0	0	0
00.000,00.000	29.7	0	-200	0	4.5	1664.65	765.896	485.892	133.725	46.6197	68.2772	75.3942	52.3638	30.3602	6.12576	0	0	0	0	0	0	0	0	0	0	0
00.000,00.000	29.8	0	-200	0	4.5	1672.5	769.884	487.482	134.067	46.8523	68.6164	75.7841	52.896	30.7151	6.20598	0	0	0	0	0	0	0	0	0	0	0
00.000,00.000	29.9	0	-200	0	4.5	1690.32	778.723	491.139	134.877	47.3544	69.3975	76.6445	54.21	31.5646	6.40561	0	0	0	0	0	0	0	0	0	0	0
00.000,00.000	30	0	-200	0	4.5	1694.2	780.698	491.936	135.055	47.4633	69.5739	76.7743	54.5175	31.7322	6.44491	0	0	0	0	0	0	0	0	0	0	0
00.000,00.000	30.1	0	-200	0	4.5	1706.38	786.774	494.381	135.588	47.7905	70.1015	77.3173	55.4757	32.3506	6.60336	0	0	0	0	0	0	0	0	0	0	0
00.000,00.000	30.2	0	-200	0	4.5	1715.62	791.411	496.218	135.99	48.0263	70.4978	77.7138	56.2215	32.8151	6.72914	0	0	0	0	0	0	0	0	0	0	0
00.000,00.000	30.3	0	-200	0	4.5	1722.87	795.024	497.636	136.3	48.2066	70.7994	78.0444	56.8216	33.2038	6.83357	0	0	0	0	0	0	0	0	0	0	0
00.000,00.000	30.4	0	-200	0	4.5	1724.02	795.607	497.859	136.351	48.2343	70.8493	78.0921	56.9207	33.2609	6.85072	0	0	0	0	0	0	0	0	0	0	0
00.000,00.000	30.5	0	-200	0	4.5	1767.32	817.214	506.091	138.134	49.2941	72.5599	80.1038	60.6448	35.7368	7.53867	0	0	0	0	0	0	0	0	0	0	0
00.000,00.000	30.6	0	-200	0	4.5	1800.75	833.234	512.732	139.541	50.1609	74.1918	81.6458	63.5386	37.608	8.09939	0	0	0	0	0	0	0	0	0	0	0
00.000,00.000	30.7	0	-200	0	4.5	1805.89	835.609	513.784	139.75	50.294	74.5421	81.8753	63.9749	37.8774	8.1869	0	0	0	0	0	0	0	0	0	0	0
00.000,00.000	30.8	0	-200	0	4.5	1840.65	851.573	520.625	141.099	51.1563	76.8166	83.506	67.0866	39.9911	8.79432	0	0	0	0	0	0	0	0	0	0	0
00.000,00.000	30.9	0	-200	0	4.5	1848.58	855.185	522.197	141.402	51.37	77.4026	83.8685	67.7624	40.4572	8.93354	0	0	0	0	0	0	0	0	0	0	0
00.000,00.000	31	0	-200	0	4.5	1866.93	863.779	525.79	142.057	51.7969	78.6422	84.7243	69.3015	41.54	9.30202	0	0	0	0	0	0	0	0	0	0	0
00.000,00.000	31.1	0	-200	0	4.5	1879.28	869.518	528.23	142.494	52.0821	79.4991	85.3048	70.3092	42.267	9.57356	0	0	0	0	0	0	0	0	0	0	0
00.000,00.000	31.2	0	-200	0	4.5	1886.64	872.958	529.676	142.748	52.2355	79.99	85.6472	70.9259	42.7186	9.74201	0	0	0	0	0	0	0	0	0	0	0
00.000,00.000	31.3	0	-200	0	4.5	1893.63	876.234	531.051	142.982	52.3731	80.4508	85.962	71.5159	43.1583	9.90638	0	0	0	0	0	0	0	0	0	0	0
00.000,00.000	31.4	0	-200	0	4.5	1944.84	900.44	541.197	144.645	53.3622	82.8746	89.1559	75.7382	46.2705	11.1509	0	0	0	0	0	0	0	0	0	0	0
00.000,00.000	31.5	0	-200	0	4.5	1966.52	909.976	546.453	145.424	53.792	83.6705	90.6864	77.3143	47.5198	11.6888	0	0	0	0	0	0	0	0	0	0	0
00.000,00.000	31.6	0	-200	0	4.5	1973.76	913.122	548.219	145.694	53.9154	83.9151	91.2128	77.852	47.9635	11.8645	0	0	0	0	0	0	0	0	0	0	0
00.000,00.000	31.7	0	-200	0	4.5	2056.13	947.635	568.373	148.756	55.2621	86.566	97.2882	83.7978	53.1423	15.3055	0	0	0	0	0	0	0	0	0	0	0
00.000,00.000	31.8	0	-200	0	4.5	2072.09	954.329	571.899	149.767	55.536	87.0281	98.458	84.8087	54.0954	16.1689	0	0	0	0	0	0	0	0	0	0	0
00.000,00.000	31.9	0	-200	0	4.5	2072.58	954.543	571.992	149.807	55.5427	87.0414	98.4958	84.8417	54.1253	16.1937	0	0	0	0	0	0	0	0	0	0	0
00.000,00.000	32	0	-200	0	4.5	2091.96	963.01	575.637	151.352	55.7782	87.526	100.02	86.1482	55.3169	17.1745	0	0	0	0	0	0	0	0	0	0	0
00.000,00.000	32.1	0	-200	0	4.5	2112.07	971.794	579.387	152.956	56.0054	87.9982	101.638	87.4996	56.5674	18.222	0	0	0	0	0	0	0	0	0	0	0
00.000,00.000	32.2	0	-200	0	4.5	2122.11	976.192	581.286	153.745	56.1055	88.2143	102.449	88.1721	57.1949	18.7478	0	0	0	0	0	0	0	0	0	0	0
00.000,00.000	32.3	0	-200	0	4.5	2130.1	979.699	582.796	154.37	56.1745	88.3825	103.104	88.7169	57.6991	19.1612	0	0	0	0	0	0	0	0	0	0	0
00.000,00.000	32.4	0	-200	0	4.5	2131.96	980.519	583.142	154.517	56.1894	88.4167	103.26	88.8419	57.817	19.2593	0	0	0	0	0	0	0	0	0	0	0
00.000,00.000	32.5	0	-200	0	4.5	2132.79	980.892	583.299	154.567	56.1951	88.4329	103.331	88.9007	57.8713	19.3029	0	0	0	0	0	0	0	0	0	0	0
00.000,00.000	32.6	0	-200	0	4.5	2132.94	980.96	583.327	154.571	56.1961	88.4354	103.344	88.9114	57.8813	19.3113	0	0	0	0	0	0	0	0	0	0	0
00.000,00.000	32.7	0	-200	0	4.5	2133.3	981.125	583.395	154.59	56.1981	88.4423	103.375	88.9384	57.906	19.331	0	0	0	0	0	0	0	0	0	0	0
00.000,00.000	32.8	0	-200	0	4.5	2178.31	1001.25	592.23	156.508	56.451	89.2811	107.319	92.3926	60.9999	21.8734	0	0	0	0	0	0	0	0	0	0	0
00.000,00.000	32.9	0	-200	0	4.5	2192.55	1007.54	595.185	157.065	56.5436	89.5254	108.55	93.5084	61.9174	22.7178	0	0	0	0	0	0	0	0	0	0	0
00.000,00.000	33	0	-200	0	4.5	2193.17	1007.82	595.309	157.088	56.548	89.5363	108.601	93.5556	61.9589	22.7538	0	0	0	0	0	0	0	0	0	0	0
00.000,00.000	33.1	0	-200	0	4.5	2193.94	1008.18	595.461	157.117	56.5536	89.5495	108.663	93.6144	62.0104	22.7991	0	0	0	0	0	0	0	0	0	0	0
00.000,00.000	33.2	0	-200	0	4.5	2194.6	1008.48	595.59	157.14	56.5581	89.5607	108.716	93.6649	62.0546	22.8383	0	0	0	0	0	0	0	0	0	0	0
00.000,00.000	33.3	0	-200	0	4.5	2195.16	1008.74	595.698	157.16	56.5619	89.5701	108.759	93.7077	62.0921	22.872	0	0	0	0	0	0	0	0	0	0	0
00.000,00.000	33.4	0	-200	0	4.5	2195.24	1008.78	595.715	157.163	56.5626	89.5715	108.766	93.7142	62.0976	22.8773	0	0	0	0	0	0	0	0	0	0	0
00.000,00.000	33.5	0	-200	0	4.5	2195.69	1008.98	595.8	157.178	56.5651	89.5788	108.801	93.7489	62.1276	22.9053	0	0	0	0	0	0	0	0	0	0	0
00.000,00.000	33.6	0	-200	0	4.5	2195.79	1009.03	595.821	157.182	56.5661	89.5805	108.809	93.7573	62.1347	22.9123	0	0	0	0	0	0	0	0	0	0	0
00.000,00.000	33.7	0	-200	0	4.5	2225.14	1022.49	601.279	158.163	56.7453	90.1765	111.197	96.0845	64.1057	24.8499	0.0485327	0	0	0	0	0	0	0	0	0	0
00.000,00.000	33.8	0	-200	0	4.5	2260.57	1037.13	607.759	159.43	56.9689	91.1439	115.22	99.0928	66.4215	27.252	0.148663	0	0	0	0	0	0	0	0	0	0
00.000,00.000	33.9	0	-200	0	4.5	2267.5	1040.07	608.991	159.68	57.0139	91.3472	115.819	99.8495	66.8378	27.7157	0.168293	0	0	0	0	0	0	0	0	0	0
00.000,00.000	34	0	-200	0	4.5	2268.32	1040.44	609.135	159.706	57.018	91.3698	115.895	99.9273	66.8873	27.7694	0.170668	0	0	0	0	0	0	0	0	0	0
00.000,00.000	34.1	0	-200	0	4.5	2271.34	1041.76	609.674	159.803	57.0326	91.4538	116.178	100.218	67.0696	27.9725	0.179952	0	0	0	0	0	0	0	0	0	0
00.000,00.000	34.2	0	-200	0	4.5	2272.89	1042.45	609.942	159.853	57.04	91.4966	116.324	100.363	67.1587	28.0761	0.184767	0	0	0	0	0	0	0	0	0	0
00.000,00.000	34.3	0	-200	0	4.5	2273.55	1042.75	610.055	159.873	57.0427	91.5142	116.383	100.425	67.1967	28.12	0.186891	0	0	0	0	0	0	0	0	0	0
00.000,00.000	34.4	0	-200	0	4.5	2273.65	1042.8	610.072	159.877	57.0432	91.517	116.392	100.435	67.2022	28.1268	0.187226	0	0	0	0	0	0	0	0	0	0
00.000,00.000	34.5	0	-200	0	4.5	2274.02	1042.97	610.134	159.887	57.0444	91.5267	116.425	100.469	67.2231	28.1518	0.188519	0	0	0	0	0	0	0	0	0	0
00.000,00.000	34.6	0	-200	0	4.5	2274.1	1043	610.148	159.89	57.0447	91.5291	116.433	100.478	67.2279	28.158	0.188843	0	0	0	0	0	0	0	0	0	0
00.000,00.000	34.7	0	-200	0	4.5	2274.18	1043.04	610.161	159.892	57.045	91.5311	116.439	100.486	67.2323	28.1635	0.189141	0	0	0	0	0	0	0	0	0	0
00.000,00.000	34.8	0	-200	0	4.5	2322.16	1063.64	618.47	161.303	57.1876	92.8915	120.859	105.655	70.0085	30.7725	1.36642	0	0	0	0	0	0	0	0	0	0
00.000,00.000	34.9	0	-200	0	4.5	2337.8	1070.84	621.119	161.804	57.239	93.33	122.193	107.327	70.6773	31.2997	1.97044	0	0	0	0	0	0	0	0	0	0
00.000,00.000	35	0	-200	0	4.5	2338.45	1071.14	621.227	161.824	57.2406	93.3473	122.246	107.393	70.7078	31.3225	1.99496	0	0	0	0	0	0	0	0	0	0
00.000,00.000	35.1	0	-200	0	4.5	2339.66	1071.68	621.441	161.864	57.2437	93.3822	122.351	107.525	70.7636	31.3669	2.04446	0	0	0	0	0	0	0	0	0	0
00.000,00.000	35.2	0	-200	0	4.5	2340.79	1072.23	621.623	161.898	57.2464	93.4121	122.434	107.644	70.81	31.4125	2.08098	0	0	0	0	0	0	0	0	0	0
00.000,00.000	35.3	0	-200	0	4.5	2341.28	1072.46	621.703	161.914	57.2474	93.4255	122.474	107.694	70.8312	31.4303	2.09898	0	0	0	0	0	0	0	0	0	0
00.000,00.000	35.4	0	-200	0	4.5	2341.36	1072.5	621.716	161.916	57.2476	93.4276	122.48	107.701	70.8341	31.4331	2.10144	0	0	0	0	0	0	0	0	0	0
00.000,00.000	35.5	0	-200	0	4.5	2341.66	1072.65	621.764	161.925	57.2481	93.4357	122.504	107.731	70.8462	31.4434	2.11288	0	0	0	0	0	0	0	0	0	0
00.000,00.000	35.6	0	-200	0	4.5	2341.73	1072.68	621.775	161.928	57.2482	93.4377	122.51	107.738	70.8487	31.4462	2.11524	0	0	0	0	0	0	0	0	0	0
00.000,00.000	35.7	0	-200	0	4.5	2346.43	1075.26	622.408	162.072	57.2543	93.5554	122.845	108.165	70.9958	31.5969	2.27018	0	0	0	0	0	0	0	0	0	0
00.000,00.000	35.8	0	-200	0	4.5	2368.5	1085.38	625.859	162.87	57.3179	94.2202	124.753	110.551	71.8441	32.4185	3.28119	0	0	0	0	0	0	0	0	0	0
00.000,00.000	35.9	0	-200	0	4.5	2374.25	1087.94	626.733	163.096	57.3427	94.4004	125.012	111.435	72.0486	32.6742	3.56943	0	0	0	0	0	0	0	0	0	0
00.000,00.000	36	0	-200	0	4.5	2376.28	1089.02	627.003	163.162	57.3487	94.454	125.078	111.708	72.1094	32.7395	3.6633	0	0	0	0	0	0	0	0	0	0
00.000,00.000	36.1	0	-200	0	4.5	2382.38	1091.78	627.941	163.394	57.3673	94.6446	125.295	112.687	72.3066	32.9624	4.00247	0	0	0	0	0	0	0	0	0	0
00.000,00.000	36.2	0	-200	0	4.5	2384.25	1092.69	628.204	163.466	57.3726	94.7014	125.344	112.989	72.3562	33.0358	4.09766	0	0	0	0	0	0	0	0	0	0
00.000,00.000	36.3	0	-200	0	4.5	2384.69	1092.9	628.265	163.482	57.3735	94.7145	125.357	113.057	72.3674	33.0503	4.12151	0	0	0	0	0	0	0	0	0	0
00.000,00.000	36.4	0	-200	0	4.5	2384.76	1092.94	628.274	163.484	57.3736	94.7166	125.359	113.068	72.3688	33.0529	4.12494	0	0	0	0	0	0	0	0	0	0
00.000,00.000	36.5	0	-200	0	4.5	2384.94	1093.04	628.296	163.49	57.3738	94.7217	125.364	113.094	72.3725	33.058	4.13468	0	0	0	0	0	0	0	0	0	0
00.000,00.000	36.6	0	-200	0	4.5	2384.98	1093.05	628.301	163.492	57.3739	94.723	125.365	113.101	72.3732	33.0594	4.13689	0	0	0	0	0	0	0	0	0	0
00.000,00.000	36.7	0	-200	0	4.5	2389.23	1095.44	628.748	163.64	57.3759	94.8456	125.461	113.741	72.4382	33.1769	4.36936	0	0	0	0	0	0	0	0	0	0
00.000,00.000	36.8	0	-200	0	4.5	2410.71	1105.4	631.016	164.556	57.3837	95.6324	126.122	117.905	72.8556	33.8559	5.98282	0	0	0	0	0	0	0	0	0	0
00.000,00.000	36.9	0	-200	0	4.5	2416.3	1108.05	631.657	164.799	57.3847	95.8344	126.277	118.962	72.9251	34.028	6.38353	0	0	0	0	0	0	0	0	0	0
00.000,00.000	37	0	-200	0	4.5	2423.45	1111.7	632.477	165	57.3847	96.0776	126.487	120.206	73.0186	34.2228	6.87682	0	0	0	0	0	0	0	0	0	0
00.000,00.000	37.1	0	-200	0	4.5	2428.02	1114.03	632.967	165.123	57.3847	96.2754	126.62	121.008	73.067	34.3462	7.19695	0	0	0	0	0	0	0	0	0	0
00.000,00.000	37.2	0	-200	0	4.5	2431.36	1115.8	633.318	165.231	57.3847	96.4156	126.714	121.549	73.0986	34.427	7.41853	0	0	0	0	0	0	0	0	0	0
00.000,00.000	37.3	0	-200	0	4.5	2434.88	1117.71	633.678	165.337	57.3847	96.5619	126.811	122.105	73.1275	34.51	7.65063	0	0	0	0	0	0	0	0	0	0
00.000,00.000	37.4	0	-200	0	4.5	2460.57	1131.95	636.17	166.086	57.3847	97.6171	127.552	126.033	73.3125	35.1443	9.32616	0	0	0	0	0	0	0	0	0	0
00.000,00.000	37.5	0	-200	0	4.5	2467.53	1135.79	636.818	166.273	57.3847	97.9068	127.774	126.933	73.5213	35.3379	9.46332	0.323895	0	0	0	0	0	0	0	0	0
00.000,00.000	37.6	0	-200	0	4.5	2467.48	1135.76	636.808	166.267	57.3847	97.9024	127.775	126.903	73.5472	35.3462	9.44895	0.338273	0	0	0	0	0	0	0	0	0
00.000,00.000	37.7	0	-200	0	4.5	2487.91	1145.46	638.455	166.981	57.3847	99.1962	128.679	129.479	74.7268	36.0316	9.67877	1.83711	0	0	0	0	0	0	0	0	0
00.000,00.000	37.8	0	-200	0	4.5	2524.91	1164.28	642.056	168.396	57.6693	102.048	130.499	131.865	75.7981	37.4099	10.0892	4.80188	0	0	0	0	0	0	0	0	0
00.000,00.000	37.9	0	-200	0	4.5	2530.82	1167.4	642.524	168.631	57.764	102.638	130.824	132.072	75.8018	37.6598	10.1767	5.32915	0	0	0	0	0	0	0	0	0
00.000,00.000	38	0	-200	0	4.5	2549.12	1177.33	644.06	169.18	58.1785	104.291	131.954	132.63	75.8708	38.3821	10.4511	6.79229	0	0	0	0	0	0	0	0	0
00.000,00.000	38.1	0	-200	0	4.5	2556.96	1181.25	644.634	169.394	58.5643	104.987	132.499	132.892	75.9904	38.7156	10.5798	7.45032	0	0	0	0	0	0	0	0	0
00.000,00.000	38.2	0	-200	0	4.5	2559.73	1182.63	644.853	169.475	58.688	105.238	132.698	132.983	76.0347	38.8268	10.6302	7.66988	0	0	0	0	0	0	0	0	0
00.000,00.000	38.3	0	-200	0	4.5	2562.81	1184.15	645.092	169.565	58.8258	105.512	132.936	133.089	76.0834	38.9554	10.6916	7.91096	0	0	0	0	0	0	0	0	0
00.000,00.000	38.4	0	-200	0	4.5	2581.95	1193.32	646.611	170.132	59.7953	106.991	134.551	134.037	76.1548	39.8002	11.1221	9.43774	0	0	0	0	0	0	0	0	0
00.000,00.000	38.5	0	-200	0	4.5	2590.14	1197.01	647.246	170.362	60.2546	107.756	135.278	134.508	76.1358	40.168	11.3209	9.54448	0.555105	0	0	0	0	0	0	0	0
00.000,00.000	38.6	0	-200	0	4.5	2592.94	1198.23	647.459	170.447	60.4086	108.014	135.541	134.672	76.1436	40.2988	11.3999	9.57635	0.750599	0	0	0	0	0	0	0	0
00.000,00.000	38.7	0	-200	0	4.5	2620.71	1208.01	649.295	171.322	62.3364	111.677	138.416	136.538	76.2983	41.6491	12.3375	9.90458	2.92463	0	0	0	0	0	0	0	0
00.000,00.000	38.8	0	-200	0	4.5	2626.31	1209.58	649.764	171.503	62.7206	112.61	139.023	136.933	76.3325	41.9231	12.5484	10.0066	3.36573	0	0	0	0	0	0	0	0
00.000,00.000	38.9	0	-200	0	4.5	2626.42	1209.61	649.772	171.507	62.7278	112.629	139.036	136.942	76.3335	41.9291	12.553	10.0087	3.37424	0	0	0	0	0	0	0	0
00.000,00.000	39	0	-200	0	4.5	2639.35	1213.02	650.692	171.943	63.5495	114.81	140.475	138.074	76.4429	42.6276	13.1293	10.24	4.33989	0	0	0	0	0	0	0	0
00.000,00.000	39.1	0	-200	0	4.5	2645.56	1214.64	651.076	172.152	64.032	115.83	141.166	138.639	76.4932	42.9463	13.4229	10.3538	4.81147	0	0	0	0	0	0	0	0
00.000,00.000	39.2	0	-200	0	4.5	2648.21	1215.31	651.246	172.242	64.2148	116.278	141.466	138.894	76.5181	43.088	13.5477	10.4034	5.00703	0	0	0	0	0	0	0	0
00.000,00.000	39.3	0	-200	0	4.5	2650.98	1215.98	651.422	172.337	64.3963	116.743	141.788	139.175	76.5468	43.2421	13.6808	10.4564	5.20889	0	0	0	0	0	0	0	0
00.000,00.000	39.4	0	-200	0	4.5	2688.47	1224.81	653.914	173.617	66.7989	123.046	146.198	143.128	76.9881	45.316	15.533	11.1994	7.91929	0	0	0	0	0	0	0	0
00.000,00.000	39.5	0	-200	0	4.5	2697.98	1226.91	654.517	173.944	67.4378	124.693	147.32	144.149	77.1482	45.8328	16.0162	11.4005	8.61157	0	0	0	0	0	0	0	0
00.000,00.000	39.6	0	-200	0	4.5	2703.8	1228.23	654.868	174.14	67.8094	125.669	148.009	144.787	77.2543	46.1524	16.3104	11.5446	8.81868	0.202681	0	0	0	0	0	0	0
00.000,00.000	39.7	0	-200	0	4.5	2717.56	1231.09	655.794	174.601	68.6765	128.068	149.657	146.339	77.5144	46.9056	17.0197	11.9152	8.82407	1.16374	0	0	0	0	0	0	0
00.000,00.000	39.8	0	-200	0	4.5	2722.4	1231.97	656.216	174.765	68.9134	128.946	150.25	146.901	77.6109	47.1769	17.2735	12.0556	8.82407	1.50392	0	0	0	0	0	0	0
00.000,00.000	39.9	0	-200	0	4.5	2722.5	1231.98	656.224	174.768	68.9183	128.964	150.262	146.913	77.6131	47.1826	17.2789	12.0588	8.82407	1.5107	0	0	0	0	0	0	0
00.000,00.000	40	0	-200	0	4.5	2733.23	1233.74	657.154	175.133	69.4378	130.888	151.606	148.201	77.8565	47.8086	17.8685	12.4265	8.87288	2.23032	0	0	0	0	0	0	0
00.000,00.000	40.1	0	-200	0	4.5	2737.44	1234.44	657.341	175.281	69.6306	131.739	152.058	148.814	77.955	48.0555	18.1141	12.5827	8.90892	2.52435	0	0	0	0	0	0	0
00.000,00.000	40.2	0	-200	0	4.5	2742.04	1235.14	657.622	175.44	69.8418	132.637	152.601	149.436	78.0656	48.3315	18.3782	12.7626	8.94705	2.83167	0	0	0	0	0	0	0
00.000,00.000	40.3	0	-200	0	4.5	2743.16	1235.31	657.672	175.48	69.8934	132.867	152.733	149.594	78.0943	48.401	18.4441	12.8087	8.9566	2.90822	0	0	0	0	0	0	0
00.000,00.000	40.4	0	-200	0	4.5	2772.36	1239.29	659.348	176.489	71.1729	138.661	156.475	153.521	78.8068	50.2012	20.1697	14.1633	9.20969	4.85334	0	0	0	0	0	0	0
00.000,00.000	40.5	0	-200	0	4.5	2779.8	1240.27	659.758	176.749	71.5486	139.859	157.495	154.644	78.9299	50.7218	20.6223	14.5536	9.28139	5.37364	0	0	0	0	0	0	0
00.000,00.000	40.6	0	-200	0	4.5	2779.81	1240.27	659.758	176.749	71.5486	139.859	157.495	154.644	78.9299	50.7219	20.6224	14.5537	9.2814	5.3737	0	0	0	0	0	0	0
00.000,00.000	40.7	0	-200	0	4.5	2779.81	1240.27	659.758	176.749	71.5486	139.859	157.495	154.644	78.9299	50.7219	20.6224	14.5537	9.2814	5.3737	0	0	0	0	0	0	0
00.000,00.000	40.8	0	-200	0	4.5	2781.7	1240.49	659.867	176.807	71.6216	140.163	157.821	154.916	78.9656	50.8327	20.7462	14.6537	9.3081	5.50626	0	0	0	0	0	0	0
00.000,00.000	40.9	0	-200	0	4.5	2782.4	1240.57	659.909	176.828	71.6503	140.278	157.918	155.034	78.9721	50.8798	20.7936	14.6935	9.31867	5.55615	0	0	0	0	0	0	0
00.000,00.000	41	0	-200	0	4.5	2786.28	1240.98	660.135	176.954	71.7844	140.862	158.465	155.683	79.0525	51.1863	21.0598	14.9075	9.38288	5.82531	0	0	0	0	0	0	0
00.000,00.000	41.1	0	-200	0	4.5	2795.64	1241.93	660.682	177.271	72.093	142.249	159.801	157.262	79.2595	51.926	21.7167	15.4308	9.54673	6.47572	0	0	0	0	0	0	0
00.000,00.000	41.2	0	-200	0	4.5	2797.62	1242.13	660.793	177.337	72.1607	142.556	160.088	157.608	79.2864	52.0634	21.8503	15.5487	9.5831	6.61439	0	0	0	0	0	0	0
00.000,00.000	41.3	0	-200	0	4.5	2801.43	1242.48	661.007	177.48	72.2679	143.118	160.684	158.271	79.3657	52.3279	22.1284	15.7708	9.65919	6.87787	0	0	0	0	0	0	0
00.000,00.000	41.4	0	-200	0	4.5	2805.39	1242.82	661.229	177.62	72.3761	143.68	161.241	158.977	79.4685	52.6732	22.4081	16.0031	9.74192	7.1522	0	0	0	0	0	0	0
00.000,00.000	41.5	0	-200	0	4.5	2806.75	1242.94	661.306	177.668	72.4143	143.874	161.451	159.224	79.4958	52.7794	22.4967	16.0845	9.77084	7.24832	0	0	0	0	0	0	0
00.000,00.000	41.6	0	-200	0	4.5	2820.19	1244.04	662.029	178.21	72.745	145.807	163.36	161.673	79.9105	54.0669	23.5082	16.8526	10.0738	7.90977	0	0	0	0	0	0	0
00.000,00.000	41.7	0	-200	0	4.5	2823.22	1244.31	662.208	178.336	72.8271	146.296	163.85	162.277	79.9584	54.3326	23.7188	17.0502	10.1496	7.90977	0	0	0	0	0	0	0
00.000,00.000	41.8	0	-200	0	4.5	2824.47	1244.39	662.273	178.393	72.8523	146.476	164.045	162.526	80.0002	54.4487	23.837	17.1319	10.1875	7.90977	0	0	0	0	0	0	0
00.000,00.000	41.9	0	-200	0	4.5	2824.73	1244.41	662.286	178.404	72.8573	146.513	164.084	162.578	80.0086	54.4718	23.8617	17.1497	10.1953	7.90977	0	0	0	0	0	0	0
00.000,00.000	42	0	-200	0	4.5	2826.29	1244.51	662.368	178.483	72.8893	146.757	164.357	162.878	80.0551	54.5831	24.0067	17.2577	10.2361	7.90977	0	0	0	0	0	0	0