
label	time(d)	x	depth	z	radius	total	0-10	10-20	20-30	30-40	40-50	50-60	60-70	70-80	80-90	90-100	100-110	110-120	120-130	130-140	140-150	150-160	160-170	170-180	180-190	190-200
05.500,00.000	0	5.5	-200	0	4.5	0	0	0	0	0	0	0	0	0	0	0	0	0	0	0	0	0	0	0	0	0
05.500,00.000	0.1	5.5	-200	0	4.5	0	0	0	0	0	0	0	0	0	0	0	0	0	0	0	0	0	0	0	0	0
05.500,00.000	0.2	5.5	-200	0	4.5	0	0	0	0	0	0	0	0	0	0	0	0	0	0	0	0	0	0	0	0	0
05.500,00.000	0.3	5.5	-200	0	4.5	0	0	0	0	0	0	0	0	0	0	0	0	0	0	0	0	0	0	0	0	0
05.500,00.000	0.4	5.5	-200	0	4.5	0	0	0	0	0	0	0	0	0	0	0	0	0	0	0	0	0	0	0	0	0
05.500,00.000	0.5	5.5	-200	0	4.5	0	0	0	0	0	0	0	0	0	0	0	0	0	0	0	0	0	0	0	0	0
05.500,00.000	0.6	5.5	-200	0	4.5	0	0	0	0	0	0	0	0	0	0	0	0	0	0	0	0	0	0	0	0	0
05.500,00.000	0.7	5.5	-200	0	4.5	0	0	0	0	0	0	0	0	0	0	0	0	0	0	0	0	0	0	0	0	0
05.500,00.000	0.8	5.5	-200	0	4.5	0	0	0	0	0	0	0	0	0	0	0	0	0	0	0	0	0	0	0	0	0
05.500,00.000	0.9	5.5	-200	0	4.5	0	0	0	0	0	0	0	0	0	0	0	0	0	0	0	0	0	0	0	0	0
05.500,00.000	1	5.5	-200	0	4.5	0	0	0	0	0	0	0	0	0	0	0	0	0	0	0	0	0	0	0	0	0
05.500,00.000	1.1	5.5	-200	0	4.5	0	0	0	0	0	0	0	0	0	0	0	0	0	0	0	0	0	0	0	0	0
05.500,00.000	1.2	5.5	-200	0	4.5	0	0	0	0	0	0	0	0	0	0	0	0	0	0	0	0	0	0	0	0	0
05.500,00.000	1.3	5.5	-200	0	4.5	0	0	0	0	0	0	0	0	0	0	0	0	0	0	0	0	0	0	0	0	0
05.500,00.000	1.4	5.5	-200	0	4.5	0	0	0	0	0	0	0	0	0	0	0	0	0	0	0	0	0	0	0	0	0
05.500,00.000	1.5	5.5	-200	0	4.5	0	0	0	0	0	0	0	0	0	0	0	0	0	0	0	0	0	0	0	0	0
05.500,00.000	1.6	5.5	-200	0	4.5	0	0	0	0	0	0	0	0	0	0	0	0	0	0	0	0	0	0	0	0	0
05.500,00.000	1.7	5.5	-200	0	4.5	0	0	0	0	0	0	0	0	0	0	0	0	0	0	0	0	0	0	0	0	0
05.500,00.000	1.8	5.5	-200	0	4.5	0	0	0	0	0	0	0	0	0	0	0	0	0	0	0	0	0	0	0	0	0
05.500,00.000	1.9	5.5	-200	0	4.5	0	0	0	0	0	0	0	0	0	0	0	0	0	0	0	0	0	0	0	0	0
05.500,00.000	2	5.5	-200	0	4.5	0	0	0	0	0	0	0	0	0	0	0	0	0	0	0	0	0	0	0	0	0
05.500,00.000	2.1	5.5	-200	0	4.5	0	0	0	0	0	0	0	0	0	0	0	0	0	0	0	0	0	0	0	0	0
05.500,00.000	2.2	5.5	-200	0	4.5	0	0	0	0	0	0	0	0	0	0	0	0	0	0	0	0	0	0	0	0	0
05.500,00.000	2.3	5.5	-200	0	4.5	0	0	0	0	0	0	0	0	0	0	0	0	0	0	0	0	0	0	0	0	0
05.500,00.000	2.4	5.5	-200	0	4.5	0	0	0	0	0	0	0	0	0	0	0	0	0	0	0	0	0	0	0	0	0
05.500,00.000	2.5	5.5	-200	0	4.5	0	0	0	0	0	0	0	0	0	0	0	0	0	0	0	0	0	0	0	0	0
05.500,00.000	2.6	5.5	-200	0	4.5	0	0	0	0	0	0	0	0	0	0	0	0	0	0	0	0	0	0	0	0	0
05.500,00.000	2.7	5.5	-200	0	4.5	0	0	0	0	0	0	0	0	0	0	0	0	0	0	0	0	0	0	0	0	0
05.500,00.000	2.8	5.5	-200	0	4.5	0	0	0	0	0	0	0	0	0	0	0	0	0	0	0	0	0	0	0	0	0
05.500,00.000	2.9	5.5	-200	0	4.5	0	0	0	0	0	0	0	0	0	0	0	0	0	0	0	0	0	0	0	0	0
05.500,00.000	3	5.5	-200	0	4.5	3.77476e-15	3.77476e-15	0	0	0	0	0	0	0	0	0	0	0	0	0	0	0	0	0	0	0
05.500,00.000	3.1	5.5	-200	0	4.5	0.282258	0.282258	0	0	0	0	0	0	0	0	0	0	0	0	0	0	0	0	0	0	0
05.500,00.000	3.2	5.5	-200	0	4.5	0.559747	0.559747	0	0	0	0	0	0	0	0	0	0	0	0	0	0	0	0	0	0	0
05.500,00.000	3.3	5.5	-200	0	4.5	0.83673	0.83673	0	0	0	0	0	0	0	0	0	0	0	0	0	0	0	0	0	0	0
05.500,00.000	3.4	5.5	-200	0	4.5	1.11199	1.11199	0	0	0	0	0	0	0	0	0	0	0	0	0	0	0	0	0	0	0
05.500,00.000	3.5	5.5	-200	0	4.5	1.38268	1.38268	0	0	0	0	0	0	0	0	0	0	0	0	0	0	0	0	0	0	0
05.500,00.000	3.6	5.5	-200	0	4.5	1.64867	1.64867	0	0	0	0	0	0	0	0	0	0	0	0	0	0	0	0	0	0	0
05.500,00.000	3.7	5.5	-200	0	4.5	1.91166	1.91166	0	0	0	0	0	0	0	0	0	0	0	0	0	0	0	0	0	0	0
05.500,00.000	3.8	5.5	-200	0	4.5	2.33421	2.33421	0	0	0	0	0	0	0	0	0	0	0	0	0	0	0	0	0	0	0
05.500,00.000	3.9	5.5	-200	0	4.5	2.79466	2.79466	0	0	0	0	0	0	0	0	0	0	0	0	0	0	0	0	0	0	0
05.500,00.000	4	5.5	-200	0	4.5	3.24623	3.24623	0	0	0	0	0	0	0	0	0	0	0	0	0	0	0	0	0	0	0
05.500,00.000	4.1	5.5	-200	0	4.5	3.72973	3.72973	0	0	0	0	0	0	0	0	0	0	0	0	0	0	0	0	0	0	0
05.500,00.000	4.2	5.5	-200	0	4.5	4.21643	4.21643	0	0	0	0	0	0	0	0	0	0	0	0	0	0	0	0	0	0	0
05.500,00.000	4.3	5.5	-200	0	4.5	4.70584	4.70584	0	0	0	0	0	0	0	0	0	0	0	0	0	0	0	0	0	0	0
05.500,00.000	4.4	5.5	-200	0	4.5	5.19618	5.19618	0	0	0	0	0	0	0	0	0	0	0	0	0	0	0	0	0	0	0
05.500,00.000	4.5	5.5	-200	0	4.5	5.68199	5.68199	0	0	0	0	0	0	0	0	0	0	0	0	0	0	0	0	0	0	0
05.500,00.000	4.6	5.5	-200	0	4.5	6.16243	6.16243	0	0	0	0	0	0	0	0	0	0	0	0	0	0	0	0	0	0	0
05.500,00.000	4.7	5.5	-200	0	4.5	6.63859	6.63859	0	0	0	0	0	0	0	0	0	0	0	0	0	0	0	0	0	0	0
05.500,00.000	4.8	5.5	-200	0	4.5	7.11194	7.11194	0	0	0	0	0	0	0	0	0	0	0	0	0	0	0	0	0	0	0
05.500,00.000	4.9	5.5	-200	0	4.5	7.58358	7.58358	0	0	0	0	0	0	0	0	0	0	0	0	0	0	0	0	0	0	0
05.500,00.000	5	5.5	-200	0	4.5	8.05357	7.952	0.101569	0	0	0	0	0	0	0	0	0	0	0	0	0	0	0	0	0	0
05.500,00.000	5.1	5.5	-200	0	4.5	8.52271	8.15624	0.366461	0	0	0	0	0	0	0	0	0	0	0	0	0	0	0	0	0	0
05.500,00.000	5.2	5.5	-200	0	4.5	8.9929	8.3637	0.629203	0	0	0	0	0	0	0	0	0	0	0	0	0	0	0	0	0	0
05.500,00.000	5.3	5.5	-200	0	4.5	9.46544	8.39927	1.06618	0	0	0	0	0	0	0	0	0	0	0	0	0	0	0	0	0	0
05.500,00.000	5.4	5.5	-200	0	4.5	9.94026	8.39923	1.54103	0	0	0	0	0	0	0	0	0	0	0	0	0	0	0	0	0	0
05.500,00.000	5.5	5.5	-200	0	4.5	10.4145	8.39921	2.01528	0	0	0	0	0	0	0	0	0	0	0	0	0	0	0	0	0	0
05.500,00.000	5.6	5.5	-200	0	4.5	10.8869	8.39917	2.4877	0	0	0	0	0	0	0	0	0	0	0	0	0	0	0	0	0	0
05.500,00.000	5.7	5.5	-200	0	4.5	11.357	8.39917	2.95784	0	0	0	0	0	0	0	0	0	0	0	0	0	0	0	0	0	0
05.500,00.000	5.8	5.5	-200	0	4.5	11.8253	8.39917	3.4261	0	0	0	0	0	0	0	0	0	0	0	0	0	0	0	0	0	0
05.500,00.000	5.9	5.5	-200	0	4.5	12.2923	8.39917	3.89313	0	0	0	0	0	0	0	0	0	0	0	0	0	0	0	0	0	0
05.500,00.000	6	5.5	-200	0	4.5	12.7589	8.39917	4.35968	0	0	0	0	0	0	0	0	0	0	0	0	0	0	0	0	0	0
05.500,00.000	6.1	5.5	-200	0	4.5	13.2266	8.39917	4.82741	0	0	0	0	0	0	0	0	0	0	0	0	0	0	0	0	0	0
05.500,00.000	6.2	5.5	-200	0	4.5	13.6957	8.39917	5.29652	0	0	0	0	0	0	0	0	0	0	0	0	0	0	0	0	0	0
05.500,00.000	6.3	5.5	-200	0	4.5	14.166	8.39917	5.76684	0	0	0	0	0	0	0	0	0	0	0	0	0	0	0	0	0	0
05.500,00.000	6.4	5.5	-200	0	4.5	14.491	8.39917	6.0918	0	0	0	0	0	0	0	0	0	0	0	0	0	0	0	0	0	0
05.500,00.000	6.5	5.5	-200	0	4.5	14.7511	8.39917	6.35191	0	0	0	0	0	0	0	0	0	0	0	0	0	0	0	0	0	0
05.500,00.000	6.6	5.5	-200	0	4.5	15.0107	8.39917	6.61148	0	0	0	0	0	0	0	0	0	0	0	0	0	0	0	0	0	0
05.500,00.000	6.7	5.5	-200	0	4.5	15.2696	8.39917	6.87043	0	0	0	0	0	0	0	0	0	0	0	0	0	0	0	0	0	0
05.500,00.000	6.8	5.5	-200	0	4.5	15.5279	8.39917	7.1287	0	0	0	0	0	0	0	0	0	0	0	0	0	0	0	0	0	0
05.500,00.000	6.9	5.5	-200	0	4.5	15.7857	8.39917	7.38651	0	0	0	0	0	0	0	0	0	0	0	0	0	0	0	0	0	0
05.500,00.000	7	5.5	-200	0	4.5	16.043	8.39917	7.64382	0	0	0	0	0	0	0	0	0	0	0	0	0	0	0	0	0	0
05.500,00.000	7.1	5.5	-200	0	4.5	16.2999	8.39918	7.90072	0	0	0	0	0	0	0	0	0	0	0	0	0	0	0	0	0	0
05.500,00.000	7.2	5.5	-200	0	4.5	16.558	8.40035	8.15765	0	0	0	0	0	0	0	0	0	0	0	0	0	0	0	0	0	0
05.500,00.000	7.3	5.5	-200	0	4.5	16.8164	8.40181	8.41456	0	0	0	0	0	0	0	0	0	0	0	0	0	0	0	0	0	0
05.500,00.000	7.4	5.5	-200	0	4.5	17.076	8.40471	8.67127	0	0	0	0	0	0	0	0	0	0	0	0	0	0	0	0	0	0
05.500,00.000	7.5	5.5	-200	0	4.5	17.336	8.40862	8.92741	0	0	0	0	0	0	0	0	0	0	0	0	0	0	0	0	0	0
05.500,00.000	7.6	5.5	-200	0	4.5	17.5998	8.41585	9.1839	0	0	0	0	0	0	0	0	0	0	0	0	0	0	0	0	0	0
05.500,00.000	7.7	5.5	-200	0	4.5	17.8663	8.42612	9.44023	0	0	0	0	0	0	0	0	0	0	0	0	0	0	0	0	0	0
05.500,00.000	7.8	5.5	-200	0	4.5	18.1365	8.44026	9.69627	0	0	0	0	0	0	0	0	0	0	0	0	0	0	0	0	0	0
05.500,00.000	7.9	5.5	-200	0	4.5	18.4099	8.45764	9.95229	0	0	0	0	0	0	0	0	0	0	0	0	0	0	0	0	0	0
05.500,00.000	8	5.5	-200	0	4.5	18.6874	8.47932	10.2081	0	0	0	0	0	0	0	0	0	0	0	0	0	0	0	0	0	0
05.500,00.000	8.1	5.5	-200	0	4.5	18.9694	8.50553	10.4639	0	0	0	0	0	0	0	0	0	0	0	0	0	0	0	0	0	0
05.500,00.000	8.2	5.5	-200	0	4.5	19.2575	8.53805	10.7195	0	0	0	0	0	0	0	0	0	0	0	0	0	0	0	0	0	0
05.500,00.000	8.3	5.5	-200	0	4.5	19.5525	8.57757	10.9749	0	0	0	0	0	0	0	0	0	0	0	0	0	0	0	0	0	0
05.500,00.000	8.4	5.5	-200	0	4.5	19.8552	8.62433	11.2308	0	0	0	0	0	0	0	0	0	0	0	0	0	0	0	0	0	0
05.500,00.000	8.5	5.5	-200	0	4.5	20.1633	8.6762	11.4871	0	0	0	0	0	0	0	0	0	0	0	0	0	0	0	0	0	0
05.500,00.000	8.6	5.5	-200	0	4.5	20.4786	8.73433	11.7442	0	0	0	0	0	0	0	0	0	0	0	0	0	0	0	0	0	0
05.500,00.000	8.7	5.5	-200	0	4.5	20.8015	8.79963	12.0018	0	0	0	0	0	0	0	0	0	0	0	0	0	0	0	0	0	0
05.500,00.000	8.8	5.5	-200	0	4.5	21.1647	8.90472	12.2599	0	0	0	0	0	0	0	0	0	0	0	0	0	0	0	0	0	0
05.500,00.000	8.9	5.5	-200	0	4.5	21.5629	9.04438	12.5185	0	0	0	0	0	0	0	0	0	0	0	0	0	0	0	0	0	0
05.500,00.000	9	5.5	-200	0	4.5	21.9754	9.19813	12.7773	0	0	0	0	0	0	0	0	0	0	0	0	0	0	0	0	0	0
05.500,00.000	9.1	5.5	-200	0	4.5	22.4026	9.36585	13.0367	0	0	0	0	0	0	0	0	0	0	0	0	0	0	0	0	0	0
05.500,00.000	9.2	5.5	-200	0	4.5	22.8461	9.54889	13.2972	0	0	0	0	0	0	0	0	0	0	0	0	0	0	0	0	0	0
05.500,00.000	9.3	5.5	-200	0	4.5	23.3062	9.74695	13.5593	0	0	0	0	0	0	0	0	0	0	0	0	0	0	0	0	0	0
05.500,00.000	9.4	5.5	-200	0	4.5	23.7824	9.95816	13.5619	0.262331	0	0	0	0	0	0	0	0	0	0	0	0	0	0	0	0	0
05.500,00.000	9.5	5.5	-200	0	4.5	24.2712	10.1781	13.5656	0.527431	0	0	0	0	0	0	0	0	0	0	0	0	0	0	0	0	0
05.500,00.000	9.6	5.5	-200	0	4.5	24.7747	10.4092	13.572	0.793458	0	0	0	0	0	0	0	0	0	0	0	0	0	0	0	0	0
05.500,00.000	9.7	5.5	-200	0	4.5	25.0967	10.6498	13.582	0.864893	0	0	0	0	0	0	0	0	0	0	0	0	0	0	0	0	0
05.500,00.000	9.8	5.5	-200	0	4.5	25.3609	10.9007	13.5953	0.864893	0	0	0	0	0	0	0	0	0	0	0	0	0	0	0	0	0
05.500,00.000	9.9	5.5	-200	0	4.5	25.6644	11.186	13.6135	0.864893	0	0	0	0	0	0	0	0	0	0	0	0	0	0	0	0	0
05.500,00.000	10	5.5	-200	0	4.5	26.0102	11.5095	13.6358	0.864893	0	0	0	0	0	0	0	0	0	0	0	0	0	0	0	0	0
05.500,00.000	10.1	5.5	-200	0	4.5	26.3795	11.8515	13.6631	0.864893	0	0	0	0	0	0	0	0	0	0	0	0	0	0	0	0	0
05.500,00.000	10.2	5.5	-200	0	4.5	26.7714	12.2105	13.696	0.864893	0	0	0	0	0	0	0	0	0	0	0	0	0	0	0	0	0
05.500,00.000	10.3	5.5	-200	0	4.5	27.1861	12.5866	13.7346	0.864893	0	0	0	0	0	0	0	0	0	0	0	0	0	0	0	0	0
05.500,00.000	10.4	5.5	-200	0	4.5	27.6215	12.9783	13.7782	0.864893	0	0	0	0	0	0	0	0	0	0	0	0	0	0	0	0	0
05.500,00.000	10.5	5.5	-200	0	4.5	28.0706	13.3787	13.8271	0.864893	0	0	0	0	0	0	0	0	0	0	0	0	0	0	0	0	0
05.500,00.000	10.6	5.5	-200	0	4.5	28.5339	13.7888	13.8803	0.864893	0	0	0	0	0	0	0	0	0	0	0	0	0	0	0	0	0
05.500,00.000	10.7	5.5	-200	0	4.5	29.013	14.2088	13.9392	0.864893	0	0	0	0	0	0	0	0	0	0	0	0	0	0	0	0	0
05.500,00.000	10.8	5.5	-200	0	4.5	29.5128	14.6416	14.0063	0.864893	0	0	0	0	0	0	0	0	0	0	0	0	0	0	0	0	0
05.500,00.000	10.9	5.5	-200	0	4.5	30.04	15.0903	14.0848	0.864893	0	0	0	0	0	0	0	0	0	0	0	0	0	0	0	0	0
05.500,00.000	11	5.5	-200	0	4.5	30.598	15.5562	14.1768	0.864893	0	0	0	0	0	0	0	0	0	0	0	0	0	0	0	0	0
05.500,00.000	11.1	5.5	-200	0	4.5	31.1884	16.0418	14.2817	0.864893	0	0	0	0	0	0	0	0	0	0	0	0	0	0	0	0	0
05.500,00.000	11.2	5.5	-200	0	4.5	31.8202	16.5563	14.3991	0.864893	0	0	0	0	0	0	0	0	0	0	0	0	0	0	0	0	0
05.500,00.000	11.3	5.5	-200	0	4.5	32.5074	17.1064	14.5361	0.864893	0	0	0	0	0	0	0	0	0	0	0	0	0	0	0	0	0
05.500,00.000	11.4	5.5	-200	0	4.5	33.2306	17.6728	14.6929	0.864893	0	0	0	0	0	0	0	0	0	0	0	0	0	0	0	0	0
05.500,00.000	11.5	5.5	-200	0	4.5	33.975	18.2448	14.8653	0.864893	0	0	0	0	0	0	0	0	0	0	0	0	0	0	0	0	0
05.500,00.000	11.6	5.5	-200	0	4.5	34.7417	18.8226	15.0542	0.864893	0	0	0	0	0	0	0	0	0	0	0	0	0	0	0	0	0
05.500,00.000	11.7	5.5	-200	0	4.5	35.5307	19.4081	15.2578	0.864893	0	0	0	0	0	0	0	0	0	0	0	0	0	0	0	0	0
05.500,00.000	11.8	5.5	-200	0	4.5	36.3485	20.0065	15.4771	0.864893	0	0	0	0	0	0	0	0	0	0	0	0	0	0	0	0	0
05.500,00.000	11.9	5.5	-200	0	4.5	37.2079	20.6291	15.7139	0.864893	0	0	0	0	0	0	0	0	0	0	0	0	0	0	0	0	0
05.500,00.000	12	5.5	-200	0	4.5	38.1092	21.2722	15.9721	0.864893	0	0	0	0	0	0	0	0	0	0	0	0	0	0	0	0	0
05.500,00.000	12.1	5.5	-200	0	4.5	39.053	21.9363	16.2519	0.864893	0	0	0	0	0	0	0	0	0	0	0	0	0	0	0	0	0
05.500,00.000	12.2	5.5	-200	0	4.5	40.0219	22.6063	16.5507	0.864893	0	0	0	0	0	0	0	0	0	0	0	0	0	0	0	0	0
05.500,00.000	12.3	5.5	-200	0	4.5	40.9988	23.2695	16.8644	0.864893	0	0	0	0	0	0	0	0	0	0	0	0	0	0	0	0	0
05.500,00.000	12.4	5.5	-200	0	4.5	42.0013	23.9413	17.1951	0.864893	0	0	0	0	0	0	0	0	0	0	0	0	0	0	0	0	0
05.500,00.000	12.5	5.5	-200	0	4.5	43.0266	24.617	17.5447	0.864893	0	0	0	0	0	0	0	0	0	0	0	0	0	0	0	0	0
05.500,00.000	12.6	5.5	-200	0	4.5	44.0939	25.311	17.918	0.864893	0	0	0	0	0	0	0	0	0	0	0	0	0	0	0	0	0
05.500,00.000	12.7	5.5	-200	0	4.5	45.175	26.004	18.306	0.864893	0	0	0	0	0	0	0	0	0	0	0	0	0	0	0	0	0
05.500,00.000	12.8	5.5	-200	0	4.5	46.2309	26.668	18.698	0.864893	0	0	0	0	0	0	0	0	0	0	0	0	0	0	0	0	0
05.500,00.000	12.9	5.5	-200	0	4.5	47.3393	27.3609	19.1135	0.864893	0	0	0	0	0	0	0	0	0	0	0	0	0	0	0	0	0
05.500,00.000	13	5.5	-200	0	4.5	48.4832	28.0675	19.5508	0.864893	0	0	0	0	0	0	0	0	0	0	0	0	0	0	0	0	0
05.500,00.000	13.1	5.5	-200	0	4.5	49.7755	28.7862	20.0103	0.864893	0.114052	0	0	0	0	0	0	0	0	0	0	0	0	0	0	0	0
05.500,00.000	13.2	5.5	-200	0	4.5	51.2338	29.525	20.4925	0.864893	0.351446	0	0	0	0	0	0	0	0	0	0	0	0	0	0	0	0
05.500,00.000	13.3	5.5	-200	0	4.5	52.7388	30.3032	20.9771	0.864893	0.593624	0	0	0	0	0	0	0	0	0	0	0	0	0	0	0	0
05.500,00.000	13.4	5.5	-200	0	4.5	54.3025	31.1023	21.4914	0.864893	0.843873	0	0	0	0	0	0	0	0	0	0	0	0	0	0	0	0
05.500,00.000	13.5	5.5	-200	0	4.5	55.8995	31.907	22.0322	0.865032	1.09522	0	0	0	0	0	0	0	0	0	0	0	0	0	0	0	0
05.500,00.000	13.6	5.5	-200	0	4.5	57.7176	32.8188	22.6535	0.866218	1.37912	0	0	0	0	0	0	0	0	0	0	0	0	0	0	0	0
05.500,00.000	13.7	5.5	-200	0	4.5	59.4742	33.6926	23.2611	0.871156	1.55423	0.0950994	0	0	0	0	0	0	0	0	0	0	0	0	0	0	0
05.500,00.000	13.8	5.5	-200	0	4.5	60.8686	34.3886	23.7413	0.876997	1.55077	0.311027	0	0	0	0	0	0	0	0	0	0	0	0	0	0	0
05.500,00.000	13.9	5.5	-200	0	4.5	62.6012	35.2414	24.3502	0.887131	1.55469	0.567805	0	0	0	0	0	0	0	0	0	0	0	0	0	0	0
05.500,00.000	14	5.5	-200	0	4.5	64.3804	36.1148	24.9866	0.899621	1.5538	0.825576	0	0	0	0	0	0	0	0	0	0	0	0	0	0	0
05.500,00.000	14.1	5.5	-200	0	4.5	66.3851	36.9783	25.8673	0.914482	1.5538	1.0713	0	0	0	0	0	0	0	0	0	0	0	0	0	0	0
05.500,00.000	14.2	5.5	-200	0	4.5	68.4629	37.8731	26.7869	0.932064	1.5538	1.31701	0	0	0	0	0	0	0	0	0	0	0	0	0	0	0
05.500,00.000	14.3	5.5	-200	0	4.5	70.581	38.7815	27.731	0.952373	1.5538	1.56229	0	0	0	0	0	0	0	0	0	0	0	0	0	0	0
05.500,00.000	14.4	5.5	-200	0	4.5	72.7291	39.6944	28.6986	0.975421	1.5538	1.80691	0	0	0	0	0	0	0	0	0	0	0	0	0	0	0
05.500,00.000	14.5	5.5	-200	0	4.5	74.8968	40.603	29.6869	1.00113	1.5538	2.0519	0	0	0	0	0	0	0	0	0	0	0	0	0	0	0
05.500,00.000	14.6	5.5	-200	0	4.5	77.7015	41.7688	30.9747	1.03738	1.5538	2.36677	0	0	0	0	0	0	0	0	0	0	0	0	0	0	0
05.500,00.000	14.7	5.5	-200	0	4.5	80.1325	42.7671	32.1028	1.07056	1.5538	2.63835	0	0	0	0	0	0	0	0	0	0	0	0	0	0	0
05.500,00.000	14.8	5.5	-200	0	4.5	81.7663	43.4453	32.8579	1.09206	1.5538	2.81726	0	0	0	0	0	0	0	0	0	0	0	0	0	0	0
05.500,00.000	14.9	5.5	-200	0	4.5	84.2419	44.4567	34.024	1.12225	1.5538	3.08524	0	0	0	0	0	0	0	0	0	0	0	0	0	0	0
05.500,00.000	15	5.5	-200	0	4.5	86.6088	45.4094	35.1466	1.15353	1.5538	3.34546	0	0	0	0	0	0	0	0	0	0	0	0	0	0	0
05.500,00.000	15.1	5.5	-200	0	4.5	88.8784	46.319	36.2356	1.18431	1.5538	3.58565	0	0	0	0	0	0	0	0	0	0	0	0	0	0	0
05.500,00.000	15.2	5.5	-200	0	4.5	91.1706	47.2266	37.3469	1.21812	1.5538	3.82513	0	0	0	0	0	0	0	0	0	0	0	0	0	0	0
05.500,00.000	15.3	5.5	-200	0	4.5	93.4868	48.1322	38.4835	1.25311	1.5538	4.06418	0	0	0	0	0	0	0	0	0	0	0	0	0	0	0
05.500,00.000	15.4	5.5	-200	0	4.5	95.8096	49.0191	39.6477	1.28635	1.5538	4.30266	0	0	0	0	0	0	0	0	0	0	0	0	0	0	0
05.500,00.000	15.5	5.5	-200	0	4.5	99.0216	50.1906	41.3072	1.33442	1.5538	4.63561	0	0	0	0	0	0	0	0	0	0	0	0	0	0	0
05.500,00.000	15.6	5.5	-200	0	4.5	102.323	51.387	43.0283	1.38417	1.5538	4.96986	0	0	0	0	0	0	0	0	0	0	0	0	0	0	0
05.500,00.000	15.7	5.5	-200	0	4.5	104.937	52.3128	44.4082	1.42465	1.5538	5.23725	0	0	0	0	0	0	0	0	0	0	0	0	0	0	0
05.500,00.000	15.8	5.5	-200	0	4.5	106.269	52.7706	45.1252	1.44472	1.5538	5.37471	0	0	0	0	0	0	0	0	0	0	0	0	0	0	0
05.500,00.000	15.9	5.5	-200	0	4.5	108.384	53.4865	46.2724	1.48225	1.5538	5.58905	0	0	0	0	0	0	0	0	0	0	0	0	0	0	0
05.500,00.000	16	5.5	-200	0	4.5	111.26	54.4438	47.8398	1.54055	1.5538	5.88238	0	0	0	0	0	0	0	0	0	0	0	0	0	0	0
05.500,00.000	16.1	5.5	-200	0	4.5	113.731	55.2498	49.2042	1.59247	1.5538	6.13027	0	0	0	0	0	0	0	0	0	0	0	0	0	0	0
05.500,00.000	16.2	5.5	-200	0	4.5	116.08	56.0005	50.5198	1.6426	1.5538	6.36373	0	0	0	0	0	0	0	0	0	0	0	0	0	0	0
05.500,00.000	16.3	5.5	-200	0	4.5	118.439	56.7346	51.8586	1.69445	1.5538	6.59728	0	0	0	0	0	0	0	0	0	0	0	0	0	0	0
05.500,00.000	16.4	5.5	-200	0	4.5	120.802	57.4533	53.218	1.74592	1.5538	6.83085	0	0	0	0	0	0	0	0	0	0	0	0	0	0	0
05.500,00.000	16.5	5.5	-200	0	4.5	126.044	58.9975	56.116	2.03126	1.5538	7.34496	0	0	0	0	0	0	0	0	0	0	0	0	0	0	0
05.500,00.000	16.6	5.5	-200	0	4.5	128.853	59.8035	57.4486	2.4243	1.5538	7.62317	0	0	0	0	0	0	0	0	0	0	0	0	0	0	0
05.500,00.000	16.7	5.5	-200	0	4.5	129.083	59.8672	57.5588	2.45722	1.5538	7.64604	0	0	0	0	0	0	0	0	0	0	0	0	0	0	0
05.500,00.000	16.8	5.5	-200	0	4.5	130.96	60.3609	58.4844	2.72515	1.5538	7.83532	0	0	0	0	0	0	0	0	0	0	0	0	0	0	0
05.500,00.000	16.9	5.5	-200	0	4.5	131.535	60.5089	58.7683	2.81053	1.5538	7.8934	0	0	0	0	0	0	0	0	0	0	0	0	0	0	0
05.500,00.000	17	5.5	-200	0	4.5	135	61.3752	60.5281	3.31644	1.5538	8.226	0	0	0	0	0	0	0	0	0	0	0	0	0	0	0
05.500,00.000	17.1	5.5	-200	0	4.5	137.788	62.0522	61.9474	3.72662	1.5538	8.50752	0	0	0	0	0	0	0	0	0	0	0	0	0	0	0
05.500,00.000	17.2	5.5	-200	0	4.5	140.069	62.5867	63.1255	4.06571	1.5538	8.7378	0	0	0	0	0	0	0	0	0	0	0	0	0	0	0
05.500,00.000	17.3	5.5	-200	0	4.5	142.245	63.1037	64.3203	4.40741	1.5538	8.85993	0	0	0	0	0	0	0	0	0	0	0	0	0	0	0
05.500,00.000	17.4	5.5	-200	0	4.5	144.3	63.6011	65.532	4.75385	1.5538	8.85955	0	0	0	0	0	0	0	0	0	0	0	0	0	0	0
05.500,00.000	17.5	5.5	-200	0	4.5	150.772	65.0805	69.4284	5.84809	1.55411	8.86044	0	0	0	0	0	0	0	0	0	0	0	0	0	0	0
05.500,00.000	17.6	5.5	-200	0	4.5	152.034	65.3656	70.1786	6.07458	1.55453	8.86044	0	0	0	0	0	0	0	0	0	0	0	0	0	0	0
05.500,00.000	17.7	5.5	-200	0	4.5	154.652	65.9007	71.8013	6.5319	1.55784	8.86044	0	0	0	0	0	0	0	0	0	0	0	0	0	0	0
05.500,00.000	17.8	5.5	-200	0	4.5	155.216	66.0145	72.1454	6.63716	1.55866	8.86044	0	0	0	0	0	0	0	0	0	0	0	0	0	0	0
05.500,00.000	17.9	5.5	-200	0	4.5	155.602	66.086	72.3863	6.70985	1.55959	8.86044	0	0	0	0	0	0	0	0	0	0	0	0	0	0	0
05.500,00.000	18	5.5	-200	0	4.5	159.171	66.7261	74.6516	7.36282	1.56951	8.86044	0	0	0	0	0	0	0	0	0	0	0	0	0	0	0
05.500,00.000	18.1	5.5	-200	0	4.5	161.671	67.1591	76.2468	7.82642	1.57757	8.86087	0	0	0	0	0	0	0	0	0	0	0	0	0	0	0
05.500,00.000	18.2	5.5	-200	0	4.5	163.52	67.4766	77.4904	8.10512	1.58494	8.8628	0	0	0	0	0	0	0	0	0	0	0	0	0	0	0
05.500,00.000	18.3	5.5	-200	0	4.5	165.351	67.7767	78.722	8.39363	1.59331	8.86535	0	0	0	0	0	0	0	0	0	0	0	0	0	0	0
05.500,00.000	18.4	5.5	-200	0	4.5	167.363	68.0595	79.9609	8.87081	1.60272	8.86888	0	0	0	0	0	0	0	0	0	0	0	0	0	0	0
05.500,00.000	18.5	5.5	-200	0	4.5	175.101	69.0346	84.671	10.8639	1.64185	8.89001	0	0	0	0	0	0	0	0	0	0	0	0	0	0	0
05.500,00.000	18.6	5.5	-200	0	4.5	176.686	69.2219	85.6626	11.2563	1.64997	8.89497	0	0	0	0	0	0	0	0	0	0	0	0	0	0	0
05.500,00.000	18.7	5.5	-200	0	4.5	181.592	69.7247	88.7144	12.5573	1.67715	8.91838	0	0	0	0	0	0	0	0	0	0	0	0	0	0	0
05.500,00.000	18.8	5.5	-200	0	4.5	182.786	69.8378	89.4857	12.8481	1.68963	8.92461	0	0	0	0	0	0	0	0	0	0	0	0	0	0	0
05.500,00.000	18.9	5.5	-200	0	4.5	184.999	70.0238	90.8909	13.4277	1.71471	8.9415	0	0	0	0	0	0	0	0	0	0	0	0	0	0	0
05.500,00.000	19	5.5	-200	0	4.5	188.895	70.3418	93.3312	14.4822	1.76208	8.97726	0	0	0	0	0	0	0	0	0	0	0	0	0	0	0
05.500,00.000	19.1	5.5	-200	0	4.5	191.325	70.5305	94.8349	15.1607	1.79374	9.00472	0	0	0	0	0	0	0	0	0	0	0	0	0	0	0
05.500,00.000	19.2	5.5	-200	0	4.5	193.322	70.67	96.042	15.7599	1.81904	9.03083	0	0	0	0	0	0	0	0	0	0	0	0	0	0	0
05.500,00.000	19.3	5.5	-200	0	4.5	195.306	70.795	97.2506	16.355	1.84509	9.06023	0	0	0	0	0	0	0	0	0	0	0	0	0	0	0
05.500,00.000	19.4	5.5	-200	0	4.5	197.294	70.9067	98.4564	16.9654	1.87149	9.09404	0	0	0	0	0	0	0	0	0	0	0	0	0	0	0
05.500,00.000	19.5	5.5	-200	0	4.5	199.281	71.0057	99.6508	17.5938	1.89882	9.1314	0	0	0	0	0	0	0	0	0	0	0	0	0	0	0
05.500,00.000	19.6	5.5	-200	0	4.5	202.908	71.1643	101.828	18.6828	2.02604	9.2069	0	0	0	0	0	0	0	0	0	0	0	0	0	0	0
05.500,00.000	19.7	5.5	-200	0	4.5	203.721	71.1975	102.309	18.8073	2.18203	9.22519	0	0	0	0	0	0	0	0	0	0	0	0	0	0	0
05.500,00.000	19.8	5.5	-200	0	4.5	208.971	71.3738	105.395	19.9569	2.8871	9.35896	0	0	0	0	0	0	0	0	0	0	0	0	0	0	0
05.500,00.000	19.9	5.5	-200	0	4.5	210.332	71.4167	106.169	20.2704	3.08068	9.39464	0	0	0	0	0	0	0	0	0	0	0	0	0	0	0
05.500,00.000	20	5.5	-200	0	4.5	213.091	71.4927	107.743	20.904	3.50123	9.44986	0	0	0	0	0	0	0	0	0	0	0	0	0	0	0
05.500,00.000	20.1	5.5	-200	0	4.5	215.588	71.5897	109.114	21.3256	4.07011	9.48896	0	0	0	0	0	0	0	0	0	0	0	0	0	0	0
05.500,00.000	20.2	5.5	-200	0	4.5	217.579	71.6671	110.188	21.5342	4.66315	9.52574	0	0	0	0	0	0	0	0	0	0	0	0	0	0	0
05.500,00.000	20.3	5.5	-200	0	4.5	219.507	71.7383	111.221	21.7406	5.23696	9.57035	0	0	0	0	0	0	0	0	0	0	0	0	0	0	0
05.500,00.000	20.4	5.5	-200	0	4.5	221.425	71.8246	112.215	21.9529	5.80952	9.62295	0	0	0	0	0	0	0	0	0	0	0	0	0	0	0
05.500,00.000	20.5	5.5	-200	0	4.5	223.395	71.9253	113.175	22.215	6.39888	9.68185	0	0	0	0	0	0	0	0	0	0	0	0	0	0	0
05.500,00.000	20.6	5.5	-200	0	4.5	227.248	72.1355	115.008	22.7299	7.56859	9.80635	0	0	0	0	0	0	0	0	0	0	0	0	0	0	0
05.500,00.000	20.7	5.5	-200	0	4.5	234.108	72.7022	118.113	23.6457	9.60247	10.0446	0	0	0	0	0	0	0	0	0	0	0	0	0	0	0
05.500,00.000	20.8	5.5	-200	0	4.5	235.292	72.8745	118.56	23.8226	9.95228	10.0825	0	0	0	0	0	0	0	0	0	0	0	0	0	0	0
05.500,00.000	20.9	5.5	-200	0	4.5	243.148	73.7526	121.678	25.0534	12.2496	10.4137	0	0	0	0	0	0	0	0	0	0	0	0	0	0	0
05.500,00.000	21	5.5	-200	0	4.5	245.528	74.0812	122.536	25.4632	12.9361	10.5116	0	0	0	0	0	0	0	0	0	0	0	0	0	0	0
05.500,00.000	21.1	5.5	-200	0	4.5	248.205	74.3988	123.532	25.9557	13.6822	10.636	0	0	0	0	0	0	0	0	0	0	0	0	0	0	0
05.500,00.000	21.2	5.5	-200	0	4.5	250.524	74.6837	124.37	26.402	14.3221	10.7465	0	0	0	0	0	0	0	0	0	0	0	0	0	0	0
05.500,00.000	21.3	5.5	-200	0	4.5	252.556	74.9326	125.082	26.7935	14.8995	10.8484	0	0	0	0	0	0	0	0	0	0	0	0	0	0	0
05.500,00.000	21.4	5.5	-200	0	4.5	255.584	75.2913	126.089	27.3573	15.7176	11.0013	0.128164	0	0	0	0	0	0	0	0	0	0	0	0	0	0
05.500,00.000	21.5	5.5	-200	0	4.5	256.62	75.4157	126.406	27.5431	15.9775	11.0494	0.22845	0	0	0	0	0	0	0	0	0	0	0	0	0	0
05.500,00.000	21.6	5.5	-200	0	4.5	259.127	75.7101	127.164	27.9968	16.6205	11.1755	0.460366	0	0	0	0	0	0	0	0	0	0	0	0	0	0
05.500,00.000	21.7	5.5	-200	0	4.5	261.553	76.0041	127.876	28.4524	17.2374	11.2993	0.683911	0	0	0	0	0	0	0	0	0	0	0	0	0	0
05.500,00.000	21.8	5.5	-200	0	4.5	263.823	76.2773	128.527	28.8924	17.8182	11.4138	0.8944	0	0	0	0	0	0	0	0	0	0	0	0	0	0
05.500,00.000	21.9	5.5	-200	0	4.5	270.295	77.0493	130.361	30.1421	19.523	11.7283	1.49057	0	0	0	0	0	0	0	0	0	0	0	0	0	0
05.500,00.000	22	5.5	-200	0	4.5	271.724	77.2531	130.743	30.427	19.8933	11.7862	1.62142	0	0	0	0	0	0	0	0	0	0	0	0	0	0
05.500,00.000	22.1	5.5	-200	0	4.5	276.476	77.9126	131.995	31.3947	21.1058	12.0266	2.04159	0	0	0	0	0	0	0	0	0	0	0	0	0	0
05.500,00.000	22.2	5.5	-200	0	4.5	279.621	78.3666	132.781	32.0721	21.9044	12.1788	2.31847	0	0	0	0	0	0	0	0	0	0	0	0	0	0
05.500,00.000	22.3	5.5	-200	0	4.5	282.141	78.7961	133.376	32.64	22.5027	12.3023	2.5237	0	0	0	0	0	0	0	0	0	0	0	0	0	0
05.500,00.000	22.4	5.5	-200	0	4.5	287.466	79.706	134.655	33.8386	23.6124	12.7051	2.94927	0	0	0	0	0	0	0	0	0	0	0	0	0	0
05.500,00.000	22.5	5.5	-200	0	4.5	288.723	79.9446	134.941	34.1301	23.7699	12.8901	3.04751	0	0	0	0	0	0	0	0	0	0	0	0	0	0
05.500,00.000	22.6	5.5	-200	0	4.5	302.578	82.4005	138.111	37.3735	25.8061	14.7477	4.13936	0	0	0	0	0	0	0	0	0	0	0	0	0	0
05.500,00.000	22.7	5.5	-200	0	4.5	310.104	83.8213	139.87	39.0849	26.8663	15.7397	4.72137	0	0	0	0	0	0	0	0	0	0	0	0	0	0
05.500,00.000	22.8	5.5	-200	0	4.5	313.075	84.5498	140.494	39.7359	27.2514	16.1129	4.93122	0	0	0	0	0	0	0	0	0	0	0	0	0	0
05.500,00.000	22.9	5.5	-200	0	4.5	313.187	84.5744	140.519	39.7613	27.2662	16.1269	4.93922	0	0	0	0	0	0	0	0	0	0	0	0	0	0
05.500,00.000	23	5.5	-200	0	4.5	325.022	87.7364	143.005	42.3656	28.052	18.139	5.72361	0	0	0	0	0	0	0	0	0	0	0	0	0	0
05.500,00.000	23.1	5.5	-200	0	4.5	333.036	89.7693	144.688	44.2905	28.3231	19.6862	6.10991	0.168997	0	0	0	0	0	0	0	0	0	0	0	0	0
05.500,00.000	23.2	5.5	-200	0	4.5	336.622	90.6724	145.435	45.1411	28.4874	20.3668	6.11141	0.408129	0	0	0	0	0	0	0	0	0	0	0	0	0
05.500,00.000	23.3	5.5	-200	0	4.5	339.701	91.446	146.081	45.8712	28.6302	20.9488	6.11856	0.605041	0	0	0	0	0	0	0	0	0	0	0	0	0
05.500,00.000	23.4	5.5	-200	0	4.5	351.455	93.9777	149.009	48.688	29.199	23.0826	6.13744	1.36153	0	0	0	0	0	0	0	0	0	0	0	0	0
05.500,00.000	23.5	5.5	-200	0	4.5	354.363	94.4792	149.876	49.3817	29.3447	23.5882	6.13744	1.5558	0	0	0	0	0	0	0	0	0	0	0	0	0
05.500,00.000	23.6	5.5	-200	0	4.5	371.768	97.1172	155.26	53.3955	30.3219	26.8048	6.13744	2.73179	0	0	0	0	0	0	0	0	0	0	0	0	0
05.500,00.000	23.7	5.5	-200	0	4.5	381.439	98.435	158.373	55.5762	30.897	28.618	6.13744	3.40292	0	0	0	0	0	0	0	0	0	0	0	0	0
05.500,00.000	23.8	5.5	-200	0	4.5	389.038	99.5264	160.763	57.286	31.3725	30.0365	6.13744	3.91644	0	0	0	0	0	0	0	0	0	0	0	0	0
05.500,00.000	23.9	5.5	-200	0	4.5	389.715	99.6223	160.986	57.4349	31.416	30.1569	6.13744	3.96153	0	0	0	0	0	0	0	0	0	0	0	0	0
05.500,00.000	24	5.5	-200	0	4.5	412.103	102.913	168.124	62.6081	32.9214	34.0446	6.13779	5.35335	0	0	0	0	0	0	0	0	0	0	0	0	0
05.500,00.000	24.1	5.5	-200	0	4.5	422.108	104.156	171.399	64.9735	33.7194	35.701	6.20744	5.95222	0	0	0	0	0	0	0	0	0	0	0	0	0
05.500,00.000	24.2	5.5	-200	0	4.5	425.561	104.566	172.5	65.8084	34.02	36.0871	6.42582	6.15256	0	0	0	0	0	0	0	0	0	0	0	0	0
05.500,00.000	24.3	5.5	-200	0	4.5	429.093	104.983	173.62	66.6609	34.3422	36.4817	6.65071	6.35481	0	0	0	0	0	0	0	0	0	0	0	0	0
05.500,00.000	24.4	5.5	-200	0	4.5	456.806	108.123	182.36	73.2648	37.042	39.6182	8.46112	7.93727	0	0	0	0	0	0	0	0	0	0	0	0	0
05.500,00.000	24.5	5.5	-200	0	4.5	464.874	109.003	184.91	75.1404	37.8647	40.4274	9.1213	8.40705	0	0	0	0	0	0	0	0	0	0	0	0	0
05.500,00.000	24.6	5.5	-200	0	4.5	477.569	110.114	188.52	78.4416	39.2493	41.4035	10.6668	9.1734	0	0	0	0	0	0	0	0	0	0	0	0	0
05.500,00.000	24.7	5.5	-200	0	4.5	486.92	111.276	190.565	81.2947	40.29	41.9515	11.8433	9.19584	0.503146	0	0	0	0	0	0	0	0	0	0	0	0
05.500,00.000	24.8	5.5	-200	0	4.5	487.806	111.376	190.751	81.5722	40.3966	41.999	11.9601	9.19584	0.555549	0	0	0	0	0	0	0	0	0	0	0	0
05.500,00.000	24.9	5.5	-200	0	4.5	490.749	111.773	191.328	82.4887	40.7412	42.1749	12.3313	9.19584	0.71588	0	0	0	0	0	0	0	0	0	0	0	0
05.500,00.000	25	5.5	-200	0	4.5	491.621	111.889	191.494	82.7597	40.8515	42.2225	12.4442	9.19584	0.764665	0	0	0	0	0	0	0	0	0	0	0	0
05.500,00.000	25.1	5.5	-200	0	4.5	501.412	113.102	193.429	85.791	42.1307	42.821	13.669	9.19584	1.27396	0	0	0	0	0	0	0	0	0	0	0	0
05.500,00.000	25.2	5.5	-200	0	4.5	507.308	113.921	194.565	87.5627	42.9312	43.1614	14.3953	9.19584	1.57573	0	0	0	0	0	0	0	0	0	0	0	0
05.500,00.000	25.3	5.5	-200	0	4.5	511.578	114.612	195.348	88.8315	43.4909	43.4212	14.8996	9.19584	1.77931	0	0	0	0	0	0	0	0	0	0	0	0
05.500,00.000	25.4	5.5	-200	0	4.5	537.698	118.97	200.279	96.5122	46.9048	44.9106	17.9419	9.19746	2.98194	0	0	0	0	0	0	0	0	0	0	0	0
05.500,00.000	25.5	5.5	-200	0	4.5	549.471	121.128	202.43	99.8512	48.5841	45.4709	19.2901	9.203	3.51334	0	0	0	0	0	0	0	0	0	0	0	0
05.500,00.000	25.6	5.5	-200	0	4.5	554.057	121.923	203.228	101.164	49.25	45.7465	19.8185	9.20975	3.71865	0	0	0	0	0	0	0	0	0	0	0	0
05.500,00.000	25.7	5.5	-200	0	4.5	558.521	122.527	204.029	102.473	49.9125	46.043	20.3789	9.22001	3.93631	0	0	0	0	0	0	0	0	0	0	0	0
05.500,00.000	25.8	5.5	-200	0	4.5	592.051	129.219	209.914	111.346	54.7904	48.1328	24.0099	9.31498	5.32411	0	0	0	0	0	0	0	0	0	0	0	0
05.500,00.000	25.9	5.5	-200	0	4.5	597.982	130.311	210.991	112.904	55.7374	48.4265	24.5789	9.45121	5.58169	0	0	0	0	0	0	0	0	0	0	0	0
05.500,00.000	26	5.5	-200	0	4.5	598.318	130.375	211.054	112.99	55.788	48.4481	24.6063	9.46191	5.5951	0	0	0	0	0	0	0	0	0	0	0	0
05.500,00.000	26.1	5.5	-200	0	4.5	614.369	133.47	214.124	117.008	58.2024	49.4993	25.7246	10.118	6.22311	0	0	0	0	0	0	0	0	0	0	0	0
05.500,00.000	26.2	5.5	-200	0	4.5	623.418	134.937	216.24	119.216	59.5516	50.1194	26.2414	10.5449	6.56838	0	0	0	0	0	0	0	0	0	0	0	0
05.500,00.000	26.3	5.5	-200	0	4.5	628.838	135.496	217.833	120.513	60.3286	50.5088	26.5916	10.8007	6.76542	0	0	0	0	0	0	0	0	0	0	0	0
05.500,00.000	26.4	5.5	-200	0	4.5	660.882	138.894	227.398	127.434	65.3587	52.8138	28.7522	12.333	7.89768	0	0	0	0	0	0	0	0	0	0	0	0
05.500,00.000	26.5	5.5	-200	0	4.5	675.456	140.586	231.956	129.822	68.043	53.8644	29.6592	13.1202	8.40551	0	0	0	0	0	0	0	0	0	0	0	0
05.500,00.000	26.6	5.5	-200	0	4.5	681.278	141.23	233.77	130.793	69.1179	54.2911	29.9208	13.5498	8.60547	0	0	0	0	0	0	0	0	0	0	0	0
05.500,00.000	26.7	5.5	-200	0	4.5	687.053	141.874	235.582	131.745	70.1788	54.7261	30.1614	13.9887	8.79596	0	0	0	0	0	0	0	0	0	0	0	0
05.500,00.000	26.8	5.5	-200	0	4.5	707.424	144.125	242.022	135.131	73.8257	56.2542	30.9263	15.6818	8.93662	0.52184	0	0	0	0	0	0	0	0	0	0	0
05.500,00.000	26.9	5.5	-200	0	4.5	716.638	145.235	244.993	136.538	75.4305	56.986	31.2783	16.4302	8.93662	0.809664	0	0	0	0	0	0	0	0	0	0	0
05.500,00.000	27	5.5	-200	0	4.5	717.051	145.283	245.126	136.604	75.5023	57.0191	31.2946	16.4636	8.93662	0.822141	0	0	0	0	0	0	0	0	0	0	0
05.500,00.000	27.1	5.5	-200	0	4.5	735.893	147.445	251.157	139.649	78.736	58.5194	32.0908	17.9829	8.93662	1.37654	0	0	0	0	0	0	0	0	0	0	0
05.500,00.000	27.2	5.5	-200	0	4.5	741.966	148.191	253.172	140.519	79.7711	58.9934	32.3448	18.4814	8.93662	1.55666	0	0	0	0	0	0	0	0	0	0	0
05.500,00.000	27.3	5.5	-200	0	4.5	742.629	148.268	253.383	140.626	79.8794	59.0507	32.375	18.5346	8.93662	1.57534	0	0	0	0	0	0	0	0	0	0	0
05.500,00.000	27.4	5.5	-200	0	4.5	742.768	148.285	253.428	140.647	79.9014	59.063	32.3811	18.5459	8.93662	1.57924	0	0	0	0	0	0	0	0	0	0	0
05.500,00.000	27.5	5.5	-200	0	4.5	772.307	151.807	262.619	145.542	84.7038	61.6663	33.7741	20.888	8.93694	2.36882	0	0	0	0	0	0	0	0	0	0	0
05.500,00.000	27.6	5.5	-200	0	4.5	782.755	153.15	265.906	147.205	86.3648	62.6004	34.2374	21.7088	8.9381	2.64488	0	0	0	0	0	0	0	0	0	0	0
05.500,00.000	27.7	5.5	-200	0	4.5	798.142	155.183	270.563	149.735	88.825	63.9645	34.9884	22.9	8.94935	3.03394	0	0	0	0	0	0	0	0	0	0	0
05.500,00.000	27.8	5.5	-200	0	4.5	830.702	159.717	280.125	155.27	93.9427	66.8019	36.5856	25.4257	8.98304	3.85073	0	0	0	0	0	0	0	0	0	0	0
05.500,00.000	27.9	5.5	-200	0	4.5	837.548	160.746	281.967	156.496	95.0203	67.4408	36.9087	25.9568	8.99228	4.02061	0	0	0	0	0	0	0	0	0	0	0
05.500,00.000	28	5.5	-200	0	4.5	838.038	160.819	282.097	156.583	95.0978	67.4868	36.9341	25.9943	8.99333	4.03232	0	0	0	0	0	0	0	0	0	0	0
05.500,00.000	28.1	5.5	-200	0	4.5	838.72	160.921	282.275	156.705	95.2064	67.5517	36.9704	26.0463	8.99516	4.04835	0	0	0	0	0	0	0	0	0	0	0
05.500,00.000	28.2	5.5	-200	0	4.5	839.359	161.015	282.44	156.82	95.3094	67.6139	37.0054	26.0954	8.9972	4.06328	0	0	0	0	0	0	0	0	0	0	0
05.500,00.000	28.3	5.5	-200	0	4.5	839.951	161.102	282.589	156.926	95.406	67.6729	37.0388	26.141	8.99939	4.07696	0	0	0	0	0	0	0	0	0	0	0
05.500,00.000	28.4	5.5	-200	0	4.5	840.046	161.116	282.613	156.943	95.4204	67.6825	37.0439	26.1484	8.99977	4.07918	0	0	0	0	0	0	0	0	0	0	0
05.500,00.000	28.5	5.5	-200	0	4.5	887.385	168.095	293.264	165.524	103.423	72.796	39.9305	29.6828	9.48443	5.18523	0	0	0	0	0	0	0	0	0	0	0
05.500,00.000	28.6	5.5	-200	0	4.5	910.125	171.635	298.325	169.545	107.056	75.4779	41.1791	31.0103	10.1681	5.72998	0	0	0	0	0	0	0	0	0	0	0
05.500,00.000	28.7	5.5	-200	0	4.5	930.409	174.912	302.646	173.074	109.804	78.3687	42.4182	32.2043	10.7815	6.20056	0	0	0	0	0	0	0	0	0	0	0
05.500,00.000	28.8	5.5	-200	0	4.5	945.858	177.583	305.865	175.685	111.881	80.5773	43.3519	33.1143	11.249	6.55132	0	0	0	0	0	0	0	0	0	0	0
05.500,00.000	28.9	5.5	-200	0	4.5	947.583	177.908	306.22	175.966	112.101	80.8274	43.4491	33.2197	11.3015	6.58988	0	0	0	0	0	0	0	0	0	0	0
05.500,00.000	29	5.5	-200	0	4.5	953.332	178.948	307.379	176.907	112.844	81.682	43.8092	33.5668	11.4796	6.71561	0	0	0	0	0	0	0	0	0	0	0
05.500,00.000	29.1	5.5	-200	0	4.5	969.669	181.868	310.64	179.612	114.907	84.1618	44.8647	34.5542	11.9929	7.06855	0	0	0	0	0	0	0	0	0	0	0
05.500,00.000	29.2	5.5	-200	0	4.5	980.796	183.841	312.839	181.469	116.283	85.8832	45.5915	35.2364	12.3481	7.30475	0	0	0	0	0	0	0	0	0	0	0
05.500,00.000	29.3	5.5	-200	0	4.5	990.084	185.596	314.64	182.972	117.417	87.3088	46.2194	35.7936	12.6439	7.49333	0	0	0	0	0	0	0	0	0	0	0
05.500,00.000	29.4	5.5	-200	0	4.5	1021.71	191.648	320.668	188.063	121.21	92.2229	48.4119	37.6987	13.667	8.11832	0	0	0	0	0	0	0	0	0	0	0
05.500,00.000	29.5	5.5	-200	0	4.5	1038.39	194.897	323.861	190.8	122.967	95.0064	49.5469	38.6084	14.2569	8.44852	0	0	0	0	0	0	0	0	0	0	0
05.500,00.000	29.6	5.5	-200	0	4.5	1048.11	196.71	325.664	192.398	124.086	96.6113	50.255	39.0165	14.7387	8.63653	0	0	0	0	0	0	0	0	0	0	0
05.500,00.000	29.7	5.5	-200	0	4.5	1057.37	198.519	327.373	193.917	125.146	98.1498	50.8383	39.3788	15.2394	8.69303	0.118492	0	0	0	0	0	0	0	0	0	0
05.500,00.000	29.8	5.5	-200	0	4.5	1090.09	204.664	333.291	199.224	128.922	103.752	53.1195	40.6822	17.0154	8.70267	0.712541	0	0	0	0	0	0	0	0	0	0
05.500,00.000	29.9	5.5	-200	0	4.5	1096.88	205.972	334.532	200.324	129.64	104.967	53.567	40.9542	17.3813	8.70267	0.835041	0	0	0	0	0	0	0	0	0	0
05.500,00.000	30	5.5	-200	0	4.5	1097.55	206.101	334.653	200.434	129.714	105.083	53.6201	40.9817	17.4179	8.70267	0.846723	0	0	0	0	0	0	0	0	0	0
05.500,00.000	30.1	5.5	-200	0	4.5	1116.66	209.713	337.974	203.562	131.793	108.348	55.1552	41.7832	18.4591	8.70267	1.16947	0	0	0	0	0	0	0	0	0	0
05.500,00.000	30.2	5.5	-200	0	4.5	1130.39	212.306	340.309	205.855	133.301	110.67	56.2566	42.3764	19.214	8.70267	1.39863	0	0	0	0	0	0	0	0	0	0
05.500,00.000	30.3	5.5	-200	0	4.5	1140.85	214.243	342.08	207.618	134.465	112.418	57.1214	42.8384	19.7919	8.70267	1.5683	0	0	0	0	0	0	0	0	0	0
05.500,00.000	30.4	5.5	-200	0	4.5	1187.4	222.908	349.8	215.44	140.032	119.87	61.0453	44.9216	22.3825	8.70267	2.30333	0	0	0	0	0	0	0	0	0	0
05.500,00.000	30.5	5.5	-200	0	4.5	1210.06	227.269	353.589	219.239	142.742	123.371	62.9482	45.8852	23.6561	8.7033	2.65797	0	0	0	0	0	0	0	0	0	0
05.500,00.000	30.6	5.5	-200	0	4.5	1238.17	231.916	358.399	224.006	146.144	128.015	65.436	47.1445	25.2971	8.7121	3.09944	0	0	0	0	0	0	0	0	0	0
05.500,00.000	30.7	5.5	-200	0	4.5	1249.91	233.765	360.465	225.99	147.58	129.973	66.4961	47.6482	25.9963	8.71764	3.2835	0	0	0	0	0	0	0	0	0	0
05.500,00.000	30.8	5.5	-200	0	4.5	1253.49	234.333	361.091	226.595	148.015	130.554	66.822	47.8133	26.2096	8.72049	3.33743	0	0	0	0	0	0	0	0	0	0
05.500,00.000	30.9	5.5	-200	0	4.5	1254.15	234.439	361.207	226.705	148.094	130.66	66.8816	47.8434	26.2487	8.72117	3.347	0	0	0	0	0	0	0	0	0	0
05.500,00.000	31	5.5	-200	0	4.5	1278.17	238.347	365.529	230.703	151.007	134.309	69.1299	48.9833	27.7184	8.75308	3.69379	0	0	0	0	0	0	0	0	0	0
05.500,00.000	31.1	5.5	-200	0	4.5	1293.65	240.751	368.471	233.231	152.933	136.537	70.6209	49.7143	28.6914	8.77727	3.91863	0	0	0	0	0	0	0	0	0	0
05.500,00.000	31.2	5.5	-200	0	4.5	1304.45	242.297	370.652	234.994	154.226	138.099	71.6914	50.2503	29.3757	8.79786	4.07122	0	0	0	0	0	0	0	0	0	0
05.500,00.000	31.3	5.5	-200	0	4.5	1315.36	243.799	372.901	236.769	155.527	139.677	72.7574	50.8057	30.0744	8.82184	4.22245	0	0	0	0	0	0	0	0	0	0
05.500,00.000	31.4	5.5	-200	0	4.5	1326.34	245.279	375.171	238.612	156.79	141.258	73.845	51.3815	30.7304	8.90362	4.37175	0	0	0	0	0	0	0	0	0	0
05.500,00.000	31.5	5.5	-200	0	4.5	1337.37	246.724	377.447	240.446	158.086	142.799	74.9886	51.976	31.2587	9.12742	4.51912	0	0	0	0	0	0	0	0	0	0
05.500,00.000	31.6	5.5	-200	0	4.5	1358.17	249.144	381.704	243.927	160.607	145.777	77.1645	53.1723	32.312	9.56091	4.80309	0	0	0	0	0	0	0	0	0	0
05.500,00.000	31.7	5.5	-200	0	4.5	1362.82	249.645	382.647	244.71	161.182	146.43	77.6592	53.4537	32.5573	9.66469	4.86874	0	0	0	0	0	0	0	0	0	0
05.500,00.000	31.8	5.5	-200	0	4.5	1427.25	258.016	395.879	255.021	168.841	155.329	84.3287	57.1736	35.8982	11.0569	5.71032	0	0	0	0	0	0	0	0	0	0
05.500,00.000	31.9	5.5	-200	0	4.5	1439.4	259.563	398.528	256.872	170.367	157.035	85.6455	57.8312	36.3505	11.335	5.87603	0	0	0	0	0	0	0	0	0	0
05.500,00.000	32	5.5	-200	0	4.5	1484.32	265.481	408.348	263.953	175.786	163.086	90.3876	60.384	38.1024	12.3442	6.44527	0	0	0	0	0	0	0	0	0	0
05.500,00.000	32.1	5.5	-200	0	4.5	1507.21	268.503	413.504	267.466	178.577	165.999	92.838	61.6817	39.0365	12.869	6.73573	0	0	0	0	0	0	0	0	0	0
05.500,00.000	32.2	5.5	-200	0	4.5	1518.43	269.899	416.013	269.245	179.936	167.438	94.0388	62.3502	39.5042	13.1297	6.8733	0	0	0	0	0	0	0	0	0	0
05.500,00.000	32.3	5.5	-200	0	4.5	1528.99	271.26	418.374	270.891	181.224	168.779	95.1686	62.9667	39.9546	13.3775	6.99935	0	0	0	0	0	0	0	0	0	0
05.500,00.000	32.4	5.5	-200	0	4.5	1540.28	272.708	420.895	272.634	182.593	170.2	96.3809	63.641	40.4481	13.6461	7.13093	0	0	0	0	0	0	0	0	0	0
05.500,00.000	32.5	5.5	-200	0	4.5	1551.71	274.166	423.425	274.415	184.003	171.619	97.6112	64.3354	40.9591	13.9212	7.26107	0	0	0	0	0	0	0	0	0	0
05.500,00.000	32.6	5.5	-200	0	4.5	1572.22	276.432	427.813	277.728	186.612	174.203	99.9105	65.6627	41.9153	14.4421	7.49965	0	0	0	0	0	0	0	0	0	0
05.500,00.000	32.7	5.5	-200	0	4.5	1622.79	281.822	437.312	285.979	193.557	180.614	105.99	69.18	44.3708	15.84	8.12135	0	0	0	0	0	0	0	0	0	0
05.500,00.000	32.8	5.5	-200	0	4.5	1631.66	282.85	439.031	287.394	194.751	181.698	107.066	69.7795	44.772	16.0894	8.2292	0	0	0	0	0	0	0	0	0	0
05.500,00.000	32.9	5.5	-200	0	4.5	1631.87	282.877	439.07	287.427	194.78	181.722	107.091	69.7943	44.7824	16.0953	8.23156	0	0	0	0	0	0	0	0	0	0
05.500,00.000	33	5.5	-200	0	4.5	1635.49	283.349	439.772	287.996	195.252	182.126	107.519	70.049	44.9557	16.198	8.27116	0	0	0	0	0	0	0	0	0	0
05.500,00.000	33.1	5.5	-200	0	4.5	1664.08	286.896	445.388	292.5	199.001	185.252	110.917	72.119	46.414	17.0162	8.57923	0	0	0	0	0	0	0	0	0	0
05.500,00.000	33.2	5.5	-200	0	4.5	1679.41	288.856	448.38	294.974	201.001	186.866	112.703	73.2306	47.2008	17.4582	8.74103	0	0	0	0	0	0	0	0	0	0
05.500,00.000	33.3	5.5	-200	0	4.5	1690.55	290.298	450.514	296.747	202.46	188.037	113.984	74.0595	47.8035	17.788	8.85605	0	0	0	0	0	0	0	0	0	0
05.500,00.000	33.4	5.5	-200	0	4.5	1701.72	291.761	452.683	298.494	203.921	189.193	115.256	74.9052	48.4211	18.1228	8.96837	0	0	0	0	0	0	0	0	0	0
05.500,00.000	33.5	5.5	-200	0	4.5	1712.8	293.214	454.768	300.225	205.358	190.341	116.525	75.7615	49.0595	18.4652	9.07879	0	0	0	0	0	0	0	0	0	0
05.500,00.000	33.6	5.5	-200	0	4.5	1724.44	294.393	456.801	302.109	206.935	191.627	117.952	76.7508	49.8073	18.8632	9.20318	0	0	0	0	0	0	0	0	0	0
05.500,00.000	33.7	5.5	-200	0	4.5	1739.89	296.361	459.447	304.51	208.94	193.269	119.794	78.029	50.799	19.3866	9.35952	0	0	0	0	0	0	0	0	0	0
05.500,00.000	33.8	5.5	-200	0	4.5	1787.41	302.35	467.087	311.621	215.065	198.411	125.621	82.1874	54.1017	21.1118	9.48586	0.373088	0	0	0	0	0	0	0	0	0
05.500,00.000	33.9	5.5	-200	0	4.5	1796.53	303.479	468.651	313.086	216.209	199.386	126.664	82.9719	54.69	21.4426	9.48586	0.465683	0	0	0	0	0	0	0	0	0
05.500,00.000	34	5.5	-200	0	4.5	1833.11	308.084	474.743	318.764	220.822	203.262	130.975	86.103	57.2448	22.8064	9.48586	0.820468	0	0	0	0	0	0	0	0	0
05.500,00.000	34.1	5.5	-200	0	4.5	1852.08	310.571	477.975	321.551	223.184	205.287	133.221	87.7288	58.5407	23.412	9.6056	1.00428	0	0	0	0	0	0	0	0	0
05.500,00.000	34.2	5.5	-200	0	4.5	1863.05	311.982	479.804	323.175	224.553	206.466	134.51	88.6617	59.3416	23.6766	9.77298	1.10778	0	0	0	0	0	0	0	0	0
05.500,00.000	34.3	5.5	-200	0	4.5	1874.4	313.395	481.75	324.834	225.971	207.671	135.832	89.6302	60.1986	23.9422	9.96524	1.21286	0	0	0	0	0	0	0	0	0
05.500,00.000	34.4	5.5	-200	0	4.5	1882.67	314.477	483.136	325.99	226.994	208.563	136.789	90.3401	60.8423	24.1294	10.1187	1.28797	0	0	0	0	0	0	0	0	0
05.500,00.000	34.5	5.5	-200	0	4.5	1894.26	316.009	485.085	327.612	228.413	209.807	138.082	91.3438	61.7776	24.3983	10.3387	1.39075	0	0	0	0	0	0	0	0	0
05.500,00.000	34.6	5.5	-200	0	4.5	1905.33	317.199	486.852	329.155	229.8	211.054	139.389	92.3787	62.7626	24.6826	10.5662	1.49477	0	0	0	0	0	0	0	0	0
05.500,00.000	34.7	5.5	-200	0	4.5	1919.85	318.834	488.955	331.059	231.455	212.678	141.213	93.8461	64.1925	25.0906	10.892	1.64001	0	0	0	0	0	0	0	0	0
05.500,00.000	34.8	5.5	-200	0	4.5	1990.01	327.047	499.605	340.204	240.084	220.364	149.561	100.597	70.8006	27.0897	12.374	2.28418	0	0	0	0	0	0	0	0	0
05.500,00.000	34.9	5.5	-200	0	4.5	2002.19	328.345	501.456	341.836	241.627	221.686	151.05	101.795	71.8941	27.4587	12.6418	2.3985	0	0	0	0	0	0	0	0	0
05.500,00.000	35	5.5	-200	0	4.5	2006.42	328.825	502.08	342.374	242.11	222.147	151.566	102.226	72.3123	27.6017	12.7389	2.43705	0	0	0	0	0	0	0	0	0
05.500,00.000	35.1	5.5	-200	0	4.5	2035.83	331.948	506.54	346.132	245.628	225.303	155.064	105.2	75.309	28.604	13.4088	2.69666	0	0	0	0	0	0	0	0	0
05.500,00.000	35.2	5.5	-200	0	4.5	2050.57	333.566	508.808	347.996	247.399	226.847	156.771	106.649	76.8342	29.1244	13.75	2.82508	0	0	0	0	0	0	0	0	0
05.500,00.000	35.3	5.5	-200	0	4.5	2059.32	334.517	510.169	349.071	248.393	227.764	157.763	107.56	77.7737	29.4516	13.9556	2.89876	0	0	0	0	0	0	0	0	0
05.500,00.000	35.4	5.5	-200	0	4.5	2068.1	335.474	511.544	350.143	249.402	228.661	158.74	108.478	78.7332	29.7925	14.1645	2.97062	0	0	0	0	0	0	0	0	0
05.500,00.000	35.5	5.5	-200	0	4.5	2076.85	336.436	512.924	351.19	250.372	229.544	159.707	109.407	79.7062	30.1491	14.3775	3.04086	0	0	0	0	0	0	0	0	0
05.500,00.000	35.6	5.5	-200	0	4.5	2085.29	337.358	514.234	352.174	251.259	230.381	160.643	110.329	80.6923	30.5172	14.5932	3.1091	0	0	0	0	0	0	0	0	0
05.500,00.000	35.7	5.5	-200	0	4.5	2154.33	343.61	523.051	360.678	258.338	236.464	168.951	118.888	89.9933	33.9559	16.6674	3.7331	0	0	0	0	0	0	0	0	0
05.500,00.000	35.8	5.5	-200	0	4.5	2168.54	344.903	524.994	362.503	259.882	237.905	170.541	120.557	91.8562	34.4548	17.0878	3.85584	0	0	0	0	0	0	0	0	0
05.500,00.000	35.9	5.5	-200	0	4.5	2170.88	345.117	525.332	362.776	260.111	238.154	170.797	120.844	92.1638	34.5484	17.161	3.87525	0	0	0	0	0	0	0	0	0
05.500,00.000	36	5.5	-200	0	4.5	2196.03	347.588	528.761	365.7	262.696	240.479	173.485	123.972	95.5601	35.7697	17.9452	4.07471	0	0	0	0	0	0	0	0	0
05.500,00.000	36.1	5.5	-200	0	4.5	2208.96	348.86	530.499	367.144	264.003	241.761	174.807	125.595	97.3796	36.3701	18.359	4.17622	0	0	0	0	0	0	0	0	0
05.500,00.000	36.2	5.5	-200	0	4.5	2216.46	349.633	531.568	367.938	264.727	242.483	175.555	126.542	98.4389	36.7391	18.6019	4.23215	0	0	0	0	0	0	0	0	0
05.500,00.000	36.3	5.5	-200	0	4.5	2223.94	350.422	532.605	368.705	265.446	243.168	176.292	127.504	99.5308	37.1245	18.8516	4.28634	0	0	0	0	0	0	0	0	0
05.500,00.000	36.4	5.5	-200	0	4.5	2231.39	351.206	533.651	369.448	266.169	243.844	177.009	128.466	100.633	37.5192	19.1048	4.33848	0	0	0	0	0	0	0	0	0
05.500,00.000	36.5	5.5	-200	0	4.5	2238.7	351.978	534.653	370.162	266.859	244.471	177.708	129.437	101.752	37.9306	19.3644	4.38903	0	0	0	0	0	0	0	0	0
05.500,00.000	36.6	5.5	-200	0	4.5	2262.48	354.501	537.921	372.375	269.126	246.291	179.942	132.673	105.474	39.3699	20.0204	4.78794	0	0	0	0	0	0	0	0	0
05.500,00.000	36.7	5.5	-200	0	4.5	2298.69	358.622	542.491	375.687	272.407	249.284	183.153	137.666	111.26	41.664	20.4003	6.0545	0	0	0	0	0	0	0	0	0
05.500,00.000	36.8	5.5	-200	0	4.5	2303.56	359.201	543.149	376.139	272.86	249.616	183.572	138.346	112.039	41.9471	20.4559	6.23082	0	0	0	0	0	0	0	0	0
05.500,00.000	36.9	5.5	-200	0	4.5	2314.92	360.486	544.738	377.061	273.887	250.353	184.595	139.949	113.903	42.7193	20.5995	6.63068	0	0	0	0	0	0	0	0	0
05.500,00.000	37	5.5	-200	0	4.5	2322.79	361.34	545.695	377.715	274.619	250.954	185.323	141.032	115.21	43.2727	20.7063	6.91983	0	0	0	0	0	0	0	0	0
05.500,00.000	37.1	5.5	-200	0	4.5	2333.93	362.539	547.195	378.546	275.623	251.783	186.334	142.56	117.071	44.0958	20.8679	7.31797	0	0	0	0	0	0	0	0	0
05.500,00.000	37.2	5.5	-200	0	4.5	2337.76	362.957	547.73	378.833	275.962	252.033	186.685	143.09	117.704	44.3757	20.9296	7.46238	0	0	0	0	0	0	0	0	0
05.500,00.000	37.3	5.5	-200	0	4.5	2351.77	364.523	549.601	379.789	277.173	252.957	187.897	145.064	120.13	45.5024	21.1666	7.96507	0	0	0	0	0	0	0	0	0
05.500,00.000	37.4	5.5	-200	0	4.5	2378.47	367.599	553.353	381.52	279.33	254.825	190.052	148.767	124.777	47.6858	21.6402	8.92593	0	0	0	0	0	0	0	0	0
05.500,00.000	37.5	5.5	-200	0	4.5	2382.6	368.128	553.896	381.795	279.665	255.102	190.379	149.33	125.429	48.0754	21.7191	9.07893	0	0	0	0	0	0	0	0	0
05.500,00.000	37.6	5.5	-200	0	4.5	2408.91	371.487	557.212	383.275	281.591	256.692	192.256	153.156	130.308	50.5743	22.2336	10.1247	0	0	0	0	0	0	0	0	0
05.500,00.000	37.7	5.5	-200	0	4.5	2427.92	374.154	559.588	384.388	283.036	257.773	193.741	155.794	133.64	52.3427	22.592	10.8737	0	0	0	0	0	0	0	0	0
05.500,00.000	37.8	5.5	-200	0	4.5	2429.47	374.368	559.784	384.484	283.152	257.862	193.839	156.001	133.901	52.5084	22.6325	10.9347	0	0	0	0	0	0	0	0	0
05.500,00.000	37.9	5.5	-200	0	4.5	2429.51	374.374	559.79	384.486	283.155	257.865	193.841	156.008	133.909	52.5135	22.6338	10.9365	0	0	0	0	0	0	0	0	0
05.500,00.000	38	5.5	-200	0	4.5	2445.46	376.694	561.795	385.287	284.258	258.861	194.86	158.175	136.749	54.2217	23.0354	11.52	0	0	0	0	0	0	0	0	0
05.500,00.000	38.1	5.5	-200	0	4.5	2458.77	378.649	563.561	385.949	285.157	259.623	195.65	159.97	138.904	55.8613	23.4333	12.0107	0	0	0	0	0	0	0	0	0
05.500,00.000	38.2	5.5	-200	0	4.5	2462.12	379.15	564.011	386.11	285.382	259.822	195.815	160.416	139.445	56.2847	23.5527	12.1344	0	0	0	0	0	0	0	0	0
05.500,00.000	38.3	5.5	-200	0	4.5	2466.21	379.792	564.515	386.289	285.648	260.066	196.016	160.964	140.144	56.8068	23.6881	12.2844	0	0	0	0	0	0	0	0	0
05.500,00.000	38.4	5.5	-200	0	4.5	2477.93	381.608	566.021	386.81	286.377	260.761	196.573	162.505	142.105	58.3404	24.12	12.7072	0	0	0	0	0	0	0	0	0
05.500,00.000	38.5	5.5	-200	0	4.5	2479.98	381.918	566.272	386.943	286.507	260.859	196.672	162.773	142.423	58.6287	24.1981	12.785	0	0	0	0	0	0	0	0	0
05.500,00.000	38.6	5.5	-200	0	4.5	2488.05	383.245	567.267	387.298	286.989	261.291	196.988	163.84	143.818	59.713	24.5078	13.0894	0	0	0	0	0	0	0	0	0
05.500,00.000	38.7	5.5	-200	0	4.5	2493.73	384.166	567.967	387.548	287.315	261.574	197.219	164.566	144.805	60.5091	24.7663	13.2946	0	0	0	0	0	0	0	0	0
05.500,00.000	38.8	5.5	-200	0	4.5	2494.97	384.374	568.127	387.601	287.388	261.635	197.27	164.723	145.014	60.6797	24.8184	13.3407	0	0	0	0	0	0	0	0	0
05.500,00.000	38.9	5.5	-200	0	4.5	2501.54	385.512	568.935	387.835	287.748	261.981	197.494	165.524	146.162	61.6364	25.1375	13.5707	0	0	0	0	0	0	0	0	0
05.500,00.000	39	5.5	-200	0	4.5	2503.36	385.862	569.148	387.911	287.847	262.057	197.559	165.724	146.473	61.9008	25.2468	13.6357	0	0	0	0	0	0	0	0	0
05.500,00.000	39.1	5.5	-200	0	4.5	2508.18	386.788	569.721	388.064	288.091	262.378	197.717	166.247	147.326	62.5748	25.4723	13.8009	0	0	0	0	0	0	0	0	0
05.500,00.000	39.2	5.5	-200	0	4.5	2516.39	388.381	570.676	388.316	288.501	263.006	197.98	167.103	148.747	63.7195	25.8706	14.0884	0	0	0	0	0	0	0	0	0
05.500,00.000	39.3	5.5	-200	0	4.5	2519.98	389.057	571.082	388.416	288.666	263.238	198.086	167.453	149.409	64.2591	26.1012	14.2109	0	0	0	0	0	0	0	0	0
05.500,00.000	39.4	5.5	-200	0	4.5	2523.39	389.749	571.486	388.504	288.817	263.497	198.196	167.798	150.012	64.7237	26.2736	14.3345	0	0	0	0	0	0	0	0	0
05.500,00.000	39.5	5.5	-200	0	4.5	2527.47	390.529	571.96	388.597	288.983	263.764	198.304	168.179	150.774	65.3533	26.5507	14.4742	0	0	0	0	0	0	0	0	0
05.500,00.000	39.6	5.5	-200	0	4.5	2531.27	391.335	572.44	388.682	289.146	264.046	198.415	168.538	151.44	65.8568	26.7586	14.6164	0	0	0	0	0	0	0	0	0
05.500,00.000	39.7	5.5	-200	0	4.5	2535.28	392.112	572.91	388.766	289.296	264.328	198.521	168.882	152.186	66.4889	27.0432	14.7521	0	0	0	0	0	0	0	0	0
05.500,00.000	39.8	5.5	-200	0	4.5	2539.06	392.915	573.382	388.849	289.442	264.603	198.628	169.213	152.842	67.0124	27.277	14.8909	0	0	0	0	0	0	0	0	0
05.500,00.000	39.9	5.5	-200	0	4.5	2542.81	393.708	573.86	388.932	289.578	264.884	198.733	169.522	153.489	67.5488	27.5309	15.0274	0	0	0	0	0	0	0	0	0
05.500,00.000	40	5.5	-200	0	4.5	2546.72	394.496	574.309	389.011	289.696	265.151	198.825	169.818	154.221	68.1943	27.8356	15.1627	0	0	0	0	0	0	0	0	0
05.500,00.000	40.1	5.5	-200	0	4.5	2550.55	395.274	574.739	389.085	289.806	265.414	198.912	170.102	154.956	68.8209	28.1442	15.2956	0	0	0	0	0	0	0	0	0
05.500,00.000	40.2	5.5	-200	0	4.5	2554.07	396.051	575.198	389.158	289.906	265.66	198.997	170.349	155.569	69.3289	28.423	15.3403	0.086701	0	0	0	0	0	0	0	0
05.500,00.000	40.3	5.5	-200	0	4.5	2557.55	396.807	575.658	389.222	289.997	265.905	199.076	170.569	156.176	69.8707	28.713	15.3402	0.213767	0	0	0	0	0	0	0	0
05.500,00.000	40.4	5.5	-200	0	4.5	2561.12	397.565	576.12	389.283	290.08	266.151	199.153	170.786	156.852	70.4388	29.0122	15.3403	0.340633	0	0	0	0	0	0	0	0
05.500,00.000	40.5	5.5	-200	0	4.5	2564.55	398.3	576.555	389.338	290.153	266.388	199.222	170.982	157.483	71.005	29.3264	15.3403	0.461832	0	0	0	0	0	0	0	0
05.500,00.000	40.6	5.5	-200	0	4.5	2567.8	399.028	576.975	389.385	290.22	266.622	199.287	171.158	158.034	71.5262	29.6438	15.3403	0.58484	0	0	0	0	0	0	0	0
05.500,00.000	40.7	5.5	-200	0	4.5	2571.09	399.75	577.402	389.428	290.28	266.856	199.349	171.33	158.645	72.0681	29.9372	15.3403	0.705808	0	0	0	0	0	0	0	0
05.500,00.000	40.8	5.5	-200	0	4.5	2574.32	400.434	577.809	389.464	290.333	267.077	199.406	171.488	159.23	72.6261	30.2898	15.3403	0.81879	0	0	0	0	0	0	0	0
05.500,00.000	40.9	5.5	-200	0	4.5	2577.48	401.119	578.232	389.5	290.382	267.299	199.463	171.632	159.762	73.1849	30.6294	15.3403	0.935057	0	0	0	0	0	0	0	0
05.500,00.000	41	5.5	-200	0	4.5	2580.56	401.811	578.663	389.533	290.424	267.524	199.518	171.774	160.284	73.7041	30.926	15.3403	1.0538	0	0	0	0	0	0	0	0
05.500,00.000	41.1	5.5	-200	0	4.5	2583.57	402.461	579.073	389.562	290.459	267.737	199.569	171.901	160.79	74.2493	31.2641	15.3403	1.1644	0	0	0	0	0	0	0	0
05.500,00.000	41.2	5.5	-200	0	4.5	2586.5	403.089	579.459	389.588	290.488	267.939	199.616	172.012	161.257	74.789	31.6496	15.3403	1.27111	0	0	0	0	0	0	0	0
05.500,00.000	41.3	5.5	-200	0	4.5	2589.37	403.718	579.836	389.612	290.514	268.142	199.658	172.116	161.701	75.3299	32.0251	15.3403	1.37919	0	0	0	0	0	0	0	0
05.500,00.000	41.4	5.5	-200	0	4.5	2592.2	404.336	580.222	389.632	290.536	268.343	199.698	172.214	162.157	75.8521	32.3813	15.3403	1.48463	0	0	0	0	0	0	0	0
05.500,00.000	41.5	5.5	-200	0	4.5	2594.97	404.915	580.582	389.649	290.555	268.53	199.735	172.296	162.582	76.3979	32.8012	15.3405	1.58311	0	0	0	0	0	0	0	0
05.500,00.000	41.6	5.5	-200	0	4.5	2597.71	405.504	580.972	389.663	290.572	268.72	199.771	172.369	162.97	76.9398	33.2044	15.3412	1.68536	0	0	0	0	0	0	0	0
05.500,00.000	41.7	5.5	-200	0	4.5	2600.39	406.086	581.362	389.674	290.587	268.902	199.806	172.44	163.37	77.4564	33.5771	15.342	1.78434	0	0	0	0	0	0	0	0
05.500,00.000	41.8	5.5	-200	0	4.5	2602.95	406.624	581.702	389.684	290.6	269.071	199.835	172.502	163.747	77.967	33.9993	15.3436	1.87668	0	0	0	0	0	0	0	0
05.500,00.000	41.9	5.5	-200	0	4.5	2605.55	407.172	582.049	389.693	290.611	269.241	199.864	172.561	164.129	78.4994	34.4156	15.346	1.97428	0	0	0	0	0	0	0	0
05.500,00.000	42	5.5	-200	0	4.5	2608.08	407.722	582.396	389.7	290.621	269.41	199.892	172.619	164.511	78.9959	34.792	15.3481	2.07216	0	0	0	0	0	0	0	0