
label	time(d)	x	depth	z	radius	total	0-10	10-20	20-30	30-40	40-50	50-60	60-70	70-80	80-90	90-100	100-110	110-120	120-130	130-140	140-150	150-160	160-170	170-180	180-190	190-200
00.000,00.000	0	0	-200	0	4.5	0	0	0	0	0	0	0	0	0	0	0	0	0	0	0	0	0	0	0	0	0
00.000,00.000	0.1	0	-200	0	4.5	0.293975	0.293975	0	0	0	0	0	0	0	0	0	0	0	0	0	0	0	0	0	0	0
00.000,00.000	0.2	0	-200	0	4.5	0.590923	0.590923	0	0	0	0	0	0	0	0	0	0	0	0	0	0	0	0	0	0	0
00.000,00.000	0.3	0	-200	0	4.5	0.890001	0.890001	0	0	0	0	0	0	0	0	0	0	0	0	0	0	0	0	0	0	0
00.000,00.000	0.4	0	-200	0	4.5	1.19141	1.19141	0	0	0	0	0	0	0	0	0	0	0	0	0	0	0	0	0	0	0
00.000,00.000	0.5	0	-200	0	4.5	1.49517	1.49517	0	0	0	0	0	0	0	0	0	0	0	0	0	0	0	0	0	0	0
00.000,00.000	0.6	0	-200	0	4.5	1.801	1.801	0	0	0	0	0	0	0	0	0	0	0	0	0	0	0	0	0	0	0
00.000,00.000	0.7	0	-200	0	4.5	2.10884	2.10884	0	0	0	0	0	0	0	0	0	0	0	0	0	0	0	0	0	0	0
00.000,00.000	0.8	0	-200	0	4.5	2.41852	2.41852	0	0	0	0	0	0	0	0	0	0	0	0	0	0	0	0	0	0	0
00.000,00.000	0.9	0	-200	0	4.5	2.72945	2.72945	0	0	0	0	0	0	0	0	0	0	0	0	0	0	0	0	0	0	0
00.000,00.000	1	0	-200	0	4.5	3.04066	3.04066	0	0	0	0	0	0	0	0	0	0	0	0	0	0	0	0	0	0	0
00.000,00.000	1.1	0	-200	0	4.5	3.35739	3.35739	0	0	0	0	0	0	0	0	0	0	0	0	0	0	0	0	0	0	0
00.000,00.000	1.2	0	-200	0	4.5	3.68279	3.68279	0	0	0	0	0	0	0	0	0	0	0	0	0	0	0	0	0	0	0
00.000,00.000	1.3	0	-200	0	4.5	4.01834	4.01834	0	0	0	0	0	0	0	0	0	0	0	0	0	0	0	0	0	0	0
00.000,00.000	1.4	0	-200	0	4.5	4.36555	4.36555	0	0	0	0	0	0	0	0	0	0	0	0	0	0	0	0	0	0	0
00.000,00.000	1.5	0	-200	0	4.5	4.72571	4.72571	0	0	0	0	0	0	0	0	0	0	0	0	0	0	0	0	0	0	0
00.000,00.000	1.6	0	-200	0	4.5	5.09886	5.09886	0	0	0	0	0	0	0	0	0	0	0	0	0	0	0	0	0	0	0
00.000,00.000	1.7	0	-200	0	4.5	5.48469	5.48469	0	0	0	0	0	0	0	0	0	0	0	0	0	0	0	0	0	0	0
00.000,00.000	1.8	0	-200	0	4.5	5.88357	5.88357	0	0	0	0	0	0	0	0	0	0	0	0	0	0	0	0	0	0	0
00.000,00.000	1.9	0	-200	0	4.5	6.32223	6.32223	0	0	0	0	0	0	0	0	0	0	0	0	0	0	0	0	0	0	0
00.000,00.000	2	0	-200	0	4.5	6.80814	6.80814	0	0	0	0	0	0	0	0	0	0	0	0	0	0	0	0	0	0	0
00.000,00.000	2.1	0	-200	0	4.5	7.37201	7.37201	0	0	0	0	0	0	0	0	0	0	0	0	0	0	0	0	0	0	0
00.000,00.000	2.2	0	-200	0	4.5	8.08817	8.08817	0	0	0	0	0	0	0	0	0	0	0	0	0	0	0	0	0	0	0
00.000,00.000	2.3	0	-200	0	4.5	8.95043	8.72424	0.226186	0	0	0	0	0	0	0	0	0	0	0	0	0	0	0	0	0	0
00.000,00.000	2.4	0	-200	0	4.5	9.94487	9.43838	0.50649	0	0	0	0	0	0	0	0	0	0	0	0	0	0	0	0	0	0
00.000,00.000	2.5	0	-200	0	4.5	11.0506	10.264	0.786639	0	0	0	0	0	0	0	0	0	0	0	0	0	0	0	0	0	0
00.000,00.000	2.6	0	-200	0	4.5	12.2628	11.197	1.06581	0	0	0	0	0	0	0	0	0	0	0	0	0	0	0	0	0	0
00.000,00.000	2.7	0	-200	0	4.5	13.5877	12.2434	1.34431	0	0	0	0	0	0	0	0	0	0	0	0	0	0	0	0	0	0
00.000,00.000	2.8	0	-200	0	4.5	15.0497	13.4266	1.62317	0	0	0	0	0	0	0	0	0	0	0	0	0	0	0	0	0	0
00.000,00.000	2.9	0	-200	0	4.5	16.6845	14.7789	1.90556	0	0	0	0	0	0	0	0	0	0	0	0	0	0	0	0	0	0
00.000,00.000	3	0	-200	0	4.5	18.4728	16.2794	2.19342	0	0	0	0	0	0	0	0	0	0	0	0	0	0	0	0	0	0
00.000,00.000	3.1	0	-200	0	4.5	20.3447	17.8586	2.48602	0	0	0	0	0	0	0	0	0	0	0	0	0	0	0	0	0	0
00.000,00.000	3.2	0	-200	0	4.5	22.1803	19.4021	2.77821	0	0	0	0	0	0	0	0	0	0	0	0	0	0	0	0	0	0
00.000,00.000	3.3	0	-200	0	4.5	24.0066	20.9362	3.07036	0	0	0	0	0	0	0	0	0	0	0	0	0	0	0	0	0	0
00.000,00.000	3.4	0	-200	0	4.5	25.8166	22.454	3.36259	0	0	0	0	0	0	0	0	0	0	0	0	0	0	0	0	0	0
00.000,00.000	3.5	0	-200	0	4.5	27.5918	23.9383	3.65351	0	0	0	0	0	0	0	0	0	0	0	0	0	0	0	0	0	0
00.000,00.000	3.6	0	-200	0	4.5	29.3323	25.3898	3.94257	0	0	0	0	0	0	0	0	0	0	0	0	0	0	0	0	0	0
00.000,00.000	3.7	0	-200	0	4.5	31.0499	26.8198	4.23009	0	0	0	0	0	0	0	0	0	0	0	0	0	0	0	0	0	0
00.000,00.000	3.8	0	-200	0	4.5	32.7557	28.2392	4.51643	0	0	0	0	0	0	0	0	0	0	0	0	0	0	0	0	0	0
00.000,00.000	3.9	0	-200	0	4.5	34.4582	29.6566	4.80158	0	0	0	0	0	0	0	0	0	0	0	0	0	0	0	0	0	0
00.000,00.000	4	0	-200	0	4.5	36.1695	31.0831	5.08638	0	0	0	0	0	0	0	0	0	0	0	0	0	0	0	0	0	0
00.000,00.000	4.1	0	-200	0	4.5	37.8864	32.5148	5.37156	0	0	0	0	0	0	0	0	0	0	0	0	0	0	0	0	0	0
00.000,00.000	4.2	0	-200	0	4.5	39.6073	33.9496	5.65774	0	0	0	0	0	0	0	0	0	0	0	0	0	0	0	0	0	0
00.000,00.000	4.3	0	-200	0	4.5	41.3312	35.3861	5.94508	0	0	0	0	0	0	0	0	0	0	0	0	0	0	0	0	0	0
00.000,00.000	4.4	0	-200	0	4.5	42.7997	36.5664	6.23331	0	0	0	0	0	0	0	0	0	0	0	0	0	0	0	0	0	0
00.000,00.000	4.5	0	-200	0	4.5	44.1706	37.6493	6.52128	0	0	0	0	0	0	0	0	0	0	0	0	0	0	0	0	0	0
00.000,00.000	4.6	0	-200	0	4.5	45.5226	38.6093	6.91325	0	0	0	0	0	0	0	0	0	0	0	0	0	0	0	0	0	0
00.000,00.000	4.7	0	-200	0	4.5	46.8594	39.1035	7.75593	0	0	0	0	0	0	0	0	0	0	0	0	0	0	0	0	0	0
00.000,00.000	4.8	0	-200	0	4.5	48.1846	39.5891	8.59556	0	0	0	0	0	0	0	0	0	0	0	0	0	0	0	0	0	0
00.000,00.000	4.9	0	-200	0	4.5	49.3758	39.9457	9.43003	0	0	0	0	0	0	0	0	0	0	0	0	0	0	0	0	0	0
00.000,00.000	5	0	-200	0	4.5	50.4265	40.1653	10.2612	0	0	0	0	0	0	0	0	0	0	0	0	0	0	0	0	0	0
00.000,00.000	5.1	0	-200	0	4.5	51.2722	40.3848	10.8874	0	0	0	0	0	0	0	0	0	0	0	0	0	0	0	0	0	0
00.000,00.000	5.2	0	-200	0	4.5	52.0419	40.609	11.4329	0	0	0	0	0	0	0	0	0	0	0	0	0	0	0	0	0	0
00.000,00.000	5.3	0	-200	0	4.5	52.8167	40.6625	12.1542	0	0	0	0	0	0	0	0	0	0	0	0	0	0	0	0	0	0
00.000,00.000	5.4	0	-200	0	4.5	53.5982	40.6853	12.9129	0	0	0	0	0	0	0	0	0	0	0	0	0	0	0	0	0	0
00.000,00.000	5.5	0	-200	0	4.5	54.214	40.7114	13.5026	0	0	0	0	0	0	0	0	0	0	0	0	0	0	0	0	0	0
00.000,00.000	5.6	0	-200	0	4.5	54.7335	40.7415	13.992	0	0	0	0	0	0	0	0	0	0	0	0	0	0	0	0	0	0
00.000,00.000	5.7	0	-200	0	4.5	55.2567	40.7765	14.4802	0	0	0	0	0	0	0	0	0	0	0	0	0	0	0	0	0	0
00.000,00.000	5.8	0	-200	0	4.5	55.7825	40.8153	14.9343	0.0328739	0	0	0	0	0	0	0	0	0	0	0	0	0	0	0	0	0
00.000,00.000	5.9	0	-200	0	4.5	56.3117	40.8586	15.1429	0.310132	0	0	0	0	0	0	0	0	0	0	0	0	0	0	0	0	0
00.000,00.000	6	0	-200	0	4.5	56.847	40.9092	15.3513	0.586513	0	0	0	0	0	0	0	0	0	0	0	0	0	0	0	0	0
00.000,00.000	6.1	0	-200	0	4.5	57.3892	40.9668	15.5603	0.862087	0	0	0	0	0	0	0	0	0	0	0	0	0	0	0	0	0
00.000,00.000	6.2	0	-200	0	4.5	57.939	41.0319	15.7703	1.13686	0	0	0	0	0	0	0	0	0	0	0	0	0	0	0	0	0
00.000,00.000	6.3	0	-200	0	4.5	58.4972	41.1049	15.9813	1.411	0	0	0	0	0	0	0	0	0	0	0	0	0	0	0	0	0
00.000,00.000	6.4	0	-200	0	4.5	59.0647	41.1871	16.1932	1.68454	0	0	0	0	0	0	0	0	0	0	0	0	0	0	0	0	0
00.000,00.000	6.5	0	-200	0	4.5	59.6393	41.277	16.4051	1.9571	0	0	0	0	0	0	0	0	0	0	0	0	0	0	0	0	0
00.000,00.000	6.6	0	-200	0	4.5	60.1522	41.3794	16.5435	2.22924	0	0	0	0	0	0	0	0	0	0	0	0	0	0	0	0	0
00.000,00.000	6.7	0	-200	0	4.5	60.5425	41.496	16.5457	2.50075	0	0	0	0	0	0	0	0	0	0	0	0	0	0	0	0	0
00.000,00.000	6.8	0	-200	0	4.5	60.9529	41.6271	16.5542	2.7715	0	0	0	0	0	0	0	0	0	0	0	0	0	0	0	0	0
00.000,00.000	6.9	0	-200	0	4.5	61.3776	41.7756	16.5602	3.04186	0	0	0	0	0	0	0	0	0	0	0	0	0	0	0	0	0
00.000,00.000	7	0	-200	0	4.5	61.8234	41.9436	16.5683	3.31154	0	0	0	0	0	0	0	0	0	0	0	0	0	0	0	0	0
00.000,00.000	7.1	0	-200	0	4.5	62.294	42.1357	16.5778	3.58043	0	0	0	0	0	0	0	0	0	0	0	0	0	0	0	0	0
00.000,00.000	7.2	0	-200	0	4.5	62.7898	42.352	16.5892	3.84863	0	0	0	0	0	0	0	0	0	0	0	0	0	0	0	0	0
00.000,00.000	7.3	0	-200	0	4.5	63.3121	42.5931	16.6028	4.11621	0	0	0	0	0	0	0	0	0	0	0	0	0	0	0	0	0
00.000,00.000	7.4	0	-200	0	4.5	63.862	42.8604	16.6185	4.38304	0	0	0	0	0	0	0	0	0	0	0	0	0	0	0	0	0
00.000,00.000	7.5	0	-200	0	4.5	64.4297	43.1439	16.637	4.64875	0	0	0	0	0	0	0	0	0	0	0	0	0	0	0	0	0
00.000,00.000	7.6	0	-200	0	4.5	65.0259	43.4543	16.6577	4.91388	0	0	0	0	0	0	0	0	0	0	0	0	0	0	0	0	0
00.000,00.000	7.7	0	-200	0	4.5	65.6514	43.7921	16.6809	5.17845	0	0	0	0	0	0	0	0	0	0	0	0	0	0	0	0	0
00.000,00.000	7.8	0	-200	0	4.5	66.3086	44.1593	16.7069	5.4424	0	0	0	0	0	0	0	0	0	0	0	0	0	0	0	0	0
00.000,00.000	7.9	0	-200	0	4.5	67.0063	44.5647	16.7356	5.70591	0	0	0	0	0	0	0	0	0	0	0	0	0	0	0	0	0
00.000,00.000	8	0	-200	0	4.5	67.7427	45.0063	16.7675	5.96881	0	0	0	0	0	0	0	0	0	0	0	0	0	0	0	0	0
00.000,00.000	8.1	0	-200	0	4.5	68.5208	45.4876	16.802	6.23117	0	0	0	0	0	0	0	0	0	0	0	0	0	0	0	0	0
00.000,00.000	8.2	0	-200	0	4.5	69.354	46.0204	16.8407	6.49284	0	0	0	0	0	0	0	0	0	0	0	0	0	0	0	0	0
00.000,00.000	8.3	0	-200	0	4.5	70.2484	46.6119	16.8827	6.75389	0	0	0	0	0	0	0	0	0	0	0	0	0	0	0	0	0
00.000,00.000	8.4	0	-200	0	4.5	71.1996	47.2566	16.9287	7.01435	0	0	0	0	0	0	0	0	0	0	0	0	0	0	0	0	0
00.000,00.000	8.5	0	-200	0	4.5	72.1877	47.9352	16.9786	7.27388	0	0	0	0	0	0	0	0	0	0	0	0	0	0	0	0	0
00.000,00.000	8.6	0	-200	0	4.5	73.2187	48.6534	17.0325	7.5329	0	0	0	0	0	0	0	0	0	0	0	0	0	0	0	0	0
00.000,00.000	8.7	0	-200	0	4.5	74.2938	49.4102	17.0922	7.7914	0	0	0	0	0	0	0	0	0	0	0	0	0	0	0	0	0
00.000,00.000	8.8	0	-200	0	4.5	75.4143	50.2084	17.1565	8.04944	0	0	0	0	0	0	0	0	0	0	0	0	0	0	0	0	0
00.000,00.000	8.9	0	-200	0	4.5	76.6026	51.0671	17.2283	8.30721	0	0	0	0	0	0	0	0	0	0	0	0	0	0	0	0	0
00.000,00.000	9	0	-200	0	4.5	77.8667	51.992	17.3102	8.56452	0	0	0	0	0	0	0	0	0	0	0	0	0	0	0	0	0
00.000,00.000	9.1	0	-200	0	4.5	79.216	52.9919	17.4027	8.8214	0	0	0	0	0	0	0	0	0	0	0	0	0	0	0	0	0
00.000,00.000	9.2	0	-200	0	4.5	80.6551	54.0693	17.5079	9.07785	0	0	0	0	0	0	0	0	0	0	0	0	0	0	0	0	0
00.000,00.000	9.3	0	-200	0	4.5	82.1831	55.2244	17.6249	9.33382	0	0	0	0	0	0	0	0	0	0	0	0	0	0	0	0	0
00.000,00.000	9.4	0	-200	0	4.5	83.7941	56.449	17.7556	9.58944	0	0	0	0	0	0	0	0	0	0	0	0	0	0	0	0	0
00.000,00.000	9.5	0	-200	0	4.5	85.4581	57.7143	17.8994	9.84445	0	0	0	0	0	0	0	0	0	0	0	0	0	0	0	0	0
00.000,00.000	9.6	0	-200	0	4.5	87.1905	59.0339	18.0573	10.0993	0	0	0	0	0	0	0	0	0	0	0	0	0	0	0	0	0
00.000,00.000	9.7	0	-200	0	4.5	88.9909	60.4084	18.2284	10.1428	0.211219	0	0	0	0	0	0	0	0	0	0	0	0	0	0	0	0
00.000,00.000	9.8	0	-200	0	4.5	90.863	61.8409	18.4133	10.1435	0.465251	0	0	0	0	0	0	0	0	0	0	0	0	0	0	0	0
00.000,00.000	9.9	0	-200	0	4.5	92.8384	63.3629	18.6119	10.1435	0.720074	0	0	0	0	0	0	0	0	0	0	0	0	0	0	0	0
00.000,00.000	10	0	-200	0	4.5	94.9204	64.9775	18.8246	10.1435	0.974754	0	0	0	0	0	0	0	0	0	0	0	0	0	0	0	0
00.000,00.000	10.1	0	-200	0	4.5	97.1139	66.6883	19.0528	10.1435	1.22928	0	0	0	0	0	0	0	0	0	0	0	0	0	0	0	0
00.000,00.000	10.2	0	-200	0	4.5	99.4171	68.494	19.2958	10.1435	1.48375	0	0	0	0	0	0	0	0	0	0	0	0	0	0	0	0
00.000,00.000	10.3	0	-200	0	4.5	101.831	70.396	19.5533	10.1436	1.73819	0	0	0	0	0	0	0	0	0	0	0	0	0	0	0	0
00.000,00.000	10.4	0	-200	0	4.5	104.346	72.3842	19.8246	10.1447	1.99232	0	0	0	0	0	0	0	0	0	0	0	0	0	0	0	0
00.000,00.000	10.5	0	-200	0	4.5	106.917	74.4182	20.1066	10.1465	2.24597	0	0	0	0	0	0	0	0	0	0	0	0	0	0	0	0
00.000,00.000	10.6	0	-200	0	4.5	109.551	76.5032	20.3986	10.1498	2.49982	0	0	0	0	0	0	0	0	0	0	0	0	0	0	0	0
00.000,00.000	10.7	0	-200	0	4.5	112.252	78.6442	20.7	10.1544	2.75387	0	0	0	0	0	0	0	0	0	0	0	0	0	0	0	0
00.000,00.000	10.8	0	-200	0	4.5	115.04	80.8602	21.0121	10.1603	3.00776	0	0	0	0	0	0	0	0	0	0	0	0	0	0	0	0
00.000,00.000	10.9	0	-200	0	4.5	117.962	83.1966	21.3356	10.1681	3.26158	0	0	0	0	0	0	0	0	0	0	0	0	0	0	0	0
00.000,00.000	11	0	-200	0	4.5	121.022	85.65	21.6769	10.1797	3.51551	0	0	0	0	0	0	0	0	0	0	0	0	0	0	0	0
00.000,00.000	11.1	0	-200	0	4.5	124.216	88.2011	22.0518	10.1942	3.76937	0	0	0	0	0	0	0	0	0	0	0	0	0	0	0	0
00.000,00.000	11.2	0	-200	0	4.5	127.558	90.8795	22.4438	10.212	4.02283	0	0	0	0	0	0	0	0	0	0	0	0	0	0	0	0
00.000,00.000	11.3	0	-200	0	4.5	131.048	93.6769	22.861	10.2343	4.27597	0	0	0	0	0	0	0	0	0	0	0	0	0	0	0	0
00.000,00.000	11.4	0	-200	0	4.5	134.666	96.5734	23.3032	10.2605	4.52897	0	0	0	0	0	0	0	0	0	0	0	0	0	0	0	0
00.000,00.000	11.5	0	-200	0	4.5	138.344	99.5088	23.7625	10.2906	4.78169	0	0	0	0	0	0	0	0	0	0	0	0	0	0	0	0
00.000,00.000	11.6	0	-200	0	4.5	142.056	102.456	24.2395	10.3261	5.0343	0	0	0	0	0	0	0	0	0	0	0	0	0	0	0	0
00.000,00.000	11.7	0	-200	0	4.5	145.671	105.452	24.7712	10.3659	5.08132	0	0	0	0	0	0	0	0	0	0	0	0	0	0	0	0
00.000,00.000	11.8	0	-200	0	4.5	149.36	108.538	25.3239	10.4104	5.08778	0	0	0	0	0	0	0	0	0	0	0	0	0	0	0	0
00.000,00.000	11.9	0	-200	0	4.5	153.231	111.782	25.8934	10.4659	5.08965	0	0	0	0	0	0	0	0	0	0	0	0	0	0	0	0
00.000,00.000	12	0	-200	0	4.5	157.268	115.169	26.4747	10.5345	5.08965	0	0	0	0	0	0	0	0	0	0	0	0	0	0	0	0
00.000,00.000	12.1	0	-200	0	4.5	161.439	118.65	27.084	10.6154	5.08965	0	0	0	0	0	0	0	0	0	0	0	0	0	0	0	0
00.000,00.000	12.2	0	-200	0	4.5	165.658	122.151	27.7152	10.7021	5.08965	0	0	0	0	0	0	0	0	0	0	0	0	0	0	0	0
00.000,00.000	12.3	0	-200	0	4.5	169.908	125.663	28.3625	10.7919	5.08965	0	0	0	0	0	0	0	0	0	0	0	0	0	0	0	0
00.000,00.000	12.4	0	-200	0	4.5	174.211	129.204	29.0283	10.8896	5.08965	0	0	0	0	0	0	0	0	0	0	0	0	0	0	0	0
00.000,00.000	12.5	0	-200	0	4.5	178.53	132.636	29.8132	10.9916	5.08965	0	0	0	0	0	0	0	0	0	0	0	0	0	0	0	0
00.000,00.000	12.6	0	-200	0	4.5	182.963	135.89	30.8809	11.1025	5.08965	0	0	0	0	0	0	0	0	0	0	0	0	0	0	0	0
00.000,00.000	12.7	0	-200	0	4.5	187.398	139.131	31.9611	11.2169	5.08965	0	0	0	0	0	0	0	0	0	0	0	0	0	0	0	0
00.000,00.000	12.8	0	-200	0	4.5	191.731	142.288	33.0196	11.333	5.08965	0	0	0	0	0	0	0	0	0	0	0	0	0	0	0	0
00.000,00.000	12.9	0	-200	0	4.5	196.131	145.48	34.1062	11.4553	5.08965	0	0	0	0	0	0	0	0	0	0	0	0	0	0	0	0
00.000,00.000	13	0	-200	0	4.5	200.567	148.477	35.4171	11.5832	5.08965	0	0	0	0	0	0	0	0	0	0	0	0	0	0	0	0
00.000,00.000	13.1	0	-200	0	4.5	205.038	151.344	36.8875	11.7167	5.08965	0	0	0	0	0	0	0	0	0	0	0	0	0	0	0	0
00.000,00.000	13.2	0	-200	0	4.5	209.622	154.104	38.5728	11.8549	5.08965	0	0	0	0	0	0	0	0	0	0	0	0	0	0	0	0
00.000,00.000	13.3	0	-200	0	4.5	214.315	156.937	40.2885	11.9997	5.08965	0	0	0	0	0	0	0	0	0	0	0	0	0	0	0	0
00.000,00.000	13.4	0	-200	0	4.5	219.104	159.827	42.0335	12.1535	5.08965	0	0	0	0	0	0	0	0	0	0	0	0	0	0	0	0
00.000,00.000	13.5	0	-200	0	4.5	223.926	162.719	43.8016	12.3158	5.08965	0	0	0	0	0	0	0	0	0	0	0	0	0	0	0	0
00.000,00.000	13.6	0	-200	0	4.5	229.391	165.975	45.817	12.5092	5.08965	0	0	0	0	0	0	0	0	0	0	0	0	0	0	0	0
00.000,00.000	13.7	0	-200	0	4.5	234.594	169.048	47.753	12.7027	5.08965	0	0	0	0	0	0	0	0	0	0	0	0	0	0	0	0
00.000,00.000	13.8	0	-200	0	4.5	238.703	171.463	49.2879	12.8617	5.08965	0	0	0	0	0	0	0	0	0	0	0	0	0	0	0	0
00.000,00.000	13.9	0	-200	0	4.5	243.848	174.498	51.1933	13.0667	5.08965	0	0	0	0	0	0	0	0	0	0	0	0	0	0	0	0
00.000,00.000	14	0	-200	0	4.5	248.945	177.504	53.0756	13.2758	5.08965	0	0	0	0	0	0	0	0	0	0	0	0	0	0	0	0
00.000,00.000	14.1	0	-200	0	4.5	253.978	180.467	54.9327	13.4878	5.08984	0	0	0	0	0	0	0	0	0	0	0	0	0	0	0	0
00.000,00.000	14.2	0	-200	0	4.5	259.062	183.405	56.8556	13.7091	5.09151	0	0	0	0	0	0	0	0	0	0	0	0	0	0	0	0
00.000,00.000	14.3	0	-200	0	4.5	264.185	186.337	58.8143	13.9395	5.09422	0	0	0	0	0	0	0	0	0	0	0	0	0	0	0	0
00.000,00.000	14.4	0	-200	0	4.5	269.324	189.257	60.7916	14.1779	5.09797	0	0	0	0	0	0	0	0	0	0	0	0	0	0	0	0
00.000,00.000	14.5	0	-200	0	4.5	274.408	192.094	62.786	14.4254	5.10293	0	0	0	0	0	0	0	0	0	0	0	0	0	0	0	0
00.000,00.000	14.6	0	-200	0	4.5	280.871	195.638	65.3659	14.7556	5.11155	0	0	0	0	0	0	0	0	0	0	0	0	0	0	0	0
00.000,00.000	14.7	0	-200	0	4.5	286.429	198.653	67.6053	15.0501	5.12054	0	0	0	0	0	0	0	0	0	0	0	0	0	0	0	0
00.000,00.000	14.8	0	-200	0	4.5	290.053	200.608	69.0673	15.2505	5.12814	0	0	0	0	0	0	0	0	0	0	0	0	0	0	0	0
00.000,00.000	14.9	0	-200	0	4.5	295.495	203.518	71.2739	15.561	5.14198	0	0	0	0	0	0	0	0	0	0	0	0	0	0	0	0
00.000,00.000	15	0	-200	0	4.5	300.595	206.193	73.3807	15.8634	5.15734	0	0	0	0	0	0	0	0	0	0	0	0	0	0	0	0
00.000,00.000	15.1	0	-200	0	4.5	305.492	208.715	75.4432	16.1581	5.17511	0	0	0	0	0	0	0	0	0	0	0	0	0	0	0	0
00.000,00.000	15.2	0	-200	0	4.5	310.401	211.21	77.535	16.4605	5.19543	0	0	0	0	0	0	0	0	0	0	0	0	0	0	0	0
00.000,00.000	15.3	0	-200	0	4.5	315.302	213.67	79.6426	16.7714	5.21824	0	0	0	0	0	0	0	0	0	0	0	0	0	0	0	0
00.000,00.000	15.4	0	-200	0	4.5	320.162	216.086	81.741	17.0905	5.24498	0	0	0	0	0	0	0	0	0	0	0	0	0	0	0	0
00.000,00.000	15.5	0	-200	0	4.5	326.797	219.328	84.1996	17.9823	5.28693	0	0	0	0	0	0	0	0	0	0	0	0	0	0	0	0
00.000,00.000	15.6	0	-200	0	4.5	333.383	222.422	86.6904	18.9369	5.33446	0	0	0	0	0	0	0	0	0	0	0	0	0	0	0	0
00.000,00.000	15.7	0	-200	0	4.5	338.592	224.789	88.7236	19.7024	5.37681	0	0	0	0	0	0	0	0	0	0	0	0	0	0	0	0
00.000,00.000	15.8	0	-200	0	4.5	341.217	225.951	89.7629	20.1015	5.40077	0	0	0	0	0	0	0	0	0	0	0	0	0	0	0	0
00.000,00.000	15.9	0	-200	0	4.5	345.33	227.745	91.4097	20.7328	5.44198	0	0	0	0	0	0	0	0	0	0	0	0	0	0	0	0
00.000,00.000	16	0	-200	0	4.5	350.888	230.115	93.6779	21.5927	5.50254	0	0	0	0	0	0	0	0	0	0	0	0	0	0	0	0
00.000,00.000	16.1	0	-200	0	4.5	355.63	232.114	95.6196	22.3382	5.55824	0	0	0	0	0	0	0	0	0	0	0	0	0	0	0	0
00.000,00.000	16.2	0	-200	0	4.5	360.067	233.959	97.443	23.0504	5.61469	0	0	0	0	0	0	0	0	0	0	0	0	0	0	0	0
00.000,00.000	16.3	0	-200	0	4.5	364.492	235.785	99.2602	23.7715	5.67489	0	0	0	0	0	0	0	0	0	0	0	0	0	0	0	0
00.000,00.000	16.4	0	-200	0	4.5	368.877	237.583	101.056	24.5006	5.73847	0	0	0	0	0	0	0	0	0	0	0	0	0	0	0	0
00.000,00.000	16.5	0	-200	0	4.5	378.418	241.415	104.852	26.2649	5.8857	0	0	0	0	0	0	0	0	0	0	0	0	0	0	0	0
00.000,00.000	16.6	0	-200	0	4.5	383.449	243.365	106.646	27.4688	5.96834	0	0	0	0	0	0	0	0	0	0	0	0	0	0	0	0
00.000,00.000	16.7	0	-200	0	4.5	383.851	243.516	106.791	27.5685	5.97539	0	0	0	0	0	0	0	0	0	0	0	0	0	0	0	0
00.000,00.000	16.8	0	-200	0	4.5	387.136	244.763	107.934	28.4016	6.03695	0	0	0	0	0	0	0	0	0	0	0	0	0	0	0	0
00.000,00.000	16.9	0	-200	0	4.5	388.097	245.125	108.268	28.648	6.05626	0	0	0	0	0	0	0	0	0	0	0	0	0	0	0	0
00.000,00.000	17	0	-200	0	4.5	394.178	247.455	110.276	30.2675	6.17944	0	0	0	0	0	0	0	0	0	0	0	0	0	0	0	0
00.000,00.000	17.1	0	-200	0	4.5	399.009	249.293	111.654	31.7814	6.28083	0	0	0	0	0	0	0	0	0	0	0	0	0	0	0	0
00.000,00.000	17.2	0	-200	0	4.5	402.987	250.834	112.766	33.0209	6.36698	0	0	0	0	0	0	0	0	0	0	0	0	0	0	0	0
00.000,00.000	17.3	0	-200	0	4.5	406.986	252.38	113.879	34.2709	6.45619	0	0	0	0	0	0	0	0	0	0	0	0	0	0	0	0
00.000,00.000	17.4	0	-200	0	4.5	411.024	253.939	115.009	35.5274	6.54837	0	0	0	0	0	0	0	0	0	0	0	0	0	0	0	0
00.000,00.000	17.5	0	-200	0	4.5	423.694	258.855	118.661	39.3281	6.84936	0	0	0	0	0	0	0	0	0	0	0	0	0	0	0	0
00.000,00.000	17.6	0	-200	0	4.5	426.157	259.779	119.446	40.0206	6.91034	0	0	0	0	0	0	0	0	0	0	0	0	0	0	0	0
00.000,00.000	17.7	0	-200	0	4.5	431.249	261.731	120.941	41.5341	7.04263	0	0	0	0	0	0	0	0	0	0	0	0	0	0	0	0
00.000,00.000	17.8	0	-200	0	4.5	432.345	262.148	121.282	41.8425	7.07214	0	0	0	0	0	0	0	0	0	0	0	0	0	0	0	0
00.000,00.000	17.9	0	-200	0	4.5	433.124	262.46	121.51	42.06	7.09367	0	0	0	0	0	0	0	0	0	0	0	0	0	0	0	0
00.000,00.000	18	0	-200	0	4.5	440.357	265.487	123.43	44.1448	7.29561	0	0	0	0	0	0	0	0	0	0	0	0	0	0	0	0
00.000,00.000	18.1	0	-200	0	4.5	445.388	267.611	124.734	45.602	7.44124	0	0	0	0	0	0	0	0	0	0	0	0	0	0	0	0
00.000,00.000	18.2	0	-200	0	4.5	449.386	269.313	125.782	46.6415	7.64953	0	0	0	0	0	0	0	0	0	0	0	0	0	0	0	0
00.000,00.000	18.3	0	-200	0	4.5	453.43	271.063	126.826	47.4639	8.07731	0	0	0	0	0	0	0	0	0	0	0	0	0	0	0	0
00.000,00.000	18.4	0	-200	0	4.5	457.514	272.865	127.87	48.2901	8.48871	0	0	0	0	0	0	0	0	0	0	0	0	0	0	0	0
00.000,00.000	18.5	0	-200	0	4.5	472.744	279.678	131.742	51.3078	10.0167	0	0	0	0	0	0	0	0	0	0	0	0	0	0	0	0
00.000,00.000	18.6	0	-200	0	4.5	475.746	281.015	132.526	51.8864	10.3186	0	0	0	0	0	0	0	0	0	0	0	0	0	0	0	0
00.000,00.000	18.7	0	-200	0	4.5	485.04	285.142	134.9	53.7304	11.2671	0	0	0	0	0	0	0	0	0	0	0	0	0	0	0	0
00.000,00.000	18.8	0	-200	0	4.5	487.192	286.131	135.464	54.1097	11.4873	0	0	0	0	0	0	0	0	0	0	0	0	0	0	0	0
00.000,00.000	18.9	0	-200	0	4.5	491.426	288.149	136.537	54.8666	11.8731	0	0	0	0	0	0	0	0	0	0	0	0	0	0	0	0
00.000,00.000	19	0	-200	0	4.5	499.349	292.009	138.52	56.2457	12.5749	0	0	0	0	0	0	0	0	0	0	0	0	0	0	0	0
00.000,00.000	19.1	0	-200	0	4.5	504.508	294.535	139.809	57.1343	13.0299	0	0	0	0	0	0	0	0	0	0	0	0	0	0	0	0
00.000,00.000	19.2	0	-200	0	4.5	508.828	296.643	140.886	57.878	13.4206	0	0	0	0	0	0	0	0	0	0	0	0	0	0	0	0
00.000,00.000	19.3	0	-200	0	4.5	513.156	298.715	142.009	58.6213	13.8108	0	0	0	0	0	0	0	0	0	0	0	0	0	0	0	0
00.000,00.000	19.4	0	-200	0	4.5	517.513	300.225	143.719	59.3665	14.2027	0	0	0	0	0	0	0	0	0	0	0	0	0	0	0	0
00.000,00.000	19.5	0	-200	0	4.5	521.857	301.717	145.449	60.0908	14.6008	0	0	0	0	0	0	0	0	0	0	0	0	0	0	0	0
00.000,00.000	19.6	0	-200	0	4.5	529.788	303.931	149.07	61.3667	15.4202	0	0	0	0	0	0	0	0	0	0	0	0	0	0	0	0
00.000,00.000	19.7	0	-200	0	4.5	531.569	304.425	149.898	61.5129	15.7335	0	0	0	0	0	0	0	0	0	0	0	0	0	0	0	0
00.000,00.000	19.8	0	-200	0	4.5	543.123	307.144	155.628	62.904	17.4482	0	0	0	0	0	0	0	0	0	0	0	0	0	0	0	0
00.000,00.000	19.9	0	-200	0	4.5	546.074	307.782	157.162	63.2278	17.9019	0	0	0	0	0	0	0	0	0	0	0	0	0	0	0	0
00.000,00.000	20	0	-200	0	4.5	552.406	309.179	160.44	63.958	18.8285	0	0	0	0	0	0	0	0	0	0	0	0	0	0	0	0
00.000,00.000	20.1	0	-200	0	4.5	558.175	310.474	163.434	64.4461	19.8209	0	0	0	0	0	0	0	0	0	0	0	0	0	0	0	0
00.000,00.000	20.2	0	-200	0	4.5	562.869	311.554	165.857	64.7272	20.7307	0	0	0	0	0	0	0	0	0	0	0	0	0	0	0	0
00.000,00.000	20.3	0	-200	0	4.5	567.371	312.653	168.267	64.9974	21.4541	0	0	0	0	0	0	0	0	0	0	0	0	0	0	0	0
00.000,00.000	20.4	0	-200	0	4.5	571.814	313.791	170.731	65.2629	22.0293	0	0	0	0	0	0	0	0	0	0	0	0	0	0	0	0
00.000,00.000	20.5	0	-200	0	4.5	576.376	314.979	173.225	65.5539	22.6183	0	0	0	0	0	0	0	0	0	0	0	0	0	0	0	0
00.000,00.000	20.6	0	-200	0	4.5	584.932	316.991	177.987	66.1644	23.7892	0	0	0	0	0	0	0	0	0	0	0	0	0	0	0	0
00.000,00.000	20.7	0	-200	0	4.5	600.493	320.879	186.489	67.2803	25.8438	0	0	0	0	0	0	0	0	0	0	0	0	0	0	0	0
00.000,00.000	20.8	0	-200	0	4.5	603.232	321.612	187.971	67.461	26.1874	0	0	0	0	0	0	0	0	0	0	0	0	0	0	0	0
00.000,00.000	20.9	0	-200	0	4.5	621.42	326.502	197.436	68.9127	28.5691	0	0	0	0	0	0	0	0	0	0	0	0	0	0	0	0
00.000,00.000	21	0	-200	0	4.5	626.984	328.148	200.208	69.346	29.2819	0	0	0	0	0	0	0	0	0	0	0	0	0	0	0	0
00.000,00.000	21.1	0	-200	0	4.5	633.354	330.143	203.255	69.8973	30.0596	0	0	0	0	0	0	0	0	0	0	0	0	0	0	0	0
00.000,00.000	21.2	0	-200	0	4.5	638.929	331.921	205.899	70.3788	30.7303	0	0	0	0	0	0	0	0	0	0	0	0	0	0	0	0
00.000,00.000	21.3	0	-200	0	4.5	643.863	333.579	208.168	70.8211	31.2958	0	0	0	0	0	0	0	0	0	0	0	0	0	0	0	0
00.000,00.000	21.4	0	-200	0	4.5	650.765	336.065	211.117	71.4865	32.097	0	0	0	0	0	0	0	0	0	0	0	0	0	0	0	0
00.000,00.000	21.5	0	-200	0	4.5	652.983	336.874	212.051	71.7046	32.353	0	0	0	0	0	0	0	0	0	0	0	0	0	0	0	0
00.000,00.000	21.6	0	-200	0	4.5	658.487	338.886	213.927	72.6838	32.9896	0	0	0	0	0	0	0	0	0	0	0	0	0	0	0	0
00.000,00.000	21.7	0	-200	0	4.5	663.911	340.914	215.476	73.9167	33.6051	0	0	0	0	0	0	0	0	0	0	0	0	0	0	0	0
00.000,00.000	21.8	0	-200	0	4.5	669.098	342.869	216.974	75.0683	34.1866	0	0	0	0	0	0	0	0	0	0	0	0	0	0	0	0
00.000,00.000	21.9	0	-200	0	4.5	683.294	348.031	221.098	78.3324	35.8334	0	0	0	0	0	0	0	0	0	0	0	0	0	0	0	0
00.000,00.000	22	0	-200	0	4.5	686.69	349.389	222.051	79.0537	36.1965	0	0	0	0	0	0	0	0	0	0	0	0	0	0	0	0
00.000,00.000	22.1	0	-200	0	4.5	698.222	354.119	225.266	81.4574	37.3796	0	0	0	0	0	0	0	0	0	0	0	0	0	0	0	0
00.000,00.000	22.2	0	-200	0	4.5	705.917	357.277	227.424	83.0531	38.1638	0	0	0	0	0	0	0	0	0	0	0	0	0	0	0	0
00.000,00.000	22.3	0	-200	0	4.5	711.866	359.777	229.074	84.2614	38.7529	0	0	0	0	0	0	0	0	0	0	0	0	0	0	0	0
00.000,00.000	22.4	0	-200	0	4.5	724.536	365.142	232.596	86.8116	39.8513	0.134618	0	0	0	0	0	0	0	0	0	0	0	0	0	0	0
00.000,00.000	22.5	0	-200	0	4.5	727.459	366.375	233.412	87.4001	40.0085	0.263546	0	0	0	0	0	0	0	0	0	0	0	0	0	0	0
00.000,00.000	22.6	0	-200	0	4.5	758.308	378.565	242.255	94.005	42.087	1.39706	0	0	0	0	0	0	0	0	0	0	0	0	0	0	0
00.000,00.000	22.7	0	-200	0	4.5	772.934	383.571	246.691	97.4691	43.1887	2.01424	0	0	0	0	0	0	0	0	0	0	0	0	0	0	0
00.000,00.000	22.8	0	-200	0	4.5	779.799	386.811	248.386	98.7643	43.6013	2.23622	0	0	0	0	0	0	0	0	0	0	0	0	0	0	0
00.000,00.000	22.9	0	-200	0	4.5	780.045	386.908	248.458	98.8158	43.6174	2.24469	0	0	0	0	0	0	0	0	0	0	0	0	0	0	0
00.000,00.000	23	0	-200	0	4.5	807.313	399.954	255.859	103.132	44.6971	3.67081	0	0	0	0	0	0	0	0	0	0	0	0	0	0	0
00.000,00.000	23.1	0	-200	0	4.5	825.476	408.3	260.932	106.063	45.3711	4.80971	0	0	0	0	0	0	0	0	0	0	0	0	0	0	0
00.000,00.000	23.2	0	-200	0	4.5	833.573	411.952	263.269	107.369	45.6803	5.30193	0	0	0	0	0	0	0	0	0	0	0	0	0	0	0
00.000,00.000	23.3	0	-200	0	4.5	840.689	415.053	265.457	108.505	45.9552	5.7188	0	0	0	0	0	0	0	0	0	0	0	0	0	0	0
00.000,00.000	23.4	0	-200	0	4.5	868.43	424.861	276.285	112.926	47.0592	7.29902	0	0	0	0	0	0	0	0	0	0	0	0	0	0	0
00.000,00.000	23.5	0	-200	0	4.5	875.357	426.734	279.55	113.875	47.5032	7.69389	0	0	0	0	0	0	0	0	0	0	0	0	0	0	0
00.000,00.000	23.6	0	-200	0	4.5	915.133	436.387	298.75	119.149	50.7749	10.0715	0	0	0	0	0	0	0	0	0	0	0	0	0	0	0
00.000,00.000	23.7	0	-200	0	4.5	936.135	440.806	309.016	122.202	52.6876	11.4223	0	0	0	0	0	0	0	0	0	0	0	0	0	0	0
00.000,00.000	23.8	0	-200	0	4.5	954.539	446.036	317.218	124.601	54.2297	12.4532	0	0	0	0	0	0	0	0	0	0	0	0	0	0	0
00.000,00.000	23.9	0	-200	0	4.5	956.13	446.4	317.99	124.831	54.3658	12.5437	0	0	0	0	0	0	0	0	0	0	0	0	0	0	0
00.000,00.000	24	0	-200	0	4.5	1010.81	461.672	342.605	132.292	58.9041	15.3386	0	0	0	0	0	0	0	0	0	0	0	0	0	0	0
00.000,00.000	24.1	0	-200	0	4.5	1032.04	467.576	352.088	135.575	60.7815	15.9515	0.0634071	0	0	0	0	0	0	0	0	0	0	0	0	0	0
00.000,00.000	24.2	0	-200	0	4.5	1039.19	469.621	355.36	136.747	61.2284	15.9606	0.270582	0	0	0	0	0	0	0	0	0	0	0	0	0	0
00.000,00.000	24.3	0	-200	0	4.5	1046.77	471.914	358.732	137.971	61.7093	15.9643	0.479802	0	0	0	0	0	0	0	0	0	0	0	0	0	0
00.000,00.000	24.4	0	-200	0	4.5	1106.9	490.53	384.017	148.219	65.7974	16.214	2.11683	0	0	0	0	0	0	0	0	0	0	0	0	0	0
00.000,00.000	24.5	0	-200	0	4.5	1124.36	495.806	391.048	151.525	67.0259	16.3506	2.60288	0	0	0	0	0	0	0	0	0	0	0	0	0	0
00.000,00.000	24.6	0	-200	0	4.5	1147.36	500.644	400.257	157.339	69.1326	16.5954	3.39659	0	0	0	0	0	0	0	0	0	0	0	0	0	0
00.000,00.000	24.7	0	-200	0	4.5	1167.91	507.714	406.611	162.066	70.8056	16.772	3.94055	0	0	0	0	0	0	0	0	0	0	0	0	0	0
00.000,00.000	24.8	0	-200	0	4.5	1169.57	508.101	407.188	162.509	70.9848	16.7907	3.99474	0	0	0	0	0	0	0	0	0	0	0	0	0	0
00.000,00.000	24.9	0	-200	0	4.5	1176.13	510.586	409.061	163.908	71.5643	16.8534	4.16041	0	0	0	0	0	0	0	0	0	0	0	0	0	0
00.000,00.000	25	0	-200	0	4.5	1178.02	511.192	409.643	164.355	71.7455	16.8734	4.21082	0	0	0	0	0	0	0	0	0	0	0	0	0	0
00.000,00.000	25.1	0	-200	0	4.5	1199.19	517.956	416.379	169.267	73.7449	17.103	4.73664	0	0	0	0	0	0	0	0	0	0	0	0	0	0
00.000,00.000	25.2	0	-200	0	4.5	1212.45	522.559	420.396	172.253	74.9434	17.2467	5.04826	0	0	0	0	0	0	0	0	0	0	0	0	0	0
00.000,00.000	25.3	0	-200	0	4.5	1221.99	525.993	423.241	174.348	75.7922	17.3538	5.25857	0	0	0	0	0	0	0	0	0	0	0	0	0	0
00.000,00.000	25.4	0	-200	0	4.5	1280.96	547.373	440.875	186.768	81.4017	18.0443	6.50106	0	0	0	0	0	0	0	0	0	0	0	0	0	0
00.000,00.000	25.5	0	-200	0	4.5	1307.36	556.889	448.891	192.164	83.9906	18.3784	7.05033	0	0	0	0	0	0	0	0	0	0	0	0	0	0
00.000,00.000	25.6	0	-200	0	4.5	1317.29	560.328	451.925	194.256	84.9979	18.5225	7.2628	0	0	0	0	0	0	0	0	0	0	0	0	0	0
00.000,00.000	25.7	0	-200	0	4.5	1325.68	562.763	454.475	196.272	86.0021	18.676	7.48789	0	0	0	0	0	0	0	0	0	0	0	0	0	0
00.000,00.000	25.8	0	-200	0	4.5	1403.31	594.189	476.084	211.023	93.2821	19.8075	8.92237	0	0	0	0	0	0	0	0	0	0	0	0	0	0
00.000,00.000	25.9	0	-200	0	4.5	1415.81	598.564	479.652	213.742	94.6513	20.0103	9.07427	0.11435	0	0	0	0	0	0	0	0	0	0	0	0	0
00.000,00.000	26	0	-200	0	4.5	1416.56	598.837	479.881	213.891	94.7265	20.0233	9.0793	0.123175	0	0	0	0	0	0	0	0	0	0	0	0	0
00.000,00.000	26.1	0	-200	0	4.5	1452.58	610.618	492.091	220.951	98.3825	20.6835	9.1826	0.669262	0	0	0	0	0	0	0	0	0	0	0	0	0
00.000,00.000	26.2	0	-200	0	4.5	1472.39	616.271	499.418	224.998	100.434	21.0642	9.1826	1.02618	0	0	0	0	0	0	0	0	0	0	0	0	0
00.000,00.000	26.3	0	-200	0	4.5	1484.16	619.448	504.056	227.07	101.866	21.305	9.1826	1.22987	0	0	0	0	0	0	0	0	0	0	0	0	0
00.000,00.000	26.4	0	-200	0	4.5	1554.72	638.55	532.113	239.249	110.297	22.9252	9.1828	2.40041	0	0	0	0	0	0	0	0	0	0	0	0	0
00.000,00.000	26.5	0	-200	0	4.5	1585.07	647.248	543.361	244.536	114.109	23.7017	9.18514	2.9254	0	0	0	0	0	0	0	0	0	0	0	0	0
00.000,00.000	26.6	0	-200	0	4.5	1596.74	650.65	547.56	246.599	115.6	24.0083	9.18899	3.13216	0	0	0	0	0	0	0	0	0	0	0	0	0
00.000,00.000	26.7	0	-200	0	4.5	1608.42	654.076	551.828	248.683	116.986	24.3256	9.19475	3.32904	0	0	0	0	0	0	0	0	0	0	0	0	0
00.000,00.000	26.8	0	-200	0	4.5	1649.26	666.209	567.079	255.981	121.308	25.4436	9.222	4.01345	0	0	0	0	0	0	0	0	0	0	0	0	0
00.000,00.000	26.9	0	-200	0	4.5	1667.65	671.737	573.899	259.259	123.2	26.0097	9.23767	4.31072	0	0	0	0	0	0	0	0	0	0	0	0	0
00.000,00.000	27	0	-200	0	4.5	1668.5	671.991	574.212	259.41	123.286	26.0351	9.23864	4.3236	0	0	0	0	0	0	0	0	0	0	0	0	0
00.000,00.000	27.1	0	-200	0	4.5	1707.59	683.771	588.676	266.516	127.263	27.175	9.29334	4.89594	0	0	0	0	0	0	0	0	0	0	0	0	0
00.000,00.000	27.2	0	-200	0	4.5	1720.35	687.686	593.319	268.803	128.602	27.5477	9.31329	5.08189	0	0	0	0	0	0	0	0	0	0	0	0	0
00.000,00.000	27.3	0	-200	0	4.5	1721.77	688.124	593.83	269.062	128.741	27.5936	9.31604	5.10117	0	0	0	0	0	0	0	0	0	0	0	0	0
00.000,00.000	27.4	0	-200	0	4.5	1722.07	688.218	593.937	269.117	128.77	27.6035	9.31668	5.10519	0	0	0	0	0	0	0	0	0	0	0	0	0
00.000,00.000	27.5	0	-200	0	4.5	1785.84	708.328	616.498	280.986	135.028	29.6072	9.47412	5.91998	0	0	0	0	0	0	0	0	0	0	0	0	0
00.000,00.000	27.6	0	-200	0	4.5	1807.57	715.275	624.166	284.969	137.117	30.3038	9.53176	6.20482	0	0	0	0	0	0	0	0	0	0	0	0	0
00.000,00.000	27.7	0	-200	0	4.5	1840.33	725.944	635.423	291.057	140.351	31.3147	9.63357	6.60596	0	0	0	0	0	0	0	0	0	0	0	0	0
00.000,00.000	27.8	0	-200	0	4.5	1909.05	748.864	658.617	303.714	147.21	33.3383	9.86277	7.4479	0	0	0	0	0	0	0	0	0	0	0	0	0
00.000,00.000	27.9	0	-200	0	4.5	1923.21	753.725	663.118	306.356	148.675	33.7967	9.91456	7.62298	0	0	0	0	0	0	0	0	0	0	0	0	0
00.000,00.000	28	0	-200	0	4.5	1924.25	754.081	663.447	306.554	148.782	33.829	9.91878	7.63505	0	0	0	0	0	0	0	0	0	0	0	0	0
00.000,00.000	28.1	0	-200	0	4.5	1925.71	754.586	663.903	306.834	148.934	33.8744	9.92511	7.65156	0	0	0	0	0	0	0	0	0	0	0	0	0
00.000,00.000	28.2	0	-200	0	4.5	1927.08	755.058	664.328	307.096	149.079	33.918	9.93148	7.66694	0	0	0	0	0	0	0	0	0	0	0	0	0
00.000,00.000	28.3	0	-200	0	4.5	1928.35	755.499	664.717	307.34	149.215	33.9593	9.93774	7.68103	0	0	0	0	0	0	0	0	0	0	0	0	0
00.000,00.000	28.4	0	-200	0	4.5	1928.55	755.57	664.773	307.383	149.238	33.9662	9.93879	7.68331	0	0	0	0	0	0	0	0	0	0	0	0	0
00.000,00.000	28.5	0	-200	0	4.5	2034.2	792.431	697.505	326.522	160.878	37.5294	10.518	8.57099	0.250214	0	0	0	0	0	0	0	0	0	0	0	0
00.000,00.000	28.6	0	-200	0	4.5	2084.24	809.465	713.243	335.429	166.673	39.2444	10.802	8.57099	0.808788	0	0	0	0	0	0	0	0	0	0	0	0
00.000,00.000	28.7	0	-200	0	4.5	2128.63	824.835	727.029	343.373	171.652	40.8004	11.075	8.57099	1.2895	0	0	0	0	0	0	0	0	0	0	0	0
00.000,00.000	28.8	0	-200	0	4.5	2161.76	836.447	737.28	349.163	175.369	41.9938	11.2895	8.57099	1.6473	0	0	0	0	0	0	0	0	0	0	0	0
00.000,00.000	28.9	0	-200	0	4.5	2165.43	837.757	738.403	349.789	175.783	42.1272	11.3149	8.57099	1.68662	0	0	0	0	0	0	0	0	0	0	0	0
00.000,00.000	29	0	-200	0	4.5	2177.84	842.231	742.148	351.917	177.16	42.5882	11.4065	8.57099	1.81469	0	0	0	0	0	0	0	0	0	0	0	0
00.000,00.000	29.1	0	-200	0	4.5	2213.18	855.049	752.785	357.936	181.038	43.9472	11.6786	8.57099	2.17571	0	0	0	0	0	0	0	0	0	0	0	0
00.000,00.000	29.2	0	-200	0	4.5	2237.14	863.801	759.985	361.929	183.664	44.9005	11.8717	8.5711	2.41914	0	0	0	0	0	0	0	0	0	0	0	0
00.000,00.000	29.3	0	-200	0	4.5	2256.67	871.008	765.819	365.167	185.789	45.6621	12.0376	8.57163	2.61546	0	0	0	0	0	0	0	0	0	0	0	0
00.000,00.000	29.4	0	-200	0	4.5	2322.39	895.638	785.236	375.992	192.854	48.195	12.6274	8.57604	3.27291	0	0	0	0	0	0	0	0	0	0	0	0
00.000,00.000	29.5	0	-200	0	4.5	2356.83	908.678	795.464	381.468	196.382	49.6867	12.9511	8.58167	3.62198	0	0	0	0	0	0	0	0	0	0	0	0
00.000,00.000	29.6	0	-200	0	4.5	2376.54	915.993	801.368	384.699	198.35	50.5739	13.1445	8.58757	3.82315	0	0	0	0	0	0	0	0	0	0	0	0
00.000,00.000	29.7	0	-200	0	4.5	2395.67	923.309	807.033	387.744	200.204	51.4292	13.3378	8.59531	4.01199	0	0	0	0	0	0	0	0	0	0	0	0
00.000,00.000	29.8	0	-200	0	4.5	2461.3	948.103	826.335	398.396	206.703	54.4324	14.032	8.63267	4.67024	0	0	0	0	0	0	0	0	0	0	0	0
00.000,00.000	29.9	0	-200	0	4.5	2474.53	953.25	830.219	400.446	207.96	55.0297	14.1777	8.64163	4.80432	0	0	0	0	0	0	0	0	0	0	0	0
00.000,00.000	30	0	-200	0	4.5	2475.88	953.777	830.605	400.661	208.091	55.0903	14.1927	8.64296	4.8173	0	0	0	0	0	0	0	0	0	0	0	0
00.000,00.000	30.1	0	-200	0	4.5	2513.68	968.678	841.379	406.627	211.67	56.8254	14.6292	8.68926	5.18007	0	0	0	0	0	0	0	0	0	0	0	0
00.000,00.000	30.2	0	-200	0	4.5	2540.39	979.357	848.965	410.742	214.066	58.0933	15.004	8.72693	5.4395	0	0	0	0	0	0	0	0	0	0	0	0
00.000,00.000	30.3	0	-200	0	4.5	2560.7	987.473	854.71	413.867	215.908	59.0565	15.2955	8.76082	5.63385	0	0	0	0	0	0	0	0	0	0	0	0
00.000,00.000	30.4	0	-200	0	4.5	2648.83	1022.33	879.371	427.672	224.357	63.0677	16.6209	8.93286	6.48565	0	0	0	0	0	0	0	0	0	0	0	0
00.000,00.000	30.5	0	-200	0	4.5	2689.46	1037.94	890.828	434.124	228.389	64.9832	17.2756	9.02376	6.89848	0	0	0	0	0	0	0	0	0	0	0	0
00.000,00.000	30.6	0	-200	0	4.5	2737.21	1053.83	905.34	442.442	233.297	67.5929	18.124	9.15887	7.41963	0	0	0	0	0	0	0	0	0	0	0	0
00.000,00.000	30.7	0	-200	0	4.5	2756.61	1059.98	911.449	445.824	235.304	68.7085	18.4883	9.22062	7.63835	0	0	0	0	0	0	0	0	0	0	0	0
00.000,00.000	30.8	0	-200	0	4.5	2762.77	1062.04	913.359	446.865	235.925	69.0355	18.6009	9.24169	7.70332	0	0	0	0	0	0	0	0	0	0	0	0
00.000,00.000	30.9	0	-200	0	4.5	2763.89	1062.43	913.705	447.051	236.035	69.0956	18.6218	9.24586	7.71497	0	0	0	0	0	0	0	0	0	0	0	0
00.000,00.000	31	0	-200	0	4.5	2804.98	1076.6	926.136	453.811	240.095	71.3682	19.4152	9.41292	8.14319	0	0	0	0	0	0	0	0	0	0	0	0
00.000,00.000	31.1	0	-200	0	4.5	2830.99	1085.71	933.537	458.113	242.855	72.8808	19.9441	9.52811	8.42289	0	0	0	0	0	0	0	0	0	0	0	0
00.000,00.000	31.2	0	-200	0	4.5	2849.23	1092.09	938.669	461.233	244.746	73.9399	20.3199	9.61489	8.61539	0	0	0	0	0	0	0	0	0	0	0	0
00.000,00.000	31.3	0	-200	0	4.5	2867.59	1098.5	943.805	464.373	246.624	75.0243	20.7545	9.70879	8.80846	0	0	0	0	0	0	0	0	0	0	0	0
00.000,00.000	31.4	0	-200	0	4.5	2885.97	1104.92	948.934	467.533	248.466	76.0973	21.2049	9.80932	8.94699	0.0544657	0	0	0	0	0	0	0	0	0	0	0
00.000,00.000	31.5	0	-200	0	4.5	2904.03	1111.19	953.974	470.643	250.275	77.128	21.7081	9.91605	8.94697	0.247408	0	0	0	0	0	0	0	0	0	0	0
00.000,00.000	31.6	0	-200	0	4.5	2935.86	1121.07	963.079	476.47	253.707	79.1471	22.6738	10.1369	8.95549	0.615456	0	0	0	0	0	0	0	0	0	0	0
00.000,00.000	31.7	0	-200	0	4.5	2942.46	1122.94	964.956	477.764	254.46	79.5698	22.9155	10.1898	8.95549	0.703118	0	0	0	0	0	0	0	0	0	0	0
00.000,00.000	31.8	0	-200	0	4.5	3048.65	1162.66	992.918	495.106	264.748	85.5243	25.9353	10.9545	8.95549	1.84854	0	0	0	0	0	0	0	0	0	0	0
00.000,00.000	31.9	0	-200	0	4.5	3066.69	1168.31	998.205	498.491	266.75	86.2586	26.5342	11.1103	8.95557	2.07485	0	0	0	0	0	0	0	0	0	0	0
00.000,00.000	32	0	-200	0	4.5	3139.15	1194.46	1017.98	510.597	274.099	89.7215	28.7421	11.7165	8.96111	2.86773	0	0	0	0	0	0	0	0	0	0	0
00.000,00.000	32.1	0	-200	0	4.5	3175	1206.85	1027.97	516.596	277.918	91.3792	29.8822	12.0384	8.96644	3.40277	0	0	0	0	0	0	0	0	0	0	0
00.000,00.000	32.2	0	-200	0	4.5	3192.19	1212.47	1032.81	519.619	279.747	92.2285	30.4342	12.2045	8.97259	3.70958	0	0	0	0	0	0	0	0	0	0	0
00.000,00.000	32.3	0	-200	0	4.5	3208.77	1218.27	1037.33	522.449	281.434	93.0102	30.9427	12.3666	8.98069	3.9932	0	0	0	0	0	0	0	0	0	0	0
00.000,00.000	32.4	0	-200	0	4.5	3226.49	1224.5	1042.11	525.476	283.229	93.8787	31.4795	12.5468	8.99186	4.29203	0	0	0	0	0	0	0	0	0	0	0
00.000,00.000	32.5	0	-200	0	4.5	3244.17	1230.69	1046.83	528.525	285.014	94.7517	32.0233	12.7358	9.00559	4.59031	0	0	0	0	0	0	0	0	0	0	0
00.000,00.000	32.6	0	-200	0	4.5	3272.49	1238.83	1054.72	534.02	288.196	96.4005	33.0473	13.1005	9.03709	5.1424	0	0	0	0	0	0	0	0	0	0	0
00.000,00.000	32.7	0	-200	0	4.5	3340.36	1259.58	1070.79	547.322	296.349	100.74	35.7569	14.0921	9.13743	6.59366	0	0	0	0	0	0	0	0	0	0	0
00.000,00.000	32.8	0	-200	0	4.5	3352.25	1262.99	1073.87	549.62	297.787	101.477	36.235	14.2703	9.15724	6.84662	0	0	0	0	0	0	0	0	0	0	0
00.000,00.000	32.9	0	-200	0	4.5	3352.57	1263.1	1073.94	549.677	297.82	101.494	36.2467	14.2746	9.15784	6.85226	0	0	0	0	0	0	0	0	0	0	0
00.000,00.000	33	0	-200	0	4.5	3357.94	1265.04	1075.22	550.633	298.359	101.779	36.4397	14.351	9.17019	6.94796	0	0	0	0	0	0	0	0	0	0	0
00.000,00.000	33.1	0	-200	0	4.5	3399.95	1279.61	1085.58	558.204	302.54	104.051	38.0272	14.9644	9.2748	7.69808	0	0	0	0	0	0	0	0	0	0	0
00.000,00.000	33.2	0	-200	0	4.5	3422.45	1287.88	1090.86	562.099	304.752	105.237	38.8906	15.2987	9.33542	8.09531	0	0	0	0	0	0	0	0	0	0	0
00.000,00.000	33.3	0	-200	0	4.5	3439.09	1294.17	1094.67	564.948	306.345	106.113	39.532	15.5508	9.38517	8.38162	0	0	0	0	0	0	0	0	0	0	0
00.000,00.000	33.4	0	-200	0	4.5	3455.97	1300.67	1098.56	567.756	307.916	106.978	40.1817	15.8091	9.44079	8.66449	0	0	0	0	0	0	0	0	0	0	0
00.000,00.000	33.5	0	-200	0	4.5	3472.56	1307.04	1102.35	570.541	309.453	107.837	40.8142	16.0755	9.5025	8.94606	0	0	0	0	0	0	0	0	0	0	0
00.000,00.000	33.6	0	-200	0	4.5	3487.17	1311.34	1105.76	573.388	311.083	108.798	41.5715	16.3871	9.57994	9.26729	0	0	0	0	0	0	0	0	0	0	0
00.000,00.000	33.7	0	-200	0	4.5	3510.31	1321.06	1110.32	577.049	313.135	110.022	42.553	16.7996	9.68854	9.67597	0	0	0	0	0	0	0	0	0	0	0
00.000,00.000	33.8	0	-200	0	4.5	3575.44	1347.88	1122.77	586.828	319.101	113.867	45.7554	18.1673	10.071	11.0008	0	0	0	0	0	0	0	0	0	0	0
00.000,00.000	33.9	0	-200	0	4.5	3587.4	1352.21	1125.37	588.849	320.284	114.585	46.3311	18.3763	10.1466	11.2477	0	0	0	0	0	0	0	0	0	0	0
00.000,00.000	34	0	-200	0	4.5	3635.34	1369.25	1135.61	597.266	324.956	117.605	48.5803	19.3675	10.4889	12.2147	0	0	0	0	0	0	0	0	0	0	0
00.000,00.000	34.1	0	-200	0	4.5	3661.21	1379.65	1140.85	601.154	327.359	119.251	49.671	19.8813	10.6788	12.6004	0.119743	0	0	0	0	0	0	0	0	0	0
00.000,00.000	34.2	0	-200	0	4.5	3675.76	1384.96	1143.88	603.608	328.772	120.193	50.3361	20.1974	10.8028	12.7229	0.287124	0	0	0	0	0	0	0	0	0	0
00.000,00.000	34.3	0	-200	0	4.5	3690.45	1390.01	1147.11	606.103	330.231	121.162	51.0436	20.5339	10.9419	12.8293	0.479387	0	0	0	0	0	0	0	0	0	0
00.000,00.000	34.4	0	-200	0	4.5	3701.97	1394.8	1149.36	607.769	331.273	121.837	51.5667	20.7851	11.0508	12.8925	0.632855	0	0	0	0	0	0	0	0	0	0
00.000,00.000	34.5	0	-200	0	4.5	3718.1	1401.35	1152.57	610.195	332.702	122.793	52.3022	21.1483	11.2152	12.9742	0.85282	0	0	0	0	0	0	0	0	0	0
00.000,00.000	34.6	0	-200	0	4.5	3730.9	1405.48	1155.23	612.265	334.054	123.761	53.0486	21.529	11.3938	13.0569	1.08039	0	0	0	0	0	0	0	0	0	0
00.000,00.000	34.7	0	-200	0	4.5	3748.1	1412.85	1158.03	614.364	335.427	125.012	54.0928	22.0799	11.6599	13.1722	1.40612	0	0	0	0	0	0	0	0	0	0
00.000,00.000	34.8	0	-200	0	4.5	3831.25	1444.22	1172.6	626.958	343.35	131.098	58.8131	24.6798	12.9649	13.6869	2.88407	0	0	0	0	0	0	0	0	0	0
00.000,00.000	34.9	0	-200	0	4.5	3844.94	1448.98	1175.18	629.004	344.777	132.109	59.6085	25.1494	13.205	13.7807	3.14913	0	0	0	0	0	0	0	0	0	0
00.000,00.000	35	0	-200	0	4.5	3849.72	1450.86	1176.01	629.639	345.198	132.458	59.871	25.3239	13.2984	13.8154	3.24279	0	0	0	0	0	0	0	0	0	0
00.000,00.000	35.1	0	-200	0	4.5	3881.47	1461.79	1181.66	634.441	348.435	134.932	61.8213	26.4987	13.9524	14.0563	3.88394	0	0	0	0	0	0	0	0	0	0
00.000,00.000	35.2	0	-200	0	4.5	3897.74	1467.57	1184.56	636.84	350.053	136.148	62.8323	27.0576	14.2909	14.1812	4.2073	0	0	0	0	0	0	0	0	0	0
00.000,00.000	35.3	0	-200	0	4.5	3907.19	1470.98	1186.21	638.213	350.931	136.859	63.4265	27.4092	14.5018	14.2591	4.39874	0	0	0	0	0	0	0	0	0	0
00.000,00.000	35.4	0	-200	0	4.5	3916.96	1474.6	1187.93	639.607	351.834	137.558	64.0104	27.7684	14.7201	14.3402	4.59067	0	0	0	0	0	0	0	0	0	0
00.000,00.000	35.5	0	-200	0	4.5	3926.64	1478.3	1189.64	640.934	352.676	138.24	64.5868	28.1167	14.9471	14.4252	4.78366	0	0	0	0	0	0	0	0	0	0
00.000,00.000	35.6	0	-200	0	4.5	3935.31	1481.6	1191.17	642.02	353.354	138.873	65.1486	28.4705	15.1805	14.5135	4.97679	0	0	0	0	0	0	0	0	0	0
00.000,00.000	35.7	0	-200	0	4.5	4004.64	1508.19	1201.94	651.304	357.997	143.762	70.16	31.7104	17.3833	15.3793	6.81115	0	0	0	0	0	0	0	0	0	0
00.000,00.000	35.8	0	-200	0	4.5	4018.91	1513.5	1204.26	653.204	359.097	144.862	71.0375	32.271	17.9445	15.5618	7.17502	0	0	0	0	0	0	0	0	0	0
00.000,00.000	35.9	0	-200	0	4.5	4021.16	1514.38	1204.6	653.475	359.242	145.046	71.1796	32.3659	18.0373	15.5964	7.23635	0	0	0	0	0	0	0	0	0	0
00.000,00.000	36	0	-200	0	4.5	4046.19	1524.32	1208.26	656.606	361.186	146.809	72.6712	33.3925	19.0888	15.9814	7.87773	0	0	0	0	0	0	0	0	0	0
00.000,00.000	36.1	0	-200	0	4.5	4058.7	1529.39	1210.07	658.038	362.077	147.764	73.4129	33.9083	19.6378	16.1896	8.21208	0	0	0	0	0	0	0	0	0	0
00.000,00.000	36.2	0	-200	0	4.5	4066.02	1532.47	1211.08	658.873	362.581	148.291	73.8131	34.2265	19.9586	16.3188	8.40439	0	0	0	0	0	0	0	0	0	0
00.000,00.000	36.3	0	-200	0	4.5	4073.27	1535.64	1212.05	659.64	363.04	148.795	74.2011	34.5523	20.2885	16.4574	8.59729	0	0	0	0	0	0	0	0	0	0
00.000,00.000	36.4	0	-200	0	4.5	4080.52	1538.82	1213.01	660.404	363.507	149.301	74.5745	34.8819	20.6217	16.6026	8.79017	0	0	0	0	0	0	0	0	0	0
00.000,00.000	36.5	0	-200	0	4.5	4087.74	1542.07	1213.95	661.146	363.943	149.769	74.9369	35.2183	20.9625	16.7567	8.98449	0	0	0	0	0	0	0	0	0	0
00.000,00.000	36.6	0	-200	0	4.5	4110.69	1552.27	1216.95	663.498	365.254	151.145	76.1275	36.3739	22.1256	17.3003	9.40882	0.234902	0	0	0	0	0	0	0	0	0
00.000,00.000	36.7	0	-200	0	4.5	4146.5	1568.87	1221.49	667.002	367.067	153.25	77.9517	38.0597	23.9564	18.1834	9.41208	1.25668	0	0	0	0	0	0	0	0	0
00.000,00.000	36.8	0	-200	0	4.5	4151.31	1571.04	1222.13	667.474	367.354	153.515	78.1943	38.2682	24.2151	18.3108	9.41208	1.39958	0	0	0	0	0	0	0	0	0
00.000,00.000	36.9	0	-200	0	4.5	4162.1	1576.02	1223.49	668.431	367.914	154.095	78.7464	38.8061	24.8307	18.6281	9.41389	1.72832	0	0	0	0	0	0	0	0	0
00.000,00.000	37	0	-200	0	4.5	4169.72	1579.52	1224.46	669.077	368.317	154.518	79.1215	39.1801	25.2817	18.8641	9.41591	1.96736	0	0	0	0	0	0	0	0	0
00.000,00.000	37.1	0	-200	0	4.5	4180.31	1584.53	1225.74	669.901	368.864	155.056	79.6261	39.7344	25.9266	19.2103	9.42153	2.2996	0	0	0	0	0	0	0	0	0
00.000,00.000	37.2	0	-200	0	4.5	4184.14	1586.33	1226.2	670.192	369.063	155.249	79.8019	39.9646	26.1515	19.3402	9.42422	2.42068	0	0	0	0	0	0	0	0	0
00.000,00.000	37.3	0	-200	0	4.5	4197.77	1593.05	1227.7	671.15	369.692	155.892	80.4139	40.7602	26.9972	19.8237	9.43927	2.84636	0	0	0	0	0	0	0	0	0
00.000,00.000	37.4	0	-200	0	4.5	4223.94	1606.23	1230.51	672.908	370.842	157.074	81.5059	42.3137	28.633	20.7817	9.47887	3.66608	0	0	0	0	0	0	0	0	0
00.000,00.000	37.5	0	-200	0	4.5	4228.06	1608.33	1230.98	673.18	371.009	157.257	81.6738	42.5696	28.8473	20.937	9.48674	3.79706	0	0	0	0	0	0	0	0	0
00.000,00.000	37.6	0	-200	0	4.5	4255.16	1622.08	1233.83	674.837	372.077	158.456	82.7078	44.3627	30.5605	21.9829	9.56668	4.7052	0	0	0	0	0	0	0	0	0
00.000,00.000	37.7	0	-200	0	4.5	4274.66	1632.22	1235.85	675.976	372.876	159.36	83.4662	45.6573	31.5499	22.7107	9.63405	5.35991	0	0	0	0	0	0	0	0	0
00.000,00.000	37.8	0	-200	0	4.5	4276.29	1633.04	1236.01	676.065	372.991	159.446	83.5233	45.7588	31.6137	22.7788	9.64107	5.41345	0	0	0	0	0	0	0	0	0
00.000,00.000	37.9	0	-200	0	4.5	4276.33	1633.07	1236.01	676.067	372.994	159.448	83.5248	45.7618	31.6165	22.7809	9.64134	5.41497	0	0	0	0	0	0	0	0	0
00.000,00.000	38	0	-200	0	4.5	4292.8	1641.94	1237.47	676.813	373.859	160.145	84.0495	46.7722	32.5639	23.5012	9.74845	5.9383	0	0	0	0	0	0	0	0	0
00.000,00.000	38.1	0	-200	0	4.5	4306.81	1649.54	1238.67	677.403	374.617	160.715	84.5459	47.6183	33.3369	24.1256	9.84945	6.38147	0	0	0	0	0	0	0	0	0
00.000,00.000	38.2	0	-200	0	4.5	4310.35	1651.51	1238.97	677.545	374.808	160.855	84.6565	47.8068	33.5406	24.2887	9.87836	6.49414	0	0	0	0	0	0	0	0	0
00.000,00.000	38.3	0	-200	0	4.5	4314.75	1654.01	1239.32	677.708	375.038	161.012	84.7828	48.0373	33.8041	24.4927	9.91954	6.63248	0	0	0	0	0	0	0	0	0
00.000,00.000	38.4	0	-200	0	4.5	4327.29	1661.26	1240.28	678.146	375.66	161.439	85.1378	48.6623	34.5554	25.0807	10.0475	7.02628	0	0	0	0	0	0	0	0	0
00.000,00.000	38.5	0	-200	0	4.5	4329.54	1662.57	1240.45	678.222	375.768	161.523	85.2024	48.7552	34.6884	25.1894	10.072	7.09913	0	0	0	0	0	0	0	0	0
00.000,00.000	38.6	0	-200	0	4.5	4338.48	1667.91	1241.11	678.504	376.199	161.775	85.4027	49.196	35.2271	25.5924	10.1723	7.38895	0	0	0	0	0	0	0	0	0
00.000,00.000	38.7	0	-200	0	4.5	4344.63	1671.59	1241.54	678.684	376.489	161.949	85.5431	49.4782	35.6124	25.9057	10.2509	7.58579	0	0	0	0	0	0	0	0	0
00.000,00.000	38.8	0	-200	0	4.5	4346.03	1672.45	1241.63	678.722	376.554	161.987	85.5729	49.5404	35.6999	25.9752	10.2699	7.63047	0	0	0	0	0	0	0	0	0
00.000,00.000	38.9	0	-200	0	4.5	4353.24	1676.88	1242.08	678.902	376.871	162.17	85.6961	49.8524	36.1691	26.3757	10.3844	7.85663	0	0	0	0	0	0	0	0	0
00.000,00.000	39	0	-200	0	4.5	4355.27	1678.14	1242.2	678.951	376.963	162.223	85.7334	49.9297	36.3025	26.4877	10.4156	7.92095	0	0	0	0	0	0	0	0	0
00.000,00.000	39.1	0	-200	0	4.5	4360.58	1681.51	1242.51	679.067	377.196	162.343	85.8188	50.1431	36.6442	26.7599	10.5019	8.08619	0	0	0	0	0	0	0	0	0
00.000,00.000	39.2	0	-200	0	4.5	4369.65	1687.36	1243.02	679.254	377.598	162.546	85.9508	50.4938	37.2553	27.2535	10.6723	8.24495	0	0	0	0	0	0	0	0	0
00.000,00.000	39.3	0	-200	0	4.5	4373.35	1689.86	1243.24	679.328	377.756	162.626	86.005	50.6362	37.5213	27.4733	10.7433	8.16358	0	0	0	0	0	0	0	0	0
00.000,00.000	39.4	0	-200	0	4.5	4377.09	1692.39	1243.43	679.395	377.913	162.696	86.0555	50.7764	37.7746	27.6732	10.8183	8.16728	0	0	0	0	0	0	0	0	0
00.000,00.000	39.5	0	-200	0	4.5	4381.33	1695.26	1243.65	679.465	378.017	162.837	86.1051	50.9272	38.0781	27.9307	10.9016	8.16318	0	0	0	0	0	0	0	0	0
00.000,00.000	39.6	0	-200	0	4.5	4385.56	1698.2	1243.86	679.531	378.088	163.008	86.1524	51.0734	38.3589	28.1454	10.9878	8.16318	0	0	0	0	0	0	0	0	0
00.000,00.000	39.7	0	-200	0	4.5	4389.71	1701.02	1244.05	679.589	378.149	163.169	86.1961	51.2107	38.666	28.4146	11.0787	8.16318	0	0	0	0	0	0	0	0	0
00.000,00.000	39.8	0	-200	0	4.5	4393.83	1703.92	1244.24	679.643	378.206	163.332	86.2408	51.3418	38.9427	28.6223	11.1821	8.16318	0	0	0	0	0	0	0	0	0
00.000,00.000	39.9	0	-200	0	4.5	4397.87	1706.73	1244.42	679.691	378.256	163.487	86.2839	51.4652	39.2189	28.8542	11.303	8.16318	0	0	0	0	0	0	0	0	0
00.000,00.000	40	0	-200	0	4.5	4401.9	1709.5	1244.59	679.736	378.301	163.64	86.3213	51.5949	39.522	29.1259	11.404	8.16318	0	0	0	0	0	0	0	0	0
00.000,00.000	40.1	0	-200	0	4.5	4405.84	1712.21	1244.76	679.776	378.342	163.789	86.357	51.7286	39.8403	29.3732	11.4977	8.16318	0	0	0	0	0	0	0	0	0
00.000,00.000	40.2	0	-200	0	4.5	4409.67	1714.84	1244.94	679.813	378.378	163.937	86.391	51.8477	40.1176	29.6016	11.6361	8.16318	0	0	0	0	0	0	0	0	0
00.000,00.000	40.3	0	-200	0	4.5	4413.42	1717.39	1245.1	679.846	378.41	164.081	86.4216	51.9629	40.3937	29.8646	11.7808	8.16318	0	0	0	0	0	0	0	0	0
00.000,00.000	40.4	0	-200	0	4.5	4417.06	1719.93	1245.28	679.876	378.438	164.219	86.4512	52.0781	40.6633	30.0929	11.8725	8.16318	0	0	0	0	0	0	0	0	0
00.000,00.000	40.5	0	-200	0	4.5	4420.65	1722.38	1245.44	679.902	378.462	164.351	86.4769	52.182	40.9136	30.3548	12.0199	8.16318	0	0	0	0	0	0	0	0	0
00.000,00.000	40.6	0	-200	0	4.5	4424.16	1724.79	1245.59	679.925	378.482	164.482	86.4997	52.2755	41.1465	30.6283	12.1826	8.16318	0	0	0	0	0	0	0	0	0
00.000,00.000	40.7	0	-200	0	4.5	4427.57	1727.16	1245.74	679.945	378.5	164.611	86.5208	52.3677	41.4096	30.8717	12.279	8.16318	0	0	0	0	0	0	0	0	0
00.000,00.000	40.8	0	-200	0	4.5	4430.9	1729.41	1245.87	679.962	378.515	164.734	86.54	52.4497	41.6729	31.1467	12.4408	8.16318	0	0	0	0	0	0	0	0	0
00.000,00.000	40.9	0	-200	0	4.5	4434.2	1731.65	1245.99	679.977	378.527	164.856	86.559	52.5229	41.9147	31.4282	12.616	8.16318	0	0	0	0	0	0	0	0	0
00.000,00.000	41	0	-200	0	4.5	4437.42	1733.9	1246.11	679.991	378.539	164.981	86.5778	52.596	42.1593	31.6751	12.7258	8.16318	0	0	0	0	0	0	0	0	0
00.000,00.000	41.1	0	-200	0	4.5	4440.5	1736.03	1246.23	680.002	378.549	165.1	86.5948	52.6618	42.3959	31.9246	12.8425	8.16318	0	0	0	0	0	0	0	0	0
00.000,00.000	41.2	0	-200	0	4.5	4443.54	1738.1	1246.33	680.012	378.558	165.217	86.6104	52.7174	42.6267	32.1896	13.0209	8.16318	0	0	0	0	0	0	0	0	0
00.000,00.000	41.3	0	-200	0	4.5	4446.62	1740.15	1246.43	680.02	378.566	165.336	86.6239	52.7684	42.848	32.4922	13.2173	8.16318	0	0	0	0	0	0	0	0	0
00.000,00.000	41.4	0	-200	0	4.5	4449.54	1742.19	1246.52	680.027	378.573	165.454	86.6365	52.8166	43.0608	32.7535	13.3468	8.16318	0	0	0	0	0	0	0	0	0
00.000,00.000	41.5	0	-200	0	4.5	4452.41	1744.08	1246.62	680.032	378.578	165.564	86.648	52.8582	43.2658	33.0513	13.5388	8.1634	0	0	0	0	0	0	0	0	0
00.000,00.000	41.6	0	-200	0	4.5	4455.32	1746	1246.72	680.036	378.584	165.677	86.6592	52.9001	43.4576	33.3739	13.7525	8.16414	0	0	0	0	0	0	0	0	0
00.000,00.000	41.7	0	-200	0	4.5	4458.09	1747.88	1246.81	680.039	378.588	165.789	86.67	52.9449	43.6427	33.6613	13.8943	8.16489	0	0	0	0	0	0	0	0	0
00.000,00.000	41.8	0	-200	0	4.5	4460.75	1749.63	1246.9	680.041	378.592	165.894	86.6793	52.9853	43.8219	33.9508	14.0936	8.16655	0	0	0	0	0	0	0	0	0
00.000,00.000	41.9	0	-200	0	4.5	4463.47	1751.39	1246.97	680.043	378.595	166.002	86.6883	53.0228	44.0033	34.2703	14.314	8.16888	0	0	0	0	0	0	0	0	0
00.000,00.000	42	0	-200	0	4.5	4466.09	1753.14	1247.05	680.045	378.599	166.111	86.697	53.06	44.1823	34.5638	14.4688	8.17102	0	0	0	0	0	0	0	0	0