
label	time(d)	x	depth	z	radius	total	0-10	10-20	20-30	30-40	40-50	50-60	60-70	70-80	80-90	90-100	100-110	110-120	120-130	130-140	140-150	150-160	160-170	170-180	180-190	190-200
05.500,00.000	0	5.5	-200	0	4.5	0	0	0	0	0	0	0	0	0	0	0	0	0	0	0	0	0	0	0	0	0
05.500,00.000	0.1	5.5	-200	0	4.5	0	0	0	0	0	0	0	0	0	0	0	0	0	0	0	0	0	0	0	0	0
05.500,00.000	0.2	5.5	-200	0	4.5	0	0	0	0	0	0	0	0	0	0	0	0	0	0	0	0	0	0	0	0	0
05.500,00.000	0.3	5.5	-200	0	4.5	0	0	0	0	0	0	0	0	0	0	0	0	0	0	0	0	0	0	0	0	0
05.500,00.000	0.4	5.5	-200	0	4.5	0	0	0	0	0	0	0	0	0	0	0	0	0	0	0	0	0	0	0	0	0
05.500,00.000	0.5	5.5	-200	0	4.5	0	0	0	0	0	0	0	0	0	0	0	0	0	0	0	0	0	0	0	0	0
05.500,00.000	0.6	5.5	-200	0	4.5	0	0	0	0	0	0	0	0	0	0	0	0	0	0	0	0	0	0	0	0	0
05.500,00.000	0.7	5.5	-200	0	4.5	0	0	0	0	0	0	0	0	0	0	0	0	0	0	0	0	0	0	0	0	0
05.500,00.000	0.8	5.5	-200	0	4.5	0	0	0	0	0	0	0	0	0	0	0	0	0	0	0	0	0	0	0	0	0
05.500,00.000	0.9	5.5	-200	0	4.5	0	0	0	0	0	0	0	0	0	0	0	0	0	0	0	0	0	0	0	0	0
05.500,00.000	1	5.5	-200	0	4.5	0	0	0	0	0	0	0	0	0	0	0	0	0	0	0	0	0	0	0	0	0
05.500,00.000	1.1	5.5	-200	0	4.5	0	0	0	0	0	0	0	0	0	0	0	0	0	0	0	0	0	0	0	0	0
05.500,00.000	1.2	5.5	-200	0	4.5	0	0	0	0	0	0	0	0	0	0	0	0	0	0	0	0	0	0	0	0	0
05.500,00.000	1.3	5.5	-200	0	4.5	0	0	0	0	0	0	0	0	0	0	0	0	0	0	0	0	0	0	0	0	0
05.500,00.000	1.4	5.5	-200	0	4.5	0	0	0	0	0	0	0	0	0	0	0	0	0	0	0	0	0	0	0	0	0
05.500,00.000	1.5	5.5	-200	0	4.5	0	0	0	0	0	0	0	0	0	0	0	0	0	0	0	0	0	0	0	0	0
05.500,00.000	1.6	5.5	-200	0	4.5	0	0	0	0	0	0	0	0	0	0	0	0	0	0	0	0	0	0	0	0	0
05.500,00.000	1.7	5.5	-200	0	4.5	0	0	0	0	0	0	0	0	0	0	0	0	0	0	0	0	0	0	0	0	0
05.500,00.000	1.8	5.5	-200	0	4.5	0	0	0	0	0	0	0	0	0	0	0	0	0	0	0	0	0	0	0	0	0
05.500,00.000	1.9	5.5	-200	0	4.5	0	0	0	0	0	0	0	0	0	0	0	0	0	0	0	0	0	0	0	0	0
05.500,00.000	2	5.5	-200	0	4.5	0	0	0	0	0	0	0	0	0	0	0	0	0	0	0	0	0	0	0	0	0
05.500,00.000	2.1	5.5	-200	0	4.5	0	0	0	0	0	0	0	0	0	0	0	0	0	0	0	0	0	0	0	0	0
05.500,00.000	2.2	5.5	-200	0	4.5	0	0	0	0	0	0	0	0	0	0	0	0	0	0	0	0	0	0	0	0	0
05.500,00.000	2.3	5.5	-200	0	4.5	0	0	0	0	0	0	0	0	0	0	0	0	0	0	0	0	0	0	0	0	0
05.500,00.000	2.4	5.5	-200	0	4.5	0	0	0	0	0	0	0	0	0	0	0	0	0	0	0	0	0	0	0	0	0
05.500,00.000	2.5	5.5	-200	0	4.5	0.012392	0	0.012392	0	0	0	0	0	0	0	0	0	0	0	0	0	0	0	0	0	0
05.500,00.000	2.6	5.5	-200	0	4.5	0.311952	0	0.311952	0	0	0	0	0	0	0	0	0	0	0	0	0	0	0	0	0	0
05.500,00.000	2.7	5.5	-200	0	4.5	0.650343	0.0593444	0.590999	0	0	0	0	0	0	0	0	0	0	0	0	0	0	0	0	0	0
05.500,00.000	2.8	5.5	-200	0	4.5	1.16544	0.301395	0.864044	0	0	0	0	0	0	0	0	0	0	0	0	0	0	0	0	0	0
05.500,00.000	2.9	5.5	-200	0	4.5	1.70908	0.571356	1.13773	0	0	0	0	0	0	0	0	0	0	0	0	0	0	0	0	0	0
05.500,00.000	3	5.5	-200	0	4.5	2.28267	0.870553	1.41212	0	0	0	0	0	0	0	0	0	0	0	0	0	0	0	0	0	0
05.500,00.000	3.1	5.5	-200	0	4.5	2.95638	1.26893	1.68746	0	0	0	0	0	0	0	0	0	0	0	0	0	0	0	0	0	0
05.500,00.000	3.2	5.5	-200	0	4.5	3.81379	1.85104	1.96275	0	0	0	0	0	0	0	0	0	0	0	0	0	0	0	0	0	0
05.500,00.000	3.3	5.5	-200	0	4.5	4.70994	2.47195	2.23799	0	0	0	0	0	0	0	0	0	0	0	0	0	0	0	0	0	0
05.500,00.000	3.4	5.5	-200	0	4.5	5.60424	3.09193	2.51231	0	0	0	0	0	0	0	0	0	0	0	0	0	0	0	0	0	0
05.500,00.000	3.5	5.5	-200	0	4.5	6.49449	3.7095	2.78499	0	0	0	0	0	0	0	0	0	0	0	0	0	0	0	0	0	0
05.500,00.000	3.6	5.5	-200	0	4.5	7.38021	4.32433	3.05588	0	0	0	0	0	0	0	0	0	0	0	0	0	0	0	0	0	0
05.500,00.000	3.7	5.5	-200	0	4.5	8.26282	4.9377	3.32512	0	0	0	0	0	0	0	0	0	0	0	0	0	0	0	0	0	0
05.500,00.000	3.8	5.5	-200	0	4.5	9.14464	5.55138	3.59327	0	0	0	0	0	0	0	0	0	0	0	0	0	0	0	0	0	0
05.500,00.000	3.9	5.5	-200	0	4.5	10.0281	6.16676	3.86132	0	0	0	0	0	0	0	0	0	0	0	0	0	0	0	0	0	0
05.500,00.000	4	5.5	-200	0	4.5	10.9134	6.78354	4.12986	0	0	0	0	0	0	0	0	0	0	0	0	0	0	0	0	0	0
05.500,00.000	4.1	5.5	-200	0	4.5	11.4996	7.10109	4.3985	0	0	0	0	0	0	0	0	0	0	0	0	0	0	0	0	0	0
05.500,00.000	4.2	5.5	-200	0	4.5	12.0659	7.40006	4.66585	0	0	0	0	0	0	0	0	0	0	0	0	0	0	0	0	0	0
05.500,00.000	4.3	5.5	-200	0	4.5	12.6441	7.7117	4.93239	0	0	0	0	0	0	0	0	0	0	0	0	0	0	0	0	0	0
05.500,00.000	4.4	5.5	-200	0	4.5	13.2196	8.0222	5.19744	0	0	0	0	0	0	0	0	0	0	0	0	0	0	0	0	0	0
05.500,00.000	4.5	5.5	-200	0	4.5	13.7904	8.33046	5.45992	0	0	0	0	0	0	0	0	0	0	0	0	0	0	0	0	0	0
05.500,00.000	4.6	5.5	-200	0	4.5	14.3554	8.63579	5.71965	0	0	0	0	0	0	0	0	0	0	0	0	0	0	0	0	0	0
05.500,00.000	4.7	5.5	-200	0	4.5	14.9162	8.93947	5.97676	0	0	0	0	0	0	0	0	0	0	0	0	0	0	0	0	0	0
05.500,00.000	4.8	5.5	-200	0	4.5	15.4732	9.2416	6.23158	0	0	0	0	0	0	0	0	0	0	0	0	0	0	0	0	0	0
05.500,00.000	4.9	5.5	-200	0	4.5	16.027	9.54259	6.48442	0	0	0	0	0	0	0	0	0	0	0	0	0	0	0	0	0	0
05.500,00.000	5	5.5	-200	0	4.5	16.578	9.84254	6.73546	0	0	0	0	0	0	0	0	0	0	0	0	0	0	0	0	0	0
05.500,00.000	5.1	5.5	-200	0	4.5	17.1282	10.1427	6.98541	0	0	0	0	0	0	0	0	0	0	0	0	0	0	0	0	0	0
05.500,00.000	5.2	5.5	-200	0	4.5	17.6766	10.4422	7.23433	0	0	0	0	0	0	0	0	0	0	0	0	0	0	0	0	0	0
05.500,00.000	5.3	5.5	-200	0	4.5	18.2234	10.7411	7.48225	0	0	0	0	0	0	0	0	0	0	0	0	0	0	0	0	0	0
05.500,00.000	5.4	5.5	-200	0	4.5	18.7684	11.0392	7.72911	0	0	0	0	0	0	0	0	0	0	0	0	0	0	0	0	0	0
05.500,00.000	5.5	5.5	-200	0	4.5	19.3105	11.336	7.9745	0	0	0	0	0	0	0	0	0	0	0	0	0	0	0	0	0	0
05.500,00.000	5.6	5.5	-200	0	4.5	19.8491	11.6312	8.21795	0	0	0	0	0	0	0	0	0	0	0	0	0	0	0	0	0	0
05.500,00.000	5.7	5.5	-200	0	4.5	20.3841	11.9244	8.45972	0	0	0	0	0	0	0	0	0	0	0	0	0	0	0	0	0	0
05.500,00.000	5.8	5.5	-200	0	4.5	20.916	12.2163	8.54808	0.151561	0	0	0	0	0	0	0	0	0	0	0	0	0	0	0	0	0
05.500,00.000	5.9	5.5	-200	0	4.5	21.4455	12.2581	8.79765	0.389754	0	0	0	0	0	0	0	0	0	0	0	0	0	0	0	0	0
05.500,00.000	6	5.5	-200	0	4.5	21.9729	12.2592	9.08772	0.625988	0	0	0	0	0	0	0	0	0	0	0	0	0	0	0	0	0
05.500,00.000	6.1	5.5	-200	0	4.5	22.4983	12.2592	9.37856	0.860531	0	0	0	0	0	0	0	0	0	0	0	0	0	0	0	0	0
05.500,00.000	6.2	5.5	-200	0	4.5	23.0251	12.2592	9.67133	1.09452	0	0	0	0	0	0	0	0	0	0	0	0	0	0	0	0	0
05.500,00.000	6.3	5.5	-200	0	4.5	23.3992	12.2592	9.81184	1.32818	0	0	0	0	0	0	0	0	0	0	0	0	0	0	0	0	0
05.500,00.000	6.4	5.5	-200	0	4.5	23.633	12.2596	9.81184	1.56159	0	0	0	0	0	0	0	0	0	0	0	0	0	0	0	0	0
05.500,00.000	6.5	5.5	-200	0	4.5	23.8693	12.2628	9.81184	1.79462	0	0	0	0	0	0	0	0	0	0	0	0	0	0	0	0	0
05.500,00.000	6.6	5.5	-200	0	4.5	24.1076	12.2693	9.81184	2.02648	0	0	0	0	0	0	0	0	0	0	0	0	0	0	0	0	0
05.500,00.000	6.7	5.5	-200	0	4.5	24.3506	12.2817	9.81184	2.25701	0	0	0	0	0	0	0	0	0	0	0	0	0	0	0	0	0
05.500,00.000	6.8	5.5	-200	0	4.5	24.5995	12.3009	9.81184	2.48672	0	0	0	0	0	0	0	0	0	0	0	0	0	0	0	0	0
05.500,00.000	6.9	5.5	-200	0	4.5	24.8571	12.3295	9.81187	2.71573	0	0	0	0	0	0	0	0	0	0	0	0	0	0	0	0	0
05.500,00.000	7	5.5	-200	0	4.5	25.1273	12.37	9.81286	2.9445	0	0	0	0	0	0	0	0	0	0	0	0	0	0	0	0	0
05.500,00.000	7.1	5.5	-200	0	4.5	25.4113	12.4235	9.81426	3.17353	0	0	0	0	0	0	0	0	0	0	0	0	0	0	0	0	0
05.500,00.000	7.2	5.5	-200	0	4.5	25.7113	12.4926	9.81719	3.40149	0	0	0	0	0	0	0	0	0	0	0	0	0	0	0	0	0
05.500,00.000	7.3	5.5	-200	0	4.5	26.0274	12.5781	9.82151	3.62774	0	0	0	0	0	0	0	0	0	0	0	0	0	0	0	0	0
05.500,00.000	7.4	5.5	-200	0	4.5	26.3643	12.6822	9.83017	3.85194	0	0	0	0	0	0	0	0	0	0	0	0	0	0	0	0	0
05.500,00.000	7.5	5.5	-200	0	4.5	26.7205	12.8056	9.84083	4.07405	0	0	0	0	0	0	0	0	0	0	0	0	0	0	0	0	0
05.500,00.000	7.6	5.5	-200	0	4.5	27.0997	12.9516	9.85425	4.29388	0	0	0	0	0	0	0	0	0	0	0	0	0	0	0	0	0
05.500,00.000	7.7	5.5	-200	0	4.5	27.505	13.1224	9.87119	4.51138	0	0	0	0	0	0	0	0	0	0	0	0	0	0	0	0	0
05.500,00.000	7.8	5.5	-200	0	4.5	27.9391	13.3212	9.89145	4.72641	0	0	0	0	0	0	0	0	0	0	0	0	0	0	0	0	0
05.500,00.000	7.9	5.5	-200	0	4.5	28.404	13.5478	9.91687	4.93925	0	0	0	0	0	0	0	0	0	0	0	0	0	0	0	0	0
05.500,00.000	8	5.5	-200	0	4.5	28.8999	13.8036	9.94589	5.15041	0	0	0	0	0	0	0	0	0	0	0	0	0	0	0	0	0
05.500,00.000	8.1	5.5	-200	0	4.5	29.4278	14.0876	9.98022	5.35995	0	0	0	0	0	0	0	0	0	0	0	0	0	0	0	0	0
05.500,00.000	8.2	5.5	-200	0	4.5	29.9895	14.402	10.0196	5.56796	0	0	0	0	0	0	0	0	0	0	0	0	0	0	0	0	0
05.500,00.000	8.3	5.5	-200	0	4.5	30.5867	14.7481	10.0639	5.77457	0	0	0	0	0	0	0	0	0	0	0	0	0	0	0	0	0
05.500,00.000	8.4	5.5	-200	0	4.5	31.2195	15.124	10.1156	5.97985	0	0	0	0	0	0	0	0	0	0	0	0	0	0	0	0	0
05.500,00.000	8.5	5.5	-200	0	4.5	31.8862	15.5293	10.1733	6.18357	0	0	0	0	0	0	0	0	0	0	0	0	0	0	0	0	0
05.500,00.000	8.6	5.5	-200	0	4.5	32.5854	15.963	10.2367	6.38561	0	0	0	0	0	0	0	0	0	0	0	0	0	0	0	0	0
05.500,00.000	8.7	5.5	-200	0	4.5	33.3133	16.424	10.3033	6.58591	0	0	0	0	0	0	0	0	0	0	0	0	0	0	0	0	0
05.500,00.000	8.8	5.5	-200	0	4.5	34.0714	16.9147	10.3722	6.7845	0	0	0	0	0	0	0	0	0	0	0	0	0	0	0	0	0
05.500,00.000	8.9	5.5	-200	0	4.5	34.8673	17.4374	10.4482	6.98159	0	0	0	0	0	0	0	0	0	0	0	0	0	0	0	0	0
05.500,00.000	9	5.5	-200	0	4.5	35.6946	17.9865	10.531	7.17714	0	0	0	0	0	0	0	0	0	0	0	0	0	0	0	0	0
05.500,00.000	9.1	5.5	-200	0	4.5	36.5609	18.5679	10.6218	7.37122	0	0	0	0	0	0	0	0	0	0	0	0	0	0	0	0	0
05.500,00.000	9.2	5.5	-200	0	4.5	37.4964	19.209	10.7231	7.56438	0	0	0	0	0	0	0	0	0	0	0	0	0	0	0	0	0
05.500,00.000	9.3	5.5	-200	0	4.5	38.5206	19.929	10.834	7.75755	0	0	0	0	0	0	0	0	0	0	0	0	0	0	0	0	0
05.500,00.000	9.4	5.5	-200	0	4.5	39.5658	20.658	10.9562	7.9516	0	0	0	0	0	0	0	0	0	0	0	0	0	0	0	0	0
05.500,00.000	9.5	5.5	-200	0	4.5	40.624	21.4182	11.0591	8.14668	0	0	0	0	0	0	0	0	0	0	0	0	0	0	0	0	0
05.500,00.000	9.6	5.5	-200	0	4.5	41.7289	22.2152	11.1711	8.34264	0	0	0	0	0	0	0	0	0	0	0	0	0	0	0	0	0
05.500,00.000	9.7	5.5	-200	0	4.5	42.8842	23.0531	11.2918	8.53933	0	0	0	0	0	0	0	0	0	0	0	0	0	0	0	0	0
05.500,00.000	9.8	5.5	-200	0	4.5	44.0978	23.9378	11.423	8.737	0	0	0	0	0	0	0	0	0	0	0	0	0	0	0	0	0
05.500,00.000	9.9	5.5	-200	0	4.5	45.3893	24.8864	11.5665	8.93635	0	0	0	0	0	0	0	0	0	0	0	0	0	0	0	0	0
05.500,00.000	10	5.5	-200	0	4.5	46.7885	25.9222	11.7279	9.13843	0	0	0	0	0	0	0	0	0	0	0	0	0	0	0	0	0
05.500,00.000	10.1	5.5	-200	0	4.5	48.2859	27.0373	11.9047	9.34393	0	0	0	0	0	0	0	0	0	0	0	0	0	0	0	0	0
05.500,00.000	10.2	5.5	-200	0	4.5	49.8411	28.195	12.0973	9.54884	0	0	0	0	0	0	0	0	0	0	0	0	0	0	0	0	0
05.500,00.000	10.3	5.5	-200	0	4.5	51.4563	29.4045	12.2993	9.75254	0	0	0	0	0	0	0	0	0	0	0	0	0	0	0	0	0
05.500,00.000	10.4	5.5	-200	0	4.5	53.1154	30.6457	12.515	9.95464	0	0	0	0	0	0	0	0	0	0	0	0	0	0	0	0	0
05.500,00.000	10.5	5.5	-200	0	4.5	54.8176	31.9157	12.7474	10.0304	0.124154	0	0	0	0	0	0	0	0	0	0	0	0	0	0	0	0
05.500,00.000	10.6	5.5	-200	0	4.5	56.5603	33.2129	12.9956	10.0304	0.321446	0	0	0	0	0	0	0	0	0	0	0	0	0	0	0	0
05.500,00.000	10.7	5.5	-200	0	4.5	58.3485	34.5412	13.2608	10.0304	0.516093	0	0	0	0	0	0	0	0	0	0	0	0	0	0	0	0
05.500,00.000	10.8	5.5	-200	0	4.5	60.196	35.9144	13.5429	10.0304	0.708381	0	0	0	0	0	0	0	0	0	0	0	0	0	0	0	0
05.500,00.000	10.9	5.5	-200	0	4.5	62.1074	37.3341	13.8441	10.0304	0.898965	0	0	0	0	0	0	0	0	0	0	0	0	0	0	0	0
05.500,00.000	11	5.5	-200	0	4.5	64.0805	38.7986	14.1634	10.0304	1.08822	0	0	0	0	0	0	0	0	0	0	0	0	0	0	0	0
05.500,00.000	11.1	5.5	-200	0	4.5	66.1103	40.3032	14.5004	10.0307	1.27606	0	0	0	0	0	0	0	0	0	0	0	0	0	0	0	0
05.500,00.000	11.2	5.5	-200	0	4.5	68.2009	41.8532	14.8527	10.0325	1.46255	0	0	0	0	0	0	0	0	0	0	0	0	0	0	0	0
05.500,00.000	11.3	5.5	-200	0	4.5	70.3707	43.4677	15.2195	10.036	1.64763	0	0	0	0	0	0	0	0	0	0	0	0	0	0	0	0
05.500,00.000	11.4	5.5	-200	0	4.5	72.5937	45.1225	15.5996	10.0404	1.8312	0	0	0	0	0	0	0	0	0	0	0	0	0	0	0	0
05.500,00.000	11.5	5.5	-200	0	4.5	74.8758	46.8238	15.9913	10.0475	2.01324	0	0	0	0	0	0	0	0	0	0	0	0	0	0	0	0
05.500,00.000	11.6	5.5	-200	0	4.5	77.2144	48.5705	16.3942	10.0562	2.19351	0	0	0	0	0	0	0	0	0	0	0	0	0	0	0	0
05.500,00.000	11.7	5.5	-200	0	4.5	79.585	50.3372	16.8087	10.0674	2.37172	0	0	0	0	0	0	0	0	0	0	0	0	0	0	0	0
05.500,00.000	11.8	5.5	-200	0	4.5	81.9591	52.097	17.2314	10.0828	2.54791	0	0	0	0	0	0	0	0	0	0	0	0	0	0	0	0
05.500,00.000	11.9	5.5	-200	0	4.5	84.4152	53.9391	17.6532	10.1005	2.72242	0	0	0	0	0	0	0	0	0	0	0	0	0	0	0	0
05.500,00.000	12	5.5	-200	0	4.5	86.9422	55.837	18.0878	10.1219	2.89548	0	0	0	0	0	0	0	0	0	0	0	0	0	0	0	0
05.500,00.000	12.1	5.5	-200	0	4.5	89.4863	57.7446	18.5282	10.1464	3.06718	0	0	0	0	0	0	0	0	0	0	0	0	0	0	0	0
05.500,00.000	12.2	5.5	-200	0	4.5	92.1252	59.752	18.9617	10.1742	3.23744	0	0	0	0	0	0	0	0	0	0	0	0	0	0	0	0
05.500,00.000	12.3	5.5	-200	0	4.5	94.8319	61.8101	19.409	10.2062	3.40652	0	0	0	0	0	0	0	0	0	0	0	0	0	0	0	0
05.500,00.000	12.4	5.5	-200	0	4.5	97.567	63.8955	19.8551	10.2417	3.57466	0	0	0	0	0	0	0	0	0	0	0	0	0	0	0	0
05.500,00.000	12.5	5.5	-200	0	4.5	100.371	66.0378	20.3112	10.2806	3.74153	0	0	0	0	0	0	0	0	0	0	0	0	0	0	0	0
05.500,00.000	12.6	5.5	-200	0	4.5	103.24	68.2263	20.783	10.3231	3.90731	0	0	0	0	0	0	0	0	0	0	0	0	0	0	0	0
05.500,00.000	12.7	5.5	-200	0	4.5	106.205	70.5208	21.2437	10.3688	4.0719	0	0	0	0	0	0	0	0	0	0	0	0	0	0	0	0
05.500,00.000	12.8	5.5	-200	0	4.5	109.189	72.8687	21.6669	10.4187	4.23485	0	0	0	0	0	0	0	0	0	0	0	0	0	0	0	0
05.500,00.000	12.9	5.5	-200	0	4.5	112.226	75.2571	22.1007	10.4718	4.39654	0	0	0	0	0	0	0	0	0	0	0	0	0	0	0	0
05.500,00.000	13	5.5	-200	0	4.5	115.343	77.706	22.5505	10.5292	4.55739	0	0	0	0	0	0	0	0	0	0	0	0	0	0	0	0
05.500,00.000	13.1	5.5	-200	0	4.5	118.541	80.2207	23.0127	10.5905	4.71749	0	0	0	0	0	0	0	0	0	0	0	0	0	0	0	0
05.500,00.000	13.2	5.5	-200	0	4.5	121.879	82.8228	23.5241	10.6566	4.87567	0	0	0	0	0	0	0	0	0	0	0	0	0	0	0	0
05.500,00.000	13.3	5.5	-200	0	4.5	125.334	85.5031	24.0689	10.7276	5.03431	0	0	0	0	0	0	0	0	0	0	0	0	0	0	0	0
05.500,00.000	13.4	5.5	-200	0	4.5	128.919	88.2721	24.6489	10.8045	5.19305	0	0	0	0	0	0	0	0	0	0	0	0	0	0	0	0
05.500,00.000	13.5	5.5	-200	0	4.5	132.57	91.0861	25.2459	10.8862	5.35175	0	0	0	0	0	0	0	0	0	0	0	0	0	0	0	0
05.500,00.000	13.6	5.5	-200	0	4.5	136.278	93.9399	25.8555	10.9726	5.51015	0	0	0	0	0	0	0	0	0	0	0	0	0	0	0	0
05.500,00.000	13.7	5.5	-200	0	4.5	140.032	96.8207	26.479	11.0644	5.66829	0	0	0	0	0	0	0	0	0	0	0	0	0	0	0	0
05.500,00.000	13.8	5.5	-200	0	4.5	143.82	99.7342	27.0978	11.1613	5.82632	0	0	0	0	0	0	0	0	0	0	0	0	0	0	0	0
05.500,00.000	13.9	5.5	-200	0	4.5	147.669	102.692	27.729	11.2642	5.98412	0	0	0	0	0	0	0	0	0	0	0	0	0	0	0	0
05.500,00.000	14	5.5	-200	0	4.5	151.601	105.695	28.3908	11.3731	6.1417	0	0	0	0	0	0	0	0	0	0	0	0	0	0	0	0
05.500,00.000	14.1	5.5	-200	0	4.5	155.586	108.732	29.065	11.489	6.29993	0	0	0	0	0	0	0	0	0	0	0	0	0	0	0	0
05.500,00.000	14.2	5.5	-200	0	4.5	159.583	111.786	29.724	11.6124	6.46051	0	0	0	0	0	0	0	0	0	0	0	0	0	0	0	0
05.500,00.000	14.3	5.5	-200	0	4.5	163.52	114.796	30.3658	11.7393	6.61857	0	0	0	0	0	0	0	0	0	0	0	0	0	0	0	0
05.500,00.000	14.4	5.5	-200	0	4.5	167.436	117.796	30.991	11.8722	6.77618	0	0	0	0	0	0	0	0	0	0	0	0	0	0	0	0
05.500,00.000	14.5	5.5	-200	0	4.5	171.335	120.773	31.6187	12.0104	6.93318	0	0	0	0	0	0	0	0	0	0	0	0	0	0	0	0
05.500,00.000	14.6	5.5	-200	0	4.5	175.169	123.713	32.2136	12.1535	7.08898	0	0	0	0	0	0	0	0	0	0	0	0	0	0	0	0
05.500,00.000	14.7	5.5	-200	0	4.5	178.931	126.618	32.7683	12.3025	7.24301	0	0	0	0	0	0	0	0	0	0	0	0	0	0	0	0
05.500,00.000	14.8	5.5	-200	0	4.5	182.642	129.485	33.3061	12.4561	7.39487	0	0	0	0	0	0	0	0	0	0	0	0	0	0	0	0
05.500,00.000	14.9	5.5	-200	0	4.5	186.354	132.343	33.8483	12.6167	7.54608	0	0	0	0	0	0	0	0	0	0	0	0	0	0	0	0
05.500,00.000	15	5.5	-200	0	4.5	190.064	135.175	34.4075	12.785	7.69637	0	0	0	0	0	0	0	0	0	0	0	0	0	0	0	0
05.500,00.000	15.1	5.5	-200	0	4.5	193.757	137.973	34.9781	12.9601	7.84561	0	0	0	0	0	0	0	0	0	0	0	0	0	0	0	0
05.500,00.000	15.2	5.5	-200	0	4.5	197.373	140.707	35.5298	13.1425	7.99387	0	0	0	0	0	0	0	0	0	0	0	0	0	0	0	0
05.500,00.000	15.3	5.5	-200	0	4.5	200.894	143.349	36.0714	13.3319	8.14143	0	0	0	0	0	0	0	0	0	0	0	0	0	0	0	0
05.500,00.000	15.4	5.5	-200	0	4.5	204.367	145.937	36.6129	13.5285	8.28804	0	0	0	0	0	0	0	0	0	0	0	0	0	0	0	0
05.500,00.000	15.5	5.5	-200	0	4.5	207.782	148.46	37.1572	13.7313	8.43363	0	0	0	0	0	0	0	0	0	0	0	0	0	0	0	0
05.500,00.000	15.6	5.5	-200	0	4.5	211.169	150.945	37.7062	13.9402	8.57812	0	0	0	0	0	0	0	0	0	0	0	0	0	0	0	0
05.500,00.000	15.7	5.5	-200	0	4.5	214.524	153.389	38.2573	14.1557	8.72144	0	0	0	0	0	0	0	0	0	0	0	0	0	0	0	0
05.500,00.000	15.8	5.5	-200	0	4.5	217.83	155.778	38.8107	14.3771	8.86357	0	0	0	0	0	0	0	0	0	0	0	0	0	0	0	0
05.500,00.000	15.9	5.5	-200	0	4.5	221.061	158.09	39.3276	14.6397	9.00428	0	0	0	0	0	0	0	0	0	0	0	0	0	0	0	0
05.500,00.000	16	5.5	-200	0	4.5	224.161	160.294	39.8066	14.9161	9.14398	0	0	0	0	0	0	0	0	0	0	0	0	0	0	0	0
05.500,00.000	16.1	5.5	-200	0	4.5	227.19	162.424	40.2853	15.199	9.28203	0	0	0	0	0	0	0	0	0	0	0	0	0	0	0	0
05.500,00.000	16.2	5.5	-200	0	4.5	230.181	164.506	40.7637	15.4917	9.41979	0	0	0	0	0	0	0	0	0	0	0	0	0	0	0	0
05.500,00.000	16.3	5.5	-200	0	4.5	233.116	166.52	41.2564	15.7828	9.55694	0	0	0	0	0	0	0	0	0	0	0	0	0	0	0	0
05.500,00.000	16.4	5.5	-200	0	4.5	235.983	168.455	41.7524	16.0824	9.69317	0	0	0	0	0	0	0	0	0	0	0	0	0	0	0	0
05.500,00.000	16.5	5.5	-200	0	4.5	238.779	170.311	42.249	16.3903	9.82854	0	0	0	0	0	0	0	0	0	0	0	0	0	0	0	0
05.500,00.000	16.6	5.5	-200	0	4.5	242.675	172.831	42.9855	16.8387	10.0193	0	0	0	0	0	0	0	0	0	0	0	0	0	0	0	0
05.500,00.000	16.7	5.5	-200	0	4.5	244.677	174.101	43.3776	17.0794	10.0779	0.0408467	0	0	0	0	0	0	0	0	0	0	0	0	0	0	0
05.500,00.000	16.8	5.5	-200	0	4.5	246.216	175.056	43.6866	17.2764	10.0831	0.114444	0	0	0	0	0	0	0	0	0	0	0	0	0	0	0
05.500,00.000	16.9	5.5	-200	0	4.5	249.12	176.821	44.2804	17.6686	10.0889	0.260304	0	0	0	0	0	0	0	0	0	0	0	0	0	0	0
05.500,00.000	17	5.5	-200	0	4.5	251.773	178.361	44.8767	18.0419	10.0824	0.41134	0	0	0	0	0	0	0	0	0	0	0	0	0	0	0
05.500,00.000	17.1	5.5	-200	0	4.5	254.151	179.672	45.4571	18.3989	10.0824	0.540675	0	0	0	0	0	0	0	0	0	0	0	0	0	0	0
05.500,00.000	17.2	5.5	-200	0	4.5	256.477	180.93	46.0285	18.7664	10.0824	0.669678	0	0	0	0	0	0	0	0	0	0	0	0	0	0	0
05.500,00.000	17.3	5.5	-200	0	4.5	258.732	182.117	46.5905	19.1441	10.0824	0.798305	0	0	0	0	0	0	0	0	0	0	0	0	0	0	0
05.500,00.000	17.4	5.5	-200	0	4.5	260.929	183.23	47.1883	19.5021	10.0824	0.926286	0	0	0	0	0	0	0	0	0	0	0	0	0	0	0
05.500,00.000	17.5	5.5	-200	0	4.5	263.158	184.309	47.8198	19.8876	10.0824	1.05913	0	0	0	0	0	0	0	0	0	0	0	0	0	0	0
05.500,00.000	17.6	5.5	-200	0	4.5	266.695	185.955	48.8531	20.5372	10.0825	1.26748	0	0	0	0	0	0	0	0	0	0	0	0	0	0	0
05.500,00.000	17.7	5.5	-200	0	4.5	267.843	186.463	49.2058	20.7535	10.0827	1.33818	0	0	0	0	0	0	0	0	0	0	0	0	0	0	0
05.500,00.000	17.8	5.5	-200	0	4.5	268.372	186.691	49.3648	20.8615	10.0829	1.37233	0	0	0	0	0	0	0	0	0	0	0	0	0	0	0
05.500,00.000	17.9	5.5	-200	0	4.5	270.749	187.674	50.0872	21.3733	10.084	1.53055	0	0	0	0	0	0	0	0	0	0	0	0	0	0	0
05.500,00.000	18	5.5	-200	0	4.5	272.774	188.483	50.7032	21.8324	10.0854	1.66943	0	0	0	0	0	0	0	0	0	0	0	0	0	0	0
05.500,00.000	18.1	5.5	-200	0	4.5	274.498	189.145	51.2253	22.2477	10.0882	1.79208	0	0	0	0	0	0	0	0	0	0	0	0	0	0	0
05.500,00.000	18.2	5.5	-200	0	4.5	276.16	189.755	51.7294	22.6698	10.0915	1.91418	0	0	0	0	0	0	0	0	0	0	0	0	0	0	0
05.500,00.000	18.3	5.5	-200	0	4.5	277.762	190.316	52.2156	23.0981	10.097	2.03568	0	0	0	0	0	0	0	0	0	0	0	0	0	0	0
05.500,00.000	18.4	5.5	-200	0	4.5	279.299	190.827	52.6803	23.532	10.1032	2.15638	0	0	0	0	0	0	0	0	0	0	0	0	0	0	0
05.500,00.000	18.5	5.5	-200	0	4.5	281.156	191.419	53.2509	24.061	10.1142	2.31034	0	0	0	0	0	0	0	0	0	0	0	0	0	0	0
05.500,00.000	18.6	5.5	-200	0	4.5	283.679	192.179	54.0257	24.815	10.1324	2.52765	0	0	0	0	0	0	0	0	0	0	0	0	0	0	0
05.500,00.000	18.7	5.5	-200	0	4.5	284.233	192.344	54.2033	24.9693	10.1375	2.57853	0	0	0	0	0	0	0	0	0	0	0	0	0	0	0
05.500,00.000	18.8	5.5	-200	0	4.5	284.323	192.369	54.2317	24.9966	10.1386	2.58722	0	0	0	0	0	0	0	0	0	0	0	0	0	0	0
05.500,00.000	18.9	5.5	-200	0	4.5	285.849	192.763	54.698	25.4893	10.1607	2.73806	0	0	0	0	0	0	0	0	0	0	0	0	0	0	0
05.500,00.000	19	5.5	-200	0	4.5	287.368	193.22	55.1261	25.9564	10.1843	2.88129	0	0	0	0	0	0	0	0	0	0	0	0	0	0	0
05.500,00.000	19.1	5.5	-200	0	4.5	288.772	193.748	55.4633	26.3523	10.2077	3.00077	0	0	0	0	0	0	0	0	0	0	0	0	0	0	0
05.500,00.000	19.2	5.5	-200	0	4.5	290.138	194.243	55.8036	26.7418	10.2325	3.11667	0	0	0	0	0	0	0	0	0	0	0	0	0	0	0
05.500,00.000	19.3	5.5	-200	0	4.5	291.477	194.728	56.1234	27.1336	10.2602	3.23177	0	0	0	0	0	0	0	0	0	0	0	0	0	0	0
05.500,00.000	19.4	5.5	-200	0	4.5	292.779	195.192	56.4218	27.528	10.2903	3.34631	0	0	0	0	0	0	0	0	0	0	0	0	0	0	0
05.500,00.000	19.5	5.5	-200	0	4.5	294.04	195.634	56.699	27.9236	10.3231	3.46022	0	0	0	0	0	0	0	0	0	0	0	0	0	0	0
05.500,00.000	19.6	5.5	-200	0	4.5	295.997	196.308	57.1082	28.56	10.3796	3.64152	0	0	0	0	0	0	0	0	0	0	0	0	0	0	0
05.500,00.000	19.7	5.5	-200	0	4.5	297.973	196.976	57.5042	29.2229	10.442	3.82853	0	0	0	0	0	0	0	0	0	0	0	0	0	0	0
05.500,00.000	19.8	5.5	-200	0	4.5	298.329	197.101	57.571	29.3415	10.4538	3.86181	0	0	0	0	0	0	0	0	0	0	0	0	0	0	0
05.500,00.000	19.9	5.5	-200	0	4.5	298.493	197.158	57.599	29.398	10.4599	3.8776	0	0	0	0	0	0	0	0	0	0	0	0	0	0	0
05.500,00.000	20	5.5	-200	0	4.5	300.221	197.759	57.8794	30.0071	10.5292	4.04675	0	0	0	0	0	0	0	0	0	0	0	0	0	0	0
05.500,00.000	20.1	5.5	-200	0	4.5	301.592	198.234	58.0895	30.4986	10.5875	4.1824	0	0	0	0	0	0	0	0	0	0	0	0	0	0	0
05.500,00.000	20.2	5.5	-200	0	4.5	302.696	198.617	58.2463	30.9004	10.6392	4.29284	0	0	0	0	0	0	0	0	0	0	0	0	0	0	0
05.500,00.000	20.3	5.5	-200	0	4.5	303.774	198.833	58.5468	31.2992	10.6929	4.40204	0	0	0	0	0	0	0	0	0	0	0	0	0	0	0
05.500,00.000	20.4	5.5	-200	0	4.5	304.867	198.98	58.9287	31.6972	10.7496	4.51091	0	0	0	0	0	0	0	0	0	0	0	0	0	0	0
05.500,00.000	20.5	5.5	-200	0	4.5	305.974	199.153	59.2966	32.0943	10.8106	4.61981	0	0	0	0	0	0	0	0	0	0	0	0	0	0	0
05.500,00.000	20.6	5.5	-200	0	4.5	310.423	199.896	60.7159	33.686	11.0697	5.05552	0	0	0	0	0	0	0	0	0	0	0	0	0	0	0
05.500,00.000	20.7	5.5	-200	0	4.5	311.335	200.052	60.9999	34.0136	11.1248	5.14471	0	0	0	0	0	0	0	0	0	0	0	0	0	0	0
05.500,00.000	20.8	5.5	-200	0	4.5	311.796	200.134	61.1381	34.1788	11.1555	5.19008	0	0	0	0	0	0	0	0	0	0	0	0	0	0	0
05.500,00.000	20.9	5.5	-200	0	4.5	311.951	200.161	61.1836	34.2344	11.1663	5.20543	0	0	0	0	0	0	0	0	0	0	0	0	0	0	0
05.500,00.000	21	5.5	-200	0	4.5	313.011	200.358	61.4846	34.612	11.2454	5.31061	0	0	0	0	0	0	0	0	0	0	0	0	0	0	0
05.500,00.000	21.1	5.5	-200	0	4.5	315.058	200.863	62.0134	35.2873	11.394	5.50026	0	0	0	0	0	0	0	0	0	0	0	0	0	0	0
05.500,00.000	21.2	5.5	-200	0	4.5	316.524	201.304	62.3583	35.7362	11.4982	5.62756	0	0	0	0	0	0	0	0	0	0	0	0	0	0	0
05.500,00.000	21.3	5.5	-200	0	4.5	317.794	201.726	62.6378	36.1057	11.5906	5.73374	0	0	0	0	0	0	0	0	0	0	0	0	0	0	0
05.500,00.000	21.4	5.5	-200	0	4.5	319.107	202.189	62.9211	36.4705	11.6867	5.83992	0	0	0	0	0	0	0	0	0	0	0	0	0	0	0
05.500,00.000	21.5	5.5	-200	0	4.5	322.25	203.336	63.5813	37.3171	11.9242	6.0911	0	0	0	0	0	0	0	0	0	0	0	0	0	0	0
05.500,00.000	21.6	5.5	-200	0	4.5	325.151	204.539	64.1671	38.0141	12.1307	6.30061	0	0	0	0	0	0	0	0	0	0	0	0	0	0	0
05.500,00.000	21.7	5.5	-200	0	4.5	328.038	205.738	64.7776	38.6771	12.3412	6.504	0	0	0	0	0	0	0	0	0	0	0	0	0	0	0
05.500,00.000	21.8	5.5	-200	0	4.5	328.495	205.92	64.8952	38.7729	12.3729	6.53373	0	0	0	0	0	0	0	0	0	0	0	0	0	0	0
05.500,00.000	21.9	5.5	-200	0	4.5	328.622	205.973	64.9244	38.7995	12.3826	6.54222	0	0	0	0	0	0	0	0	0	0	0	0	0	0	0
05.500,00.000	22	5.5	-200	0	4.5	329.015	206.132	65.0233	38.878	12.4135	6.56794	0	0	0	0	0	0	0	0	0	0	0	0	0	0	0
05.500,00.000	22.1	5.5	-200	0	4.5	332.679	207.806	65.8144	39.5637	12.698	6.7968	0	0	0	0	0	0	0	0	0	0	0	0	0	0	0
05.500,00.000	22.2	5.5	-200	0	4.5	335.284	209.133	66.3299	39.9932	12.8858	6.94277	0	0	0	0	0	0	0	0	0	0	0	0	0	0	0
05.500,00.000	22.3	5.5	-200	0	4.5	337.144	210.082	66.6891	40.2954	13.0284	7.04835	0	0	0	0	0	0	0	0	0	0	0	0	0	0	0
05.500,00.000	22.4	5.5	-200	0	4.5	339.025	211.051	67.0497	40.5919	13.1773	7.1544	0	0	0	0	0	0	0	0	0	0	0	0	0	0	0
05.500,00.000	22.5	5.5	-200	0	4.5	343.074	213.216	67.789	41.1936	13.5001	7.37571	0	0	0	0	0	0	0	0	0	0	0	0	0	0	0
05.500,00.000	22.6	5.5	-200	0	4.5	352.243	218.21	69.4427	42.4876	14.2394	7.8634	0	0	0	0	0	0	0	0	0	0	0	0	0	0	0
05.500,00.000	22.7	5.5	-200	0	4.5	353.957	219.171	69.7559	42.711	14.371	7.94863	0	0	0	0	0	0	0	0	0	0	0	0	0	0	0
05.500,00.000	22.8	5.5	-200	0	4.5	358.706	221.799	70.5902	43.3375	14.7814	8.19862	0	0	0	0	0	0	0	0	0	0	0	0	0	0	0
05.500,00.000	22.9	5.5	-200	0	4.5	360.162	222.59	70.8846	43.516	14.9013	8.27061	0	0	0	0	0	0	0	0	0	0	0	0	0	0	0
05.500,00.000	23	5.5	-200	0	4.5	364.162	224.989	71.3356	44.0454	15.2977	8.49401	0	0	0	0	0	0	0	0	0	0	0	0	0	0	0
05.500,00.000	23.1	5.5	-200	0	4.5	367.596	227.112	71.6435	44.4979	15.6524	8.6895	0	0	0	0	0	0	0	0	0	0	0	0	0	0	0
05.500,00.000	23.2	5.5	-200	0	4.5	369.64	228.375	71.8232	44.7607	15.8744	8.80706	0	0	0	0	0	0	0	0	0	0	0	0	0	0	0
05.500,00.000	23.3	5.5	-200	0	4.5	371.504	229.536	71.9836	44.9896	16.0816	8.91316	0	0	0	0	0	0	0	0	0	0	0	0	0	0	0
05.500,00.000	23.4	5.5	-200	0	4.5	373.368	230.689	72.1527	45.2111	16.2964	9.01946	0	0	0	0	0	0	0	0	0	0	0	0	0	0	0
05.500,00.000	23.5	5.5	-200	0	4.5	377.745	233.345	72.5741	45.6878	16.8634	9.27503	0	0	0	0	0	0	0	0	0	0	0	0	0	0	0
05.500,00.000	23.6	5.5	-200	0	4.5	383.473	236.255	73.6785	46.2706	17.6561	9.61199	0	0	0	0	0	0	0	0	0	0	0	0	0	0	0
05.500,00.000	23.7	5.5	-200	0	4.5	384.411	236.592	74.0119	46.3486	17.7938	9.66492	0	0	0	0	0	0	0	0	0	0	0	0	0	0	0
05.500,00.000	23.8	5.5	-200	0	4.5	387.672	237.885	75.0032	46.6557	18.2697	9.85798	0	0	0	0	0	0	0	0	0	0	0	0	0	0	0
05.500,00.000	23.9	5.5	-200	0	4.5	388.502	238.207	75.2786	46.7082	18.4022	9.87686	0.0289468	0	0	0	0	0	0	0	0	0	0	0	0	0	0
05.500,00.000	24	5.5	-200	0	4.5	391.225	239.293	76.1167	46.9164	18.8322	9.87725	0.189411	0	0	0	0	0	0	0	0	0	0	0	0	0	0
05.500,00.000	24.1	5.5	-200	0	4.5	395.102	240.815	77.3743	47.1845	19.4399	9.86171	0.426513	0	0	0	0	0	0	0	0	0	0	0	0	0	0
05.500,00.000	24.2	5.5	-200	0	4.5	397.41	241.687	78.1657	47.332	19.8073	9.86171	0.55659	0	0	0	0	0	0	0	0	0	0	0	0	0	0
05.500,00.000	24.3	5.5	-200	0	4.5	399.295	242.384	78.8255	47.451	20.1102	9.86171	0.662721	0	0	0	0	0	0	0	0	0	0	0	0	0	0
05.500,00.000	24.4	5.5	-200	0	4.5	401.186	243.069	79.502	47.5657	20.4189	9.86171	0.769159	0	0	0	0	0	0	0	0	0	0	0	0	0	0
05.500,00.000	24.5	5.5	-200	0	4.5	403.249	243.764	80.2836	47.6853	20.7673	9.86171	0.886686	0	0	0	0	0	0	0	0	0	0	0	0	0	0
05.500,00.000	24.6	5.5	-200	0	4.5	409.949	245.89	82.9341	48.0654	21.9255	9.86182	1.27207	0	0	0	0	0	0	0	0	0	0	0	0	0	0
05.500,00.000	24.7	5.5	-200	0	4.5	412.045	246.603	83.777	48.1656	22.2564	9.86215	1.38102	0	0	0	0	0	0	0	0	0	0	0	0	0	0
05.500,00.000	24.8	5.5	-200	0	4.5	412.208	246.66	83.8398	48.1732	22.2833	9.86226	1.38964	0	0	0	0	0	0	0	0	0	0	0	0	0	0
05.500,00.000	24.9	5.5	-200	0	4.5	412.404	246.729	83.9158	48.1817	22.3161	9.86242	1.3999	0	0	0	0	0	0	0	0	0	0	0	0	0	0
05.500,00.000	25	5.5	-200	0	4.5	416.869	248.413	85.5796	48.3517	23.0366	9.86699	1.62062	0	0	0	0	0	0	0	0	0	0	0	0	0	0
05.500,00.000	25.1	5.5	-200	0	4.5	420.414	249.806	86.9062	48.4569	23.5863	9.87119	1.78697	0	0	0	0	0	0	0	0	0	0	0	0	0	0
05.500,00.000	25.2	5.5	-200	0	4.5	422.777	250.73	87.7939	48.5222	23.9585	9.87515	1.89776	0	0	0	0	0	0	0	0	0	0	0	0	0	0
05.500,00.000	25.3	5.5	-200	0	4.5	425.057	251.61	88.6617	48.581	24.3207	9.87948	2.00407	0	0	0	0	0	0	0	0	0	0	0	0	0	0
05.500,00.000	25.4	5.5	-200	0	4.5	427.363	252.491	89.5524	48.6358	24.6881	9.88455	2.11043	0	0	0	0	0	0	0	0	0	0	0	0	0	0
05.500,00.000	25.5	5.5	-200	0	4.5	429.759	253.406	90.4749	48.689	25.0759	9.89133	2.22172	0	0	0	0	0	0	0	0	0	0	0	0	0	0
05.500,00.000	25.6	5.5	-200	0	4.5	434.789	255.358	92.386	48.7934	25.8908	9.90728	2.45337	0	0	0	0	0	0	0	0	0	0	0	0	0	0
05.500,00.000	25.7	5.5	-200	0	4.5	438.528	256.819	93.8124	48.8629	26.4898	9.9212	2.62253	0	0	0	0	0	0	0	0	0	0	0	0	0	0
05.500,00.000	25.8	5.5	-200	0	4.5	439.07	257.024	94.0295	48.8714	26.5752	9.92334	2.64654	0	0	0	0	0	0	0	0	0	0	0	0	0	0
05.500,00.000	25.9	5.5	-200	0	4.5	439.454	257.176	94.1763	48.877	26.6356	9.92511	2.66334	0	0	0	0	0	0	0	0	0	0	0	0	0	0
05.500,00.000	26	5.5	-200	0	4.5	443.518	258.849	95.6751	48.9343	27.2747	9.94571	2.83994	0	0	0	0	0	0	0	0	0	0	0	0	0	0
05.500,00.000	26.1	5.5	-200	0	4.5	446.639	260.115	96.857	48.9728	27.759	9.96281	2.97324	0	0	0	0	0	0	0	0	0	0	0	0	0	0
05.500,00.000	26.2	5.5	-200	0	4.5	449.146	261.156	97.7832	49.0013	28.1476	9.97795	3.07967	0	0	0	0	0	0	0	0	0	0	0	0	0	0
05.500,00.000	26.3	5.5	-200	0	4.5	451.677	262.225	98.7063	49.0269	28.5372	9.99548	3.18598	0	0	0	0	0	0	0	0	0	0	0	0	0	0
05.500,00.000	26.4	5.5	-200	0	4.5	454.226	263.305	99.636	49.05	28.9281	10.0142	3.29228	0	0	0	0	0	0	0	0	0	0	0	0	0	0
05.500,00.000	26.5	5.5	-200	0	4.5	456.86	264.417	100.595	49.0714	29.3374	10.0355	3.40354	0	0	0	0	0	0	0	0	0	0	0	0	0	0
05.500,00.000	26.6	5.5	-200	0	4.5	465.204	268.009	103.566	49.1317	30.6324	10.1098	3.75507	0	0	0	0	0	0	0	0	0	0	0	0	0	0
05.500,00.000	26.7	5.5	-200	0	4.5	467.742	269.088	104.514	49.1465	31.0054	10.132	3.85627	0	0	0	0	0	0	0	0	0	0	0	0	0	0
05.500,00.000	26.8	5.5	-200	0	4.5	468.895	269.602	104.915	49.1527	31.1788	10.1433	3.90328	0	0	0	0	0	0	0	0	0	0	0	0	0	0
05.500,00.000	26.9	5.5	-200	0	4.5	469.214	269.742	105.03	49.1541	31.2256	10.1465	3.91594	0	0	0	0	0	0	0	0	0	0	0	0	0	0
05.500,00.000	27	5.5	-200	0	4.5	473.805	271.805	106.656	49.1706	31.8845	10.1954	4.0938	0	0	0	0	0	0	0	0	0	0	0	0	0	0
05.500,00.000	27.1	5.5	-200	0	4.5	478.608	274	108.322	49.2357	32.5256	10.2483	4.27637	0	0	0	0	0	0	0	0	0	0	0	0	0	0
05.500,00.000	27.2	5.5	-200	0	4.5	481.739	275.447	109.202	49.47	32.9405	10.2844	4.3947	0	0	0	0	0	0	0	0	0	0	0	0	0	0
05.500,00.000	27.3	5.5	-200	0	4.5	484.575	276.77	109.979	49.6917	33.3148	10.3185	4.50087	0	0	0	0	0	0	0	0	0	0	0	0	0	0
05.500,00.000	27.4	5.5	-200	0	4.5	487.465	278.122	110.781	49.9113	33.6895	10.3548	4.60724	0	0	0	0	0	0	0	0	0	0	0	0	0	0
05.500,00.000	27.5	5.5	-200	0	4.5	490.259	279.305	111.623	50.1383	34.0796	10.3944	4.71864	0	0	0	0	0	0	0	0	0	0	0	0	0	0
05.500,00.000	27.6	5.5	-200	0	4.5	501.876	283.204	115.729	51.1865	35.9214	10.5911	5.2446	0	0	0	0	0	0	0	0	0	0	0	0	0	0
05.500,00.000	27.7	5.5	-200	0	4.5	504.336	283.975	116.697	51.3978	36.2809	10.6325	5.35222	0	0	0	0	0	0	0	0	0	0	0	0	0	0
05.500,00.000	27.8	5.5	-200	0	4.5	504.562	284.054	116.778	51.4166	36.3143	10.6366	5.36191	0	0	0	0	0	0	0	0	0	0	0	0	0	0
05.500,00.000	27.9	5.5	-200	0	4.5	504.857	284.161	116.884	51.4401	36.3561	10.642	5.37413	0	0	0	0	0	0	0	0	0	0	0	0	0	0
05.500,00.000	28	5.5	-200	0	4.5	510.422	286.236	118.926	51.7754	37.1331	10.7485	5.60256	0	0	0	0	0	0	0	0	0	0	0	0	0	0
05.500,00.000	28.1	5.5	-200	0	4.5	514.054	287.649	120.394	51.7754	37.6554	10.8233	5.75677	0	0	0	0	0	0	0	0	0	0	0	0	0	0
05.500,00.000	28.2	5.5	-200	0	4.5	516.611	288.665	121.417	51.7754	38.0133	10.8783	5.86228	0	0	0	0	0	0	0	0	0	0	0	0	0	0
05.500,00.000	28.3	5.5	-200	0	4.5	519.204	289.702	122.459	51.7754	38.3659	10.9353	5.96618	0	0	0	0	0	0	0	0	0	0	0	0	0	0
05.500,00.000	28.4	5.5	-200	0	4.5	521.853	290.771	123.526	51.7754	38.7157	10.9951	6.06898	0	0	0	0	0	0	0	0	0	0	0	0	0	0
05.500,00.000	28.5	5.5	-200	0	4.5	524.624	291.9	124.641	51.7754	39.0727	11.0599	6.17475	0	0	0	0	0	0	0	0	0	0	0	0	0	0
05.500,00.000	28.6	5.5	-200	0	4.5	530.764	294.449	127.085	51.7754	39.8435	11.2074	6.40305	0	0	0	0	0	0	0	0	0	0	0	0	0	0
05.500,00.000	28.7	5.5	-200	0	4.5	535.888	296.585	129.133	51.7754	40.4708	11.3342	6.58919	0	0	0	0	0	0	0	0	0	0	0	0	0	0
05.500,00.000	28.8	5.5	-200	0	4.5	536.641	296.91	129.43	51.7754	40.558	11.3526	6.61516	0	0	0	0	0	0	0	0	0	0	0	0	0	0
05.500,00.000	28.9	5.5	-200	0	4.5	538.276	297.629	130.071	51.7754	40.7385	11.3941	6.66909	0	0	0	0	0	0	0	0	0	0	0	0	0	0
05.500,00.000	29	5.5	-200	0	4.5	543.519	300.047	132.062	51.7754	41.2798	11.5243	6.83119	0	0	0	0	0	0	0	0	0	0	0	0	0	0
05.500,00.000	29.1	5.5	-200	0	4.5	547.525	301.936	133.582	51.7754	41.6637	11.621	6.94654	0	0	0	0	0	0	0	0	0	0	0	0	0	0
05.500,00.000	29.2	5.5	-200	0	4.5	550.931	303.581	134.853	51.7754	41.976	11.7048	7.04085	0	0	0	0	0	0	0	0	0	0	0	0	0	0
05.500,00.000	29.3	5.5	-200	0	4.5	554.419	305.284	136.15	51.7754	42.2832	11.7917	7.13407	0	0	0	0	0	0	0	0	0	0	0	0	0	0
05.500,00.000	29.4	5.5	-200	0	4.5	558.021	307.076	137.476	51.7754	42.5852	11.8819	7.22622	0	0	0	0	0	0	0	0	0	0	0	0	0	0
05.500,00.000	29.5	5.5	-200	0	4.5	561.734	308.931	138.835	51.7754	42.8931	11.9788	7.32085	0	0	0	0	0	0	0	0	0	0	0	0	0	0
05.500,00.000	29.6	5.5	-200	0	4.5	570.443	313.375	141.959	51.7754	43.5879	12.2098	7.53612	0	0	0	0	0	0	0	0	0	0	0	0	0	0
05.500,00.000	29.7	5.5	-200	0	4.5	577.252	316.946	144.339	51.7754	44.1048	12.3903	7.69724	0	0	0	0	0	0	0	0	0	0	0	0	0	0
05.500,00.000	29.8	5.5	-200	0	4.5	578.119	317.409	144.636	51.7754	44.1686	12.4135	7.71726	0	0	0	0	0	0	0	0	0	0	0	0	0	0
05.500,00.000	29.9	5.5	-200	0	4.5	579.235	318.015	145.017	51.7754	44.2439	12.4432	7.74122	0	0	0	0	0	0	0	0	0	0	0	0	0	0
05.500,00.000	30	5.5	-200	0	4.5	586.572	322.049	147.504	51.7754	44.7137	12.6376	7.89217	0	0	0	0	0	0	0	0	0	0	0	0	0	0
05.500,00.000	30.1	5.5	-200	0	4.5	591.907	325.033	149.279	51.7754	45.0412	12.7804	7.99863	0	0	0	0	0	0	0	0	0	0	0	0	0	0
05.500,00.000	30.2	5.5	-200	0	4.5	596.282	327.51	150.715	51.7826	45.2944	12.8979	8.08237	0	0	0	0	0	0	0	0	0	0	0	0	0	0
05.500,00.000	30.3	5.5	-200	0	4.5	600.786	330.029	152.209	51.8236	45.5402	13.0189	8.16495	0	0	0	0	0	0	0	0	0	0	0	0	0	0
05.500,00.000	30.4	5.5	-200	0	4.5	605.362	332.593	153.735	51.8657	45.7789	13.1438	8.24645	0	0	0	0	0	0	0	0	0	0	0	0	0	0
05.500,00.000	30.5	5.5	-200	0	4.5	610.066	335.219	155.311	51.9092	46.019	13.2772	8.33008	0	0	0	0	0	0	0	0	0	0	0	0	0	0
05.500,00.000	30.6	5.5	-200	0	4.5	620.87	341.269	158.916	52.0025	46.5609	13.5985	8.52314	0	0	0	0	0	0	0	0	0	0	0	0	0	0
05.500,00.000	30.7	5.5	-200	0	4.5	627.805	345.209	161.179	52.0677	46.8954	13.8086	8.6446	0	0	0	0	0	0	0	0	0	0	0	0	0	0
05.500,00.000	30.8	5.5	-200	0	4.5	628.566	345.653	161.416	52.0764	46.9309	13.8321	8.65774	0	0	0	0	0	0	0	0	0	0	0	0	0	0
05.500,00.000	30.9	5.5	-200	0	4.5	629.481	346.183	161.707	52.0858	46.9703	13.8612	8.67288	0	0	0	0	0	0	0	0	0	0	0	0	0	0
05.500,00.000	31	5.5	-200	0	4.5	637.66	350.895	164.395	52.1498	47.299	14.1186	8.80222	0	0	0	0	0	0	0	0	0	0	0	0	0	0
05.500,00.000	31.1	5.5	-200	0	4.5	643.678	354.369	166.369	52.2002	47.5319	14.3116	8.8961	0	0	0	0	0	0	0	0	0	0	0	0	0	0
05.500,00.000	31.2	5.5	-200	0	4.5	648.548	357.212	167.965	52.2347	47.7033	14.4656	8.96742	0	0	0	0	0	0	0	0	0	0	0	0	0	0
05.500,00.000	31.3	5.5	-200	0	4.5	653.748	360.297	169.644	52.2689	47.8713	14.6278	9.03958	0	0	0	0	0	0	0	0	0	0	0	0	0	0
05.500,00.000	31.4	5.5	-200	0	4.5	659.139	363.516	171.379	52.3027	48.0329	14.7961	9.11137	0	0	0	0	0	0	0	0	0	0	0	0	0	0
05.500,00.000	31.5	5.5	-200	0	4.5	664.618	366.771	173.169	52.3358	48.1887	14.9709	9.18331	0	0	0	0	0	0	0	0	0	0	0	0	0	0
05.500,00.000	31.6	5.5	-200	0	4.5	685.977	379.263	180.36	52.4551	48.7642	15.6741	9.46061	0	0	0	0	0	0	0	0	0	0	0	0	0	0
05.500,00.000	31.7	5.5	-200	0	4.5	690.453	382.012	181.751	52.4801	48.8768	15.8166	9.5158	0	0	0	0	0	0	0	0	0	0	0	0	0	0
05.500,00.000	31.8	5.5	-200	0	4.5	690.8	382.221	181.865	52.482	48.8847	15.8278	9.51989	0	0	0	0	0	0	0	0	0	0	0	0	0	0
05.500,00.000	31.9	5.5	-200	0	4.5	692.049	382.983	182.266	52.4881	48.9105	15.8681	9.53397	0	0	0	0	0	0	0	0	0	0	0	0	0	0
05.500,00.000	32	5.5	-200	0	4.5	702.76	389.431	185.804	52.5387	49.1194	16.2154	9.6519	0	0	0	0	0	0	0	0	0	0	0	0	0	0
05.500,00.000	32.1	5.5	-200	0	4.5	710.256	393.96	188.269	52.5736	49.2586	16.4624	9.73343	0	0	0	0	0	0	0	0	0	0	0	0	0	0
05.500,00.000	32.2	5.5	-200	0	4.5	715.944	397.316	190.211	52.6013	49.3602	16.6597	9.79614	0	0	0	0	0	0	0	0	0	0	0	0	0	0
05.500,00.000	32.3	5.5	-200	0	4.5	721.609	400.671	192.138	52.6287	49.4549	16.8593	9.85742	0	0	0	0	0	0	0	0	0	0	0	0	0	0
05.500,00.000	32.4	5.5	-200	0	4.5	727.273	404.054	194.022	52.6737	49.5432	17.0624	9.91754	0	0	0	0	0	0	0	0	0	0	0	0	0	0
05.500,00.000	32.5	5.5	-200	0	4.5	733.079	407.552	195.912	52.7384	49.6268	17.2722	9.97789	0	0	0	0	0	0	0	0	0	0	0	0	0	0
05.500,00.000	32.6	5.5	-200	0	4.5	746.058	415.415	200.098	52.8871	49.7994	17.7481	10.0539	0.0566339	0	0	0	0	0	0	0	0	0	0	0	0	0
05.500,00.000	32.7	5.5	-200	0	4.5	757.831	422.517	203.865	53.0956	49.9444	18.1811	10.0578	0.170144	0	0	0	0	0	0	0	0	0	0	0	0	0
05.500,00.000	32.8	5.5	-200	0	4.5	759.361	423.447	204.347	53.1236	49.9624	18.2378	10.0473	0.195706	0	0	0	0	0	0	0	0	0	0	0	0	0
05.500,00.000	32.9	5.5	-200	0	4.5	763.537	425.991	205.662	53.2039	50.0051	18.3931	10.0451	0.237115	0	0	0	0	0	0	0	0	0	0	0	0	0
05.500,00.000	33	5.5	-200	0	4.5	773.837	432.292	208.881	53.4081	50.1028	18.7769	10.0428	0.334079	0	0	0	0	0	0	0	0	0	0	0	0	0
05.500,00.000	33.1	5.5	-200	0	4.5	780.932	436.671	211.055	53.5556	50.1651	19.0437	10.0368	0.404247	0	0	0	0	0	0	0	0	0	0	0	0	0
05.500,00.000	33.2	5.5	-200	0	4.5	786.774	440.285	212.837	53.6831	50.2113	19.2645	10.0383	0.454258	0	0	0	0	0	0	0	0	0	0	0	0	0
05.500,00.000	33.3	5.5	-200	0	4.5	792.637	443.921	214.616	53.8166	50.2532	19.4872	10.0383	0.504768	0	0	0	0	0	0	0	0	0	0	0	0	0
05.500,00.000	33.4	5.5	-200	0	4.5	798.54	447.592	216.397	53.9557	50.291	19.7107	10.0383	0.554214	0	0	0	0	0	0	0	0	0	0	0	0	0
05.500,00.000	33.5	5.5	-200	0	4.5	804.522	451.275	218.237	54.1037	50.3253	19.9396	10.0383	0.603723	0	0	0	0	0	0	0	0	0	0	0	0	0
05.500,00.000	33.6	5.5	-200	0	4.5	822.729	462.478	223.83	54.5692	50.4174	20.6439	10.0383	0.752417	0	0	0	0	0	0	0	0	0	0	0	0	0
05.500,00.000	33.7	5.5	-200	0	4.5	828.168	465.82	225.499	54.7215	50.4425	20.851	10.0383	0.795439	0	0	0	0	0	0	0	0	0	0	0	0	0
05.500,00.000	33.8	5.5	-200	0	4.5	828.484	466.018	225.593	54.7304	50.4437	20.863	10.0383	0.797843	0	0	0	0	0	0	0	0	0	0	0	0	0
05.500,00.000	33.9	5.5	-200	0	4.5	829.664	466.756	225.943	54.7659	50.4475	20.9069	10.0383	0.806348	0	0	0	0	0	0	0	0	0	0	0	0	0
05.500,00.000	34	5.5	-200	0	4.5	840.533	473.595	229.139	55.0817	50.4794	21.3158	10.0383	0.883818	0	0	0	0	0	0	0	0	0	0	0	0	0
05.500,00.000	34.1	5.5	-200	0	4.5	848.32	478.49	231.436	55.3128	50.4997	21.6057	10.0383	0.9376	0	0	0	0	0	0	0	0	0	0	0	0	0
05.500,00.000	34.2	5.5	-200	0	4.5	854.507	482.452	233.204	55.4935	50.5131	21.8284	10.0383	0.977722	0	0	0	0	0	0	0	0	0	0	0	0	0
05.500,00.000	34.3	5.5	-200	0	4.5	861.053	486.691	235.023	55.7004	50.5249	22.0572	10.0383	1.01787	0	0	0	0	0	0	0	0	0	0	0	0	0
05.500,00.000	34.4	5.5	-200	0	4.5	867.67	490.988	236.851	55.9166	50.5347	22.2848	10.0383	1.0568	0	0	0	0	0	0	0	0	0	0	0	0	0
05.500,00.000	34.5	5.5	-200	0	4.5	874.362	495.336	238.696	56.1405	50.5428	22.5135	10.0383	1.09503	0	0	0	0	0	0	0	0	0	0	0	0	0
05.500,00.000	34.6	5.5	-200	0	4.5	886.544	503.278	242.033	56.5525	50.5546	22.9257	10.0383	1.16222	0	0	0	0	0	0	0	0	0	0	0	0	0
05.500,00.000	34.7	5.5	-200	0	4.5	893.803	508.003	244.027	56.8073	50.5603	23.1661	10.0383	1.20061	0	0	0	0	0	0	0	0	0	0	0	0	0
05.500,00.000	34.8	5.5	-200	0	4.5	894.748	508.615	244.287	56.8443	50.5609	23.1966	10.0383	1.20539	0	0	0	0	0	0	0	0	0	0	0	0	0
05.500,00.000	34.9	5.5	-200	0	4.5	903.961	514.606	246.822	57.1862	50.5649	23.4933	10.0383	1.25011	0	0	0	0	0	0	0	0	0	0	0	0	0
05.500,00.000	35	5.5	-200	0	4.5	912.637	520.268	249.184	57.5183	50.5678	23.7693	10.0386	1.29081	0	0	0	0	0	0	0	0	0	0	0	0	0
05.500,00.000	35.1	5.5	-200	0	4.5	919.696	524.88	251.107	57.7881	50.5695	23.9905	10.039	1.32252	0	0	0	0	0	0	0	0	0	0	0	0	0
05.500,00.000	35.2	5.5	-200	0	4.5	926.727	529.476	253.014	58.0661	50.5705	24.2085	10.0395	1.35289	0	0	0	0	0	0	0	0	0	0	0	0	0
05.500,00.000	35.3	5.5	-200	0	4.5	933.766	534.075	254.911	58.3619	50.571	24.4246	10.0403	1.38213	0	0	0	0	0	0	0	0	0	0	0	0	0
05.500,00.000	35.4	5.5	-200	0	4.5	940.799	538.693	256.789	58.6556	50.5711	24.639	10.0412	1.41026	0	0	0	0	0	0	0	0	0	0	0	0	0
05.500,00.000	35.5	5.5	-200	0	4.5	947.876	543.367	258.654	58.95	50.5711	24.8534	10.0423	1.43764	0	0	0	0	0	0	0	0	0	0	0	0	0
05.500,00.000	35.6	5.5	-200	0	4.5	954.819	547.964	260.457	59.2551	50.5711	25.0641	10.0435	1.46376	0	0	0	0	0	0	0	0	0	0	0	0	0
05.500,00.000	35.7	5.5	-200	0	4.5	966.05	555.477	263.305	59.7469	50.5711	25.3998	10.0459	1.50408	0	0	0	0	0	0	0	0	0	0	0	0	0
05.500,00.000	35.8	5.5	-200	0	4.5	968.428	557.062	263.889	59.8778	50.5711	25.4692	10.0464	1.51227	0	0	0	0	0	0	0	0	0	0	0	0	0
05.500,00.000	35.9	5.5	-200	0	4.5	976.924	562.801	265.931	60.3206	50.5711	25.7116	10.0486	1.53945	0	0	0	0	0	0	0	0	0	0	0	0	0
05.500,00.000	36	5.5	-200	0	4.5	984.885	568.207	267.808	60.7492	50.5711	25.9344	10.0508	1.56374	0	0	0	0	0	0	0	0	0	0	0	0	0
05.500,00.000	36.1	5.5	-200	0	4.5	991.999	573.063	269.469	61.1262	50.5711	26.1318	10.0529	1.58448	0	0	0	0	0	0	0	0	0	0	0	0	0
05.500,00.000	36.2	5.5	-200	0	4.5	999.129	577.956	271.108	61.507	50.5711	26.327	10.0551	1.60423	0	0	0	0	0	0	0	0	0	0	0	0	0
05.500,00.000	36.3	5.5	-200	0	4.5	1006.28	582.856	272.72	61.9315	50.5711	26.5193	10.0573	1.62292	0	0	0	0	0	0	0	0	0	0	0	0	0
05.500,00.000	36.4	5.5	-200	0	4.5	1013.38	587.746	274.305	62.3528	50.5711	26.7086	10.0597	1.64056	0	0	0	0	0	0	0	0	0	0	0	0	0
05.500,00.000	36.5	5.5	-200	0	4.5	1020.4	592.573	275.869	62.7756	50.5711	26.8962	10.0622	1.65728	0	0	0	0	0	0	0	0	0	0	0	0	0
05.500,00.000	36.6	5.5	-200	0	4.5	1027.32	597.333	277.404	63.1966	50.5711	27.0797	10.0648	1.67283	0	0	0	0	0	0	0	0	0	0	0	0	0
05.500,00.000	36.7	5.5	-200	0	4.5	1035.94	603.335	279.248	63.7176	50.5711	27.3067	10.0687	1.69103	0	0	0	0	0	0	0	0	0	0	0	0	0
05.500,00.000	36.8	5.5	-200	0	4.5	1040.28	606.358	280.173	63.983	50.5711	27.4205	10.0707	1.69968	0	0	0	0	0	0	0	0	0	0	0	0	0
05.500,00.000	36.9	5.5	-200	0	4.5	1047.34	611.309	281.662	64.4053	50.5711	27.6041	10.0743	1.71253	0	0	0	0	0	0	0	0	0	0	0	0	0
05.500,00.000	37	5.5	-200	0	4.5	1054.32	616.204	283.112	64.8484	50.5711	27.7849	10.0782	1.72438	0	0	0	0	0	0	0	0	0	0	0	0	0
05.500,00.000	37.1	5.5	-200	0	4.5	1060.89	620.813	284.467	65.2687	50.5711	27.9537	10.0821	1.73456	0	0	0	0	0	0	0	0	0	0	0	0	0
05.500,00.000	37.2	5.5	-200	0	4.5	1067.48	625.484	285.794	65.6844	50.5711	28.1189	10.0863	1.74365	0	0	0	0	0	0	0	0	0	0	0	0	0
05.500,00.000	37.3	5.5	-200	0	4.5	1074.05	630.167	287.104	66.0855	50.5711	28.2824	10.0908	1.75171	0	0	0	0	0	0	0	0	0	0	0	0	0
05.500,00.000	37.4	5.5	-200	0	4.5	1080.58	634.841	288.388	66.4813	50.5711	28.4433	10.0955	1.75871	0	0	0	0	0	0	0	0	0	0	0	0	0
05.500,00.000	37.5	5.5	-200	0	4.5	1087.13	639.573	289.64	66.8812	50.5711	28.6019	10.1005	1.76466	0	0	0	0	0	0	0	0	0	0	0	0	0
05.500,00.000	37.6	5.5	-200	0	4.5	1093.82	644.456	290.891	67.2658	50.5711	28.7568	10.1057	1.76951	0	0	0	0	0	0	0	0	0	0	0	0	0
05.500,00.000	37.7	5.5	-200	0	4.5	1100.52	649.356	292.149	67.6512	50.5711	28.9081	10.1111	1.77328	0	0	0	0	0	0	0	0	0	0	0	0	0
05.500,00.000	37.8	5.5	-200	0	4.5	1107.18	654.274	293.339	68.0444	50.5711	29.0563	10.1167	1.77597	0	0	0	0	0	0	0	0	0	0	0	0	0
05.500,00.000	37.9	5.5	-200	0	4.5	1113.77	659.166	294.493	68.436	50.5711	29.2013	10.1225	1.77759	0	0	0	0	0	0	0	0	0	0	0	0	0
05.500,00.000	38	5.5	-200	0	4.5	1120.26	664.025	295.584	68.8346	50.5711	29.343	10.1285	1.77813	0	0	0	0	0	0	0	0	0	0	0	0	0
05.500,00.000	38.1	5.5	-200	0	4.5	1126.73	668.888	296.638	69.2409	50.5711	29.4815	10.1347	1.77813	0	0	0	0	0	0	0	0	0	0	0	0	0
05.500,00.000	38.2	5.5	-200	0	4.5	1133.04	673.63	297.66	69.6419	50.5711	29.6144	10.1412	1.77813	0	0	0	0	0	0	0	0	0	0	0	0	0
05.500,00.000	38.3	5.5	-200	0	4.5	1139.32	678.427	298.632	70.0237	50.5711	29.7443	10.148	1.77813	0	0	0	0	0	0	0	0	0	0	0	0	0
05.500,00.000	38.4	5.5	-200	0	4.5	1145.57	683.241	299.554	70.4003	50.5711	29.8716	10.155	1.77813	0	0	0	0	0	0	0	0	0	0	0	0	0
05.500,00.000	38.5	5.5	-200	0	4.5	1151.77	688.055	300.433	70.7694	50.5711	29.9969	10.1622	1.77813	0	0	0	0	0	0	0	0	0	0	0	0	0
05.500,00.000	38.6	5.5	-200	0	4.5	1157.82	692.792	301.243	71.1435	50.5711	30.1187	10.1697	1.77813	0	0	0	0	0	0	0	0	0	0	0	0	0
05.500,00.000	38.7	5.5	-200	0	4.5	1164.43	697.977	302.117	71.5662	50.5711	30.242	10.1786	1.77813	0	0	0	0	0	0	0	0	0	0	0	0	0
05.500,00.000	38.8	5.5	-200	0	4.5	1168.84	701.44	302.696	71.8525	50.5711	30.3178	10.1849	1.77813	0	0	0	0	0	0	0	0	0	0	0	0	0
05.500,00.000	38.9	5.5	-200	0	4.5	1174.58	706.015	303.418	72.1854	50.5711	30.4166	10.1934	1.77813	0	0	0	0	0	0	0	0	0	0	0	0	0
05.500,00.000	39	5.5	-200	0	4.5	1180.17	710.495	304.111	72.5046	50.5711	30.5121	10.2022	1.77813	0	0	0	0	0	0	0	0	0	0	0	0	0
05.500,00.000	39.1	5.5	-200	0	4.5	1185.53	714.807	304.747	72.8098	50.5711	30.603	10.2109	1.77813	0	0	0	0	0	0	0	0	0	0	0	0	0
05.500,00.000	39.2	5.5	-200	0	4.5	1190.78	719.113	305.345	73.0609	50.5711	30.693	10.22	1.77813	0	0	0	0	0	0	0	0	0	0	0	0	0
05.500,00.000	39.3	5.5	-200	0	4.5	1195.95	723.389	305.909	73.2975	50.5711	30.7794	10.2293	1.77813	0	0	0	0	0	0	0	0	0	0	0	0	0
05.500,00.000	39.4	5.5	-200	0	4.5	1201.04	727.651	306.423	73.5195	50.5711	30.863	10.2389	1.77813	0	0	0	0	0	0	0	0	0	0	0	0	0
05.500,00.000	39.5	5.5	-200	0	4.5	1206.12	731.943	306.89	73.7326	50.58	30.9445	10.2488	1.77813	0	0	0	0	0	0	0	0	0	0	0	0	0
05.500,00.000	39.6	5.5	-200	0	4.5	1211.29	736.194	307.313	73.9691	50.7503	31.0236	10.2589	1.77813	0	0	0	0	0	0	0	0	0	0	0	0	0
05.500,00.000	39.7	5.5	-200	0	4.5	1216.44	740.498	307.71	74.1658	50.9159	31.1001	10.2693	1.77813	0	0	0	0	0	0	0	0	0	0	0	0	0
05.500,00.000	39.8	5.5	-200	0	4.5	1221.56	744.742	308.148	74.3532	51.0811	31.1735	10.28	1.77813	0	0	0	0	0	0	0	0	0	0	0	0	0
05.500,00.000	39.9	5.5	-200	0	4.5	1226.69	748.986	308.609	74.539	51.2461	31.2448	10.291	1.77813	0	0	0	0	0	0	0	0	0	0	0	0	0
05.500,00.000	40	5.5	-200	0	4.5	1231.74	753.172	309.041	74.7233	51.4109	31.3143	10.3023	1.77813	0	0	0	0	0	0	0	0	0	0	0	0	0
05.500,00.000	40.1	5.5	-200	0	4.5	1236.76	757.14	309.663	74.9043	51.5765	31.3824	10.3141	1.77813	0	0	0	0	0	0	0	0	0	0	0	0	0
05.500,00.000	40.2	5.5	-200	0	4.5	1241.76	760.883	310.506	75.0748	51.741	31.4477	10.3261	1.77813	0	0	0	0	0	0	0	0	0	0	0	0	0
05.500,00.000	40.3	5.5	-200	0	4.5	1246.74	764.464	311.5	75.2429	51.9042	31.5111	10.3384	1.77813	0	0	0	0	0	0	0	0	0	0	0	0	0
05.500,00.000	40.4	5.5	-200	0	4.5	1251.59	767.733	312.685	75.4074	52.0662	31.5718	10.351	1.77813	0	0	0	0	0	0	0	0	0	0	0	0	0
05.500,00.000	40.5	5.5	-200	0	4.5	1256.07	770.939	313.567	75.567	52.2278	31.6303	10.364	1.77813	0	0	0	0	0	0	0	0	0	0	0	0	0
05.500,00.000	40.6	5.5	-200	0	4.5	1260.4	774.093	314.357	75.7194	52.3868	31.6861	10.3772	1.77813	0	0	0	0	0	0	0	0	0	0	0	0	0
05.500,00.000	40.7	5.5	-200	0	4.5	1264.53	777.095	315.119	75.8641	52.5442	31.7392	10.3906	1.77813	0	0	0	0	0	0	0	0	0	0	0	0	0
05.500,00.000	40.8	5.5	-200	0	4.5	1268.58	780.069	315.833	76.0007	52.7005	31.7898	10.4044	1.77813	0	0	0	0	0	0	0	0	0	0	0	0	0
05.500,00.000	40.9	5.5	-200	0	4.5	1272.3	783.003	316.275	76.1285	52.8559	31.8377	10.4184	1.77813	0	0	0	0	0	0	0	0	0	0	0	0	0
05.500,00.000	41	5.5	-200	0	4.5	1275.79	785.734	316.703	76.2537	53.0104	31.883	10.4327	1.77813	0	0	0	0	0	0	0	0	0	0	0	0	0
05.500,00.000	41.1	5.5	-200	0	4.5	1279.28	788.478	317.114	76.3736	53.1638	31.926	10.4473	1.77813	0	0	0	0	0	0	0	0	0	0	0	0	0
05.500,00.000	41.2	5.5	-200	0	4.5	1282.71	791.191	317.511	76.4887	53.3166	31.9666	10.4621	1.77813	0	0	0	0	0	0	0	0	0	0	0	0	0
05.500,00.000	41.3	5.5	-200	0	4.5	1286.06	793.841	317.891	76.5979	53.4685	32.005	10.4773	1.77813	0	0	0	0	0	0	0	0	0	0	0	0	0
05.500,00.000	41.4	5.5	-200	0	4.5	1289.34	796.449	318.254	76.7019	53.6195	32.0414	10.4927	1.77813	0	0	0	0	0	0	0	0	0	0	0	0	0
05.500,00.000	41.5	5.5	-200	0	4.5	1292.56	799.022	318.604	76.801	53.7701	32.076	10.5085	1.77813	0	0	0	0	0	0	0	0	0	0	0	0	0
05.500,00.000	41.6	5.5	-200	0	4.5	1296.16	801.906	318.988	76.9075	53.9416	32.1137	10.527	1.77813	0	0	0	0	0	0	0	0	0	0	0	0	0
05.500,00.000	41.7	5.5	-200	0	4.5	1300.66	805.512	319.461	77.036	54.1588	32.1588	10.551	1.77813	0	0	0	0	0	0	0	0	0	0	0	0	0
05.500,00.000	41.8	5.5	-200	0	4.5	1301.5	806.185	319.552	77.0599	54.2015	32.1674	10.5558	1.77813	0	0	0	0	0	0	0	0	0	0	0	0	0
05.500,00.000	41.9	5.5	-200	0	4.5	1304.71	808.752	319.892	77.1468	54.3663	32.1973	10.5749	1.77813	0	0	0	0	0	0	0	0	0	0	0	0	0
05.500,00.000	42	5.5	-200	0	4.5	1307.95	811.325	320.232	77.2593	54.5342	32.226	10.5944	1.77813	0	0	0	0	0	0	0	0	0	0	0	0	0