
label	time(d)	x	depth	z	radius	total	0-10	10-20	20-30	30-40	40-50	50-60	60-70	70-80	80-90	90-100	100-110	110-120	120-130	130-140	140-150	150-160	160-170	170-180	180-190	190-200
00.000,00.000	0	0	-200	0	4.5	0	0	0	0	0	0	0	0	0	0	0	0	0	0	0	0	0	0	0	0	0
00.000,00.000	0.1	0	-200	0	4.5	0.372517	0.372517	0	0	0	0	0	0	0	0	0	0	0	0	0	0	0	0	0	0	0
00.000,00.000	0.2	0	-200	0	4.5	0.749708	0.749708	0	0	0	0	0	0	0	0	0	0	0	0	0	0	0	0	0	0	0
00.000,00.000	0.3	0	-200	0	4.5	1.13179	1.13179	0	0	0	0	0	0	0	0	0	0	0	0	0	0	0	0	0	0	0
00.000,00.000	0.4	0	-200	0	4.5	1.51819	1.51819	0	0	0	0	0	0	0	0	0	0	0	0	0	0	0	0	0	0	0
00.000,00.000	0.5	0	-200	0	4.5	1.90744	1.90744	0	0	0	0	0	0	0	0	0	0	0	0	0	0	0	0	0	0	0
00.000,00.000	0.6	0	-200	0	4.5	2.29789	2.29789	0	0	0	0	0	0	0	0	0	0	0	0	0	0	0	0	0	0	0
00.000,00.000	0.7	0	-200	0	4.5	2.68996	2.68996	0	0	0	0	0	0	0	0	0	0	0	0	0	0	0	0	0	0	0
00.000,00.000	0.8	0	-200	0	4.5	3.08467	3.08467	0	0	0	0	0	0	0	0	0	0	0	0	0	0	0	0	0	0	0
00.000,00.000	0.9	0	-200	0	4.5	3.48286	3.48286	0	0	0	0	0	0	0	0	0	0	0	0	0	0	0	0	0	0	0
00.000,00.000	1	0	-200	0	4.5	3.88502	3.88502	0	0	0	0	0	0	0	0	0	0	0	0	0	0	0	0	0	0	0
00.000,00.000	1.1	0	-200	0	4.5	4.29429	4.29429	0	0	0	0	0	0	0	0	0	0	0	0	0	0	0	0	0	0	0
00.000,00.000	1.2	0	-200	0	4.5	4.71018	4.71018	0	0	0	0	0	0	0	0	0	0	0	0	0	0	0	0	0	0	0
00.000,00.000	1.3	0	-200	0	4.5	5.13243	5.13243	0	0	0	0	0	0	0	0	0	0	0	0	0	0	0	0	0	0	0
00.000,00.000	1.4	0	-200	0	4.5	5.56055	5.56055	0	0	0	0	0	0	0	0	0	0	0	0	0	0	0	0	0	0	0
00.000,00.000	1.5	0	-200	0	4.5	5.99387	5.99387	0	0	0	0	0	0	0	0	0	0	0	0	0	0	0	0	0	0	0
00.000,00.000	1.6	0	-200	0	4.5	6.4317	6.4317	0	0	0	0	0	0	0	0	0	0	0	0	0	0	0	0	0	0	0
00.000,00.000	1.7	0	-200	0	4.5	6.88006	6.88006	0	0	0	0	0	0	0	0	0	0	0	0	0	0	0	0	0	0	0
00.000,00.000	1.8	0	-200	0	4.5	7.33815	7.29952	0.0386246	0	0	0	0	0	0	0	0	0	0	0	0	0	0	0	0	0	0
00.000,00.000	1.9	0	-200	0	4.5	7.80541	7.50247	0.302934	0	0	0	0	0	0	0	0	0	0	0	0	0	0	0	0	0	0
00.000,00.000	2	0	-200	0	4.5	8.28342	7.71597	0.567455	0	0	0	0	0	0	0	0	0	0	0	0	0	0	0	0	0	0
00.000,00.000	2.1	0	-200	0	4.5	8.80258	7.97017	0.832408	0	0	0	0	0	0	0	0	0	0	0	0	0	0	0	0	0	0
00.000,00.000	2.2	0	-200	0	4.5	9.40799	8.30561	1.10238	0	0	0	0	0	0	0	0	0	0	0	0	0	0	0	0	0	0
00.000,00.000	2.3	0	-200	0	4.5	10.0938	8.71712	1.37663	0	0	0	0	0	0	0	0	0	0	0	0	0	0	0	0	0	0
00.000,00.000	2.4	0	-200	0	4.5	10.8546	9.20242	1.65213	0	0	0	0	0	0	0	0	0	0	0	0	0	0	0	0	0	0
00.000,00.000	2.5	0	-200	0	4.5	11.6879	9.76082	1.92704	0	0	0	0	0	0	0	0	0	0	0	0	0	0	0	0	0	0
00.000,00.000	2.6	0	-200	0	4.5	12.5929	10.3921	2.2008	0	0	0	0	0	0	0	0	0	0	0	0	0	0	0	0	0	0
00.000,00.000	2.7	0	-200	0	4.5	13.5706	11.0969	2.47372	0	0	0	0	0	0	0	0	0	0	0	0	0	0	0	0	0	0
00.000,00.000	2.8	0	-200	0	4.5	14.6233	11.8771	2.74615	0	0	0	0	0	0	0	0	0	0	0	0	0	0	0	0	0	0
00.000,00.000	2.9	0	-200	0	4.5	15.7547	12.7355	3.01912	0	0	0	0	0	0	0	0	0	0	0	0	0	0	0	0	0	0
00.000,00.000	3	0	-200	0	4.5	16.9652	13.672	3.2932	0	0	0	0	0	0	0	0	0	0	0	0	0	0	0	0	0	0
00.000,00.000	3.1	0	-200	0	4.5	18.2135	14.6456	3.56797	0	0	0	0	0	0	0	0	0	0	0	0	0	0	0	0	0	0
00.000,00.000	3.2	0	-200	0	4.5	19.4545	15.612	3.84256	0	0	0	0	0	0	0	0	0	0	0	0	0	0	0	0	0	0
00.000,00.000	3.3	0	-200	0	4.5	20.6902	16.5732	4.11708	0	0	0	0	0	0	0	0	0	0	0	0	0	0	0	0	0	0
00.000,00.000	3.4	0	-200	0	4.5	21.9167	17.526	4.39069	0	0	0	0	0	0	0	0	0	0	0	0	0	0	0	0	0	0
00.000,00.000	3.5	0	-200	0	4.5	23.1311	18.4683	4.66283	0	0	0	0	0	0	0	0	0	0	0	0	0	0	0	0	0	0
00.000,00.000	3.6	0	-200	0	4.5	24.3329	19.3998	4.9331	0	0	0	0	0	0	0	0	0	0	0	0	0	0	0	0	0	0
00.000,00.000	3.7	0	-200	0	4.5	25.5234	20.322	5.2014	0	0	0	0	0	0	0	0	0	0	0	0	0	0	0	0	0	0
00.000,00.000	3.8	0	-200	0	4.5	26.706	21.2373	5.46879	0	0	0	0	0	0	0	0	0	0	0	0	0	0	0	0	0	0
00.000,00.000	3.9	0	-200	0	4.5	27.8845	22.1483	5.73617	0	0	0	0	0	0	0	0	0	0	0	0	0	0	0	0	0	0
00.000,00.000	4	0	-200	0	4.5	28.9382	22.9346	6.00363	0	0	0	0	0	0	0	0	0	0	0	0	0	0	0	0	0	0
00.000,00.000	4.1	0	-200	0	4.5	29.7307	23.4597	6.27105	0	0	0	0	0	0	0	0	0	0	0	0	0	0	0	0	0	0
00.000,00.000	4.2	0	-200	0	4.5	30.3058	23.7683	6.53752	0	0	0	0	0	0	0	0	0	0	0	0	0	0	0	0	0	0
00.000,00.000	4.3	0	-200	0	4.5	30.8707	24.0676	6.80316	0	0	0	0	0	0	0	0	0	0	0	0	0	0	0	0	0	0
00.000,00.000	4.4	0	-200	0	4.5	31.4262	24.359	7.06725	0	0	0	0	0	0	0	0	0	0	0	0	0	0	0	0	0	0
00.000,00.000	4.5	0	-200	0	4.5	31.9711	24.6422	7.32889	0	0	0	0	0	0	0	0	0	0	0	0	0	0	0	0	0	0
00.000,00.000	4.6	0	-200	0	4.5	32.4448	24.857	7.58783	0	0	0	0	0	0	0	0	0	0	0	0	0	0	0	0	0	0
00.000,00.000	4.7	0	-200	0	4.5	32.7309	24.887	7.84395	0	0	0	0	0	0	0	0	0	0	0	0	0	0	0	0	0	0
00.000,00.000	4.8	0	-200	0	4.5	33.0113	24.9136	8.09774	0	0	0	0	0	0	0	0	0	0	0	0	0	0	0	0	0	0
00.000,00.000	4.9	0	-200	0	4.5	33.2839	24.9343	8.34953	0	0	0	0	0	0	0	0	0	0	0	0	0	0	0	0	0	0
00.000,00.000	5	0	-200	0	4.5	33.5491	24.9496	8.59955	0	0	0	0	0	0	0	0	0	0	0	0	0	0	0	0	0	0
00.000,00.000	5.1	0	-200	0	4.5	33.8123	24.9636	8.84874	0	0	0	0	0	0	0	0	0	0	0	0	0	0	0	0	0	0
00.000,00.000	5.2	0	-200	0	4.5	34.0768	24.9799	9.09683	0	0	0	0	0	0	0	0	0	0	0	0	0	0	0	0	0	0
00.000,00.000	5.3	0	-200	0	4.5	34.3426	24.9989	9.34368	0	0	0	0	0	0	0	0	0	0	0	0	0	0	0	0	0	0
00.000,00.000	5.4	0	-200	0	4.5	34.6093	25.0199	9.58945	0	0	0	0	0	0	0	0	0	0	0	0	0	0	0	0	0	0
00.000,00.000	5.5	0	-200	0	4.5	34.8767	25.0429	9.83386	0	0	0	0	0	0	0	0	0	0	0	0	0	0	0	0	0	0
00.000,00.000	5.6	0	-200	0	4.5	35.1443	25.068	10.0763	0	0	0	0	0	0	0	0	0	0	0	0	0	0	0	0	0	0
00.000,00.000	5.7	0	-200	0	4.5	35.4127	25.0961	10.1729	0.143748	0	0	0	0	0	0	0	0	0	0	0	0	0	0	0	0	0
00.000,00.000	5.8	0	-200	0	4.5	35.6811	25.126	10.1733	0.3818	0	0	0	0	0	0	0	0	0	0	0	0	0	0	0	0	0
00.000,00.000	5.9	0	-200	0	4.5	35.9506	25.1591	10.1732	0.618209	0	0	0	0	0	0	0	0	0	0	0	0	0	0	0	0	0
00.000,00.000	6	0	-200	0	4.5	36.2207	25.1947	10.1732	0.852802	0	0	0	0	0	0	0	0	0	0	0	0	0	0	0	0	0
00.000,00.000	6.1	0	-200	0	4.5	36.4924	25.2329	10.1733	1.08617	0	0	0	0	0	0	0	0	0	0	0	0	0	0	0	0	0
00.000,00.000	6.2	0	-200	0	4.5	36.7676	25.2743	10.1745	1.31883	0	0	0	0	0	0	0	0	0	0	0	0	0	0	0	0	0
00.000,00.000	6.3	0	-200	0	4.5	37.0465	25.3194	10.176	1.55107	0	0	0	0	0	0	0	0	0	0	0	0	0	0	0	0	0
00.000,00.000	6.4	0	-200	0	4.5	37.3295	25.368	10.1785	1.78309	0	0	0	0	0	0	0	0	0	0	0	0	0	0	0	0	0
00.000,00.000	6.5	0	-200	0	4.5	37.6199	25.4224	10.1829	2.01469	0	0	0	0	0	0	0	0	0	0	0	0	0	0	0	0	0
00.000,00.000	6.6	0	-200	0	4.5	37.9164	25.4831	10.1881	2.24513	0	0	0	0	0	0	0	0	0	0	0	0	0	0	0	0	0
00.000,00.000	6.7	0	-200	0	4.5	38.2252	25.5562	10.1947	2.47429	0	0	0	0	0	0	0	0	0	0	0	0	0	0	0	0	0
00.000,00.000	6.8	0	-200	0	4.5	38.5463	25.6394	10.2042	2.70263	0	0	0	0	0	0	0	0	0	0	0	0	0	0	0	0	0
00.000,00.000	6.9	0	-200	0	4.5	38.8819	25.7359	10.2155	2.93057	0	0	0	0	0	0	0	0	0	0	0	0	0	0	0	0	0
00.000,00.000	7	0	-200	0	4.5	39.2349	25.8477	10.229	3.15823	0	0	0	0	0	0	0	0	0	0	0	0	0	0	0	0	0
00.000,00.000	7.1	0	-200	0	4.5	39.6055	25.9745	10.2451	3.38587	0	0	0	0	0	0	0	0	0	0	0	0	0	0	0	0	0
00.000,00.000	7.2	0	-200	0	4.5	39.9955	26.1182	10.2647	3.6125	0	0	0	0	0	0	0	0	0	0	0	0	0	0	0	0	0
00.000,00.000	7.3	0	-200	0	4.5	40.4029	26.2791	10.2865	3.83739	0	0	0	0	0	0	0	0	0	0	0	0	0	0	0	0	0
00.000,00.000	7.4	0	-200	0	4.5	40.8321	26.4611	10.3107	4.06026	0	0	0	0	0	0	0	0	0	0	0	0	0	0	0	0	0
00.000,00.000	7.5	0	-200	0	4.5	41.2809	26.662	10.3378	4.28106	0	0	0	0	0	0	0	0	0	0	0	0	0	0	0	0	0
00.000,00.000	7.6	0	-200	0	4.5	41.7516	26.8847	10.3673	4.49959	0	0	0	0	0	0	0	0	0	0	0	0	0	0	0	0	0
00.000,00.000	7.7	0	-200	0	4.5	42.2471	27.132	10.3993	4.71581	0	0	0	0	0	0	0	0	0	0	0	0	0	0	0	0	0
00.000,00.000	7.8	0	-200	0	4.5	42.7673	27.4031	10.4342	4.92993	0	0	0	0	0	0	0	0	0	0	0	0	0	0	0	0	0
00.000,00.000	7.9	0	-200	0	4.5	43.3116	27.6981	10.4716	5.14189	0	0	0	0	0	0	0	0	0	0	0	0	0	0	0	0	0
00.000,00.000	8	0	-200	0	4.5	43.8831	28.0197	10.5116	5.35177	0	0	0	0	0	0	0	0	0	0	0	0	0	0	0	0	0
00.000,00.000	8.1	0	-200	0	4.5	44.4823	28.3679	10.5543	5.56004	0	0	0	0	0	0	0	0	0	0	0	0	0	0	0	0	0
00.000,00.000	8.2	0	-200	0	4.5	45.1098	28.7428	10.6002	5.76682	0	0	0	0	0	0	0	0	0	0	0	0	0	0	0	0	0
00.000,00.000	8.3	0	-200	0	4.5	45.766	29.1452	10.6485	5.97226	0	0	0	0	0	0	0	0	0	0	0	0	0	0	0	0	0
00.000,00.000	8.4	0	-200	0	4.5	46.448	29.5722	10.6995	6.17632	0	0	0	0	0	0	0	0	0	0	0	0	0	0	0	0	0
00.000,00.000	8.5	0	-200	0	4.5	47.1569	30.0251	10.7531	6.37878	0	0	0	0	0	0	0	0	0	0	0	0	0	0	0	0	0
00.000,00.000	8.6	0	-200	0	4.5	47.8916	30.5012	10.8108	6.57959	0	0	0	0	0	0	0	0	0	0	0	0	0	0	0	0	0
00.000,00.000	8.7	0	-200	0	4.5	48.6523	31.0027	10.871	6.77866	0	0	0	0	0	0	0	0	0	0	0	0	0	0	0	0	0
00.000,00.000	8.8	0	-200	0	4.5	49.4388	31.5285	10.9341	6.97616	0	0	0	0	0	0	0	0	0	0	0	0	0	0	0	0	0
00.000,00.000	8.9	0	-200	0	4.5	50.255	32.0815	11.0014	7.17205	0	0	0	0	0	0	0	0	0	0	0	0	0	0	0	0	0
00.000,00.000	9	0	-200	0	4.5	51.1002	32.6616	11.0722	7.3664	0	0	0	0	0	0	0	0	0	0	0	0	0	0	0	0	0
00.000,00.000	9.1	0	-200	0	4.5	51.9829	33.2767	11.1469	7.55928	0	0	0	0	0	0	0	0	0	0	0	0	0	0	0	0	0
00.000,00.000	9.2	0	-200	0	4.5	52.9272	33.9491	11.2269	7.75124	0	0	0	0	0	0	0	0	0	0	0	0	0	0	0	0	0
00.000,00.000	9.3	0	-200	0	4.5	53.925	34.669	11.3125	7.94353	0	0	0	0	0	0	0	0	0	0	0	0	0	0	0	0	0
00.000,00.000	9.4	0	-200	0	4.5	54.9784	35.4362	11.4053	8.1369	0	0	0	0	0	0	0	0	0	0	0	0	0	0	0	0	0
00.000,00.000	9.5	0	-200	0	4.5	56.0814	36.247	11.5031	8.33129	0	0	0	0	0	0	0	0	0	0	0	0	0	0	0	0	0
00.000,00.000	9.6	0	-200	0	4.5	57.2347	37.1019	11.6062	8.52661	0	0	0	0	0	0	0	0	0	0	0	0	0	0	0	0	0
00.000,00.000	9.7	0	-200	0	4.5	58.4415	38.0031	11.7158	8.72263	0	0	0	0	0	0	0	0	0	0	0	0	0	0	0	0	0
00.000,00.000	9.8	0	-200	0	4.5	59.7071	38.9556	11.832	8.91954	0	0	0	0	0	0	0	0	0	0	0	0	0	0	0	0	0
00.000,00.000	9.9	0	-200	0	4.5	61.0393	39.9653	11.9559	9.11814	0	0	0	0	0	0	0	0	0	0	0	0	0	0	0	0	0
00.000,00.000	10	0	-200	0	4.5	62.4428	41.0353	12.0879	9.31957	0	0	0	0	0	0	0	0	0	0	0	0	0	0	0	0	0
00.000,00.000	10.1	0	-200	0	4.5	63.9235	42.1702	12.2288	9.52446	0	0	0	0	0	0	0	0	0	0	0	0	0	0	0	0	0
00.000,00.000	10.2	0	-200	0	4.5	65.437	43.3351	12.3732	9.72871	0	0	0	0	0	0	0	0	0	0	0	0	0	0	0	0	0
00.000,00.000	10.3	0	-200	0	4.5	67.0077	44.5526	12.5234	9.93176	0	0	0	0	0	0	0	0	0	0	0	0	0	0	0	0	0
00.000,00.000	10.4	0	-200	0	4.5	68.6295	45.8176	12.6787	10.0475	0.085766	0	0	0	0	0	0	0	0	0	0	0	0	0	0	0	0
00.000,00.000	10.5	0	-200	0	4.5	70.2957	47.1247	12.8384	10.0477	0.284858	0	0	0	0	0	0	0	0	0	0	0	0	0	0	0	0
00.000,00.000	10.6	0	-200	0	4.5	72.0065	48.4738	13.0036	10.0479	0.481314	0	0	0	0	0	0	0	0	0	0	0	0	0	0	0	0
00.000,00.000	10.7	0	-200	0	4.5	73.7651	49.8687	13.1731	10.0479	0.675415	0	0	0	0	0	0	0	0	0	0	0	0	0	0	0	0
00.000,00.000	10.8	0	-200	0	4.5	75.5786	51.3156	13.348	10.0479	0.867144	0	0	0	0	0	0	0	0	0	0	0	0	0	0	0	0
00.000,00.000	10.9	0	-200	0	4.5	77.4546	52.8206	13.5291	10.0479	1.05692	0	0	0	0	0	0	0	0	0	0	0	0	0	0	0	0
00.000,00.000	11	0	-200	0	4.5	79.4196	54.4088	13.7167	10.0491	1.24507	0	0	0	0	0	0	0	0	0	0	0	0	0	0	0	0
00.000,00.000	11.1	0	-200	0	4.5	81.454	56.0611	13.9105	10.0506	1.4318	0	0	0	0	0	0	0	0	0	0	0	0	0	0	0	0
00.000,00.000	11.2	0	-200	0	4.5	83.5447	57.7648	14.11	10.0527	1.61716	0	0	0	0	0	0	0	0	0	0	0	0	0	0	0	0
00.000,00.000	11.3	0	-200	0	4.5	85.6955	59.5233	14.3153	10.0554	1.80143	0	0	0	0	0	0	0	0	0	0	0	0	0	0	0	0
00.000,00.000	11.4	0	-200	0	4.5	87.9028	61.3336	14.5258	10.0589	1.98446	0	0	0	0	0	0	0	0	0	0	0	0	0	0	0	0
00.000,00.000	11.5	0	-200	0	4.5	90.1544	63.1842	14.7404	10.0641	2.16567	0	0	0	0	0	0	0	0	0	0	0	0	0	0	0	0
00.000,00.000	11.6	0	-200	0	4.5	92.4418	65.0677	14.9592	10.0701	2.3449	0	0	0	0	0	0	0	0	0	0	0	0	0	0	0	0
00.000,00.000	11.7	0	-200	0	4.5	94.7703	66.9886	15.1821	10.0775	2.52206	0	0	0	0	0	0	0	0	0	0	0	0	0	0	0	0
00.000,00.000	11.8	0	-200	0	4.5	97.1523	68.9573	15.4099	10.0877	2.69742	0	0	0	0	0	0	0	0	0	0	0	0	0	0	0	0
00.000,00.000	11.9	0	-200	0	4.5	99.5904	70.9769	15.6432	10.0991	2.87117	0	0	0	0	0	0	0	0	0	0	0	0	0	0	0	0
00.000,00.000	12	0	-200	0	4.5	102.074	73.0356	15.8827	10.1122	3.0432	0	0	0	0	0	0	0	0	0	0	0	0	0	0	0	0
00.000,00.000	12.1	0	-200	0	4.5	104.604	75.1343	16.1283	10.1273	3.21414	0	0	0	0	0	0	0	0	0	0	0	0	0	0	0	0
00.000,00.000	12.2	0	-200	0	4.5	107.177	77.2395	16.4082	10.1453	3.38388	0	0	0	0	0	0	0	0	0	0	0	0	0	0	0	0
00.000,00.000	12.3	0	-200	0	4.5	109.784	79.371	16.6959	10.1652	3.55219	0	0	0	0	0	0	0	0	0	0	0	0	0	0	0	0
00.000,00.000	12.4	0	-200	0	4.5	112.421	81.5236	16.991	10.1872	3.71956	0	0	0	0	0	0	0	0	0	0	0	0	0	0	0	0
00.000,00.000	12.5	0	-200	0	4.5	115.081	83.693	17.2913	10.2112	3.88592	0	0	0	0	0	0	0	0	0	0	0	0	0	0	0	0
00.000,00.000	12.6	0	-200	0	4.5	118.405	86.4041	17.6695	10.2446	4.08668	0	0	0	0	0	0	0	0	0	0	0	0	0	0	0	0
00.000,00.000	12.7	0	-200	0	4.5	121.604	88.7425	18.3029	10.2786	4.28011	0	0	0	0	0	0	0	0	0	0	0	0	0	0	0	0
00.000,00.000	12.8	0	-200	0	4.5	123.936	90.3837	18.8292	10.3049	4.41869	0	0	0	0	0	0	0	0	0	0	0	0	0	0	0	0
00.000,00.000	12.9	0	-200	0	4.5	126.927	92.2618	19.732	10.3409	4.59274	0	0	0	0	0	0	0	0	0	0	0	0	0	0	0	0
00.000,00.000	13	0	-200	0	4.5	129.842	94.0179	20.6869	10.3786	4.75872	0	0	0	0	0	0	0	0	0	0	0	0	0	0	0	0
00.000,00.000	13.1	0	-200	0	4.5	132.691	95.7442	21.6115	10.4172	4.91785	0	0	0	0	0	0	0	0	0	0	0	0	0	0	0	0
00.000,00.000	13.2	0	-200	0	4.5	135.575	97.5022	22.5399	10.4582	5.07482	0	0	0	0	0	0	0	0	0	0	0	0	0	0	0	0
00.000,00.000	13.3	0	-200	0	4.5	138.529	99.3093	23.4845	10.503	5.23218	0	0	0	0	0	0	0	0	0	0	0	0	0	0	0	0
00.000,00.000	13.4	0	-200	0	4.5	141.532	101.152	24.4387	10.5508	5.38995	0	0	0	0	0	0	0	0	0	0	0	0	0	0	0	0
00.000,00.000	13.5	0	-200	0	4.5	144.561	103.017	25.3944	10.6016	5.54764	0	0	0	0	0	0	0	0	0	0	0	0	0	0	0	0
00.000,00.000	13.6	0	-200	0	4.5	148.124	105.215	26.5117	10.6655	5.73163	0	0	0	0	0	0	0	0	0	0	0	0	0	0	0	0
00.000,00.000	13.7	0	-200	0	4.5	151.534	107.417	27.467	10.7334	5.91729	0	0	0	0	0	0	0	0	0	0	0	0	0	0	0	0
00.000,00.000	13.8	0	-200	0	4.5	153.827	108.982	28.0128	10.7842	6.04876	0	0	0	0	0	0	0	0	0	0	0	0	0	0	0	0
00.000,00.000	13.9	0	-200	0	4.5	156.785	110.983	28.7337	10.8528	6.2158	0	0	0	0	0	0	0	0	0	0	0	0	0	0	0	0
00.000,00.000	14	0	-200	0	4.5	159.613	112.888	29.4261	10.9227	6.37677	0	0	0	0	0	0	0	0	0	0	0	0	0	0	0	0
00.000,00.000	14.1	0	-200	0	4.5	162.384	114.751	30.1042	10.9954	6.53366	0	0	0	0	0	0	0	0	0	0	0	0	0	0	0	0
00.000,00.000	14.2	0	-200	0	4.5	165.163	116.612	30.7861	11.0723	6.69293	0	0	0	0	0	0	0	0	0	0	0	0	0	0	0	0
00.000,00.000	14.3	0	-200	0	4.5	167.901	118.441	31.458	11.1517	6.85021	0	0	0	0	0	0	0	0	0	0	0	0	0	0	0	0
00.000,00.000	14.4	0	-200	0	4.5	170.599	120.233	32.1229	11.2364	7.00635	0	0	0	0	0	0	0	0	0	0	0	0	0	0	0	0
00.000,00.000	14.5	0	-200	0	4.5	176.022	123.831	33.4549	11.4158	7.32053	0	0	0	0	0	0	0	0	0	0	0	0	0	0	0	0
00.000,00.000	14.6	0	-200	0	4.5	179.423	126.08	34.2909	11.5343	7.51779	0	0	0	0	0	0	0	0	0	0	0	0	0	0	0	0
00.000,00.000	14.7	0	-200	0	4.5	182.603	128.177	35.0705	11.6536	7.70221	0	0	0	0	0	0	0	0	0	0	0	0	0	0	0	0
00.000,00.000	14.8	0	-200	0	4.5	183.579	128.816	35.3115	11.6919	7.75922	0	0	0	0	0	0	0	0	0	0	0	0	0	0	0	0
00.000,00.000	14.9	0	-200	0	4.5	184.702	129.55	35.5883	11.739	7.82463	0	0	0	0	0	0	0	0	0	0	0	0	0	0	0	0
00.000,00.000	15	0	-200	0	4.5	188.545	132.05	36.5377	11.9091	8.04795	0	0	0	0	0	0	0	0	0	0	0	0	0	0	0	0
00.000,00.000	15.1	0	-200	0	4.5	191.535	133.989	37.2766	12.0478	8.22157	0	0	0	0	0	0	0	0	0	0	0	0	0	0	0	0
00.000,00.000	15.2	0	-200	0	4.5	194.024	135.602	37.8826	12.1714	8.36788	0	0	0	0	0	0	0	0	0	0	0	0	0	0	0	0
00.000,00.000	15.3	0	-200	0	4.5	196.49	137.189	38.4861	12.3016	8.51331	0	0	0	0	0	0	0	0	0	0	0	0	0	0	0	0
00.000,00.000	15.4	0	-200	0	4.5	198.927	138.746	39.0863	12.4368	8.65807	0	0	0	0	0	0	0	0	0	0	0	0	0	0	0	0
00.000,00.000	15.5	0	-200	0	4.5	205.364	142.799	40.7008	12.8173	9.04758	0	0	0	0	0	0	0	0	0	0	0	0	0	0	0	0
00.000,00.000	15.6	0	-200	0	4.5	208.045	144.474	41.3768	12.9835	9.21147	0	0	0	0	0	0	0	0	0	0	0	0	0	0	0	0
00.000,00.000	15.7	0	-200	0	4.5	210.936	146.265	42.107	13.1739	9.39023	0	0	0	0	0	0	0	0	0	0	0	0	0	0	0	0
00.000,00.000	15.8	0	-200	0	4.5	211.593	146.658	42.2817	13.2203	9.43306	0	0	0	0	0	0	0	0	0	0	0	0	0	0	0	0
00.000,00.000	15.9	0	-200	0	4.5	212.098	146.959	42.4146	13.2583	9.46603	0	0	0	0	0	0	0	0	0	0	0	0	0	0	0	0
00.000,00.000	16	0	-200	0	4.5	215.852	149.186	43.3227	13.64	9.7034	0	0	0	0	0	0	0	0	0	0	0	0	0	0	0	0
00.000,00.000	16.1	0	-200	0	4.5	218.647	150.753	43.8565	14.1638	9.87324	0	0	0	0	0	0	0	0	0	0	0	0	0	0	0	0
00.000,00.000	16.2	0	-200	0	4.5	220.872	152	44.2768	14.5871	10.0084	0	0	0	0	0	0	0	0	0	0	0	0	0	0	0	0
00.000,00.000	16.3	0	-200	0	4.5	223.065	153.222	44.6884	15.0124	10.0154	0.126596	0	0	0	0	0	0	0	0	0	0	0	0	0	0	0
00.000,00.000	16.4	0	-200	0	4.5	225.239	154.426	45.0945	15.4432	10.0154	0.259818	0	0	0	0	0	0	0	0	0	0	0	0	0	0	0
00.000,00.000	16.5	0	-200	0	4.5	236.147	160.428	47.1518	17.6694	10.0154	0.882961	0	0	0	0	0	0	0	0	0	0	0	0	0	0	0
00.000,00.000	16.6	0	-200	0	4.5	238.263	161.543	47.5674	18.118	10.0154	1.01868	0	0	0	0	0	0	0	0	0	0	0	0	0	0	0
00.000,00.000	16.7	0	-200	0	4.5	250.523	168.082	49.9919	20.7038	10.0221	1.72295	0	0	0	0	0	0	0	0	0	0	0	0	0	0	0
00.000,00.000	16.8	0	-200	0	4.5	253.334	169.543	50.5587	21.3086	10.0237	1.90014	0	0	0	0	0	0	0	0	0	0	0	0	0	0	0
00.000,00.000	16.9	0	-200	0	4.5	260.985	173.487	52.1448	22.9556	10.0336	2.36349	0	0	0	0	0	0	0	0	0	0	0	0	0	0	0
00.000,00.000	17	0	-200	0	4.5	265.533	175.811	53.1011	23.9391	10.0414	2.63988	0	0	0	0	0	0	0	0	0	0	0	0	0	0	0
00.000,00.000	17.1	0	-200	0	4.5	267.709	176.934	53.5573	24.4014	10.0489	2.76725	0	0	0	0	0	0	0	0	0	0	0	0	0	0	0
00.000,00.000	17.2	0	-200	0	4.5	269.759	177.987	53.9901	24.8389	10.0572	2.88592	0	0	0	0	0	0	0	0	0	0	0	0	0	0	0
00.000,00.000	17.3	0	-200	0	4.5	271.7	179.048	54.4325	25.1483	10.0674	3.00409	0	0	0	0	0	0	0	0	0	0	0	0	0	0	0
00.000,00.000	17.4	0	-200	0	4.5	273.604	180.091	54.9001	25.4114	10.0796	3.1215	0	0	0	0	0	0	0	0	0	0	0	0	0	0	0
00.000,00.000	17.5	0	-200	0	4.5	286.842	187.334	58.3073	27.1601	10.1806	3.85941	0	0	0	0	0	0	0	0	0	0	0	0	0	0	0
00.000,00.000	17.6	0	-200	0	4.5	289.524	188.782	59.0048	27.515	10.2025	4.02013	0	0	0	0	0	0	0	0	0	0	0	0	0	0	0
00.000,00.000	17.7	0	-200	0	4.5	313.508	201.95	65.1173	30.7113	10.4437	5.28527	0	0	0	0	0	0	0	0	0	0	0	0	0	0	0
00.000,00.000	17.8	0	-200	0	4.5	319.13	204.945	66.6014	31.4742	10.5036	5.605	0	0	0	0	0	0	0	0	0	0	0	0	0	0	0
00.000,00.000	17.9	0	-200	0	4.5	332.961	212.454	70.249	33.2675	10.6789	6.31118	0	0	0	0	0	0	0	0	0	0	0	0	0	0	0
00.000,00.000	18	0	-200	0	4.5	339.056	215.706	71.9234	34.0497	10.7563	6.62075	0	0	0	0	0	0	0	0	0	0	0	0	0	0	0
00.000,00.000	18.1	0	-200	0	4.5	341.297	216.923	72.525	34.3335	10.7874	6.72812	0	0	0	0	0	0	0	0	0	0	0	0	0	0	0
00.000,00.000	18.2	0	-200	0	4.5	343.683	218.229	73.1595	34.6335	10.8223	6.8389	0	0	0	0	0	0	0	0	0	0	0	0	0	0	0
00.000,00.000	18.3	0	-200	0	4.5	346.149	219.591	73.8061	34.9424	10.8601	6.94965	0	0	0	0	0	0	0	0	0	0	0	0	0	0	0
00.000,00.000	18.4	0	-200	0	4.5	348.71	221.017	74.4688	35.2617	10.9012	7.06112	0	0	0	0	0	0	0	0	0	0	0	0	0	0	0
00.000,00.000	18.5	0	-200	0	4.5	369.522	232.088	80.5784	37.699	11.2625	7.89375	0	0	0	0	0	0	0	0	0	0	0	0	0	0	0
00.000,00.000	18.6	0	-200	0	4.5	373.402	233.823	81.9812	38.1831	11.3375	8.07706	0	0	0	0	0	0	0	0	0	0	0	0	0	0	0
00.000,00.000	18.7	0	-200	0	4.5	405.611	248.483	93.4697	42.2264	12.0029	9.25394	0.17456	0	0	0	0	0	0	0	0	0	0	0	0	0	0
00.000,00.000	18.8	0	-200	0	4.5	413.079	252.026	95.9234	43.1939	12.1635	9.25394	0.518499	0	0	0	0	0	0	0	0	0	0	0	0	0	0
00.000,00.000	18.9	0	-200	0	4.5	430.422	260.63	101.094	45.5379	12.5886	9.25394	1.31761	0	0	0	0	0	0	0	0	0	0	0	0	0	0
00.000,00.000	19	0	-200	0	4.5	437.694	264.277	103.329	46.4064	12.7703	9.25407	1.65743	0	0	0	0	0	0	0	0	0	0	0	0	0	0
00.000,00.000	19.1	0	-200	0	4.5	440.1	265.473	104.078	46.6975	12.8323	9.25471	1.76498	0	0	0	0	0	0	0	0	0	0	0	0	0	0
00.000,00.000	19.2	0	-200	0	4.5	442.634	266.735	104.86	47.0067	12.9	9.25538	1.87647	0	0	0	0	0	0	0	0	0	0	0	0	0	0
00.000,00.000	19.3	0	-200	0	4.5	445.208	268.019	105.653	47.3205	12.9707	9.25627	1.9872	0	0	0	0	0	0	0	0	0	0	0	0	0	0
00.000,00.000	19.4	0	-200	0	4.5	447.847	269.346	106.467	47.6323	13.0453	9.25741	2.09854	0	0	0	0	0	0	0	0	0	0	0	0	0	0
00.000,00.000	19.5	0	-200	0	4.5	455.036	273.014	108.696	48.4115	13.2555	9.26114	2.39848	0	0	0	0	0	0	0	0	0	0	0	0	0	0
00.000,00.000	19.6	0	-200	0	4.5	466.018	278.638	112.104	49.5704	13.5854	9.26885	2.85112	0	0	0	0	0	0	0	0	0	0	0	0	0	0
00.000,00.000	19.7	0	-200	0	4.5	467.79	279.518	112.671	49.7613	13.6417	9.27083	2.92658	0	0	0	0	0	0	0	0	0	0	0	0	0	0
00.000,00.000	19.8	0	-200	0	4.5	476.015	283.663	115.229	50.6773	13.9035	9.28351	3.2584	0	0	0	0	0	0	0	0	0	0	0	0	0	0
00.000,00.000	19.9	0	-200	0	4.5	478.194	284.79	115.875	50.9198	13.9751	9.28735	3.34759	0	0	0	0	0	0	0	0	0	0	0	0	0	0
00.000,00.000	20	0	-200	0	4.5	478.699	285.048	116.027	50.9773	13.9916	9.28851	3.36721	0	0	0	0	0	0	0	0	0	0	0	0	0	0
00.000,00.000	20.1	0	-200	0	4.5	487.3	289.468	118.582	51.9684	14.2769	9.3106	3.69392	0	0	0	0	0	0	0	0	0	0	0	0	0	0
00.000,00.000	20.2	0	-200	0	4.5	492.198	292.029	119.978	52.5476	14.4412	9.3242	3.87815	0	0	0	0	0	0	0	0	0	0	0	0	0	0
00.000,00.000	20.3	0	-200	0	4.5	495.222	293.605	120.842	52.9093	14.5433	9.33405	3.98824	0	0	0	0	0	0	0	0	0	0	0	0	0	0
00.000,00.000	20.4	0	-200	0	4.5	498.349	295.236	121.734	53.2847	14.6496	9.34502	4.09943	0	0	0	0	0	0	0	0	0	0	0	0	0	0
00.000,00.000	20.5	0	-200	0	4.5	514.661	303.677	126.446	55.257	15.2077	9.40737	4.66642	0	0	0	0	0	0	0	0	0	0	0	0	0	0
00.000,00.000	20.6	0	-200	0	4.5	525.991	309.548	129.694	56.6447	15.5978	9.45327	5.05363	0	0	0	0	0	0	0	0	0	0	0	0	0	0
00.000,00.000	20.7	0	-200	0	4.5	527.802	310.479	130.217	56.8691	15.6606	9.4612	5.1142	0	0	0	0	0	0	0	0	0	0	0	0	0	0
00.000,00.000	20.8	0	-200	0	4.5	530.116	311.666	130.888	57.1579	15.7423	9.47198	5.19048	0	0	0	0	0	0	0	0	0	0	0	0	0	0
00.000,00.000	20.9	0	-200	0	4.5	530.433	311.828	130.979	57.1977	15.7536	9.47353	5.20069	0	0	0	0	0	0	0	0	0	0	0	0	0	0
00.000,00.000	21	0	-200	0	4.5	530.869	312.052	131.106	57.2524	15.7692	9.47574	5.21439	0	0	0	0	0	0	0	0	0	0	0	0	0	0
00.000,00.000	21.1	0	-200	0	4.5	551.425	322.454	137.251	59.7911	16.5059	9.5838	5.83982	0	0	0	0	0	0	0	0	0	0	0	0	0	0
00.000,00.000	21.2	0	-200	0	4.5	560.788	327.108	140.146	60.937	16.8413	9.6351	6.12068	0	0	0	0	0	0	0	0	0	0	0	0	0	0
00.000,00.000	21.3	0	-200	0	4.5	564.53	328.976	141.292	61.3991	16.9761	9.65716	6.22966	0	0	0	0	0	0	0	0	0	0	0	0	0	0
00.000,00.000	21.4	0	-200	0	4.5	568.4	330.929	142.475	61.8566	17.1172	9.68094	6.34071	0	0	0	0	0	0	0	0	0	0	0	0	0	0
00.000,00.000	21.5	0	-200	0	4.5	599.67	346.828	151.817	65.6373	18.2729	9.88356	7.2306	0	0	0	0	0	0	0	0	0	0	0	0	0	0
00.000,00.000	21.6	0	-200	0	4.5	605.927	349.978	153.671	66.4204	18.5151	9.92692	7.41485	0	0	0	0	0	0	0	0	0	0	0	0	0	0
00.000,00.000	21.7	0	-200	0	4.5	616.876	355.515	156.908	67.7886	18.9311	10.0097	7.72405	0	0	0	0	0	0	0	0	0	0	0	0	0	0
00.000,00.000	21.8	0	-200	0	4.5	618.336	356.258	157.349	67.9775	18.9631	10.0213	7.76657	0	0	0	0	0	0	0	0	0	0	0	0	0	0
00.000,00.000	21.9	0	-200	0	4.5	618.549	356.367	157.412	68.0045	18.9698	10.0231	7.7724	0	0	0	0	0	0	0	0	0	0	0	0	0	0
00.000,00.000	22	0	-200	0	4.5	618.918	356.556	157.521	68.0513	18.9812	10.0262	7.78226	0	0	0	0	0	0	0	0	0	0	0	0	0	0
00.000,00.000	22.1	0	-200	0	4.5	649.044	372.069	166.386	71.7942	19.9299	10.2942	8.57003	0	0	0	0	0	0	0	0	0	0	0	0	0	0
00.000,00.000	22.2	0	-200	0	4.5	661.557	378.534	170.002	73.3878	20.3183	10.4116	8.90432	0	0	0	0	0	0	0	0	0	0	0	0	0	0
00.000,00.000	22.3	0	-200	0	4.5	665.747	380.676	171.227	73.9284	20.4487	10.4536	8.98184	0.0312517	0	0	0	0	0	0	0	0	0	0	0	0	0
00.000,00.000	22.4	0	-200	0	4.5	669.922	382.722	172.504	74.4882	20.5853	10.4987	9.01698	0.107473	0	0	0	0	0	0	0	0	0	0	0	0	0
00.000,00.000	22.5	0	-200	0	4.5	699.006	396.944	181.368	78.4288	21.5475	10.8263	9.15088	0.741335	0	0	0	0	0	0	0	0	0	0	0	0	0
00.000,00.000	22.6	0	-200	0	4.5	705.187	399.909	183.287	79.2864	21.7071	10.9432	9.15088	0.90268	0	0	0	0	0	0	0	0	0	0	0	0	0
00.000,00.000	22.7	0	-200	0	4.5	727.683	409.857	191.161	82.2091	22.3498	11.4726	9.15088	1.48223	0	0	0	0	0	0	0	0	0	0	0	0	0
00.000,00.000	22.8	0	-200	0	4.5	760.814	424.382	202.469	86.2717	23.3491	12.8665	9.151	2.32553	0	0	0	0	0	0	0	0	0	0	0	0	0
00.000,00.000	22.9	0	-200	0	4.5	765.723	426.519	204.021	86.9627	23.5128	13.0949	9.15117	2.462	0	0	0	0	0	0	0	0	0	0	0	0	0
00.000,00.000	23	0	-200	0	4.5	766.224	426.745	204.179	87.0287	23.5286	13.1169	9.15121	2.47476	0	0	0	0	0	0	0	0	0	0	0	0	0
00.000,00.000	23.1	0	-200	0	4.5	788.927	437.067	211.365	89.9566	24.2411	14.1055	9.15447	3.03753	0	0	0	0	0	0	0	0	0	0	0	0	0
00.000,00.000	23.2	0	-200	0	4.5	799.154	441.577	214.679	91.2974	24.5772	14.5684	9.15695	3.29812	0	0	0	0	0	0	0	0	0	0	0	0	0
00.000,00.000	23.3	0	-200	0	4.5	803.713	443.666	216.151	91.8433	24.7231	14.7645	9.15901	3.40611	0	0	0	0	0	0	0	0	0	0	0	0	0
00.000,00.000	23.4	0	-200	0	4.5	808.478	445.862	217.704	92.3911	24.8755	14.9674	9.16164	3.5162	0	0	0	0	0	0	0	0	0	0	0	0	0
00.000,00.000	23.5	0	-200	0	4.5	837.451	459.281	227.201	95.643	25.7752	15.7658	9.61122	4.17415	0	0	0	0	0	0	0	0	0	0	0	0	0
00.000,00.000	23.6	0	-200	0	4.5	843.584	462.132	229.247	96.3176	25.926	15.8892	9.75747	4.31448	0	0	0	0	0	0	0	0	0	0	0	0	0
00.000,00.000	23.7	0	-200	0	4.5	862.84	471.193	235.73	98.2678	26.474	16.2648	10.1894	4.72164	0	0	0	0	0	0	0	0	0	0	0	0	0
00.000,00.000	23.8	0	-200	0	4.5	872.807	475.873	239.124	99.2533	26.7471	16.4628	10.414	4.93235	0	0	0	0	0	0	0	0	0	0	0	0	0
00.000,00.000	23.9	0	-200	0	4.5	906.31	491.512	250.67	102.506	27.7308	17.1252	11.1503	5.61606	0	0	0	0	0	0	0	0	0	0	0	0	0
00.000,00.000	24	0	-200	0	4.5	913.502	494.879	253.18	103.176	27.9286	17.2687	11.3083	5.76152	0	0	0	0	0	0	0	0	0	0	0	0	0
00.000,00.000	24.1	0	-200	0	4.5	935.89	505.455	261.01	105.185	28.5778	17.7034	11.7746	6.18367	0	0	0	0	0	0	0	0	0	0	0	0	0
00.000,00.000	24.2	0	-200	0	4.5	947.342	510.898	264.999	106.195	28.9078	17.9287	12.0141	6.39884	0	0	0	0	0	0	0	0	0	0	0	0	0
00.000,00.000	24.3	0	-200	0	4.5	953.376	513.763	267.09	106.747	29.0877	18.0458	12.1357	6.50698	0	0	0	0	0	0	0	0	0	0	0	0	0
00.000,00.000	24.4	0	-200	0	4.5	959.554	516.728	269.202	107.302	29.2796	18.1671	12.2595	6.61617	0	0	0	0	0	0	0	0	0	0	0	0	0
00.000,00.000	24.5	0	-200	0	4.5	990.299	531.433	279.787	110.032	30.2418	18.7775	12.8739	7.15465	0	0	0	0	0	0	0	0	0	0	0	0	0
00.000,00.000	24.6	0	-200	0	4.5	996.913	534.63	282.015	110.614	30.4615	18.9123	13.0087	7.27199	0	0	0	0	0	0	0	0	0	0	0	0	0
00.000,00.000	24.7	0	-200	0	4.5	1016.42	543.953	288.892	112.208	31.0624	19.3049	13.3946	7.60156	0	0	0	0	0	0	0	0	0	0	0	0	0
00.000,00.000	24.8	0	-200	0	4.5	1021	546.165	290.511	112.546	31.2187	19.3982	13.4854	7.67863	0	0	0	0	0	0	0	0	0	0	0	0	0
00.000,00.000	24.9	0	-200	0	4.5	1060.01	564.738	304.539	115.554	32.4336	20.191	14.2432	8.31147	0	0	0	0	0	0	0	0	0	0	0	0	0
00.000,00.000	25	0	-200	0	4.5	1070.86	569.906	308.516	116.335	32.7445	20.415	14.4565	8.48795	0	0	0	0	0	0	0	0	0	0	0	0	0
00.000,00.000	25.1	0	-200	0	4.5	1092.65	580.148	316.662	117.921	33.3725	20.8561	14.8709	8.82291	0	0	0	0	0	0	0	0	0	0	0	0	0
00.000,00.000	25.2	0	-200	0	4.5	1104.7	585.817	321.217	118.728	33.7171	21.1058	15.1038	9.00958	0	0	0	0	0	0	0	0	0	0	0	0	0
00.000,00.000	25.3	0	-200	0	4.5	1111.84	589.156	323.936	119.22	33.9174	21.2534	15.2398	9.11691	0	0	0	0	0	0	0	0	0	0	0	0	0
00.000,00.000	25.4	0	-200	0	4.5	1118.97	592.395	326.727	119.722	34.1177	21.4052	15.3781	9.22485	0	0	0	0	0	0	0	0	0	0	0	0	0
00.000,00.000	25.5	0	-200	0	4.5	1137.48	600.696	334.055	121.042	34.634	21.8066	15.7405	9.35235	0.152449	0	0	0	0	0	0	0	0	0	0	0	0
00.000,00.000	25.6	0	-200	0	4.5	1167.13	613.42	346.191	123.243	35.4754	22.4829	16.3462	9.37964	0.58614	0	0	0	0	0	0	0	0	0	0	0	0
00.000,00.000	25.7	0	-200	0	4.5	1171.92	615.376	348.228	123.604	35.6151	22.6005	16.4509	9.37964	0.664988	0	0	0	0	0	0	0	0	0	0	0	0
00.000,00.000	25.8	0	-200	0	4.5	1193.84	624.269	357.593	125.29	36.2288	23.1375	16.9245	9.37964	1.01507	0	0	0	0	0	0	0	0	0	0	0	0
00.000,00.000	25.9	0	-200	0	4.5	1200	626.804	360.202	125.745	36.3994	23.2934	17.0616	9.37964	1.11565	0	0	0	0	0	0	0	0	0	0	0	0
00.000,00.000	26	0	-200	0	4.5	1201.5	627.419	360.847	125.846	36.4389	23.3311	17.0947	9.37964	1.13945	0	0	0	0	0	0	0	0	0	0	0	0
00.000,00.000	26.1	0	-200	0	4.5	1217.13	633.795	367.615	126.925	36.8438	23.7316	17.4464	9.37964	1.389	0	0	0	0	0	0	0	0	0	0	0	0
00.000,00.000	26.2	0	-200	0	4.5	1226.79	637.749	371.8	127.573	37.0906	23.9846	17.6688	9.37964	1.5451	0	0	0	0	0	0	0	0	0	0	0	0
00.000,00.000	26.3	0	-200	0	4.5	1233.38	640.434	374.655	128.024	37.2532	24.1582	17.8216	9.37964	1.65095	0	0	0	0	0	0	0	0	0	0	0	0
00.000,00.000	26.4	0	-200	0	4.5	1239.95	643.106	377.51	128.472	37.4116	24.3342	17.9769	9.37964	1.75723	0	0	0	0	0	0	0	0	0	0	0	0
00.000,00.000	26.5	0	-200	0	4.5	1262.49	652.175	387.351	130.025	37.9486	24.9557	18.526	9.37966	2.12945	0	0	0	0	0	0	0	0	0	0	0	0
00.000,00.000	26.6	0	-200	0	4.5	1267.88	654.396	389.658	130.391	38.0726	25.1051	18.6581	9.37978	2.21799	0	0	0	0	0	0	0	0	0	0	0	0
00.000,00.000	26.7	0	-200	0	4.5	1278.76	658.82	394.374	131.128	38.3184	25.4113	18.9327	9.38047	2.39861	0	0	0	0	0	0	0	0	0	0	0	0
00.000,00.000	26.8	0	-200	0	4.5	1282.67	660.409	396.065	131.39	38.4054	25.5231	19.0334	9.38079	2.46442	0	0	0	0	0	0	0	0	0	0	0	0
00.000,00.000	26.9	0	-200	0	4.5	1321.36	676.172	412.732	133.978	39.2408	26.6555	20.067	9.38592	3.13075	0	0	0	0	0	0	0	0	0	0	0	0
00.000,00.000	27	0	-200	0	4.5	1330.58	679.901	416.753	134.582	39.4142	26.9313	20.3199	9.38749	3.29191	0	0	0	0	0	0	0	0	0	0	0	0
00.000,00.000	27.1	0	-200	0	4.5	1352.2	688.744	426.053	136.013	39.8312	27.5773	20.9162	9.3973	3.66434	0	0	0	0	0	0	0	0	0	0	0	0
00.000,00.000	27.2	0	-200	0	4.5	1363.31	693.334	430.897	136.73	40.0361	27.918	21.1237	9.51178	3.76179	0	0	0	0	0	0	0	0	0	0	0	0
00.000,00.000	27.3	0	-200	0	4.5	1369.18	695.822	433.416	137.116	40.1437	28.0991	21.1962	9.61233	3.77631	0	0	0	0	0	0	0	0	0	0	0	0
00.000,00.000	27.4	0	-200	0	4.5	1375.09	698.364	435.919	137.505	40.2477	28.282	21.2645	9.72099	3.78514	0	0	0	0	0	0	0	0	0	0	0	0
00.000,00.000	27.5	0	-200	0	4.5	1399.23	708.869	445.979	139.123	40.6664	29.0463	21.5417	10.1914	3.81343	0	0	0	0	0	0	0	0	0	0	0	0
00.000,00.000	27.6	0	-200	0	4.5	1404.79	711.328	448.253	139.505	40.7547	29.2243	21.6013	10.3066	3.81343	0	0	0	0	0	0	0	0	0	0	0	0
00.000,00.000	27.7	0	-200	0	4.5	1406.07	711.915	448.764	139.592	40.7745	29.2651	21.6154	10.3331	3.81343	0	0	0	0	0	0	0	0	0	0	0	0
00.000,00.000	27.8	0	-200	0	4.5	1417.38	717.17	453.159	140.351	40.9398	29.6275	21.7442	10.5697	3.81343	0	0	0	0	0	0	0	0	0	0	0	0
00.000,00.000	27.9	0	-200	0	4.5	1442.27	728.908	462.623	142.08	41.2856	30.4312	22.0364	11.0961	3.81343	0	0	0	0	0	0	0	0	0	0	0	0
00.000,00.000	28	0	-200	0	4.5	1447.57	731.425	464.6	142.469	41.3529	30.6054	22.1002	11.209	3.81343	0	0	0	0	0	0	0	0	0	0	0	0
00.000,00.000	28.1	0	-200	0	4.5	1462.24	738.579	469.948	143.47	41.5305	31.0867	22.2857	11.5223	3.81343	0	0	0	0	0	0	0	0	0	0	0	0
00.000,00.000	28.2	0	-200	0	4.5	1471.03	742.916	473.097	144.08	41.6309	31.3815	22.4013	11.7142	3.81343	0	0	0	0	0	0	0	0	0	0	0	0
00.000,00.000	28.3	0	-200	0	4.5	1476.74	745.825	475.062	144.458	41.6917	31.5698	22.4795	11.8395	3.81343	0	0	0	0	0	0	0	0	0	0	0	0
00.000,00.000	28.4	0	-200	0	4.5	1482.43	748.79	476.962	144.83	41.748	31.7575	22.5605	11.966	3.81343	0	0	0	0	0	0	0	0	0	0	0	0
00.000,00.000	28.5	0	-200	0	4.5	1491.51	753.603	479.915	145.417	41.8324	32.0618	22.6974	12.1741	3.81343	0	0	0	0	0	0	0	0	0	0	0	0
00.000,00.000	28.6	0	-200	0	4.5	1521.08	769.431	489.326	147.306	42.0891	33.0755	23.1706	12.8704	3.81343	0	0	0	0	0	0	0	0	0	0	0	0
00.000,00.000	28.7	0	-200	0	4.5	1526.91	772.587	491.115	147.693	42.1344	33.286	23.2671	13.01	3.81343	0	0	0	0	0	0	0	0	0	0	0	0
00.000,00.000	28.8	0	-200	0	4.5	1534.89	777.052	493.486	148.18	42.1924	33.5572	23.4081	13.2033	3.81343	0	0	0	0	0	0	0	0	0	0	0	0
00.000,00.000	28.9	0	-200	0	4.5	1537.22	778.378	494.15	148.326	42.2075	33.6387	23.4505	13.2603	3.81343	0	0	0	0	0	0	0	0	0	0	0	0
00.000,00.000	29	0	-200	0	4.5	1547.27	784.253	496.901	148.913	42.2656	33.9747	23.6417	13.5062	3.81343	0	0	0	0	0	0	0	0	0	0	0	0
00.000,00.000	29.1	0	-200	0	4.5	1559.24	791.336	500.097	149.609	42.3291	34.3759	23.8792	13.8034	3.81343	0	0	0	0	0	0	0	0	0	0	0	0
00.000,00.000	29.2	0	-200	0	4.5	1565.86	795.317	501.804	149.986	42.361	34.5957	24.0158	13.9707	3.81343	0	0	0	0	0	0	0	0	0	0	0	0
00.000,00.000	29.3	0	-200	0	4.5	1571.22	798.596	503.143	150.278	42.3843	34.7692	24.1307	14.1072	3.81343	0	0	0	0	0	0	0	0	0	0	0	0
00.000,00.000	29.4	0	-200	0	4.5	1576.56	801.927	504.42	150.559	42.4049	34.9402	24.2503	14.2454	3.81343	0	0	0	0	0	0	0	0	0	0	0	0
00.000,00.000	29.5	0	-200	0	4.5	1582.73	805.83	505.837	150.875	42.4262	35.1383	24.3963	14.4106	3.81343	0	0	0	0	0	0	0	0	0	0	0	0
00.000,00.000	29.6	0	-200	0	4.5	1611.33	823.922	512.477	152.277	42.6014	35.9606	25.0999	15.1836	3.81343	0	0	0	0	0	0	0	0	0	0	0	0
00.000,00.000	29.7	0	-200	0	4.5	1617.15	827.452	513.927	152.588	42.6652	36.1061	25.249	15.3454	3.81343	0	0	0	0	0	0	0	0	0	0	0	0
00.000,00.000	29.8	0	-200	0	4.5	1624.49	832.009	515.712	152.919	42.7188	36.3143	25.4507	15.5563	3.81343	0	0	0	0	0	0	0	0	0	0	0	0
00.000,00.000	29.9	0	-200	0	4.5	1626.29	833.066	516.178	153.008	42.7359	36.3665	25.5069	15.6144	3.81343	0	0	0	0	0	0	0	0	0	0	0	0
00.000,00.000	30	0	-200	0	4.5	1640.53	841.415	519.329	154.225	42.8432	36.8102	25.9901	16.0988	3.81343	0	0	0	0	0	0	0	0	0	0	0	0
00.000,00.000	30.1	0	-200	0	4.5	1648.85	846.174	521.093	155.082	42.9035	37.0849	26.2989	16.4042	3.81343	0	0	0	0	0	0	0	0	0	0	0	0
00.000,00.000	30.2	0	-200	0	4.5	1653.09	848.612	521.964	155.511	42.9321	37.2245	26.4635	16.5649	3.81343	0	0	0	0	0	0	0	0	0	0	0	0
00.000,00.000	30.3	0	-200	0	4.5	1657	850.897	522.738	155.9	42.9566	37.3524	26.6211	16.717	3.81343	0	0	0	0	0	0	0	0	0	0	0	0
00.000,00.000	30.4	0	-200	0	4.5	1660.85	853.176	523.475	156.278	42.979	37.4781	26.7822	16.8711	3.81343	0	0	0	0	0	0	0	0	0	0	0	0
00.000,00.000	30.5	0	-200	0	4.5	1664.77	855.505	524.192	156.663	43.0003	37.6068	26.9543	17.0349	3.81343	0	0	0	0	0	0	0	0	0	0	0	0
00.000,00.000	30.6	0	-200	0	4.5	1682.15	865.988	527.202	158.342	43.0881	38.1769	27.7506	17.7851	3.81343	0	0	0	0	0	0	0	0	0	0	0	0
00.000,00.000	30.7	0	-200	0	4.5	1688.56	869.793	528.349	158.957	43.1202	38.3902	28.0587	18.0749	3.81343	0	0	0	0	0	0	0	0	0	0	0	0
00.000,00.000	30.8	0	-200	0	4.5	1688.96	870.036	528.419	158.994	43.122	38.4033	28.0784	18.0934	3.81343	0	0	0	0	0	0	0	0	0	0	0	0
00.000,00.000	30.9	0	-200	0	4.5	1689.4	870.309	528.492	159.034	43.1239	38.4174	28.1005	18.1141	3.81343	0	0	0	0	0	0	0	0	0	0	0	0
00.000,00.000	31	0	-200	0	4.5	1693.13	872.612	529.088	159.362	43.1385	38.5333	28.2907	18.2915	3.81343	0	0	0	0	0	0	0	0	0	0	0	0
00.000,00.000	31.1	0	-200	0	4.5	1701.94	878.105	530.45	160.127	43.1712	38.8055	28.7484	18.7183	3.81343	0	0	0	0	0	0	0	0	0	0	0	0
00.000,00.000	31.2	0	-200	0	4.5	1706.75	881.121	531.18	160.537	43.1879	38.9526	29.0033	18.9556	3.81343	0	0	0	0	0	0	0	0	0	0	0	0
00.000,00.000	31.3	0	-200	0	4.5	1710.23	883.343	531.673	160.825	43.1987	39.0566	29.1892	19.1288	3.81343	0	0	0	0	0	0	0	0	0	0	0	0
00.000,00.000	31.4	0	-200	0	4.5	1713.7	885.585	532.143	161.108	43.2084	39.159	29.3784	19.3045	3.81343	0	0	0	0	0	0	0	0	0	0	0	0
00.000,00.000	31.5	0	-200	0	4.5	1726.45	893.877	533.708	162.158	43.2412	39.5268	30.1313	19.991	3.81343	0	0	0	0	0	0	0	0	0	0	0	0
00.000,00.000	31.6	0	-200	0	4.5	1758.46	914.303	537.67	164.94	43.3182	40.4745	32.1544	21.7892	3.81343	0	0	0	0	0	0	0	0	0	0	0	0
00.000,00.000	31.7	0	-200	0	4.5	1763.83	917.726	538.361	165.381	43.3303	40.6178	32.5108	22.0861	3.81343	0	0	0	0	0	0	0	0	0	0	0	0
00.000,00.000	31.8	0	-200	0	4.5	1773.17	924.02	539.385	166.118	43.349	40.8956	33.1119	22.4815	3.8142	0	0	0	0	0	0	0	0	0	0	0	0
00.000,00.000	31.9	0	-200	0	4.5	1776.31	926.277	539.758	166.234	43.3554	40.9825	33.3344	22.5292	3.83606	0	0	0	0	0	0	0	0	0	0	0	0
00.000,00.000	32	0	-200	0	4.5	1777.58	927.197	539.888	166.261	43.3574	41.0157	33.4178	22.5587	3.87911	0	0	0	0	0	0	0	0	0	0	0	0
00.000,00.000	32.1	0	-200	0	4.5	1788.72	935.571	540.955	166.494	43.3743	41.3262	34.1526	22.8731	3.97861	0	0	0	0	0	0	0	0	0	0	0	0
00.000,00.000	32.2	0	-200	0	4.5	1794.6	940.059	541.538	166.596	43.3825	41.4768	34.5494	23.0211	3.97968	0	0	0	0	0	0	0	0	0	0	0	0
00.000,00.000	32.3	0	-200	0	4.5	1798.05	942.734	541.848	166.649	43.3866	41.5669	34.775	23.109	3.98044	0	0	0	0	0	0	0	0	0	0	0	0
00.000,00.000	32.4	0	-200	0	4.5	1801.55	945.475	542.143	166.698	43.3902	41.6568	35.0036	23.1999	3.98131	0	0	0	0	0	0	0	0	0	0	0	0
00.000,00.000	32.5	0	-200	0	4.5	1811.45	953.254	542.932	166.824	43.399	41.9153	35.6694	23.4742	3.98422	0	0	0	0	0	0	0	0	0	0	0	0
00.000,00.000	32.6	0	-200	0	4.5	1824.19	963.322	543.902	166.968	43.4084	42.2375	36.5272	23.8322	3.98831	0	0	0	0	0	0	0	0	0	0	0	0
00.000,00.000	32.7	0	-200	0	4.5	1847.9	982.022	545.571	167.214	43.4229	42.9204	38.1985	24.5533	3.99993	0	0	0	0	0	0	0	0	0	0	0	0
00.000,00.000	32.8	0	-200	0	4.5	1851.69	985.046	545.81	167.248	43.4248	43.0391	38.4522	24.6633	4.00174	0	0	0	0	0	0	0	0	0	0	0	0
00.000,00.000	32.9	0	-200	0	4.5	1876.26	1004.67	547.405	167.463	43.4314	43.7501	40.0831	25.4327	4.01837	0	0	0	0	0	0	0	0	0	0	0	0
00.000,00.000	33	0	-200	0	4.5	1884.9	1011.69	547.907	167.536	43.4332	44.0036	40.6128	25.7011	4.02479	0	0	0	0	0	0	0	0	0	0	0	0
00.000,00.000	33.1	0	-200	0	4.5	1892.8	1018.08	548.379	167.61	43.4334	44.2137	41.1015	25.9523	4.0325	0	0	0	0	0	0	0	0	0	0	0	0
00.000,00.000	33.2	0	-200	0	4.5	1898	1022.29	548.684	167.657	43.4334	44.3534	41.4228	26.1231	4.03824	0	0	0	0	0	0	0	0	0	0	0	0
00.000,00.000	33.3	0	-200	0	4.5	1901.74	1025.31	548.912	167.693	43.4334	44.4486	41.6487	26.2463	4.0429	0	0	0	0	0	0	0	0	0	0	0	0
00.000,00.000	33.4	0	-200	0	4.5	1905.56	1028.41	549.143	167.73	43.4334	44.5437	41.8771	26.3745	4.0482	0	0	0	0	0	0	0	0	0	0	0	0
00.000,00.000	33.5	0	-200	0	4.5	1916.1	1036.85	549.795	167.843	43.4334	44.8276	42.5281	26.7547	4.06521	0	0	0	0	0	0	0	0	0	0	0	0
00.000,00.000	33.6	0	-200	0	4.5	1936.19	1052.99	551.018	168.07	43.4334	45.3858	43.7029	27.4893	4.10087	0	0	0	0	0	0	0	0	0	0	0	0
00.000,00.000	33.7	0	-200	0	4.5	1939.54	1055.71	551.217	168.109	43.4334	45.4784	43.878	27.612	4.10729	0	0	0	0	0	0	0	0	0	0	0	0
00.000,00.000	33.8	0	-200	0	4.5	1969.8	1079.44	553.187	168.551	43.4334	46.3196	45.807	28.8837	4.18202	0	0	0	0	0	0	0	0	0	0	0	0
00.000,00.000	33.9	0	-200	0	4.5	1977.38	1085.49	553.678	168.655	43.4334	46.497	46.2389	29.1807	4.19988	0	0	0	0	0	0	0	0	0	0	0	0
00.000,00.000	34	0	-200	0	4.5	1977.85	1085.87	553.706	168.662	43.4334	46.5078	46.2647	29.1987	4.20114	0	0	0	0	0	0	0	0	0	0	0	0
00.000,00.000	34.1	0	-200	0	4.5	1996.66	1100.97	554.838	168.998	43.4334	46.9391	47.3352	29.8763	4.27098	0	0	0	0	0	0	0	0	0	0	0	0
00.000,00.000	34.2	0	-200	0	4.5	2005.63	1108.25	555.364	169.163	43.4334	47.1284	47.8125	30.1523	4.32614	0	0	0	0	0	0	0	0	0	0	0	0
00.000,00.000	34.3	0	-200	0	4.5	2009.73	1111.57	555.591	169.247	43.4334	47.2128	48.0336	30.2938	4.34675	0	0	0	0	0	0	0	0	0	0	0	0
00.000,00.000	34.4	0	-200	0	4.5	2013.89	1114.94	555.817	169.338	43.4334	47.2948	48.2577	30.4393	4.36879	0	0	0	0	0	0	0	0	0	0	0	0
00.000,00.000	34.5	0	-200	0	4.5	2018.06	1118.28	556.047	169.44	43.4334	47.3779	48.4953	30.597	4.39318	0	0	0	0	0	0	0	0	0	0	0	0
00.000,00.000	34.6	0	-200	0	4.5	2045.09	1139.7	557.507	170.169	43.4334	47.9189	50.1103	31.7049	4.54688	0	0	0	0	0	0	0	0	0	0	0	0
00.000,00.000	34.7	0	-200	0	4.5	2058.76	1150.67	558.178	170.536	43.4334	48.1685	50.8965	32.244	4.62941	0	0	0	0	0	0	0	0	0	0	0	0
00.000,00.000	34.8	0	-200	0	4.5	2058.88	1150.77	558.184	170.54	43.4334	48.1707	50.9037	32.249	4.63018	0	0	0	0	0	0	0	0	0	0	0	0
00.000,00.000	34.9	0	-200	0	4.5	2077.05	1165.4	559.014	171.076	43.4334	48.4647	51.9338	32.9811	4.74801	0	0	0	0	0	0	0	0	0	0	0	0
00.000,00.000	35	0	-200	0	4.5	2083.31	1170.42	559.296	171.27	43.4334	48.5593	52.2902	33.2468	4.79414	0	0	0	0	0	0	0	0	0	0	0	0
00.000,00.000	35.1	0	-200	0	4.5	2094.19	1179.19	559.772	171.612	43.4334	48.717	52.8983	33.6983	4.86366	0	0	0	0	0	0	0	0	0	0	0	0
00.000,00.000	35.2	0	-200	0	4.5	2100.8	1184.51	560.064	171.826	43.4334	48.8071	53.2677	33.9775	4.91007	0	0	0	0	0	0	0	0	0	0	0	0
00.000,00.000	35.3	0	-200	0	4.5	2105.1	1187.95	560.273	171.97	43.4334	48.8637	53.5099	34.1618	4.93884	0	0	0	0	0	0	0	0	0	0	0	0
00.000,00.000	35.4	0	-200	0	4.5	2109.46	1191.44	560.475	172.12	43.4334	48.9179	53.7542	34.3501	4.96894	0	0	0	0	0	0	0	0	0	0	0	0
00.000,00.000	35.5	0	-200	0	4.5	2113.89	1194.95	560.677	172.282	43.4334	48.9723	54.0137	34.5531	5.00182	0	0	0	0	0	0	0	0	0	0	0	0
00.000,00.000	35.6	0	-200	0	4.5	2134.89	1211.42	561.671	173.096	43.4334	49.227	55.297	35.5713	5.16851	0	0	0	0	0	0	0	0	0	0	0	0
00.000,00.000	35.7	0	-200	0	4.5	2149.34	1222.89	562.348	173.633	43.4334	49.3829	56.1305	36.2432	5.28556	0	0	0	0	0	0	0	0	0	0	0	0
00.000,00.000	35.8	0	-200	0	4.5	2150.13	1223.51	562.385	173.663	43.4334	49.3905	56.1799	36.2754	5.29295	0	0	0	0	0	0	0	0	0	0	0	0
00.000,00.000	35.9	0	-200	0	4.5	2163.61	1234.15	562.999	174.206	43.4334	49.5182	57.0536	36.836	5.41201	0	0	0	0	0	0	0	0	0	0	0	0
00.000,00.000	36	0	-200	0	4.5	2168.64	1238.16	563.227	174.403	43.4334	49.5595	57.3949	37.0026	5.46462	0	0	0	0	0	0	0	0	0	0	0	0
00.000,00.000	36.1	0	-200	0	4.5	2177.74	1245.46	563.597	174.768	43.4334	49.63	57.9335	37.3776	5.54626	0	0	0	0	0	0	0	0	0	0	0	0
00.000,00.000	36.2	0	-200	0	4.5	2183.83	1250.29	563.852	175.029	43.4334	49.6751	58.3168	37.6274	5.61057	0	0	0	0	0	0	0	0	0	0	0	0
00.000,00.000	36.3	0	-200	0	4.5	2188.36	1253.93	564.023	175.218	43.4334	49.7043	58.5743	37.8174	5.65398	0	0	0	0	0	0	0	0	0	0	0	0
00.000,00.000	36.4	0	-200	0	4.5	2193.15	1257.8	564.198	175.423	43.4334	49.7324	58.8377	38.0199	5.70054	0	0	0	0	0	0	0	0	0	0	0	0
00.000,00.000	36.5	0	-200	0	4.5	2197.92	1261.62	564.371	175.642	43.4334	49.7595	59.1106	38.2355	5.75078	0	0	0	0	0	0	0	0	0	0	0	0
00.000,00.000	36.6	0	-200	0	4.5	2216.47	1276.03	565.068	176.611	43.4334	49.8661	60.2763	39.2161	5.96635	0	0	0	0	0	0	0	0	0	0	0	0
00.000,00.000	36.7	0	-200	0	4.5	2228.51	1285.73	565.457	177.169	43.4334	49.9222	60.9317	39.7693	6.09429	0	0	0	0	0	0	0	0	0	0	0	0
00.000,00.000	36.8	0	-200	0	4.5	2228.96	1286.09	565.474	177.191	43.4334	49.9242	60.9562	39.79	6.09969	0	0	0	0	0	0	0	0	0	0	0	0
00.000,00.000	36.9	0	-200	0	4.5	2238.04	1293.13	565.817	177.711	43.4334	49.9619	61.4931	40.2798	6.21703	0	0	0	0	0	0	0	0	0	0	0	0
00.000,00.000	37	0	-200	0	4.5	2246.12	1299.64	566.085	178.117	43.4334	49.9885	61.8953	40.6506	6.31084	0	0	0	0	0	0	0	0	0	0	0	0
00.000,00.000	37.1	0	-200	0	4.5	2252.41	1304.61	566.295	178.471	43.4334	50.0078	62.2339	40.9717	6.38883	0	0	0	0	0	0	0	0	0	0	0	0
00.000,00.000	37.2	0	-200	0	4.5	2257.23	1308.41	566.451	178.751	43.4334	50.0207	62.4908	41.2207	6.45175	0	0	0	0	0	0	0	0	0	0	0	0
00.000,00.000	37.3	0	-200	0	4.5	2261.71	1311.99	566.584	179.007	43.4334	50.0302	62.7179	41.4437	6.50856	0	0	0	0	0	0	0	0	0	0	0	0
00.000,00.000	37.4	0	-200	0	4.5	2266.21	1315.57	566.729	179.262	43.4334	50.0381	62.9445	41.6709	6.56731	0	0	0	0	0	0	0	0	0	0	0	0
00.000,00.000	37.5	0	-200	0	4.5	2270.73	1319.16	566.87	179.519	43.4334	50.0443	63.1695	41.9001	6.62758	0	0	0	0	0	0	0	0	0	0	0	0
00.000,00.000	37.6	0	-200	0	4.5	2275.07	1322.49	567.014	179.811	43.4334	50.0497	63.4223	42.1588	6.69781	0	0	0	0	0	0	0	0	0	0	0	0
00.000,00.000	37.7	0	-200	0	4.5	2301.78	1342.52	567.899	181.779	43.4334	50.0753	65.066	43.8973	7.11268	0	0	0	0	0	0	0	0	0	0	0	0
00.000,00.000	37.8	0	-200	0	4.5	2307.21	1346.66	568.081	182.173	43.4334	50.0796	65.3732	44.2396	7.17096	0	0	0	0	0	0	0	0	0	0	0	0
00.000,00.000	37.9	0	-200	0	4.5	2321.2	1357.37	568.491	183.196	43.4334	50.0848	66.1594	45.1029	7.36909	0	0	0	0	0	0	0	0	0	0	0	0
00.000,00.000	38	0	-200	0	4.5	2325	1360.12	568.625	183.528	43.4334	50.0861	66.403	45.3802	7.42146	0	0	0	0	0	0	0	0	0	0	0	0
00.000,00.000	38.1	0	-200	0	4.5	2331.16	1364.75	568.803	184.029	43.4334	50.0866	66.7597	45.78	7.5183	0	0	0	0	0	0	0	0	0	0	0	0
00.000,00.000	38.2	0	-200	0	4.5	2335.84	1368.28	568.934	184.414	43.4334	50.0867	67.0242	46.082	7.58905	0	0	0	0	0	0	0	0	0	0	0	0
00.000,00.000	38.3	0	-200	0	4.5	2339.49	1371.03	569.029	184.722	43.4334	50.0867	67.2272	46.3189	7.64736	0	0	0	0	0	0	0	0	0	0	0	0
00.000,00.000	38.4	0	-200	0	4.5	2343.19	1373.83	569.119	185.035	43.4334	50.0867	67.4266	46.5573	7.7069	0	0	0	0	0	0	0	0	0	0	0	0
00.000,00.000	38.5	0	-200	0	4.5	2346.91	1376.64	569.205	185.356	43.4334	50.0867	67.6223	46.7972	7.76758	0	0	0	0	0	0	0	0	0	0	0	0
00.000,00.000	38.6	0	-200	0	4.5	2351.07	1379.58	569.307	185.796	43.4334	50.0867	67.8847	47.1286	7.85377	0	0	0	0	0	0	0	0	0	0	0	0
00.000,00.000	38.7	0	-200	0	4.5	2375.25	1395.91	570.035	188.621	43.4334	50.0867	69.5015	49.2459	8.4236	0	0	0	0	0	0	0	0	0	0	0	0
00.000,00.000	38.8	0	-200	0	4.5	2380.04	1399.13	570.207	189.183	43.4334	50.0867	69.808	49.658	8.53702	0	0	0	0	0	0	0	0	0	0	0	0
00.000,00.000	38.9	0	-200	0	4.5	2404.39	1416.72	570.909	191.606	43.4334	50.0867	71.1374	51.5559	8.93674	0	0	0	0	0	0	0	0	0	0	0	0
00.000,00.000	39	0	-200	0	4.5	2410.6	1421.2	571.107	192.179	43.4334	50.0867	71.5054	52.0935	9.00217	0	0	0	0	0	0	0	0	0	0	0	0
00.000,00.000	39.1	0	-200	0	4.5	2418.8	1427.07	571.348	192.982	43.4334	50.0867	71.951	52.7882	9.14164	0	0	0	0	0	0	0	0	0	0	0	0
00.000,00.000	39.2	0	-200	0	4.5	2423.73	1430.66	571.487	193.431	43.4334	50.0867	72.2088	53.204	9.21709	0	0	0	0	0	0	0	0	0	0	0	0
00.000,00.000	39.3	0	-200	0	4.5	2426.58	1432.69	571.569	193.726	43.4334	50.0867	72.3566	53.4562	9.26838	0	0	0	0	0	0	0	0	0	0	0	0
00.000,00.000	39.4	0	-200	0	4.5	2429.59	1434.87	571.648	194.027	43.4334	50.0867	72.4981	53.7107	9.32531	0	0	0	0	0	0	0	0	0	0	0	0
00.000,00.000	39.5	0	-200	0	4.5	2432.39	1436.83	571.724	194.333	43.4334	50.0867	72.6333	53.9676	9.38264	0	0	0	0	0	0	0	0	0	0	0	0
00.000,00.000	39.6	0	-200	0	4.5	2448.16	1447.68	572.14	196.168	43.4334	50.0867	73.4406	55.4847	9.72649	0	0	0	0	0	0	0	0	0	0	0	0
00.000,00.000	39.7	0	-200	0	4.5	2451.29	1449.88	572.223	196.513	43.4334	50.0867	73.6225	55.7308	9.80269	0	0	0	0	0	0	0	0	0	0	0	0
00.000,00.000	39.8	0	-200	0	4.5	2451.36	1449.93	572.225	196.521	43.4334	50.0867	73.6256	55.7368	9.80411	0	0	0	0	0	0	0	0	0	0	0	0
00.000,00.000	39.9	0	-200	0	4.5	2463.62	1458.77	572.546	197.798	43.4334	50.0867	74.1527	56.7729	10.054	0	0	0	0	0	0	0	0	0	0	0	0
00.000,00.000	40	0	-200	0	4.5	2466.94	1461.17	572.667	198.102	43.4334	50.0867	74.3131	57.0335	10.1317	0	0	0	0	0	0	0	0	0	0	0	0
00.000,00.000	40.1	0	-200	0	4.5	2474.88	1466.91	572.885	198.895	43.4334	50.0867	74.6379	57.7361	10.2979	0	0	0	0	0	0	0	0	0	0	0	0
00.000,00.000	40.2	0	-200	0	4.5	2479.33	1470.15	573.013	199.309	43.4334	50.0867	74.8236	58.1173	10.3959	0	0	0	0	0	0	0	0	0	0	0	0
00.000,00.000	40.3	0	-200	0	4.5	2481.84	1471.96	573.074	199.564	43.4334	50.0867	74.9202	58.3458	10.4489	0	0	0	0	0	0	0	0	0	0	0	0
00.000,00.000	40.4	0	-200	0	4.5	2484.45	1473.88	573.142	199.815	43.4334	50.0867	75.0123	58.5758	10.5018	0	0	0	0	0	0	0	0	0	0	0	0
00.000,00.000	40.5	0	-200	0	4.5	2486.99	1475.73	573.229	200.059	43.4334	50.0867	75.1003	58.8029	10.5548	0	0	0	0	0	0	0	0	0	0	0	0
00.000,00.000	40.6	0	-200	0	4.5	2504.44	1487.67	573.885	202.01	43.4334	50.0867	75.7642	60.6885	10.9073	0	0	0	0	0	0	0	0	0	0	0	0
00.000,00.000	40.7	0	-200	0	4.5	2508.06	1490.23	574.037	202.378	43.4334	50.0867	75.9039	61.0236	10.9599	0	0	0	0	0	0	0	0	0	0	0	0
00.000,00.000	40.8	0	-200	0	4.5	2511.31	1492.58	574.158	202.7	43.4334	50.0867	76.0046	61.3367	11.016	0	0	0	0	0	0	0	0	0	0	0	0
00.000,00.000	40.9	0	-200	0	4.5	2515.49	1495.64	574.309	203.092	43.4334	50.0867	76.1269	61.724	11.0845	0	0	0	0	0	0	0	0	0	0	0	0
00.000,00.000	41	0	-200	0	4.5	2516.26	1496.2	574.337	203.16	43.4334	50.0867	76.1514	61.7958	11.0968	0	0	0	0	0	0	0	0	0	0	0	0
00.000,00.000	41.1	0	-200	0	4.5	2526.42	1503.66	574.682	204.146	43.4334	50.0867	76.4092	62.695	11.2981	0	0	0	0	0	0	0	0	0	0	0	0
00.000,00.000	41.2	0	-200	0	4.5	2531.55	1507.43	574.86	204.628	43.4334	50.0867	76.5502	63.1386	11.4182	0	0	0	0	0	0	0	0	0	0	0	0
00.000,00.000	41.3	0	-200	0	4.5	2533.84	1509.14	574.935	204.832	43.4334	50.0867	76.6043	63.3394	11.467	0	0	0	0	0	0	0	0	0	0	0	0
00.000,00.000	41.4	0	-200	0	4.5	2536.04	1510.79	575.004	205.024	43.4334	50.0867	76.6521	63.5298	11.5131	0	0	0	0	0	0	0	0	0	0	0	0
00.000,00.000	41.5	0	-200	0	4.5	2539.03	1513.06	575.094	205.283	43.4334	50.0867	76.7121	63.7875	11.5755	0	0	0	0	0	0	0	0	0	0	0	0
00.000,00.000	41.6	0	-200	0	4.5	2548.21	1519.59	575.385	206.255	43.4334	50.0867	76.9117	64.7386	11.8164	0	0	0	0	0	0	0	0	0	0	0	0
00.000,00.000	41.7	0	-200	0	4.5	2561.28	1528.97	575.789	207.579	43.4334	50.0867	77.1458	66.0714	12.2045	0	0	0	0	0	0	0	0	0	0	0	0
00.000,00.000	41.8	0	-200	0	4.5	2562.8	1530.12	575.843	207.698	43.4334	50.0867	77.166	66.2104	12.2487	0	0	0	0	0	0	0	0	0	0	0	0
00.000,00.000	41.9	0	-200	0	4.5	2584.16	1545.93	576.483	209.589	43.4334	50.0867	77.4761	68.2704	12.8914	0	0	0	0	0	0	0	0	0	0	0	0
00.000,00.000	42	0	-200	0	4.5	2589.64	1549.97	576.697	210.124	43.4334	50.0867	77.5578	68.7305	13.0443	0	0	0	0	0	0	0	0	0	0	0	0