
label	time(d)	x	depth	z	radius	total	0-10	10-20	20-30	30-40	40-50	50-60	60-70	70-80	80-90	90-100	100-110	110-120	120-130	130-140	140-150	150-160	160-170	170-180	180-190	190-200
00.000,00.000	0	0	-200	0	4.5	0	0	0	0	0	0	0	0	0	0	0	0	0	0	0	0	0	0	0	0	0
00.000,00.000	0.1	0	-200	0	4.5	0.293975	0.293975	0	0	0	0	0	0	0	0	0	0	0	0	0	0	0	0	0	0	0
00.000,00.000	0.2	0	-200	0	4.5	0.590923	0.590923	0	0	0	0	0	0	0	0	0	0	0	0	0	0	0	0	0	0	0
00.000,00.000	0.3	0	-200	0	4.5	0.890001	0.890001	0	0	0	0	0	0	0	0	0	0	0	0	0	0	0	0	0	0	0
00.000,00.000	0.4	0	-200	0	4.5	1.19141	1.19141	0	0	0	0	0	0	0	0	0	0	0	0	0	0	0	0	0	0	0
00.000,00.000	0.5	0	-200	0	4.5	1.49517	1.49517	0	0	0	0	0	0	0	0	0	0	0	0	0	0	0	0	0	0	0
00.000,00.000	0.6	0	-200	0	4.5	1.801	1.801	0	0	0	0	0	0	0	0	0	0	0	0	0	0	0	0	0	0	0
00.000,00.000	0.7	0	-200	0	4.5	2.10884	2.10884	0	0	0	0	0	0	0	0	0	0	0	0	0	0	0	0	0	0	0
00.000,00.000	0.8	0	-200	0	4.5	2.41852	2.41852	0	0	0	0	0	0	0	0	0	0	0	0	0	0	0	0	0	0	0
00.000,00.000	0.9	0	-200	0	4.5	2.72945	2.72945	0	0	0	0	0	0	0	0	0	0	0	0	0	0	0	0	0	0	0
00.000,00.000	1	0	-200	0	4.5	3.04066	3.04066	0	0	0	0	0	0	0	0	0	0	0	0	0	0	0	0	0	0	0
00.000,00.000	1.1	0	-200	0	4.5	3.35739	3.35739	0	0	0	0	0	0	0	0	0	0	0	0	0	0	0	0	0	0	0
00.000,00.000	1.2	0	-200	0	4.5	3.68279	3.68279	0	0	0	0	0	0	0	0	0	0	0	0	0	0	0	0	0	0	0
00.000,00.000	1.3	0	-200	0	4.5	4.01834	4.01834	0	0	0	0	0	0	0	0	0	0	0	0	0	0	0	0	0	0	0
00.000,00.000	1.4	0	-200	0	4.5	4.36554	4.36554	0	0	0	0	0	0	0	0	0	0	0	0	0	0	0	0	0	0	0
00.000,00.000	1.5	0	-200	0	4.5	4.72569	4.72569	0	0	0	0	0	0	0	0	0	0	0	0	0	0	0	0	0	0	0
00.000,00.000	1.6	0	-200	0	4.5	5.09882	5.09882	0	0	0	0	0	0	0	0	0	0	0	0	0	0	0	0	0	0	0
00.000,00.000	1.7	0	-200	0	4.5	5.48465	5.48465	0	0	0	0	0	0	0	0	0	0	0	0	0	0	0	0	0	0	0
00.000,00.000	1.8	0	-200	0	4.5	5.88351	5.88351	0	0	0	0	0	0	0	0	0	0	0	0	0	0	0	0	0	0	0
00.000,00.000	1.9	0	-200	0	4.5	6.3222	6.3222	0	0	0	0	0	0	0	0	0	0	0	0	0	0	0	0	0	0	0
00.000,00.000	2	0	-200	0	4.5	6.80826	6.80826	0	0	0	0	0	0	0	0	0	0	0	0	0	0	0	0	0	0	0
00.000,00.000	2.1	0	-200	0	4.5	7.37214	7.37214	0	0	0	0	0	0	0	0	0	0	0	0	0	0	0	0	0	0	0
00.000,00.000	2.2	0	-200	0	4.5	8.08829	8.08829	0	0	0	0	0	0	0	0	0	0	0	0	0	0	0	0	0	0	0
00.000,00.000	2.3	0	-200	0	4.5	8.9505	8.72431	0.226186	0	0	0	0	0	0	0	0	0	0	0	0	0	0	0	0	0	0
00.000,00.000	2.4	0	-200	0	4.5	9.94479	9.4383	0.50649	0	0	0	0	0	0	0	0	0	0	0	0	0	0	0	0	0	0
00.000,00.000	2.5	0	-200	0	4.5	11.0501	10.2635	0.786639	0	0	0	0	0	0	0	0	0	0	0	0	0	0	0	0	0	0
00.000,00.000	2.6	0	-200	0	4.5	12.2614	11.1956	1.06581	0	0	0	0	0	0	0	0	0	0	0	0	0	0	0	0	0	0
00.000,00.000	2.7	0	-200	0	4.5	13.5851	12.2408	1.34431	0	0	0	0	0	0	0	0	0	0	0	0	0	0	0	0	0	0
00.000,00.000	2.8	0	-200	0	4.5	15.0473	13.4242	1.62317	0	0	0	0	0	0	0	0	0	0	0	0	0	0	0	0	0	0
00.000,00.000	2.9	0	-200	0	4.5	16.6849	14.7793	1.90556	0	0	0	0	0	0	0	0	0	0	0	0	0	0	0	0	0	0
00.000,00.000	3	0	-200	0	4.5	18.4754	16.282	2.19342	0	0	0	0	0	0	0	0	0	0	0	0	0	0	0	0	0	0
00.000,00.000	3.1	0	-200	0	4.5	20.3482	17.8622	2.48602	0	0	0	0	0	0	0	0	0	0	0	0	0	0	0	0	0	0
00.000,00.000	3.2	0	-200	0	4.5	22.1815	19.4033	2.77821	0	0	0	0	0	0	0	0	0	0	0	0	0	0	0	0	0	0
00.000,00.000	3.3	0	-200	0	4.5	24.0051	20.9347	3.07036	0	0	0	0	0	0	0	0	0	0	0	0	0	0	0	0	0	0
00.000,00.000	3.4	0	-200	0	4.5	25.81	22.4474	3.36259	0	0	0	0	0	0	0	0	0	0	0	0	0	0	0	0	0	0
00.000,00.000	3.5	0	-200	0	4.5	27.5763	23.9228	3.65351	0	0	0	0	0	0	0	0	0	0	0	0	0	0	0	0	0	0
00.000,00.000	3.6	0	-200	0	4.5	29.3039	25.3614	3.94257	0	0	0	0	0	0	0	0	0	0	0	0	0	0	0	0	0	0
00.000,00.000	3.7	0	-200	0	4.5	31.0051	26.775	4.2301	0	0	0	0	0	0	0	0	0	0	0	0	0	0	0	0	0	0
00.000,00.000	3.8	0	-200	0	4.5	32.6948	28.1784	4.51644	0	0	0	0	0	0	0	0	0	0	0	0	0	0	0	0	0	0
00.000,00.000	3.9	0	-200	0	4.5	34.2512	29.4496	4.80159	0	0	0	0	0	0	0	0	0	0	0	0	0	0	0	0	0	0
00.000,00.000	4	0	-200	0	4.5	35.6311	30.5447	5.0864	0	0	0	0	0	0	0	0	0	0	0	0	0	0	0	0	0	0
00.000,00.000	4.1	0	-200	0	4.5	37.0147	31.6431	5.37157	0	0	0	0	0	0	0	0	0	0	0	0	0	0	0	0	0	0
00.000,00.000	4.2	0	-200	0	4.5	38.2143	32.5566	5.65775	0	0	0	0	0	0	0	0	0	0	0	0	0	0	0	0	0	0
00.000,00.000	4.3	0	-200	0	4.5	39.0406	33.0955	5.94509	0	0	0	0	0	0	0	0	0	0	0	0	0	0	0	0	0	0
00.000,00.000	4.4	0	-200	0	4.5	39.7221	33.4888	6.23332	0	0	0	0	0	0	0	0	0	0	0	0	0	0	0	0	0	0
00.000,00.000	4.5	0	-200	0	4.5	40.2574	33.7361	6.5213	0	0	0	0	0	0	0	0	0	0	0	0	0	0	0	0	0	0
00.000,00.000	4.6	0	-200	0	4.5	40.781	33.9726	6.80836	0	0	0	0	0	0	0	0	0	0	0	0	0	0	0	0	0	0
00.000,00.000	4.7	0	-200	0	4.5	41.2972	34.2032	7.09402	0	0	0	0	0	0	0	0	0	0	0	0	0	0	0	0	0	0
00.000,00.000	4.8	0	-200	0	4.5	41.8082	34.4299	7.37829	0	0	0	0	0	0	0	0	0	0	0	0	0	0	0	0	0	0
00.000,00.000	4.9	0	-200	0	4.5	42.2977	34.6364	7.66126	0	0	0	0	0	0	0	0	0	0	0	0	0	0	0	0	0	0
00.000,00.000	5	0	-200	0	4.5	42.6	34.6571	7.94298	0	0	0	0	0	0	0	0	0	0	0	0	0	0	0	0	0	0
00.000,00.000	5.1	0	-200	0	4.5	42.9017	34.678	8.22374	0	0	0	0	0	0	0	0	0	0	0	0	0	0	0	0	0	0
00.000,00.000	5.2	0	-200	0	4.5	43.2066	34.7029	8.50364	0	0	0	0	0	0	0	0	0	0	0	0	0	0	0	0	0	0
00.000,00.000	5.3	0	-200	0	4.5	43.5173	34.7343	8.78295	0	0	0	0	0	0	0	0	0	0	0	0	0	0	0	0	0	0
00.000,00.000	5.4	0	-200	0	4.5	43.8343	34.7724	9.06191	0	0	0	0	0	0	0	0	0	0	0	0	0	0	0	0	0	0
00.000,00.000	5.5	0	-200	0	4.5	44.1569	34.8165	9.34045	0	0	0	0	0	0	0	0	0	0	0	0	0	0	0	0	0	0
00.000,00.000	5.6	0	-200	0	4.5	44.4869	34.8681	9.61885	0	0	0	0	0	0	0	0	0	0	0	0	0	0	0	0	0	0
00.000,00.000	5.7	0	-200	0	4.5	44.8241	34.927	9.89702	0	0	0	0	0	0	0	0	0	0	0	0	0	0	0	0	0	0
00.000,00.000	5.8	0	-200	0	4.5	45.1682	34.9934	10.1748	0	0	0	0	0	0	0	0	0	0	0	0	0	0	0	0	0	0
00.000,00.000	5.9	0	-200	0	4.5	45.5203	35.0681	10.2033	0.248864	0	0	0	0	0	0	0	0	0	0	0	0	0	0	0	0	0
00.000,00.000	6	0	-200	0	4.5	45.8838	35.1552	10.2032	0.525478	0	0	0	0	0	0	0	0	0	0	0	0	0	0	0	0	0
00.000,00.000	6.1	0	-200	0	4.5	46.2596	35.2553	10.2032	0.801146	0	0	0	0	0	0	0	0	0	0	0	0	0	0	0	0	0
00.000,00.000	6.2	0	-200	0	4.5	46.6507	35.3715	10.2032	1.07609	0	0	0	0	0	0	0	0	0	0	0	0	0	0	0	0	0
00.000,00.000	6.3	0	-200	0	4.5	47.058	35.5035	10.2042	1.35032	0	0	0	0	0	0	0	0	0	0	0	0	0	0	0	0	0
00.000,00.000	6.4	0	-200	0	4.5	47.4846	35.655	10.2056	1.62393	0	0	0	0	0	0	0	0	0	0	0	0	0	0	0	0	0
00.000,00.000	6.5	0	-200	0	4.5	47.9312	35.8262	10.2084	1.89663	0	0	0	0	0	0	0	0	0	0	0	0	0	0	0	0	0
00.000,00.000	6.6	0	-200	0	4.5	48.4034	36.0223	10.2123	2.16884	0	0	0	0	0	0	0	0	0	0	0	0	0	0	0	0	0
00.000,00.000	6.7	0	-200	0	4.5	48.9091	36.2492	10.2194	2.44048	0	0	0	0	0	0	0	0	0	0	0	0	0	0	0	0	0
00.000,00.000	6.8	0	-200	0	4.5	49.4453	36.5053	10.2285	2.71147	0	0	0	0	0	0	0	0	0	0	0	0	0	0	0	0	0
00.000,00.000	6.9	0	-200	0	4.5	50.0268	36.8041	10.2408	2.98193	0	0	0	0	0	0	0	0	0	0	0	0	0	0	0	0	0
00.000,00.000	7	0	-200	0	4.5	50.658	37.1491	10.2572	3.2517	0	0	0	0	0	0	0	0	0	0	0	0	0	0	0	0	0
00.000,00.000	7.1	0	-200	0	4.5	51.345	37.5472	10.2771	3.52079	0	0	0	0	0	0	0	0	0	0	0	0	0	0	0	0	0
00.000,00.000	7.2	0	-200	0	4.5	52.0984	38.0071	10.3021	3.78913	0	0	0	0	0	0	0	0	0	0	0	0	0	0	0	0	0
00.000,00.000	7.3	0	-200	0	4.5	52.9149	38.5267	10.3313	4.05679	0	0	0	0	0	0	0	0	0	0	0	0	0	0	0	0	0
00.000,00.000	7.4	0	-200	0	4.5	53.7971	39.1074	10.3659	4.32377	0	0	0	0	0	0	0	0	0	0	0	0	0	0	0	0	0
00.000,00.000	7.5	0	-200	0	4.5	54.7264	39.7321	10.4047	4.58971	0	0	0	0	0	0	0	0	0	0	0	0	0	0	0	0	0
00.000,00.000	7.6	0	-200	0	4.5	55.7158	40.4119	10.4489	4.85505	0	0	0	0	0	0	0	0	0	0	0	0	0	0	0	0	0
00.000,00.000	7.7	0	-200	0	4.5	56.7659	41.1473	10.4989	5.11977	0	0	0	0	0	0	0	0	0	0	0	0	0	0	0	0	0
00.000,00.000	7.8	0	-200	0	4.5	57.8793	41.9413	10.5541	5.38392	0	0	0	0	0	0	0	0	0	0	0	0	0	0	0	0	0
00.000,00.000	7.9	0	-200	0	4.5	59.0773	42.8137	10.616	5.64765	0	0	0	0	0	0	0	0	0	0	0	0	0	0	0	0	0
00.000,00.000	8	0	-200	0	4.5	60.3512	43.7564	10.6841	5.91069	0	0	0	0	0	0	0	0	0	0	0	0	0	0	0	0	0
00.000,00.000	8.1	0	-200	0	4.5	61.7092	44.7779	10.7581	6.17316	0	0	0	0	0	0	0	0	0	0	0	0	0	0	0	0	0
00.000,00.000	8.2	0	-200	0	4.5	63.184	45.9096	10.8394	6.43504	0	0	0	0	0	0	0	0	0	0	0	0	0	0	0	0	0
00.000,00.000	8.3	0	-200	0	4.5	64.7876	47.1613	10.9299	6.69631	0	0	0	0	0	0	0	0	0	0	0	0	0	0	0	0	0
00.000,00.000	8.4	0	-200	0	4.5	66.4973	48.5112	11.0291	6.95697	0	0	0	0	0	0	0	0	0	0	0	0	0	0	0	0	0
00.000,00.000	8.5	0	-200	0	4.5	68.2685	49.9148	11.1371	7.21669	0	0	0	0	0	0	0	0	0	0	0	0	0	0	0	0	0
00.000,00.000	8.6	0	-200	0	4.5	70.1149	51.3841	11.2549	7.47588	0	0	0	0	0	0	0	0	0	0	0	0	0	0	0	0	0
00.000,00.000	8.7	0	-200	0	4.5	72.0349	52.918	11.3824	7.73448	0	0	0	0	0	0	0	0	0	0	0	0	0	0	0	0	0
00.000,00.000	8.8	0	-200	0	4.5	74.0413	54.5297	11.519	7.99265	0	0	0	0	0	0	0	0	0	0	0	0	0	0	0	0	0
00.000,00.000	8.9	0	-200	0	4.5	76.1819	56.2655	11.6658	8.25059	0	0	0	0	0	0	0	0	0	0	0	0	0	0	0	0	0
00.000,00.000	9	0	-200	0	4.5	78.4617	58.1308	11.8229	8.50806	0	0	0	0	0	0	0	0	0	0	0	0	0	0	0	0	0
00.000,00.000	9.1	0	-200	0	4.5	80.8822	60.1246	11.9925	8.7651	0	0	0	0	0	0	0	0	0	0	0	0	0	0	0	0	0
00.000,00.000	9.2	0	-200	0	4.5	83.438	62.2414	12.1749	9.02171	0	0	0	0	0	0	0	0	0	0	0	0	0	0	0	0	0
00.000,00.000	9.3	0	-200	0	4.5	86.1299	64.4818	12.3701	9.27791	0	0	0	0	0	0	0	0	0	0	0	0	0	0	0	0	0
00.000,00.000	9.4	0	-200	0	4.5	88.9412	66.8289	12.5786	9.53376	0	0	0	0	0	0	0	0	0	0	0	0	0	0	0	0	0
00.000,00.000	9.5	0	-200	0	4.5	91.8106	69.223	12.7987	9.78892	0	0	0	0	0	0	0	0	0	0	0	0	0	0	0	0	0
00.000,00.000	9.6	0	-200	0	4.5	94.7483	71.6741	13.0302	10.044	0	0	0	0	0	0	0	0	0	0	0	0	0	0	0	0	0
00.000,00.000	9.7	0	-200	0	4.5	97.6689	74.1919	13.2722	10.0675	0.137299	0	0	0	0	0	0	0	0	0	0	0	0	0	0	0	0
00.000,00.000	9.8	0	-200	0	4.5	100.814	76.8048	13.5255	10.0907	0.393173	0	0	0	0	0	0	0	0	0	0	0	0	0	0	0	0
00.000,00.000	9.9	0	-200	0	4.5	103.86	79.5843	13.7921	10.0907	0.393173	0	0	0	0	0	0	0	0	0	0	0	0	0	0	0	0
00.000,00.000	10	0	-200	0	4.5	107.086	82.5293	14.0726	10.0907	0.393173	0	0	0	0	0	0	0	0	0	0	0	0	0	0	0	0
00.000,00.000	10.1	0	-200	0	4.5	110.488	85.6354	14.3684	10.0909	0.393173	0	0	0	0	0	0	0	0	0	0	0	0	0	0	0	0
00.000,00.000	10.2	0	-200	0	4.5	114.056	88.8908	14.6799	10.092	0.393173	0	0	0	0	0	0	0	0	0	0	0	0	0	0	0	0
00.000,00.000	10.3	0	-200	0	4.5	117.794	92.299	15.0069	10.0948	0.393173	0	0	0	0	0	0	0	0	0	0	0	0	0	0	0	0
00.000,00.000	10.4	0	-200	0	4.5	121.68	95.8376	15.3488	10.1	0.393173	0	0	0	0	0	0	0	0	0	0	0	0	0	0	0	0
00.000,00.000	10.5	0	-200	0	4.5	125.63	99.4268	15.7028	10.1075	0.393173	0	0	0	0	0	0	0	0	0	0	0	0	0	0	0	0
00.000,00.000	10.6	0	-200	0	4.5	129.651	103.072	16.0681	10.1174	0.393173	0	0	0	0	0	0	0	0	0	0	0	0	0	0	0	0
00.000,00.000	10.7	0	-200	0	4.5	133.757	106.79	16.4439	10.1304	0.393173	0	0	0	0	0	0	0	0	0	0	0	0	0	0	0	0
00.000,00.000	10.8	0	-200	0	4.5	137.96	110.589	16.8302	10.1476	0.393173	0	0	0	0	0	0	0	0	0	0	0	0	0	0	0	0
00.000,00.000	10.9	0	-200	0	4.5	142.384	114.593	17.2284	10.1689	0.393173	0	0	0	0	0	0	0	0	0	0	0	0	0	0	0	0
00.000,00.000	11	0	-200	0	4.5	147.042	118.815	17.6397	10.1948	0.393173	0	0	0	0	0	0	0	0	0	0	0	0	0	0	0	0
00.000,00.000	11.1	0	-200	0	4.5	151.913	123.228	18.0655	10.2256	0.393173	0	0	0	0	0	0	0	0	0	0	0	0	0	0	0	0
00.000,00.000	11.2	0	-200	0	4.5	157.044	127.879	18.508	10.263	0.393173	0	0	0	0	0	0	0	0	0	0	0	0	0	0	0	0
00.000,00.000	11.3	0	-200	0	4.5	162.41	132.742	18.9684	10.3068	0.393173	0	0	0	0	0	0	0	0	0	0	0	0	0	0	0	0
00.000,00.000	11.4	0	-200	0	4.5	167.954	137.758	19.4462	10.357	0.393173	0	0	0	0	0	0	0	0	0	0	0	0	0	0	0	0
00.000,00.000	11.5	0	-200	0	4.5	173.54	142.797	19.9369	10.4134	0.393173	0	0	0	0	0	0	0	0	0	0	0	0	0	0	0	0
00.000,00.000	11.6	0	-200	0	4.5	179.178	147.867	20.4393	10.4783	0.393173	0	0	0	0	0	0	0	0	0	0	0	0	0	0	0	0
00.000,00.000	11.7	0	-200	0	4.5	184.906	153.009	20.9528	10.5513	0.393173	0	0	0	0	0	0	0	0	0	0	0	0	0	0	0	0
00.000,00.000	11.8	0	-200	0	4.5	190.779	158.275	21.4784	10.6324	0.393173	0	0	0	0	0	0	0	0	0	0	0	0	0	0	0	0
00.000,00.000	11.9	0	-200	0	4.5	196.966	163.831	22.0192	10.7227	0.393173	0	0	0	0	0	0	0	0	0	0	0	0	0	0	0	0
00.000,00.000	12	0	-200	0	4.5	203.417	169.622	22.579	10.823	0.393173	0	0	0	0	0	0	0	0	0	0	0	0	0	0	0	0
00.000,00.000	12.1	0	-200	0	4.5	210.113	175.625	23.1611	10.9341	0.393173	0	0	0	0	0	0	0	0	0	0	0	0	0	0	0	0
00.000,00.000	12.2	0	-200	0	4.5	216.906	181.664	23.7925	11.0562	0.393173	0	0	0	0	0	0	0	0	0	0	0	0	0	0	0	0
00.000,00.000	12.3	0	-200	0	4.5	223.709	187.696	24.4311	11.1883	0.393173	0	0	0	0	0	0	0	0	0	0	0	0	0	0	0	0
00.000,00.000	12.4	0	-200	0	4.5	230.6	193.79	25.0844	11.333	0.393173	0	0	0	0	0	0	0	0	0	0	0	0	0	0	0	0
00.000,00.000	12.5	0	-200	0	4.5	237.515	199.877	25.7551	11.4901	0.393173	0	0	0	0	0	0	0	0	0	0	0	0	0	0	0	0
00.000,00.000	12.6	0	-200	0	4.5	244.376	205.892	26.4328	11.6582	0.393173	0	0	0	0	0	0	0	0	0	0	0	0	0	0	0	0
00.000,00.000	12.7	0	-200	0	4.5	251.263	211.912	27.1204	11.8376	0.393173	0	0	0	0	0	0	0	0	0	0	0	0	0	0	0	0
00.000,00.000	12.8	0	-200	0	4.5	258.235	217.994	27.8193	12.028	0.393173	0	0	0	0	0	0	0	0	0	0	0	0	0	0	0	0
00.000,00.000	12.9	0	-200	0	4.5	265.312	224.164	28.5256	12.2293	0.393173	0	0	0	0	0	0	0	0	0	0	0	0	0	0	0	0
00.000,00.000	13	0	-200	0	4.5	272.61	230.522	29.2506	12.4442	0.393173	0	0	0	0	0	0	0	0	0	0	0	0	0	0	0	0
00.000,00.000	13.1	0	-200	0	4.5	280.004	236.636	30.3021	12.6719	0.393173	0	0	0	0	0	0	0	0	0	0	0	0	0	0	0	0
00.000,00.000	13.2	0	-200	0	4.5	287.623	242.723	31.5946	12.9122	0.393173	0	0	0	0	0	0	0	0	0	0	0	0	0	0	0	0
00.000,00.000	13.3	0	-200	0	4.5	295.434	248.968	32.9073	13.1657	0.393173	0	0	0	0	0	0	0	0	0	0	0	0	0	0	0	0
00.000,00.000	13.4	0	-200	0	4.5	303.34	255.272	34.2407	13.4341	0.393173	0	0	0	0	0	0	0	0	0	0	0	0	0	0	0	0
00.000,00.000	13.5	0	-200	0	4.5	311.273	261.566	35.5951	13.7183	0.393173	0	0	0	0	0	0	0	0	0	0	0	0	0	0	0	0
00.000,00.000	13.6	0	-200	0	4.5	319.115	267.554	37.1526	14.0151	0.393173	0	0	0	0	0	0	0	0	0	0	0	0	0	0	0	0
00.000,00.000	13.7	0	-200	0	4.5	326.867	273.433	38.7149	14.3252	0.393173	0	0	0	0	0	0	0	0	0	0	0	0	0	0	0	0
00.000,00.000	13.8	0	-200	0	4.5	334.647	279.321	40.2824	14.6502	0.393173	0	0	0	0	0	0	0	0	0	0	0	0	0	0	0	0
00.000,00.000	13.9	0	-200	0	4.5	342.523	285.294	41.8477	14.9881	0.393173	0	0	0	0	0	0	0	0	0	0	0	0	0	0	0	0
00.000,00.000	14	0	-200	0	4.5	350.507	291.339	43.4315	15.3432	0.393173	0	0	0	0	0	0	0	0	0	0	0	0	0	0	0	0
00.000,00.000	14.1	0	-200	0	4.5	358.594	297.455	45.0313	15.714	0.393173	0	0	0	0	0	0	0	0	0	0	0	0	0	0	0	0
00.000,00.000	14.2	0	-200	0	4.5	366.673	303.536	46.6436	16.1008	0.393173	0	0	0	0	0	0	0	0	0	0	0	0	0	0	0	0
00.000,00.000	14.3	0	-200	0	4.5	374.745	309.583	48.2647	16.5035	0.393173	0	0	0	0	0	0	0	0	0	0	0	0	0	0	0	0
00.000,00.000	14.4	0	-200	0	4.5	382.803	315.596	49.8922	16.9219	0.393173	0	0	0	0	0	0	0	0	0	0	0	0	0	0	0	0
00.000,00.000	14.5	0	-200	0	4.5	390.733	321.454	51.5278	17.3577	0.393173	0	0	0	0	0	0	0	0	0	0	0	0	0	0	0	0
00.000,00.000	14.6	0	-200	0	4.5	398.531	327.161	53.1654	17.8112	0.393173	0	0	0	0	0	0	0	0	0	0	0	0	0	0	0	0
00.000,00.000	14.7	0	-200	0	4.5	406.133	332.685	54.7798	18.275	0.393173	0	0	0	0	0	0	0	0	0	0	0	0	0	0	0	0
00.000,00.000	14.8	0	-200	0	4.5	413.596	338.064	56.3856	18.7533	0.393173	0	0	0	0	0	0	0	0	0	0	0	0	0	0	0	0
00.000,00.000	14.9	0	-200	0	4.5	421.001	343.378	57.9834	19.2459	0.393173	0	0	0	0	0	0	0	0	0	0	0	0	0	0	0	0
00.000,00.000	15	0	-200	0	4.5	428.396	348.684	59.5734	19.7455	0.393173	0	0	0	0	0	0	0	0	0	0	0	0	0	0	0	0
00.000,00.000	15.1	0	-200	0	4.5	435.735	353.916	61.1608	20.2587	0.399528	0	0	0	0	0	0	0	0	0	0	0	0	0	0	0	0
00.000,00.000	15.2	0	-200	0	4.5	442.947	359.007	62.7438	20.7866	0.409819	0	0	0	0	0	0	0	0	0	0	0	0	0	0	0	0
00.000,00.000	15.3	0	-200	0	4.5	450.07	363.999	64.3212	21.3289	0.420641	0	0	0	0	0	0	0	0	0	0	0	0	0	0	0	0
00.000,00.000	15.4	0	-200	0	4.5	457.004	368.884	65.8027	21.8857	0.432423	0	0	0	0	0	0	0	0	0	0	0	0	0	0	0	0
00.000,00.000	15.5	0	-200	0	4.5	463.611	373.614	67.094	22.4586	0.444643	0	0	0	0	0	0	0	0	0	0	0	0	0	0	0	0
00.000,00.000	15.6	0	-200	0	4.5	472.375	379.817	68.8371	23.2598	0.460699	0	0	0	0	0	0	0	0	0	0	0	0	0	0	0	0
00.000,00.000	15.7	0	-200	0	4.5	479.246	384.629	70.2194	23.9228	0.474946	0	0	0	0	0	0	0	0	0	0	0	0	0	0	0	0
00.000,00.000	15.8	0	-200	0	4.5	483.57	387.624	71.0996	24.3617	0.484619	0	0	0	0	0	0	0	0	0	0	0	0	0	0	0	0
00.000,00.000	15.9	0	-200	0	4.5	490.343	392.297	72.4703	25.0759	0.49975	0	0	0	0	0	0	0	0	0	0	0	0	0	0	0	0
00.000,00.000	16	0	-200	0	4.5	496.573	396.56	73.7385	25.7597	0.514856	0	0	0	0	0	0	0	0	0	0	0	0	0	0	0	0
00.000,00.000	16.1	0	-200	0	4.5	502.321	400.466	74.9092	26.4161	0.529234	0	0	0	0	0	0	0	0	0	0	0	0	0	0	0	0
00.000,00.000	16.2	0	-200	0	4.5	508.029	404.327	76.0675	27.0905	0.543644	0	0	0	0	0	0	0	0	0	0	0	0	0	0	0	0
00.000,00.000	16.3	0	-200	0	4.5	513.683	408.132	77.2102	27.7816	0.55863	0	0	0	0	0	0	0	0	0	0	0	0	0	0	0	0
00.000,00.000	16.4	0	-200	0	4.5	519.263	411.873	78.3341	28.4822	0.573833	0	0	0	0	0	0	0	0	0	0	0	0	0	0	0	0
00.000,00.000	16.5	0	-200	0	4.5	526.453	416.656	79.7877	29.4142	0.594388	0	0	0	0	0	0	0	0	0	0	0	0	0	0	0	0
00.000,00.000	16.6	0	-200	0	4.5	534.03	421.643	81.3268	30.4407	0.617622	0.00224913	0	0	0	0	0	0	0	0	0	0	0	0	0	0	0
00.000,00.000	16.7	0	-200	0	4.5	537.128	423.578	81.9347	30.8433	0.62758	0.144126	0	0	0	0	0	0	0	0	0	0	0	0	0	0	0
00.000,00.000	16.8	0	-200	0	4.5	539.65	425.133	82.4281	31.1896	0.635815	0.263489	0	0	0	0	0	0	0	0	0	0	0	0	0	0	0
00.000,00.000	16.9	0	-200	0	4.5	544.202	427.95	83.1427	31.991	0.651902	0.466776	0	0	0	0	0	0	0	0	0	0	0	0	0	0	0
00.000,00.000	17	0	-200	0	4.5	550.415	431.783	83.999	33.2114	0.674895	0.746861	0	0	0	0	0	0	0	0	0	0	0	0	0	0	0
00.000,00.000	17.1	0	-200	0	4.5	555.773	435.09	84.7241	34.2712	0.695747	0.992001	0	0	0	0	0	0	0	0	0	0	0	0	0	0	0
00.000,00.000	17.2	0	-200	0	4.5	560.563	438.207	85.3834	35.0346	0.715903	1.22199	0	0	0	0	0	0	0	0	0	0	0	0	0	0	0
00.000,00.000	17.3	0	-200	0	4.5	565.318	441.355	86.0249	35.7487	0.736798	1.4524	0	0	0	0	0	0	0	0	0	0	0	0	0	0	0
00.000,00.000	17.4	0	-200	0	4.5	570.03	444.491	86.6514	36.4462	0.758666	1.6826	0	0	0	0	0	0	0	0	0	0	0	0	0	0	0
00.000,00.000	17.5	0	-200	0	4.5	577.876	449.67	87.7269	37.6245	0.796546	2.05835	0	0	0	0	0	0	0	0	0	0	0	0	0	0	0
00.000,00.000	17.6	0	-200	0	4.5	584.057	453.704	88.6218	38.5216	0.828846	2.38072	0	0	0	0	0	0	0	0	0	0	0	0	0	0	0
00.000,00.000	17.7	0	-200	0	4.5	585.855	454.863	88.8879	38.788	0.838904	2.47698	0	0	0	0	0	0	0	0	0	0	0	0	0	0	0
00.000,00.000	17.8	0	-200	0	4.5	587.079	455.638	89.0712	38.9804	0.8459	2.54303	0	0	0	0	0	0	0	0	0	0	0	0	0	0	0
00.000,00.000	17.9	0	-200	0	4.5	589.914	457.473	89.4822	39.406	0.861979	2.68572	0.00548889	0	0	0	0	0	0	0	0	0	0	0	0	0	0
00.000,00.000	18	0	-200	0	4.5	595.869	461.362	90.3384	40.2694	0.896343	2.68572	0.316716	0	0	0	0	0	0	0	0	0	0	0	0	0	0
00.000,00.000	18.1	0	-200	0	4.5	600.726	464.573	91.0475	40.922	0.925655	2.68572	0.572439	0	0	0	0	0	0	0	0	0	0	0	0	0	0
00.000,00.000	18.2	0	-200	0	4.5	605.119	467.499	91.5926	41.5889	0.952128	2.68572	0.800164	0	0	0	0	0	0	0	0	0	0	0	0	0	0
00.000,00.000	18.3	0	-200	0	4.5	609.565	470.473	92.0187	42.3802	0.97931	2.68572	1.02729	0	0	0	0	0	0	0	0	0	0	0	0	0	0
00.000,00.000	18.4	0	-200	0	4.5	614.052	473.487	92.4526	43.1655	1.00737	2.68572	1.25453	0	0	0	0	0	0	0	0	0	0	0	0	0	0
00.000,00.000	18.5	0	-200	0	4.5	622.552	479.172	93.2902	44.675	1.06185	2.68572	1.66792	0	0	0	0	0	0	0	0	0	0	0	0	0	0
00.000,00.000	18.6	0	-200	0	4.5	628.641	483.2	93.9069	45.7641	1.10293	2.68572	1.98154	0	0	0	0	0	0	0	0	0	0	0	0	0	0
00.000,00.000	18.7	0	-200	0	4.5	629.759	483.938	94.0236	45.9614	1.11087	2.68572	2.03919	0	0	0	0	0	0	0	0	0	0	0	0	0	0
00.000,00.000	18.8	0	-200	0	4.5	630.595	484.487	94.1122	46.1112	1.11677	2.68572	2.08234	0	0	0	0	0	0	0	0	0	0	0	0	0	0
00.000,00.000	18.9	0	-200	0	4.5	634.226	486.929	94.4907	46.7189	1.14131	2.68572	2.26069	0	0	0	0	0	0	0	0	0	0	0	0	0	0
00.000,00.000	19	0	-200	0	4.5	640.723	491.308	95.2009	47.7721	1.18487	2.68572	2.57177	0	0	0	0	0	0	0	0	0	0	0	0	0	0
00.000,00.000	19.1	0	-200	0	4.5	646.074	494.915	95.8052	48.6224	1.22106	2.68572	2.82391	0	0	0	0	0	0	0	0	0	0	0	0	0	0
00.000,00.000	19.2	0	-200	0	4.5	650.923	498.17	96.3672	49.3952	1.25543	2.68572	3.04948	0	0	0	0	0	0	0	0	0	0	0	0	0	0
00.000,00.000	19.3	0	-200	0	4.5	655.812	501.439	96.954	50.1687	1.29045	2.68572	3.27448	0	0	0	0	0	0	0	0	0	0	0	0	0	0
00.000,00.000	19.4	0	-200	0	4.5	660.752	504.732	97.5706	50.938	1.3262	2.68572	3.49909	0	0	0	0	0	0	0	0	0	0	0	0	0	0
00.000,00.000	19.5	0	-200	0	4.5	665.697	508.003	98.215	51.705	1.36283	2.68572	3.72475	0	0	0	0	0	0	0	0	0	0	0	0	0	0
00.000,00.000	19.6	0	-200	0	4.5	675.291	514.223	99.5467	53.22	1.43759	2.68572	4.17773	0	0	0	0	0	0	0	0	0	0	0	0	0	0
00.000,00.000	19.7	0	-200	0	4.5	679.975	517.273	100.214	53.9313	1.47443	2.68572	4.39685	0	0	0	0	0	0	0	0	0	0	0	0	0	0
00.000,00.000	19.8	0	-200	0	4.5	682.734	519.054	100.625	54.3465	1.49658	2.68572	4.52547	0	0	0	0	0	0	0	0	0	0	0	0	0	0
00.000,00.000	19.9	0	-200	0	4.5	683.402	519.492	100.725	54.4409	1.50185	2.68572	4.55555	0	0	0	0	0	0	0	0	0	0	0	0	0	0
00.000,00.000	20	0	-200	0	4.5	691.855	524.985	102.063	55.6185	1.56973	2.68572	4.93319	0	0	0	0	0	0	0	0	0	0	0	0	0	0
00.000,00.000	20.1	0	-200	0	4.5	698.128	528.777	103.324	56.4964	1.6224	2.68572	5.22212	0	0	0	0	0	0	0	0	0	0	0	0	0	0
00.000,00.000	20.2	0	-200	0	4.5	703.117	531.705	104.458	57.1578	1.66405	2.68572	5.44581	0	0	0	0	0	0	0	0	0	0	0	0	0	0
00.000,00.000	20.3	0	-200	0	4.5	708.215	534.655	105.663	57.8031	1.73962	2.68572	5.66839	0	0	0	0	0	0	0	0	0	0	0	0	0	0
00.000,00.000	20.4	0	-200	0	4.5	713.409	537.357	107.225	58.434	1.81659	2.68572	5.89078	0	0	0	0	0	0	0	0	0	0	0	0	0	0
00.000,00.000	20.5	0	-200	0	4.5	718.665	539.855	109.061	59.0538	1.89526	2.68572	6.1138	0	0	0	0	0	0	0	0	0	0	0	0	0	0
00.000,00.000	20.6	0	-200	0	4.5	733.538	546.369	114.636	60.9072	2.14036	2.68572	6.80006	0	0	0	0	0	0	0	0	0	0	0	0	0	0
00.000,00.000	20.7	0	-200	0	4.5	739.591	549.168	116.813	61.6179	2.23777	2.68572	7.06835	0	0	0	0	0	0	0	0	0	0	0	0	0	0
00.000,00.000	20.8	0	-200	0	4.5	739.85	549.293	116.9	61.6487	2.2422	2.68572	7.08024	0	0	0	0	0	0	0	0	0	0	0	0	0	0
00.000,00.000	20.9	0	-200	0	4.5	740.25	549.498	117.029	61.6917	2.24863	2.68572	7.09721	0	0	0	0	0	0	0	0	0	0	0	0	0	0
00.000,00.000	21	0	-200	0	4.5	750.936	555.063	120.436	62.7895	2.42024	2.68572	7.54139	0	0	0	0	0	0	0	0	0	0	0	0	0	0
00.000,00.000	21.1	0	-200	0	4.5	757.968	558.846	122.525	63.5106	2.55564	2.68572	7.84443	0	0	0	0	0	0	0	0	0	0	0	0	0	0
00.000,00.000	21.2	0	-200	0	4.5	763.262	561.755	124.111	63.9811	2.66623	2.68572	8.06273	0	0	0	0	0	0	0	0	0	0	0	0	0	0
00.000,00.000	21.3	0	-200	0	4.5	768.771	564.811	125.752	64.4628	2.77765	2.68572	8.28246	0	0	0	0	0	0	0	0	0	0	0	0	0	0
00.000,00.000	21.4	0	-200	0	4.5	774.506	568.011	127.47	64.9445	2.89003	2.68583	8.50435	0	0	0	0	0	0	0	0	0	0	0	0	0	0
00.000,00.000	21.5	0	-200	0	4.5	780.335	571.263	129.238	65.4187	3.00247	2.68709	8.72659	0	0	0	0	0	0	0	0	0	0	0	0	0	0
00.000,00.000	21.6	0	-200	0	4.5	786.453	574.553	131.201	65.9106	3.12652	2.68927	8.97259	0	0	0	0	0	0	0	0	0	0	0	0	0	0
00.000,00.000	21.7	0	-200	0	4.5	805.475	584.286	137.647	67.4077	3.66829	2.70261	9.76325	0	0	0	0	0	0	0	0	0	0	0	0	0	0
00.000,00.000	21.8	0	-200	0	4.5	809.617	586.49	138.977	67.7115	3.80686	2.70644	9.92411	0	0	0	0	0	0	0	0	0	0	0	0	0	0
00.000,00.000	21.9	0	-200	0	4.5	809.986	586.688	139.098	67.7367	3.81863	2.70709	9.93775	0	0	0	0	0	0	0	0	0	0	0	0	0	0
00.000,00.000	22	0	-200	0	4.5	825.975	596.401	143.554	68.6191	4.23461	2.74392	10.1264	0.295476	0	0	0	0	0	0	0	0	0	0	0	0	0
00.000,00.000	22.1	0	-200	0	4.5	837.333	602.925	147	69.2818	4.5486	2.78757	10.1264	0.663175	0	0	0	0	0	0	0	0	0	0	0	0	0
00.000,00.000	22.2	0	-200	0	4.5	844.463	607.027	149.184	69.6792	4.73763	2.82159	10.1264	0.887054	0	0	0	0	0	0	0	0	0	0	0	0	0
00.000,00.000	22.3	0	-200	0	4.5	851.565	611.194	151.315	70.0495	4.91259	2.87016	10.1266	1.09782	0	0	0	0	0	0	0	0	0	0	0	0	0
00.000,00.000	22.4	0	-200	0	4.5	859.184	615.68	153.611	70.2685	5.25172	2.92668	10.128	1.3178	0	0	0	0	0	0	0	0	0	0	0	0	0
00.000,00.000	22.5	0	-200	0	4.5	867.174	620.321	156.056	70.4887	5.64182	2.98996	10.1312	1.54572	0	0	0	0	0	0	0	0	0	0	0	0	0
00.000,00.000	22.6	0	-200	0	4.5	874.491	624.355	158.407	70.7357	6.03459	3.05784	10.136	1.76472	0	0	0	0	0	0	0	0	0	0	0	0	0
00.000,00.000	22.7	0	-200	0	4.5	909.741	641.51	170.916	72.2005	8.35581	3.50182	10.1793	3.07748	0	0	0	0	0	0	0	0	0	0	0	0	0
00.000,00.000	22.8	0	-200	0	4.5	918.042	646.248	173.283	72.5025	8.85277	3.62198	10.1917	3.34198	0	0	0	0	0	0	0	0	0	0	0	0	0
00.000,00.000	22.9	0	-200	0	4.5	918.279	646.384	173.361	72.5117	8.85572	3.62498	10.1925	3.34977	0	0	0	0	0	0	0	0	0	0	0	0	0
00.000,00.000	23	0	-200	0	4.5	927.558	652.519	175.714	72.7859	9.01344	3.72511	10.2214	3.57951	0	0	0	0	0	0	0	0	0	0	0	0	0
00.000,00.000	23.1	0	-200	0	4.5	947.311	664.606	181.086	73.486	9.78708	3.9537	10.2978	4.09475	0	0	0	0	0	0	0	0	0	0	0	0	0
00.000,00.000	23.2	0	-200	0	4.5	958.278	671.092	184.15	73.9257	10.297	4.08671	10.3472	4.37902	0	0	0	0	0	0	0	0	0	0	0	0	0
00.000,00.000	23.3	0	-200	0	4.5	966.774	676.227	186.49	74.2264	10.6701	4.18421	10.3909	4.5866	0	0	0	0	0	0	0	0	0	0	0	0	0
00.000,00.000	23.4	0	-200	0	4.5	975.784	681.63	189.022	74.5352	11.0611	4.28934	10.4428	4.80312	0	0	0	0	0	0	0	0	0	0	0	0	0
00.000,00.000	23.5	0	-200	0	4.5	984.502	686.658	191.623	74.8435	11.4558	4.39824	10.5033	5.02046	0	0	0	0	0	0	0	0	0	0	0	0	0
00.000,00.000	23.6	0	-200	0	4.5	992.702	691.109	194.259	75.1523	11.8584	4.51109	10.5714	5.24076	0	0	0	0	0	0	0	0	0	0	0	0	0
00.000,00.000	23.7	0	-200	0	4.5	1001.82	696.247	197.07	75.4642	12.282	4.63334	10.6506	5.47079	0	0	0	0	0	0	0	0	0	0	0	0	0
00.000,00.000	23.8	0	-200	0	4.5	1014.39	702.889	201.289	75.9029	12.8999	4.81815	10.7791	5.8102	0	0	0	0	0	0	0	0	0	0	0	0	0
00.000,00.000	23.9	0	-200	0	4.5	1042.42	717.715	210.803	76.8539	14.2335	5.2196	11.0732	6.52603	0	0	0	0	0	0	0	0	0	0	0	0	0
00.000,00.000	24	0	-200	0	4.5	1047.53	720.007	212.898	77.0347	14.4988	5.30329	11.1303	6.65771	0	0	0	0	0	0	0	0	0	0	0	0	0
00.000,00.000	24.1	0	-200	0	4.5	1071.21	731.245	222.125	77.8977	15.6195	5.65882	11.4207	7.24477	0	0	0	0	0	0	0	0	0	0	0	0	0
00.000,00.000	24.2	0	-200	0	4.5	1084.71	737.822	227.11	78.4437	16.277	5.87195	11.5984	7.58653	0	0	0	0	0	0	0	0	0	0	0	0	0
00.000,00.000	24.3	0	-200	0	4.5	1093.41	742.061	230.345	78.7918	16.676	6.0226	11.7203	7.79825	0	0	0	0	0	0	0	0	0	0	0	0	0
00.000,00.000	24.4	0	-200	0	4.5	1102.27	746.317	233.681	79.1535	17.0727	6.18015	11.8514	8.01122	0	0	0	0	0	0	0	0	0	0	0	0	0
00.000,00.000	24.5	0	-200	0	4.5	1111.06	750.533	236.971	79.5288	17.4666	6.34218	11.9915	8.22502	0	0	0	0	0	0	0	0	0	0	0	0	0
00.000,00.000	24.6	0	-200	0	4.5	1140.74	761.455	250.007	81.1718	19.1735	7.11426	12.64	9.17582	0	0	0	0	0	0	0	0	0	0	0	0	0
00.000,00.000	24.7	0	-200	0	4.5	1174.75	777.968	261.848	82.8263	20.8035	7.89669	13.3121	9.59297	0.501238	0	0	0	0	0	0	0	0	0	0	0	0
00.000,00.000	24.8	0	-200	0	4.5	1177.7	779.171	263.002	83.0093	20.9669	7.98391	13.3841	9.59297	0.593773	0	0	0	0	0	0	0	0	0	0	0	0
00.000,00.000	24.9	0	-200	0	4.5	1178.25	779.439	263.189	83.0367	20.9904	7.99656	13.396	9.59297	0.607494	0	0	0	0	0	0	0	0	0	0	0	0
00.000,00.000	25	0	-200	0	4.5	1193.03	786.172	268.628	83.8614	21.6457	8.37154	13.7617	9.59297	0.996864	0	0	0	0	0	0	0	0	0	0	0	0
00.000,00.000	25.1	0	-200	0	4.5	1210.01	794.008	274.807	84.8235	22.3708	8.78246	14.1914	9.59317	1.43413	0	0	0	0	0	0	0	0	0	0	0	0
00.000,00.000	25.2	0	-200	0	4.5	1220.61	799.41	278.284	85.4265	22.7641	9.01119	14.4425	9.59415	1.67607	0	0	0	0	0	0	0	0	0	0	0	0
00.000,00.000	25.3	0	-200	0	4.5	1230.37	804.344	281.531	85.9848	23.1099	9.22447	14.6819	9.59641	1.89383	0	0	0	0	0	0	0	0	0	0	0	0
00.000,00.000	25.4	0	-200	0	4.5	1240.06	809.24	284.76	86.5499	23.4189	9.46126	14.9276	9.59981	2.10647	0	0	0	0	0	0	0	0	0	0	0	0
00.000,00.000	25.5	0	-200	0	4.5	1249.9	814.34	287.931	87.1196	23.7111	9.70158	15.1793	9.60467	2.31497	0	0	0	0	0	0	0	0	0	0	0	0
00.000,00.000	25.6	0	-200	0	4.5	1274.68	825.202	297.112	88.8752	24.1443	10.8289	15.9516	9.62408	2.93737	0	0	0	0	0	0	0	0	0	0	0	0
00.000,00.000	25.7	0	-200	0	4.5	1288.82	831.695	302.024	89.9134	24.3059	11.5642	16.3885	9.63879	3.28774	0	0	0	0	0	0	0	0	0	0	0	0
00.000,00.000	25.8	0	-200	0	4.5	1302.59	837.863	306.955	90.9513	24.458	12.2684	16.8188	9.65868	3.61536	0	0	0	0	0	0	0	0	0	0	0	0
00.000,00.000	25.9	0	-200	0	4.5	1304.75	838.964	307.632	91.1052	24.4746	12.3738	16.8784	9.66203	3.66288	0	0	0	0	0	0	0	0	0	0	0	0
00.000,00.000	26	0	-200	0	4.5	1341.93	858.857	318.772	93.5536	24.7581	13.9737	17.8964	9.73305	4.3833	0	0	0	0	0	0	0	0	0	0	0	0
00.000,00.000	26.1	0	-200	0	4.5	1361.59	869.337	324.645	94.8888	24.8918	14.8398	18.4383	9.77696	4.76791	0	0	0	0	0	0	0	0	0	0	0	0
00.000,00.000	26.2	0	-200	0	4.5	1372.8	875.462	327.924	95.6162	24.9715	15.3014	18.7443	9.80688	4.97078	0	0	0	0	0	0	0	0	0	0	0	0
00.000,00.000	26.3	0	-200	0	4.5	1384.5	881.761	331.428	96.3865	25.0531	15.7816	19.0708	9.8429	5.18016	0	0	0	0	0	0	0	0	0	0	0	0
00.000,00.000	26.4	0	-200	0	4.5	1396.27	887.946	335.068	97.1752	25.1343	16.2643	19.4074	9.88394	5.38921	0	0	0	0	0	0	0	0	0	0	0	0
00.000,00.000	26.5	0	-200	0	4.5	1408.19	894.186	338.781	97.9786	25.2161	16.7483	19.7529	9.93058	5.5975	0	0	0	0	0	0	0	0	0	0	0	0
00.000,00.000	26.6	0	-200	0	4.5	1445.96	913.197	350.908	100.618	25.5804	18.3422	20.9177	10.1047	6.28893	0	0	0	0	0	0	0	0	0	0	0	0
00.000,00.000	26.7	0	-200	0	4.5	1458.42	919.385	354.927	101.522	25.7309	18.8773	21.3004	10.1669	6.5147	0	0	0	0	0	0	0	0	0	0	0	0
00.000,00.000	26.8	0	-200	0	4.5	1462.23	921.308	356.144	101.787	25.7766	19.0334	21.4187	10.1877	6.57958	0	0	0	0	0	0	0	0	0	0	0	0
00.000,00.000	26.9	0	-200	0	4.5	1463.12	921.76	356.426	101.85	25.7872	19.0689	21.4458	10.1928	6.59406	0	0	0	0	0	0	0	0	0	0	0	0
00.000,00.000	27	0	-200	0	4.5	1497.87	939.366	367.493	104.33	26.2092	20.426	22.5018	10.4071	7.13977	0	0	0	0	0	0	0	0	0	0	0	0
00.000,00.000	27.1	0	-200	0	4.5	1518.63	949.791	374.135	105.868	26.4701	21.2426	23.1207	10.5426	7.46449	0	0	0	0	0	0	0	0	0	0	0	0
00.000,00.000	27.2	0	-200	0	4.5	1532.17	956.607	378.426	106.921	26.6444	21.7582	23.5124	10.6366	7.6692	0	0	0	0	0	0	0	0	0	0	0	0
00.000,00.000	27.3	0	-200	0	4.5	1546.18	963.68	382.826	108.035	26.8284	22.2796	23.9178	10.7385	7.87513	0	0	0	0	0	0	0	0	0	0	0	0
00.000,00.000	27.4	0	-200	0	4.5	1560.51	970.932	387.29	109.201	27.0214	22.8035	24.3346	10.8479	8.08106	0	0	0	0	0	0	0	0	0	0	0	0
00.000,00.000	27.5	0	-200	0	4.5	1575.12	978.288	391.805	110.463	27.2228	23.3286	24.7618	10.9645	8.28706	0	0	0	0	0	0	0	0	0	0	0	0
00.000,00.000	27.6	0	-200	0	4.5	1621.91	1001.45	406.383	114.739	27.8899	24.9957	26.1459	11.3602	8.94951	0	0	0	0	0	0	0	0	0	0	0	0
00.000,00.000	27.7	0	-200	0	4.5	1631.64	1006.27	409.363	115.662	28.0319	25.3423	26.435	11.445	9.08628	0	0	0	0	0	0	0	0	0	0	0	0
00.000,00.000	27.8	0	-200	0	4.5	1647.97	1014.58	414.199	117.2	28.279	25.8955	26.9198	11.5946	9.30446	0	0	0	0	0	0	0	0	0	0	0	0
00.000,00.000	27.9	0	-200	0	4.5	1651.83	1016.57	415.29	117.586	28.3387	26.0261	27.0349	11.6308	9.35545	0	0	0	0	0	0	0	0	0	0	0	0
00.000,00.000	28	0	-200	0	4.5	1690.25	1036.57	426.155	121.373	28.9632	27.2845	28.0547	12.0068	9.78334	0.059209	0	0	0	0	0	0	0	0	0	0	0
00.000,00.000	28.1	0	-200	0	4.5	1714.57	1049.31	432.942	123.803	29.3709	28.0784	28.6676	12.2521	9.76042	0.38649	0	0	0	0	0	0	0	0	0	0	0
00.000,00.000	28.2	0	-200	0	4.5	1731.05	1057.97	437.463	125.443	29.6659	28.6123	29.1153	12.4286	9.77315	0.577137	0	0	0	0	0	0	0	0	0	0	0
00.000,00.000	28.3	0	-200	0	4.5	1747.48	1066.67	441.876	127.098	29.9722	29.1366	29.5683	12.612	9.77719	0.771952	0	0	0	0	0	0	0	0	0	0	0
00.000,00.000	28.4	0	-200	0	4.5	1764.04	1075.51	446.251	128.765	30.2929	29.6562	30.0107	12.8047	9.77719	0.968785	0	0	0	0	0	0	0	0	0	0	0
00.000,00.000	28.5	0	-200	0	4.5	1780.79	1084.52	450.607	130.449	30.6282	30.1718	30.4602	13.0077	9.77719	1.16388	0	0	0	0	0	0	0	0	0	0	0
00.000,00.000	28.6	0	-200	0	4.5	1818.85	1104.67	460.657	134.319	31.4452	31.3477	31.5228	13.4958	9.77743	1.6139	0	0	0	0	0	0	0	0	0	0	0
00.000,00.000	28.7	0	-200	0	4.5	1841.72	1116.87	466.564	136.626	32.0185	32.0416	32.1533	13.7978	9.7785	1.87862	0	0	0	0	0	0	0	0	0	0	0
00.000,00.000	28.8	0	-200	0	4.5	1844.02	1118.1	467.144	136.854	32.0768	32.1104	32.2143	13.8291	9.77876	1.90467	0	0	0	0	0	0	0	0	0	0	0
00.000,00.000	28.9	0	-200	0	4.5	1845.3	1118.81	467.458	136.98	32.1095	32.1469	32.2506	13.8469	9.779	1.9185	0	0	0	0	0	0	0	0	0	0	0
00.000,00.000	29	0	-200	0	4.5	1874.92	1135.27	474.559	139.891	32.8717	32.9673	33.0788	14.2697	9.78658	2.22869	0	0	0	0	0	0	0	0	0	0	0
00.000,00.000	29.1	0	-200	0	4.5	1897.25	1147.69	479.865	142.113	33.4593	33.582	33.6795	14.5981	9.79479	2.46077	0	0	0	0	0	0	0	0	0	0	0
00.000,00.000	29.2	0	-200	0	4.5	1915.07	1157.71	484.004	143.865	33.9623	34.0548	34.1625	14.8663	9.80391	2.64051	0	0	0	0	0	0	0	0	0	0	0
00.000,00.000	29.3	0	-200	0	4.5	1933.09	1167.93	488.099	145.636	34.5081	34.5193	34.6193	15.1445	9.81623	2.81848	0	0	0	0	0	0	0	0	0	0	0
00.000,00.000	29.4	0	-200	0	4.5	1951.32	1178.31	492.163	147.42	35.0929	34.9756	35.0996	15.432	9.83148	2.99433	0	0	0	0	0	0	0	0	0	0	0
00.000,00.000	29.5	0	-200	0	4.5	1969.6	1188.75	496.178	149.216	35.6904	35.4225	35.59	15.7284	9.8498	3.16809	0	0	0	0	0	0	0	0	0	0	0
00.000,00.000	29.6	0	-200	0	4.5	2015.04	1213.76	506.449	153.973	37.3155	36.5762	36.9077	16.5271	9.90766	3.62442	0	0	0	0	0	0	0	0	0	0	0
00.000,00.000	29.7	0	-200	0	4.5	2029.82	1221.93	509.672	155.551	37.8746	36.9525	37.3391	16.7973	9.92957	3.77382	0	0	0	0	0	0	0	0	0	0	0
00.000,00.000	29.8	0	-200	0	4.5	2042.2	1229.01	512.287	156.791	38.3135	37.207	37.7287	17.0209	9.95108	3.88973	0	0	0	0	0	0	0	0	0	0	0
00.000,00.000	29.9	0	-200	0	4.5	2044.97	1230.6	512.865	157.068	38.416	37.2349	37.8414	17.0718	9.95629	3.91525	0	0	0	0	0	0	0	0	0	0	0
00.000,00.000	30	0	-200	0	4.5	2083.56	1253.13	520.758	160.814	39.8042	37.6888	39.2733	17.7918	10.0368	4.25491	0	0	0	0	0	0	0	0	0	0	0
00.000,00.000	30.1	0	-200	0	4.5	2109.34	1268.28	526.049	163.253	40.7633	37.9799	40.1806	18.2642	10.0818	4.48142	0	0	0	0	0	0	0	0	0	0	0
00.000,00.000	30.2	0	-200	0	4.5	2127.8	1279.32	529.66	164.997	41.4583	38.1768	40.8314	18.6008	10.1149	4.64005	0	0	0	0	0	0	0	0	0	0	0
00.000,00.000	30.3	0	-200	0	4.5	2146.3	1290.44	533.264	166.715	42.1787	38.3638	41.4518	18.9476	10.1474	4.79689	0	0	0	0	0	0	0	0	0	0	0
00.000,00.000	30.4	0	-200	0	4.5	2164.89	1301.55	536.924	168.437	42.9231	38.5414	42.0733	19.3043	10.1832	4.95166	0	0	0	0	0	0	0	0	0	0	0
00.000,00.000	30.5	0	-200	0	4.5	2183.48	1312.6	540.61	170.143	43.7142	38.7109	42.698	19.6709	10.2238	5.10459	0	0	0	0	0	0	0	0	0	0	0
00.000,00.000	30.6	0	-200	0	4.5	2219.11	1331.99	548.472	173.77	45.5056	39.0643	44.0485	20.4984	10.3258	5.43829	0	0	0	0	0	0	0	0	0	0	0
00.000,00.000	30.7	0	-200	0	4.5	2249.37	1348.63	554.951	176.781	47.0921	39.361	45.1815	21.2293	10.4206	5.72441	0	0	0	0	0	0	0	0	0	0	0
00.000,00.000	30.8	0	-200	0	4.5	2253.14	1350.74	555.73	177.143	47.2988	39.3984	45.3093	21.3254	10.4312	5.76082	0	0	0	0	0	0	0	0	0	0	0
00.000,00.000	30.9	0	-200	0	4.5	2254.79	1351.72	556.046	177.291	47.3816	39.4122	45.3645	21.3649	10.4369	5.77477	0	0	0	0	0	0	0	0	0	0	0
00.000,00.000	31	0	-200	0	4.5	2285.08	1369.3	561.939	180.127	48.9133	39.6604	46.4383	22.1156	10.5611	6.03062	0	0	0	0	0	0	0	0	0	0	0
00.000,00.000	31.1	0	-200	0	4.5	2305.87	1381.21	565.955	182.077	50.071	39.8365	47.1842	22.6708	10.6441	6.21433	0	0	0	0	0	0	0	0	0	0	0
00.000,00.000	31.2	0	-200	0	4.5	2322.01	1390.63	568.966	183.563	50.9679	39.9664	47.7641	23.0915	10.7155	6.35142	0	0	0	0	0	0	0	0	0	0	0
00.000,00.000	31.3	0	-200	0	4.5	2338.25	1400.1	572.02	184.987	51.8969	40.0953	48.3486	23.5277	10.7833	6.48876	0	0	0	0	0	0	0	0	0	0	0
00.000,00.000	31.4	0	-200	0	4.5	2354.29	1409.47	575.024	186.365	52.8416	40.2217	48.9182	23.9677	10.8562	6.62376	0	0	0	0	0	0	0	0	0	0	0
00.000,00.000	31.5	0	-200	0	4.5	2370.17	1418.81	577.941	187.713	53.8014	40.3453	49.4601	24.4166	10.9336	6.75644	0	0	0	0	0	0	0	0	0	0	0
00.000,00.000	31.6	0	-200	0	4.5	2402.52	1434.59	584.997	191.162	56.3575	40.663	50.876	25.6112	11.1569	7.1015	0	0	0	0	0	0	0	0	0	0	0
00.000,00.000	31.7	0	-200	0	4.5	2419.35	1443.61	588.31	192.836	57.5491	40.8198	51.4959	26.1948	11.2645	7.271	0	0	0	0	0	0	0	0	0	0	0
00.000,00.000	31.8	0	-200	0	4.5	2421.64	1444.8	588.768	193.064	57.7184	40.8418	51.587	26.2794	11.2819	7.29406	0	0	0	0	0	0	0	0	0	0	0
00.000,00.000	31.9	0	-200	0	4.5	2422.55	1445.35	588.919	193.138	57.7757	40.8492	51.6162	26.3081	11.2878	7.30164	0	0	0	0	0	0	0	0	0	0	0
00.000,00.000	32	0	-200	0	4.5	2453.67	1463.03	594.502	195.84	59.9684	41.1309	52.6725	27.4136	11.528	7.58265	0	0	0	0	0	0	0	0	0	0	0
00.000,00.000	32.1	0	-200	0	4.5	2472.72	1473.7	598.06	197.565	61.301	41.314	53.2777	28.0838	11.6554	7.7605	0	0	0	0	0	0	0	0	0	0	0
00.000,00.000	32.2	0	-200	0	4.5	2485.33	1481.4	600.129	198.511	62.1005	41.4234	53.682	28.4798	11.7429	7.86117	0	0	0	0	0	0	0	0	0	0	0
00.000,00.000	32.3	0	-200	0	4.5	2502.72	1491.45	603.193	199.9	63.3286	41.5926	54.27	29.0918	11.884	8.00838	0	0	0	0	0	0	0	0	0	0	0
00.000,00.000	32.4	0	-200	0	4.5	2516.38	1499.72	605.439	200.928	64.2198	41.7234	54.6954	29.5424	11.9889	8.11617	0	0	0	0	0	0	0	0	0	0	0
00.000,00.000	32.5	0	-200	0	4.5	2530.03	1507.6	607.798	202.018	65.2051	41.8725	55.146	30.0444	12.1129	8.23071	0	0	0	0	0	0	0	0	0	0	0
00.000,00.000	32.6	0	-200	0	4.5	2563.4	1523.63	614.598	205.356	68.3437	42.3559	56.4616	31.5466	12.5235	8.58699	0	0	0	0	0	0	0	0	0	0	0
00.000,00.000	32.7	0	-200	0	4.5	2591.22	1538.04	619.594	208.033	70.8586	42.7629	57.4757	32.7344	12.8592	8.87047	0	0	0	0	0	0	0	0	0	0	0
00.000,00.000	32.8	0	-200	0	4.5	2593.61	1539.33	619.993	208.243	71.0948	42.7995	57.5588	32.8059	12.8838	8.89471	0	0	0	0	0	0	0	0	0	0	0
00.000,00.000	32.9	0	-200	0	4.5	2594.09	1539.6	620.072	208.283	71.1394	42.807	57.5747	32.8252	12.89	8.89912	0	0	0	0	0	0	0	0	0	0	0
00.000,00.000	33	0	-200	0	4.5	2629.36	1559.29	625.656	211.048	74.5569	43.3817	58.6878	34.2098	13.3191	9.21409	0	0	0	0	0	0	0	0	0	0	0
00.000,00.000	33.1	0	-200	0	4.5	2650.5	1571.53	628.751	212.69	76.4675	43.7247	59.3065	34.9498	13.4965	9.58432	0	0	0	0	0	0	0	0	0	0	0
00.000,00.000	33.2	0	-200	0	4.5	2662.53	1578.34	630.563	213.627	77.5971	43.9125	59.6567	35.4117	13.633	9.79217	0	0	0	0	0	0	0	0	0	0	0
00.000,00.000	33.3	0	-200	0	4.5	2673.93	1584.74	632.312	214.495	78.6839	44.1102	59.9803	35.8516	13.7713	9.992	0	0	0	0	0	0	0	0	0	0	0
00.000,00.000	33.4	0	-200	0	4.5	2685.37	1591.03	634.092	215.37	79.8163	44.3277	60.3061	36.3089	13.9231	10.1962	0	0	0	0	0	0	0	0	0	0	0
00.000,00.000	33.5	0	-200	0	4.5	2696.26	1596.95	635.774	216.187	80.9425	44.5586	60.6143	36.7543	14.0765	10.4	0	0	0	0	0	0	0	0	0	0	0
00.000,00.000	33.6	0	-200	0	4.5	2710.02	1603.51	637.895	217.377	82.7252	44.9396	61.0947	37.404	14.3413	10.7333	0	0	0	0	0	0	0	0	0	0	0
00.000,00.000	33.7	0	-200	0	4.5	2781.3	1639.53	647.912	223.041	91.462	46.8954	63.7973	40.5794	15.7176	11.8274	0.540994	0	0	0	0	0	0	0	0	0	0
00.000,00.000	33.8	0	-200	0	4.5	2794.83	1646.29	649.98	224.157	93.0775	47.2611	64.3316	41.1631	15.8941	11.9981	0.675395	0	0	0	0	0	0	0	0	0	0
00.000,00.000	33.9	0	-200	0	4.5	2827.25	1663.26	654.362	226.614	96.8423	48.2532	65.1187	42.9479	16.4932	12.3817	0.975748	0	0	0	0	0	0	0	0	0	0
00.000,00.000	34	0	-200	0	4.5	2852.29	1676.5	657.797	228.619	99.4029	49.1574	65.6608	44.3724	16.9087	12.672	1.20127	0	0	0	0	0	0	0	0	0	0
00.000,00.000	34.1	0	-200	0	4.5	2863.52	1682.5	659.257	229.484	100.547	49.619	65.9074	45.0113	17.0948	12.8003	1.29948	0	0	0	0	0	0	0	0	0	0
00.000,00.000	34.2	0	-200	0	4.5	2872.84	1687.54	660.425	230.119	101.55	50.0221	66.1031	45.534	17.2637	12.904	1.37781	0	0	0	0	0	0	0	0	0	0
00.000,00.000	34.3	0	-200	0	4.5	2882.09	1692.54	661.543	230.798	102.512	50.4509	66.2939	46.054	17.4394	13.0067	1.4542	0	0	0	0	0	0	0	0	0	0
00.000,00.000	34.4	0	-200	0	4.5	2891.31	1697.52	662.663	231.421	103.501	50.8973	66.4785	46.5689	17.6197	13.109	1.52855	0	0	0	0	0	0	0	0	0	0
00.000,00.000	34.5	0	-200	0	4.5	2900.28	1702.29	663.744	232.026	104.499	51.3639	66.6569	47.0783	17.8064	13.2107	1.60087	0	0	0	0	0	0	0	0	0	0
00.000,00.000	34.6	0	-200	0	4.5	2908.51	1706.44	664.686	232.591	105.509	51.8505	66.8337	47.5965	18.0066	13.3152	1.67341	0	0	0	0	0	0	0	0	0	0
00.000,00.000	34.7	0	-200	0	4.5	2930.66	1718.36	666.791	233.77	108.106	53.1126	67.3221	49.1042	18.6035	13.6139	1.87562	0	0	0	0	0	0	0	0	0	0
00.000,00.000	34.8	0	-200	0	4.5	2979.82	1744.68	671.577	236.751	113.678	55.9982	68.2619	52.4265	19.9081	14.2485	2.28984	0	0	0	0	0	0	0	0	0	0
00.000,00.000	34.9	0	-200	0	4.5	2987.39	1748.74	672.287	237.16	114.562	56.4838	68.4426	52.9155	20.1003	14.3486	2.35387	0	0	0	0	0	0	0	0	0	0
00.000,00.000	35	0	-200	0	4.5	3031.56	1772.92	676.007	239.603	119.764	59.4235	69.2448	55.6671	21.3226	14.9145	2.69357	0	0	0	0	0	0	0	0	0	0
00.000,00.000	35.1	0	-200	0	4.5	3051.11	1783.93	677.661	240.618	122.105	60.8821	69.6261	56.4487	21.8231	15.1755	2.84703	0	0	0	0	0	0	0	0	0	0
00.000,00.000	35.2	0	-200	0	4.5	3059.01	1788.51	678.259	240.961	122.986	61.5158	69.7793	56.7802	22.0388	15.2793	2.90438	0	0	0	0	0	0	0	0	0	0
00.000,00.000	35.3	0	-200	0	4.5	3067.04	1793.18	678.842	241.327	123.857	62.1784	69.9425	57.1043	22.2639	15.3861	2.96074	0	0	0	0	0	0	0	0	0	0
00.000,00.000	35.4	0	-200	0	4.5	3084.47	1803.44	680.043	242.068	125.738	63.6246	70.306	57.7677	22.7759	15.6231	3.08017	0	0	0	0	0	0	0	0	0	0
00.000,00.000	35.5	0	-200	0	4.5	3088.15	1805.61	680.314	242.216	126.106	63.9667	70.3891	57.9009	22.875	15.6738	3.10511	0	0	0	0	0	0	0	0	0	0
00.000,00.000	35.6	0	-200	0	4.5	3106.69	1816.57	681.577	242.858	128.08	65.5794	70.8035	58.566	23.4737	15.9475	3.23038	0	0	0	0	0	0	0	0	0	0
00.000,00.000	35.7	0	-200	0	4.5	3133.62	1832.7	683.436	243.768	130.646	67.7586	71.416	59.6494	24.4196	16.3992	3.42938	0	0	0	0	0	0	0	0	0	0
00.000,00.000	35.8	0	-200	0	4.5	3154.28	1844.89	684.805	244.418	132.707	69.568	71.9241	60.5409	25.1147	16.7418	3.57286	0	0	0	0	0	0	0	0	0	0
00.000,00.000	35.9	0	-200	0	4.5	3155.87	1845.79	684.91	244.467	132.872	69.7448	71.9732	60.602	25.1614	16.7682	3.58348	0	0	0	0	0	0	0	0	0	0
00.000,00.000	36	0	-200	0	4.5	3190.79	1865.51	686.979	245.544	136.487	73.5684	73.1249	62.0648	26.3618	17.2391	3.90536	0	0	0	0	0	0	0	0	0	0
00.000,00.000	36.1	0	-200	0	4.5	3215.33	1879.7	688.455	246.292	138.849	76.0666	73.8846	63.1518	27.2172	17.3817	4.33601	0	0	0	0	0	0	0	0	0	0
00.000,00.000	36.2	0	-200	0	4.5	3223.31	1884.33	688.917	246.514	139.629	76.8942	74.1428	63.4721	27.507	17.4504	4.45402	0	0	0	0	0	0	0	0	0	0
00.000,00.000	36.3	0	-200	0	4.5	3230.31	1888.39	689.294	246.689	140.286	77.6825	74.3922	63.7423	27.7685	17.5143	4.55069	0	0	0	0	0	0	0	0	0	0
00.000,00.000	36.4	0	-200	0	4.5	3252.27	1901.37	690.458	247.282	142.33	79.7701	75.2921	64.5671	28.6215	17.7328	4.84759	0	0	0	0	0	0	0	0	0	0
00.000,00.000	36.5	0	-200	0	4.5	3255.98	1903.66	690.665	247.378	142.648	80.0533	75.4511	64.7003	28.7495	17.7734	4.90049	0	0	0	0	0	0	0	0	0	0
00.000,00.000	36.6	0	-200	0	4.5	3288.54	1923.97	692.316	248.015	145.435	82.9204	76.7295	65.823	29.9001	18.1074	5.32434	0	0	0	0	0	0	0	0	0	0
00.000,00.000	36.7	0	-200	0	4.5	3295.67	1928.34	692.685	248.157	146.004	83.563	77.1093	66.057	30.1792	18.1591	5.4171	0	0	0	0	0	0	0	0	0	0
00.000,00.000	36.8	0	-200	0	4.5	3295.72	1928.37	692.688	248.158	146.009	83.5672	77.1114	66.0589	30.1812	18.1597	5.41774	0	0	0	0	0	0	0	0	0	0
00.000,00.000	36.9	0	-200	0	4.5	3309.17	1936.67	693.263	248.403	147.093	84.9727	77.7157	66.4854	30.6808	18.3176	5.56437	0	0	0	0	0	0	0	0	0	0
00.000,00.000	37	0	-200	0	4.5	3312.66	1938.84	693.415	248.463	147.355	85.3143	77.9066	66.5936	30.8203	18.353	5.60294	0	0	0	0	0	0	0	0	0	0
00.000,00.000	37.1	0	-200	0	4.5	3319.96	1943.59	693.704	248.584	147.864	85.903	78.2424	66.8347	31.1083	18.4523	5.67624	0	0	0	0	0	0	0	0	0	0
00.000,00.000	37.2	0	-200	0	4.5	3331.31	1950.91	694.126	248.775	148.675	86.9019	78.7404	67.226	31.5579	18.61	5.78316	0	0	0	0	0	0	0	0	0	0
00.000,00.000	37.3	0	-200	0	4.5	3339.91	1956.33	694.42	248.912	149.238	87.7155	79.2854	67.531	31.8917	18.7302	5.85686	0	0	0	0	0	0	0	0	0	0
00.000,00.000	37.4	0	-200	0	4.5	3355.39	1966.39	694.924	249.21	150.166	89.2075	79.9758	68.065	32.5027	18.9697	5.98109	0	0	0	0	0	0	0	0	0	0
00.000,00.000	37.5	0	-200	0	4.5	3357.96	1968.04	695.004	249.261	150.31	89.4453	80.1209	68.153	32.612	19.0053	6.00133	0	0	0	0	0	0	0	0	0	0
00.000,00.000	37.6	0	-200	0	4.5	3372.13	1977.49	695.431	249.517	151.01	90.7718	80.7999	68.6015	33.181	19.2379	6.0981	0	0	0	0	0	0	0	0	0	0
00.000,00.000	37.7	0	-200	0	4.5	3376.82	1980.5	695.59	249.597	151.217	91.2729	81.0692	68.7516	33.3786	19.3112	6.12807	0	0	0	0	0	0	0	0	0	0
00.000,00.000	37.8	0	-200	0	4.5	3381.73	1983.75	695.738	249.677	151.45	91.7734	81.3115	68.8927	33.5857	19.3998	6.15445	0	0	0	0	0	0	0	0	0	0
00.000,00.000	37.9	0	-200	0	4.5	3387.38	1987.46	695.899	249.76	151.734	92.3597	81.59	69.0521	33.8418	19.5047	6.18109	0	0	0	0	0	0	0	0	0	0
00.000,00.000	38	0	-200	0	4.5	3392.03	1990.51	696.023	249.824	151.929	92.836	81.8737	69.1893	34.0597	19.5898	6.19961	0	0	0	0	0	0	0	0	0	0
00.000,00.000	38.1	0	-200	0	4.5	3399.52	1995.4	696.211	249.915	152.243	93.6227	82.3672	69.3954	34.4059	19.7326	6.22494	0	0	0	0	0	0	0	0	0	0
00.000,00.000	38.2	0	-200	0	4.5	3404.94	1999.04	696.348	249.979	152.454	94.1911	82.6495	69.5282	34.6726	19.8372	6.24194	0	0	0	0	0	0	0	0	0	0
00.000,00.000	38.3	0	-200	0	4.5	3410.24	2002.62	696.474	250.035	152.654	94.7278	82.9317	69.657	34.9359	19.947	6.25656	0	0	0	0	0	0	0	0	0	0
00.000,00.000	38.4	0	-200	0	4.5	3415.98	2006.43	696.598	250.089	152.864	95.3472	83.2856	69.8094	35.226	20.0623	6.27007	0	0	0	0	0	0	0	0	0	0
00.000,00.000	38.5	0	-200	0	4.5	3421.64	2010.25	696.715	250.138	153.067	95.9429	83.6344	69.9318	35.5083	20.1791	6.28151	0	0	0	0	0	0	0	0	0	0
00.000,00.000	38.6	0	-200	0	4.5	3427.07	2013.98	696.823	250.18	153.243	96.4746	83.9416	70.0677	35.7838	20.2883	6.29066	0	0	0	0	0	0	0	0	0	0
00.000,00.000	38.7	0	-200	0	4.5	3432.5	2017.66	696.924	250.218	153.411	97.0461	84.252	70.2062	36.0764	20.4075	6.29771	0	0	0	0	0	0	0	0	0	0
00.000,00.000	38.8	0	-200	0	4.5	3438.16	2021.51	697.025	250.255	153.59	97.6616	84.6016	70.3136	36.3722	20.5274	6.30292	0	0	0	0	0	0	0	0	0	0
00.000,00.000	38.9	0	-200	0	4.5	3443.64	2025.18	697.115	250.288	153.755	98.2315	84.968	70.4429	36.6967	20.6601	6.30594	0	0	0	0	0	0	0	0	0	0
00.000,00.000	39	0	-200	0	4.5	3449.38	2029.1	697.205	250.32	153.918	98.8	85.3228	70.5775	37.0328	20.7967	6.30697	0	0	0	0	0	0	0	0	0	0
00.000,00.000	39.1	0	-200	0	4.5	3454.92	2032.93	697.289	250.349	154.068	99.3639	85.6625	70.6774	37.3437	20.9315	6.30697	0	0	0	0	0	0	0	0	0	0
00.000,00.000	39.2	0	-200	0	4.5	3460.41	2036.73	697.367	250.376	154.204	99.906	86.0249	70.7715	37.6525	21.0678	6.30697	0	0	0	0	0	0	0	0	0	0
00.000,00.000	39.3	0	-200	0	4.5	3465.9	2040.51	697.44	250.399	154.324	100.453	86.3993	70.8959	37.972	21.2032	6.30697	0	0	0	0	0	0	0	0	0	0
00.000,00.000	39.4	0	-200	0	4.5	3471.44	2044.38	697.51	250.42	154.441	100.994	86.7758	70.9893	38.2774	21.3429	6.30697	0	0	0	0	0	0	0	0	0	0
00.000,00.000	39.5	0	-200	0	4.5	3476.92	2048.22	697.574	250.438	154.55	101.534	87.1327	71.0827	38.5879	21.4888	6.30697	0	0	0	0	0	0	0	0	0	0
00.000,00.000	39.6	0	-200	0	4.5	3482.44	2052.14	697.635	250.452	154.648	102.026	87.5275	71.1789	38.9005	21.6254	6.30697	0	0	0	0	0	0	0	0	0	0
00.000,00.000	39.7	0	-200	0	4.5	3487.86	2055.94	697.692	250.464	154.733	102.518	87.9755	71.2904	39.1849	21.7622	6.30697	0	0	0	0	0	0	0	0	0	0
00.000,00.000	39.8	0	-200	0	4.5	3493.44	2059.78	697.748	250.475	154.814	103.03	88.4751	71.4097	39.4878	21.9171	6.30697	0	0	0	0	0	0	0	0	0	0
00.000,00.000	39.9	0	-200	0	4.5	3499.06	2063.73	697.802	250.485	154.892	103.513	88.9158	71.5096	39.8193	22.0797	6.30697	0	0	0	0	0	0	0	0	0	0
00.000,00.000	40	0	-200	0	4.5	3504.51	2067.6	697.853	250.493	154.965	103.973	89.3472	71.6087	40.1288	22.2353	6.30697	0	0	0	0	0	0	0	0	0	0
00.000,00.000	40.1	0	-200	0	4.5	3510.03	2071.49	697.9	250.5	155.034	104.446	89.8141	71.7334	40.4135	22.3924	6.30697	0	0	0	0	0	0	0	0	0	0
00.000,00.000	40.2	0	-200	0	4.5	3515.54	2075.33	697.944	250.506	155.094	104.909	90.3333	71.854	40.7099	22.552	6.30697	0	0	0	0	0	0	0	0	0	0
00.000,00.000	40.3	0	-200	0	4.5	3520.98	2079.19	697.985	250.511	155.149	105.354	90.8048	71.9564	41.0103	22.7174	6.30697	0	0	0	0	0	0	0	0	0	0
00.000,00.000	40.4	0	-200	0	4.5	3526.32	2082.93	698.023	250.515	155.198	105.776	91.3318	72.0789	41.2887	22.8716	6.30697	0	0	0	0	0	0	0	0	0	0
00.000,00.000	40.5	0	-200	0	4.5	3531.69	2086.72	698.058	250.517	155.246	106.231	91.8158	72.1932	41.5643	23.0371	6.30697	0	0	0	0	0	0	0	0	0	0
00.000,00.000	40.6	0	-200	0	4.5	3536.89	2090.4	698.091	250.519	155.288	106.658	92.2823	72.2966	41.8379	23.2032	6.30697	0	0	0	0	0	0	0	0	0	0
00.000,00.000	40.7	0	-200	0	4.5	3542.04	2094.07	698.121	250.52	155.328	107.064	92.7659	72.4028	42.1046	23.3643	6.30697	0	0	0	0	0	0	0	0	0	0
00.000,00.000	40.8	0	-200	0	4.5	3547.13	2097.67	698.148	250.521	155.366	107.458	93.2615	72.5132	42.3503	23.535	6.30697	0	0	0	0	0	0	0	0	0	0
00.000,00.000	40.9	0	-200	0	4.5	3552.28	2101.27	698.173	250.521	155.401	107.847	93.7991	72.6446	42.5867	23.7288	6.30697	0	0	0	0	0	0	0	0	0	0
00.000,00.000	41	0	-200	0	4.5	3557.24	2104.71	698.195	250.522	155.434	108.226	94.3402	72.7669	42.8307	23.908	6.30697	0	0	0	0	0	0	0	0	0	0
00.000,00.000	41.1	0	-200	0	4.5	3562.14	2108.13	698.215	250.522	155.465	108.599	94.8795	72.8807	43.0682	24.0802	6.30697	0	0	0	0	0	0	0	0	0	0
00.000,00.000	41.2	0	-200	0	4.5	3567.05	2111.56	698.234	250.523	155.497	108.954	95.4144	73.0013	43.2889	24.2764	6.30697	0	0	0	0	0	0	0	0	0	0
00.000,00.000	41.3	0	-200	0	4.5	3571.77	2114.85	698.25	250.523	155.526	109.287	95.929	73.1261	43.4904	24.4797	6.30697	0	0	0	0	0	0	0	0	0	0
00.000,00.000	41.4	0	-200	0	4.5	3576.35	2118.03	698.264	250.523	155.552	109.598	96.4474	73.2648	43.7267	24.6344	6.30697	0	0	0	0	0	0	0	0	0	0
00.000,00.000	41.5	0	-200	0	4.5	3580.83	2121.14	698.277	250.523	155.576	109.896	96.9764	73.3996	43.9579	24.7771	6.30697	0	0	0	0	0	0	0	0	0	0
00.000,00.000	41.6	0	-200	0	4.5	3585.16	2124.11	698.287	250.523	155.598	110.189	97.5201	73.5298	44.1406	24.9511	6.30697	0	0	0	0	0	0	0	0	0	0
00.000,00.000	41.7	0	-200	0	4.5	3589.49	2127.05	698.296	250.523	155.619	110.482	98.0872	73.6656	44.3327	25.1201	6.30697	0	0	0	0	0	0	0	0	0	0
00.000,00.000	41.8	0	-200	0	4.5	3593.64	2129.87	698.303	250.523	155.638	110.749	98.6278	73.8027	44.5611	25.2574	6.30697	0	0	0	0	0	0	0	0	0	0
00.000,00.000	41.9	0	-200	0	4.5	3597.69	2132.56	698.309	250.523	155.657	110.997	99.1691	73.955	44.7879	25.4182	6.30697	0	0	0	0	0	0	0	0	0	0
00.000,00.000	42	0	-200	0	4.5	3601.52	2135.08	698.312	250.523	155.676	111.233	99.7173	74.1118	44.9673	25.5956	6.30697	0	0	0	0	0	0	0	0	0	0