
label	time(d)	x	depth	z	radius	total	0-10	10-20	20-30	30-40	40-50	50-60	60-70	70-80	80-90	90-100	100-110	110-120	120-130	130-140	140-150	150-160	160-170	170-180	180-190	190-200
00.000,00.000	0	0	-200	0	4.5	0	0	0	0	0	0	0	0	0	0	0	0	0	0	0	0	0	0	0	0	0
00.000,00.000	0.1	0	-200	0	4.5	0.372517	0.372517	0	0	0	0	0	0	0	0	0	0	0	0	0	0	0	0	0	0	0
00.000,00.000	0.2	0	-200	0	4.5	0.749525	0.749525	0	0	0	0	0	0	0	0	0	0	0	0	0	0	0	0	0	0	0
00.000,00.000	0.3	0	-200	0	4.5	1.13144	1.13144	0	0	0	0	0	0	0	0	0	0	0	0	0	0	0	0	0	0	0
00.000,00.000	0.4	0	-200	0	4.5	1.51786	1.51786	0	0	0	0	0	0	0	0	0	0	0	0	0	0	0	0	0	0	0
00.000,00.000	0.5	0	-200	0	4.5	1.90713	1.90713	0	0	0	0	0	0	0	0	0	0	0	0	0	0	0	0	0	0	0
00.000,00.000	0.6	0	-200	0	4.5	2.29757	2.29757	0	0	0	0	0	0	0	0	0	0	0	0	0	0	0	0	0	0	0
00.000,00.000	0.7	0	-200	0	4.5	2.68965	2.68965	0	0	0	0	0	0	0	0	0	0	0	0	0	0	0	0	0	0	0
00.000,00.000	0.8	0	-200	0	4.5	3.08436	3.08436	0	0	0	0	0	0	0	0	0	0	0	0	0	0	0	0	0	0	0
00.000,00.000	0.9	0	-200	0	4.5	3.48254	3.48254	0	0	0	0	0	0	0	0	0	0	0	0	0	0	0	0	0	0	0
00.000,00.000	1	0	-200	0	4.5	3.88472	3.88472	0	0	0	0	0	0	0	0	0	0	0	0	0	0	0	0	0	0	0
00.000,00.000	1.1	0	-200	0	4.5	4.29447	4.29447	0	0	0	0	0	0	0	0	0	0	0	0	0	0	0	0	0	0	0
00.000,00.000	1.2	0	-200	0	4.5	4.71157	4.71157	0	0	0	0	0	0	0	0	0	0	0	0	0	0	0	0	0	0	0
00.000,00.000	1.3	0	-200	0	4.5	5.13571	5.13571	0	0	0	0	0	0	0	0	0	0	0	0	0	0	0	0	0	0	0
00.000,00.000	1.4	0	-200	0	4.5	5.56643	5.56643	0	0	0	0	0	0	0	0	0	0	0	0	0	0	0	0	0	0	0
00.000,00.000	1.5	0	-200	0	4.5	6.00299	6.00299	0	0	0	0	0	0	0	0	0	0	0	0	0	0	0	0	0	0	0
00.000,00.000	1.6	0	-200	0	4.5	6.4446	6.4446	0	0	0	0	0	0	0	0	0	0	0	0	0	0	0	0	0	0	0
00.000,00.000	1.7	0	-200	0	4.5	6.89756	6.89756	0	0	0	0	0	0	0	0	0	0	0	0	0	0	0	0	0	0	0
00.000,00.000	1.8	0	-200	0	4.5	7.36089	7.32553	0.0353595	0	0	0	0	0	0	0	0	0	0	0	0	0	0	0	0	0	0
00.000,00.000	1.9	0	-200	0	4.5	7.83442	7.53455	0.299875	0	0	0	0	0	0	0	0	0	0	0	0	0	0	0	0	0	0
00.000,00.000	2	0	-200	0	4.5	8.31936	7.75473	0.564632	0	0	0	0	0	0	0	0	0	0	0	0	0	0	0	0	0	0
00.000,00.000	2.1	0	-200	0	4.5	8.84841	8.01882	0.829586	0	0	0	0	0	0	0	0	0	0	0	0	0	0	0	0	0	0
00.000,00.000	2.2	0	-200	0	4.5	9.47001	8.37049	1.09952	0	0	0	0	0	0	0	0	0	0	0	0	0	0	0	0	0	0
00.000,00.000	2.3	0	-200	0	4.5	10.1779	8.80415	1.3738	0	0	0	0	0	0	0	0	0	0	0	0	0	0	0	0	0	0
00.000,00.000	2.4	0	-200	0	4.5	10.9665	9.31712	1.64942	0	0	0	0	0	0	0	0	0	0	0	0	0	0	0	0	0	0
00.000,00.000	2.5	0	-200	0	4.5	11.8331	9.90877	1.92434	0	0	0	0	0	0	0	0	0	0	0	0	0	0	0	0	0	0
00.000,00.000	2.6	0	-200	0	4.5	12.7767	10.5786	2.19806	0	0	0	0	0	0	0	0	0	0	0	0	0	0	0	0	0	0
00.000,00.000	2.7	0	-200	0	4.5	13.7983	11.3273	2.47101	0	0	0	0	0	0	0	0	0	0	0	0	0	0	0	0	0	0
00.000,00.000	2.8	0	-200	0	4.5	14.8999	12.1563	2.74357	0	0	0	0	0	0	0	0	0	0	0	0	0	0	0	0	0	0
00.000,00.000	2.9	0	-200	0	4.5	16.0851	13.0688	3.01631	0	0	0	0	0	0	0	0	0	0	0	0	0	0	0	0	0	0
00.000,00.000	3	0	-200	0	4.5	17.3545	14.0644	3.29003	0	0	0	0	0	0	0	0	0	0	0	0	0	0	0	0	0	0
00.000,00.000	3.1	0	-200	0	4.5	18.6638	15.0989	3.5649	0	0	0	0	0	0	0	0	0	0	0	0	0	0	0	0	0	0
00.000,00.000	3.2	0	-200	0	4.5	19.9645	16.1251	3.83939	0	0	0	0	0	0	0	0	0	0	0	0	0	0	0	0	0	0
00.000,00.000	3.3	0	-200	0	4.5	21.2585	17.1448	4.11363	0	0	0	0	0	0	0	0	0	0	0	0	0	0	0	0	0	0
00.000,00.000	3.4	0	-200	0	4.5	22.5423	18.1551	4.38723	0	0	0	0	0	0	0	0	0	0	0	0	0	0	0	0	0	0
00.000,00.000	3.5	0	-200	0	4.5	23.8129	19.1537	4.65921	0	0	0	0	0	0	0	0	0	0	0	0	0	0	0	0	0	0
00.000,00.000	3.6	0	-200	0	4.5	25.0696	20.1403	4.92927	0	0	0	0	0	0	0	0	0	0	0	0	0	0	0	0	0	0
00.000,00.000	3.7	0	-200	0	4.5	26.3141	21.1165	5.19758	0	0	0	0	0	0	0	0	0	0	0	0	0	0	0	0	0	0
00.000,00.000	3.8	0	-200	0	4.5	27.5495	22.0847	5.4648	0	0	0	0	0	0	0	0	0	0	0	0	0	0	0	0	0	0
00.000,00.000	3.9	0	-200	0	4.5	28.7795	23.0476	5.73193	0	0	0	0	0	0	0	0	0	0	0	0	0	0	0	0	0	0
00.000,00.000	4	0	-200	0	4.5	30.0044	24.0051	5.99929	0	0	0	0	0	0	0	0	0	0	0	0	0	0	0	0	0	0
00.000,00.000	4.1	0	-200	0	4.5	31.2232	24.9565	6.26664	0	0	0	0	0	0	0	0	0	0	0	0	0	0	0	0	0	0
00.000,00.000	4.2	0	-200	0	4.5	32.4292	25.8963	6.53289	0	0	0	0	0	0	0	0	0	0	0	0	0	0	0	0	0	0
00.000,00.000	4.3	0	-200	0	4.5	33.6214	26.8231	6.79824	0	0	0	0	0	0	0	0	0	0	0	0	0	0	0	0	0	0
00.000,00.000	4.4	0	-200	0	4.5	34.5088	27.4467	7.06209	0	0	0	0	0	0	0	0	0	0	0	0	0	0	0	0	0	0
00.000,00.000	4.5	0	-200	0	4.5	35.3853	27.8842	7.50105	0	0	0	0	0	0	0	0	0	0	0	0	0	0	0	0	0	0
00.000,00.000	4.6	0	-200	0	4.5	36.2476	28.1758	8.07181	0	0	0	0	0	0	0	0	0	0	0	0	0	0	0	0	0	0
00.000,00.000	4.7	0	-200	0	4.5	36.7966	28.4604	8.33627	0	0	0	0	0	0	0	0	0	0	0	0	0	0	0	0	0	0
00.000,00.000	4.8	0	-200	0	4.5	37.3291	28.7393	8.58983	0	0	0	0	0	0	0	0	0	0	0	0	0	0	0	0	0	0
00.000,00.000	4.9	0	-200	0	4.5	37.8542	28.7704	9.08387	0	0	0	0	0	0	0	0	0	0	0	0	0	0	0	0	0	0
00.000,00.000	5	0	-200	0	4.5	38.3729	28.7898	9.58308	0	0	0	0	0	0	0	0	0	0	0	0	0	0	0	0	0	0
00.000,00.000	5.1	0	-200	0	4.5	38.8908	28.8096	10.0811	0	0	0	0	0	0	0	0	0	0	0	0	0	0	0	0	0	0
00.000,00.000	5.2	0	-200	0	4.5	39.4102	28.8329	10.5773	0	0	0	0	0	0	0	0	0	0	0	0	0	0	0	0	0	0
00.000,00.000	5.3	0	-200	0	4.5	39.9313	28.8595	11.0718	0	0	0	0	0	0	0	0	0	0	0	0	0	0	0	0	0	0
00.000,00.000	5.4	0	-200	0	4.5	40.2389	28.8903	11.3486	0	0	0	0	0	0	0	0	0	0	0	0	0	0	0	0	0	0
00.000,00.000	5.5	0	-200	0	4.5	40.5168	28.9242	11.5926	0	0	0	0	0	0	0	0	0	0	0	0	0	0	0	0	0	0
00.000,00.000	5.6	0	-200	0	4.5	40.7974	28.9613	11.8361	0	0	0	0	0	0	0	0	0	0	0	0	0	0	0	0	0	0
00.000,00.000	5.7	0	-200	0	4.5	41.0798	29.0033	11.8871	0.189338	0	0	0	0	0	0	0	0	0	0	0	0	0	0	0	0	0
00.000,00.000	5.8	0	-200	0	4.5	41.3632	29.0486	11.8868	0.427728	0	0	0	0	0	0	0	0	0	0	0	0	0	0	0	0	0
00.000,00.000	5.9	0	-200	0	4.5	41.6486	29.0979	11.8867	0.663932	0	0	0	0	0	0	0	0	0	0	0	0	0	0	0	0	0
00.000,00.000	6	0	-200	0	4.5	41.9373	29.152	11.8867	0.898585	0	0	0	0	0	0	0	0	0	0	0	0	0	0	0	0	0
00.000,00.000	6.1	0	-200	0	4.5	42.2299	29.2116	11.8868	1.13154	0	0	0	0	0	0	0	0	0	0	0	0	0	0	0	0	0
00.000,00.000	6.2	0	-200	0	4.5	42.5299	29.2787	11.8877	1.3635	0	0	0	0	0	0	0	0	0	0	0	0	0	0	0	0	0
00.000,00.000	6.3	0	-200	0	4.5	42.8403	29.3561	11.8888	1.59543	0	0	0	0	0	0	0	0	0	0	0	0	0	0	0	0	0
00.000,00.000	6.4	0	-200	0	4.5	43.1597	29.4422	11.8905	1.82709	0	0	0	0	0	0	0	0	0	0	0	0	0	0	0	0	0
00.000,00.000	6.5	0	-200	0	4.5	43.4922	29.5413	11.8928	2.05802	0	0	0	0	0	0	0	0	0	0	0	0	0	0	0	0	0
00.000,00.000	6.6	0	-200	0	4.5	43.8385	29.6527	11.8976	2.28815	0	0	0	0	0	0	0	0	0	0	0	0	0	0	0	0	0
00.000,00.000	6.7	0	-200	0	4.5	44.1982	29.7776	11.9033	2.51728	0	0	0	0	0	0	0	0	0	0	0	0	0	0	0	0	0
00.000,00.000	6.8	0	-200	0	4.5	44.5752	29.9193	11.9106	2.74527	0	0	0	0	0	0	0	0	0	0	0	0	0	0	0	0	0
00.000,00.000	6.9	0	-200	0	4.5	44.9712	30.0785	11.9201	2.97254	0	0	0	0	0	0	0	0	0	0	0	0	0	0	0	0	0
00.000,00.000	7	0	-200	0	4.5	45.3887	30.2574	11.9314	3.19989	0	0	0	0	0	0	0	0	0	0	0	0	0	0	0	0	0
00.000,00.000	7.1	0	-200	0	4.5	45.8313	30.4591	11.9447	3.42753	0	0	0	0	0	0	0	0	0	0	0	0	0	0	0	0	0
00.000,00.000	7.2	0	-200	0	4.5	46.2946	30.6798	11.961	3.6538	0	0	0	0	0	0	0	0	0	0	0	0	0	0	0	0	0
00.000,00.000	7.3	0	-200	0	4.5	46.781	30.9231	11.9795	3.87836	0	0	0	0	0	0	0	0	0	0	0	0	0	0	0	0	0
00.000,00.000	7.4	0	-200	0	4.5	47.2914	31.1897	12.0004	4.10123	0	0	0	0	0	0	0	0	0	0	0	0	0	0	0	0	0
00.000,00.000	7.5	0	-200	0	4.5	47.8269	31.4813	12.0236	4.32202	0	0	0	0	0	0	0	0	0	0	0	0	0	0	0	0	0
00.000,00.000	7.6	0	-200	0	4.5	48.3887	31.7981	12.0501	4.54053	0	0	0	0	0	0	0	0	0	0	0	0	0	0	0	0	0
00.000,00.000	7.7	0	-200	0	4.5	48.9778	32.1426	12.0788	4.75644	0	0	0	0	0	0	0	0	0	0	0	0	0	0	0	0	0
00.000,00.000	7.8	0	-200	0	4.5	49.5948	32.5148	12.1101	4.96994	0	0	0	0	0	0	0	0	0	0	0	0	0	0	0	0	0
00.000,00.000	7.9	0	-200	0	4.5	50.2445	32.9189	12.144	5.18159	0	0	0	0	0	0	0	0	0	0	0	0	0	0	0	0	0
00.000,00.000	8	0	-200	0	4.5	50.9282	33.3557	12.1811	5.39148	0	0	0	0	0	0	0	0	0	0	0	0	0	0	0	0	0
00.000,00.000	8.1	0	-200	0	4.5	51.6455	33.825	12.2208	5.59972	0	0	0	0	0	0	0	0	0	0	0	0	0	0	0	0	0
00.000,00.000	8.2	0	-200	0	4.5	52.3969	34.3273	12.2631	5.8065	0	0	0	0	0	0	0	0	0	0	0	0	0	0	0	0	0
00.000,00.000	8.3	0	-200	0	4.5	53.1875	34.867	12.3086	6.01195	0	0	0	0	0	0	0	0	0	0	0	0	0	0	0	0	0
00.000,00.000	8.4	0	-200	0	4.5	54.0133	35.4383	12.359	6.21601	0	0	0	0	0	0	0	0	0	0	0	0	0	0	0	0	0
00.000,00.000	8.5	0	-200	0	4.5	54.8737	36.0425	12.4128	6.41846	0	0	0	0	0	0	0	0	0	0	0	0	0	0	0	0	0
00.000,00.000	8.6	0	-200	0	4.5	55.7669	36.6773	12.4703	6.61924	0	0	0	0	0	0	0	0	0	0	0	0	0	0	0	0	0
00.000,00.000	8.7	0	-200	0	4.5	56.6922	37.3409	12.5331	6.81832	0	0	0	0	0	0	0	0	0	0	0	0	0	0	0	0	0
00.000,00.000	8.8	0	-200	0	4.5	57.6516	38.0359	12.5999	7.01579	0	0	0	0	0	0	0	0	0	0	0	0	0	0	0	0	0
00.000,00.000	8.9	0	-200	0	4.5	58.6475	38.7643	12.6715	7.21167	0	0	0	0	0	0	0	0	0	0	0	0	0	0	0	0	0
00.000,00.000	9	0	-200	0	4.5	59.6815	39.5276	12.7479	7.406	0	0	0	0	0	0	0	0	0	0	0	0	0	0	0	0	0
00.000,00.000	9.1	0	-200	0	4.5	60.7593	40.331	12.8294	7.59889	0	0	0	0	0	0	0	0	0	0	0	0	0	0	0	0	0
00.000,00.000	9.2	0	-200	0	4.5	61.915	41.2046	12.9192	7.79118	0	0	0	0	0	0	0	0	0	0	0	0	0	0	0	0	0
00.000,00.000	9.3	0	-200	0	4.5	63.1345	42.1351	13.0157	7.98375	0	0	0	0	0	0	0	0	0	0	0	0	0	0	0	0	0
00.000,00.000	9.4	0	-200	0	4.5	64.4158	43.1192	13.1194	8.17713	0	0	0	0	0	0	0	0	0	0	0	0	0	0	0	0	0
00.000,00.000	9.5	0	-200	0	4.5	65.7564	44.156	13.2289	8.37156	0	0	0	0	0	0	0	0	0	0	0	0	0	0	0	0	0
00.000,00.000	9.6	0	-200	0	4.5	67.1553	45.2438	13.3447	8.56683	0	0	0	0	0	0	0	0	0	0	0	0	0	0	0	0	0
00.000,00.000	9.7	0	-200	0	4.5	68.6068	46.386	13.4579	8.7628	0	0	0	0	0	0	0	0	0	0	0	0	0	0	0	0	0
00.000,00.000	9.8	0	-200	0	4.5	70.1199	47.5887	13.5714	8.95975	0	0	0	0	0	0	0	0	0	0	0	0	0	0	0	0	0
00.000,00.000	9.9	0	-200	0	4.5	71.7105	48.8595	13.6925	9.15846	0	0	0	0	0	0	0	0	0	0	0	0	0	0	0	0	0
00.000,00.000	10	0	-200	0	4.5	73.3846	50.2024	13.8222	9.36	0	0	0	0	0	0	0	0	0	0	0	0	0	0	0	0	0
00.000,00.000	10.1	0	-200	0	4.5	75.1493	51.6209	13.9637	9.56476	0	0	0	0	0	0	0	0	0	0	0	0	0	0	0	0	0
00.000,00.000	10.2	0	-200	0	4.5	76.949	53.0693	14.1107	9.76898	0	0	0	0	0	0	0	0	0	0	0	0	0	0	0	0	0
00.000,00.000	10.3	0	-200	0	4.5	78.8147	54.5753	14.2673	9.97207	0	0	0	0	0	0	0	0	0	0	0	0	0	0	0	0	0
00.000,00.000	10.4	0	-200	0	4.5	80.7414	56.1332	14.4346	10.1439	0.0297108	0	0	0	0	0	0	0	0	0	0	0	0	0	0	0	0
00.000,00.000	10.5	0	-200	0	4.5	82.7189	57.7365	14.6095	10.1441	0.22876	0	0	0	0	0	0	0	0	0	0	0	0	0	0	0	0
00.000,00.000	10.6	0	-200	0	4.5	84.7481	59.385	14.7935	10.1444	0.425181	0	0	0	0	0	0	0	0	0	0	0	0	0	0	0	0
00.000,00.000	10.7	0	-200	0	4.5	86.8341	61.0827	14.9874	10.1449	0.618978	0	0	0	0	0	0	0	0	0	0	0	0	0	0	0	0
00.000,00.000	10.8	0	-200	0	4.5	88.9941	62.8416	15.1962	10.1449	0.811251	0	0	0	0	0	0	0	0	0	0	0	0	0	0	0	0
00.000,00.000	10.9	0	-200	0	4.5	91.241	64.6513	15.4432	10.1449	1.0016	0	0	0	0	0	0	0	0	0	0	0	0	0	0	0	0
00.000,00.000	11	0	-200	0	4.5	93.5832	66.5351	15.7125	10.1452	1.19035	0	0	0	0	0	0	0	0	0	0	0	0	0	0	0	0
00.000,00.000	11.1	0	-200	0	4.5	96.0017	68.4907	15.9866	10.1466	1.37766	0	0	0	0	0	0	0	0	0	0	0	0	0	0	0	0
00.000,00.000	11.2	0	-200	0	4.5	98.4849	70.5034	16.2695	10.1482	1.56383	0	0	0	0	0	0	0	0	0	0	0	0	0	0	0	0
00.000,00.000	11.3	0	-200	0	4.5	101.03	72.5698	16.5605	10.1505	1.74891	0	0	0	0	0	0	0	0	0	0	0	0	0	0	0	0
00.000,00.000	11.4	0	-200	0	4.5	103.588	74.6379	16.8629	10.1549	1.93251	0	0	0	0	0	0	0	0	0	0	0	0	0	0	0	0
00.000,00.000	11.5	0	-200	0	4.5	106.196	76.7505	17.1709	10.1601	2.11432	0	0	0	0	0	0	0	0	0	0	0	0	0	0	0	0
00.000,00.000	11.6	0	-200	0	4.5	108.85	78.9037	17.4857	10.1665	2.29438	0	0	0	0	0	0	0	0	0	0	0	0	0	0	0	0
00.000,00.000	11.7	0	-200	0	4.5	111.555	81.1044	17.8041	10.1743	2.47258	0	0	0	0	0	0	0	0	0	0	0	0	0	0	0	0
00.000,00.000	11.8	0	-200	0	4.5	114.318	83.3562	18.1284	10.185	2.64872	0	0	0	0	0	0	0	0	0	0	0	0	0	0	0	0
00.000,00.000	11.9	0	-200	0	4.5	117.146	85.6964	18.4291	10.1974	2.82299	0	0	0	0	0	0	0	0	0	0	0	0	0	0	0	0
00.000,00.000	12	0	-200	0	4.5	120.039	88.0917	18.739	10.2121	2.99582	0	0	0	0	0	0	0	0	0	0	0	0	0	0	0	0
00.000,00.000	12.1	0	-200	0	4.5	122.987	90.5378	19.0531	10.2288	3.16747	0	0	0	0	0	0	0	0	0	0	0	0	0	0	0	0
00.000,00.000	12.2	0	-200	0	4.5	125.996	93.0131	19.3977	10.2476	3.33798	0	0	0	0	0	0	0	0	0	0	0	0	0	0	0	0
00.000,00.000	12.3	0	-200	0	4.5	129.051	95.5129	19.762	10.2689	3.50731	0	0	0	0	0	0	0	0	0	0	0	0	0	0	0	0
00.000,00.000	12.4	0	-200	0	4.5	132.145	98.0445	20.1332	10.2921	3.67545	0	0	0	0	0	0	0	0	0	0	0	0	0	0	0	0
00.000,00.000	12.5	0	-200	0	4.5	135.268	100.596	20.5123	10.3172	3.84255	0	0	0	0	0	0	0	0	0	0	0	0	0	0	0	0
00.000,00.000	12.6	0	-200	0	4.5	139.116	103.737	20.9833	10.3503	4.0454	0	0	0	0	0	0	0	0	0	0	0	0	0	0	0	0
00.000,00.000	12.7	0	-200	0	4.5	142.921	106.717	21.5768	10.3855	4.24166	0	0	0	0	0	0	0	0	0	0	0	0	0	0	0	0
00.000,00.000	12.8	0	-200	0	4.5	145.719	108.731	22.1913	10.4127	4.38399	0	0	0	0	0	0	0	0	0	0	0	0	0	0	0	0
00.000,00.000	12.9	0	-200	0	4.5	149.105	111.06	23.1443	10.4482	4.4525	0	0	0	0	0	0	0	0	0	0	0	0	0	0	0	0
00.000,00.000	13	0	-200	0	4.5	152.334	113.248	24.1558	10.4842	4.44601	0	0	0	0	0	0	0	0	0	0	0	0	0	0	0	0
00.000,00.000	13.1	0	-200	0	4.5	155.508	115.402	25.1398	10.5212	4.44537	0	0	0	0	0	0	0	0	0	0	0	0	0	0	0	0
00.000,00.000	13.2	0	-200	0	4.5	158.723	117.586	26.1302	10.5613	4.44537	0	0	0	0	0	0	0	0	0	0	0	0	0	0	0	0
00.000,00.000	13.3	0	-200	0	4.5	162.013	119.821	27.1424	10.6038	4.44537	0	0	0	0	0	0	0	0	0	0	0	0	0	0	0	0
00.000,00.000	13.4	0	-200	0	4.5	165.351	122.089	28.1667	10.6492	4.44537	0	0	0	0	0	0	0	0	0	0	0	0	0	0	0	0
00.000,00.000	13.5	0	-200	0	4.5	168.71	124.369	29.1983	10.697	4.44537	0	0	0	0	0	0	0	0	0	0	0	0	0	0	0	0
00.000,00.000	13.6	0	-200	0	4.5	172.612	127.016	30.3955	10.7555	4.44537	0	0	0	0	0	0	0	0	0	0	0	0	0	0	0	0
00.000,00.000	13.7	0	-200	0	4.5	176.646	129.748	31.6313	10.8209	4.44537	0	0	0	0	0	0	0	0	0	0	0	0	0	0	0	0
00.000,00.000	13.8	0	-200	0	4.5	179.548	131.712	32.5216	10.8696	4.44537	0	0	0	0	0	0	0	0	0	0	0	0	0	0	0	0
00.000,00.000	13.9	0	-200	0	4.5	183.218	134.189	33.6494	10.9344	4.44537	0	0	0	0	0	0	0	0	0	0	0	0	0	0	0	0
00.000,00.000	14	0	-200	0	4.5	186.795	136.596	34.7537	11.0006	4.44537	0	0	0	0	0	0	0	0	0	0	0	0	0	0	0	0
00.000,00.000	14.1	0	-200	0	4.5	190.307	138.95	35.8422	11.0692	4.44537	0	0	0	0	0	0	0	0	0	0	0	0	0	0	0	0
00.000,00.000	14.2	0	-200	0	4.5	193.828	141.302	36.9373	11.1428	4.44537	0	0	0	0	0	0	0	0	0	0	0	0	0	0	0	0
00.000,00.000	14.3	0	-200	0	4.5	197.281	143.562	38.0545	11.2187	4.44537	0	0	0	0	0	0	0	0	0	0	0	0	0	0	0	0
00.000,00.000	14.4	0	-200	0	4.5	200.687	145.75	39.1938	11.2978	4.44537	0	0	0	0	0	0	0	0	0	0	0	0	0	0	0	0
00.000,00.000	14.5	0	-200	0	4.5	207.549	150.174	41.4617	11.468	4.44537	0	0	0	0	0	0	0	0	0	0	0	0	0	0	0	0
00.000,00.000	14.6	0	-200	0	4.5	211.794	152.884	42.8844	11.5805	4.44537	0	0	0	0	0	0	0	0	0	0	0	0	0	0	0	0
00.000,00.000	14.7	0	-200	0	4.5	215.691	155.343	44.2126	11.6901	4.44537	0	0	0	0	0	0	0	0	0	0	0	0	0	0	0	0
00.000,00.000	14.8	0	-200	0	4.5	216.73	155.997	44.5669	11.7209	4.44537	0	0	0	0	0	0	0	0	0	0	0	0	0	0	0	0
00.000,00.000	14.9	0	-200	0	4.5	218.062	156.818	45.0357	11.7631	4.44537	0	0	0	0	0	0	0	0	0	0	0	0	0	0	0	0
00.000,00.000	15	0	-200	0	4.5	222.639	159.579	46.6974	11.9168	4.44537	0	0	0	0	0	0	0	0	0	0	0	0	0	0	0	0
00.000,00.000	15.1	0	-200	0	4.5	226.136	161.658	47.9919	12.0404	4.44537	0	0	0	0	0	0	0	0	0	0	0	0	0	0	0	0
00.000,00.000	15.2	0	-200	0	4.5	229.059	163.382	49.0827	12.1491	4.44537	0	0	0	0	0	0	0	0	0	0	0	0	0	0	0	0
00.000,00.000	15.3	0	-200	0	4.5	231.896	165.013	50.1753	12.2624	4.44537	0	0	0	0	0	0	0	0	0	0	0	0	0	0	0	0
00.000,00.000	15.4	0	-200	0	4.5	234.681	166.588	51.2677	12.3798	4.44537	0	0	0	0	0	0	0	0	0	0	0	0	0	0	0	0
00.000,00.000	15.5	0	-200	0	4.5	242.348	170.869	54.3147	12.7194	4.44537	0	0	0	0	0	0	0	0	0	0	0	0	0	0	0	0
00.000,00.000	15.6	0	-200	0	4.5	245.518	172.608	55.5963	12.8673	4.44537	0	0	0	0	0	0	0	0	0	0	0	0	0	0	0	0
00.000,00.000	15.7	0	-200	0	4.5	248.895	174.44	56.9757	13.0345	4.44537	0	0	0	0	0	0	0	0	0	0	0	0	0	0	0	0
00.000,00.000	15.8	0	-200	0	4.5	249.676	174.848	57.3075	13.0755	4.44537	0	0	0	0	0	0	0	0	0	0	0	0	0	0	0	0
00.000,00.000	15.9	0	-200	0	4.5	250.231	175.133	57.5463	13.1068	4.44537	0	0	0	0	0	0	0	0	0	0	0	0	0	0	0	0
00.000,00.000	16	0	-200	0	4.5	254.53	177.328	59.3997	13.3565	4.44537	0	0	0	0	0	0	0	0	0	0	0	0	0	0	0	0
00.000,00.000	16.1	0	-200	0	4.5	257.528	178.836	60.5614	13.6853	4.44537	0	0	0	0	0	0	0	0	0	0	0	0	0	0	0	0
00.000,00.000	16.2	0	-200	0	4.5	259.873	180.007	61.3618	14.0586	4.44537	0	0	0	0	0	0	0	0	0	0	0	0	0	0	0	0
00.000,00.000	16.3	0	-200	0	4.5	262.146	181.146	62.1113	14.4427	4.44537	0	0	0	0	0	0	0	0	0	0	0	0	0	0	0	0
00.000,00.000	16.4	0	-200	0	4.5	264.398	182.262	62.8508	14.8391	4.44537	0	0	0	0	0	0	0	0	0	0	0	0	0	0	0	0
00.000,00.000	16.5	0	-200	0	4.5	276.233	188.072	65.8976	17.8181	4.44544	0	0	0	0	0	0	0	0	0	0	0	0	0	0	0	0
00.000,00.000	16.6	0	-200	0	4.5	278.413	189.056	66.4273	18.4842	4.44563	0	0	0	0	0	0	0	0	0	0	0	0	0	0	0	0
00.000,00.000	16.7	0	-200	0	4.5	281.766	190.635	67.2229	19.4616	4.44648	0	0	0	0	0	0	0	0	0	0	0	0	0	0	0	0
00.000,00.000	16.8	0	-200	0	4.5	282.583	191.007	67.4159	19.7129	4.44674	0	0	0	0	0	0	0	0	0	0	0	0	0	0	0	0
00.000,00.000	16.9	0	-200	0	4.5	283.104	191.243	67.5433	19.8716	4.44701	0	0	0	0	0	0	0	0	0	0	0	0	0	0	0	0
00.000,00.000	17	0	-200	0	4.5	287.986	193.453	68.7458	21.3369	4.44995	0	0	0	0	0	0	0	0	0	0	0	0	0	0	0	0
00.000,00.000	17.1	0	-200	0	4.5	290.922	194.75	69.4981	22.2219	4.4525	0	0	0	0	0	0	0	0	0	0	0	0	0	0	0	0
00.000,00.000	17.2	0	-200	0	4.5	292.945	195.645	70.0138	22.8319	4.45469	0	0	0	0	0	0	0	0	0	0	0	0	0	0	0	0
00.000,00.000	17.3	0	-200	0	4.5	294.972	196.536	70.5317	23.4469	4.45735	0	0	0	0	0	0	0	0	0	0	0	0	0	0	0	0
00.000,00.000	17.4	0	-200	0	4.5	296.992	197.422	71.0456	24.0637	4.46048	0	0	0	0	0	0	0	0	0	0	0	0	0	0	0	0
00.000,00.000	17.5	0	-200	0	4.5	311.775	203.884	74.8409	28.5613	4.48825	0	0	0	0	0	0	0	0	0	0	0	0	0	0	0	0
00.000,00.000	17.6	0	-200	0	4.5	314.72	205.081	75.6831	29.4609	4.49521	0	0	0	0	0	0	0	0	0	0	0	0	0	0	0	0
00.000,00.000	17.7	0	-200	0	4.5	341.209	215.972	83.4557	37.1963	4.58502	0	0	0	0	0	0	0	0	0	0	0	0	0	0	0	0
00.000,00.000	17.8	0	-200	0	4.5	347.569	218.356	85.5998	39.004	4.60994	0	0	0	0	0	0	0	0	0	0	0	0	0	0	0	0
00.000,00.000	17.9	0	-200	0	4.5	362.396	224.338	90.4239	42.4	5.23391	0	0	0	0	0	0	0	0	0	0	0	0	0	0	0	0
00.000,00.000	18	0	-200	0	4.5	368.733	226.751	92.6558	43.4756	5.8503	0	0	0	0	0	0	0	0	0	0	0	0	0	0	0	0
00.000,00.000	18.1	0	-200	0	4.5	370.901	227.533	93.483	43.7593	6.12628	0	0	0	0	0	0	0	0	0	0	0	0	0	0	0	0
00.000,00.000	18.2	0	-200	0	4.5	373.204	228.353	94.382	44.0404	6.42832	0	0	0	0	0	0	0	0	0	0	0	0	0	0	0	0
00.000,00.000	18.3	0	-200	0	4.5	375.569	229.161	95.353	44.302	6.75277	0	0	0	0	0	0	0	0	0	0	0	0	0	0	0	0
00.000,00.000	18.4	0	-200	0	4.5	377.996	229.998	96.3495	44.5534	7.09516	0	0	0	0	0	0	0	0	0	0	0	0	0	0	0	0
00.000,00.000	18.5	0	-200	0	4.5	399.873	236.041	106.961	46.7988	10.0712	0	0	0	0	0	0	0	0	0	0	0	0	0	0	0	0
00.000,00.000	18.6	0	-200	0	4.5	404.314	237.229	109.162	47.2585	10.6644	0	0	0	0	0	0	0	0	0	0	0	0	0	0	0	0
00.000,00.000	18.7	0	-200	0	4.5	440.408	247.008	127.138	51.0841	15.178	0	0	0	0	0	0	0	0	0	0	0	0	0	0	0	0
00.000,00.000	18.8	0	-200	0	4.5	448.841	249.269	131.339	52.0094	16.223	0	0	0	0	0	0	0	0	0	0	0	0	0	0	0	0
00.000,00.000	18.9	0	-200	0	4.5	470.011	255.125	141.91	54.3911	18.585	0	0	0	0	0	0	0	0	0	0	0	0	0	0	0	0
00.000,00.000	19	0	-200	0	4.5	477.847	257.459	145.138	55.7102	19.5398	0	0	0	0	0	0	0	0	0	0	0	0	0	0	0	0
00.000,00.000	19.1	0	-200	0	4.5	480.321	258.23	146.047	56.2244	19.8194	0	0	0	0	0	0	0	0	0	0	0	0	0	0	0	0
00.000,00.000	19.2	0	-200	0	4.5	482.963	259.061	147.017	56.7754	20.1103	0	0	0	0	0	0	0	0	0	0	0	0	0	0	0	0
00.000,00.000	19.3	0	-200	0	4.5	485.674	259.922	148.009	57.3446	20.399	0	0	0	0	0	0	0	0	0	0	0	0	0	0	0	0
00.000,00.000	19.4	0	-200	0	4.5	488.484	260.817	149.038	57.9398	20.6894	0	0	0	0	0	0	0	0	0	0	0	0	0	0	0	0
00.000,00.000	19.5	0	-200	0	4.5	496.55	263.374	151.963	59.7179	21.495	0	0	0	0	0	0	0	0	0	0	0	0	0	0	0	0
00.000,00.000	19.6	0	-200	0	4.5	510.044	267.582	156.882	62.7792	22.8004	0	0	0	0	0	0	0	0	0	0	0	0	0	0	0	0
00.000,00.000	19.7	0	-200	0	4.5	512.35	268.279	157.747	63.3015	22.9211	0.10173	0	0	0	0	0	0	0	0	0	0	0	0	0	0	0
00.000,00.000	19.8	0	-200	0	4.5	522.09	271.321	161.332	65.5227	23.4757	0.439175	0	0	0	0	0	0	0	0	0	0	0	0	0	0	0
00.000,00.000	19.9	0	-200	0	4.5	524.73	272.143	162.311	66.1216	23.6118	0.542854	0	0	0	0	0	0	0	0	0	0	0	0	0	0	0
00.000,00.000	20	0	-200	0	4.5	525.392	272.355	162.553	66.2717	23.6448	0.567673	0	0	0	0	0	0	0	0	0	0	0	0	0	0	0
00.000,00.000	20.1	0	-200	0	4.5	535.772	275.708	166.338	68.6218	24.1552	0.948047	0	0	0	0	0	0	0	0	0	0	0	0	0	0	0
00.000,00.000	20.2	0	-200	0	4.5	541.589	277.576	168.512	69.9147	24.4332	1.15324	0	0	0	0	0	0	0	0	0	0	0	0	0	0	0
00.000,00.000	20.3	0	-200	0	4.5	545.002	278.688	169.779	70.6712	24.5934	1.27022	0	0	0	0	0	0	0	0	0	0	0	0	0	0	0
00.000,00.000	20.4	0	-200	0	4.5	548.52	279.844	171.083	71.449	24.7563	1.38794	0	0	0	0	0	0	0	0	0	0	0	0	0	0	0
00.000,00.000	20.5	0	-200	0	4.5	568.343	286.431	178.392	75.8194	25.3475	2.35258	0	0	0	0	0	0	0	0	0	0	0	0	0	0	0
00.000,00.000	20.6	0	-200	0	4.5	583.308	291.415	183.938	79.1117	25.5554	3.28842	0	0	0	0	0	0	0	0	0	0	0	0	0	0	0
00.000,00.000	20.7	0	-200	0	4.5	585.119	292.016	184.614	79.5088	25.5813	3.39927	0	0	0	0	0	0	0	0	0	0	0	0	0	0	0
00.000,00.000	20.8	0	-200	0	4.5	585.519	292.151	184.762	79.5958	25.5872	3.42301	0	0	0	0	0	0	0	0	0	0	0	0	0	0	0
00.000,00.000	20.9	0	-200	0	4.5	624.698	305.378	199.401	88.0745	26.1765	5.66791	0	0	0	0	0	0	0	0	0	0	0	0	0	0	0
00.000,00.000	21	0	-200	0	4.5	633.31	308.268	202.682	89.7594	26.4413	6.15939	0	0	0	0	0	0	0	0	0	0	0	0	0	0	0
00.000,00.000	21.1	0	-200	0	4.5	673.605	321.654	218.159	96.7923	28.6961	8.30281	0	0	0	0	0	0	0	0	0	0	0	0	0	0	0
00.000,00.000	21.2	0	-200	0	4.5	689.189	326.501	224.472	99.4382	29.6539	9.12373	0	0	0	0	0	0	0	0	0	0	0	0	0	0	0
00.000,00.000	21.3	0	-200	0	4.5	693.103	327.755	226.017	100.123	29.89	9.3186	0	0	0	0	0	0	0	0	0	0	0	0	0	0	0
00.000,00.000	21.4	0	-200	0	4.5	697.279	329.106	227.649	100.86	30.1424	9.52211	0	0	0	0	0	0	0	0	0	0	0	0	0	0	0
00.000,00.000	21.5	0	-200	0	4.5	735.23	341.411	242.25	107.832	32.4195	11.3177	0	0	0	0	0	0	0	0	0	0	0	0	0	0	0
00.000,00.000	21.6	0	-200	0	4.5	743.341	344.02	245.336	109.399	32.8974	11.6891	0	0	0	0	0	0	0	0	0	0	0	0	0	0	0
00.000,00.000	21.7	0	-200	0	4.5	768.144	352.18	254.645	114.18	34.345	12.794	0	0	0	0	0	0	0	0	0	0	0	0	0	0	0
00.000,00.000	21.8	0	-200	0	4.5	815.79	367.982	272.653	123.153	37.1513	14.8521	0	0	0	0	0	0	0	0	0	0	0	0	0	0	0
00.000,00.000	21.9	0	-200	0	4.5	824.113	370.705	275.819	124.717	37.6621	15.2099	0	0	0	0	0	0	0	0	0	0	0	0	0	0	0
00.000,00.000	22	0	-200	0	4.5	824.619	370.877	276.007	124.813	37.692	15.2303	0	0	0	0	0	0	0	0	0	0	0	0	0	0	0
00.000,00.000	22.1	0	-200	0	4.5	858.178	382.019	288.992	131.196	39.6839	16.2863	0	0	0	0	0	0	0	0	0	0	0	0	0	0	0
00.000,00.000	22.2	0	-200	0	4.5	872.403	385.967	295.344	133.968	40.5648	16.5592	0	0	0	0	0	0	0	0	0	0	0	0	0	0	0
00.000,00.000	22.3	0	-200	0	4.5	877.598	387.461	297.643	134.963	40.8776	16.6536	0	0	0	0	0	0	0	0	0	0	0	0	0	0	0
00.000,00.000	22.4	0	-200	0	4.5	883.06	389.062	300.038	136.001	41.2076	16.7506	0	0	0	0	0	0	0	0	0	0	0	0	0	0	0
00.000,00.000	22.5	0	-200	0	4.5	924.288	401.31	318.021	143.781	43.1472	18.0281	0	0	0	0	0	0	0	0	0	0	0	0	0	0	0
00.000,00.000	22.6	0	-200	0	4.5	932.925	403.854	321.76	145.448	43.4851	18.3779	0	0	0	0	0	0	0	0	0	0	0	0	0	0	0
00.000,00.000	22.7	0	-200	0	4.5	974.362	416.985	338.701	153.393	45.2679	20.0149	0	0	0	0	0	0	0	0	0	0	0	0	0	0	0
00.000,00.000	22.8	0	-200	0	4.5	986.064	420.857	343.246	155.688	45.7849	20.2077	0.280597	0	0	0	0	0	0	0	0	0	0	0	0	0	0
00.000,00.000	22.9	0	-200	0	4.5	1035.19	437.912	361.905	165.056	48.0024	21.3093	1.00657	0	0	0	0	0	0	0	0	0	0	0	0	0	0
00.000,00.000	23	0	-200	0	4.5	1046.98	442.067	366.137	167.48	48.5419	21.5486	1.20468	0	0	0	0	0	0	0	0	0	0	0	0	0	0
00.000,00.000	23.1	0	-200	0	4.5	1073.69	452.055	375.648	172.552	49.7686	22.0517	1.61841	0	0	0	0	0	0	0	0	0	0	0	0	0	0
00.000,00.000	23.2	0	-200	0	4.5	1086.61	457.02	379.898	175.184	50.3834	22.2984	1.82278	0	0	0	0	0	0	0	0	0	0	0	0	0	0
00.000,00.000	23.3	0	-200	0	4.5	1092.94	459.588	381.928	176.398	50.6889	22.4178	1.91913	0	0	0	0	0	0	0	0	0	0	0	0	0	0
00.000,00.000	23.4	0	-200	0	4.5	1099.55	462.328	384.018	177.635	51.0104	22.5405	2.01692	0	0	0	0	0	0	0	0	0	0	0	0	0	0
00.000,00.000	23.5	0	-200	0	4.5	1141.63	480.073	397.109	185.403	53.0942	23.318	2.63249	0	0	0	0	0	0	0	0	0	0	0	0	0	0
00.000,00.000	23.6	0	-200	0	4.5	1150.87	483.97	399.963	187.129	53.552	23.4872	2.76503	0	0	0	0	0	0	0	0	0	0	0	0	0	0
00.000,00.000	23.7	0	-200	0	4.5	1178.92	496.072	408.656	192.099	54.9408	24.002	3.1452	0	0	0	0	0	0	0	0	0	0	0	0	0	0
00.000,00.000	23.8	0	-200	0	4.5	1192.87	502.019	412.926	194.656	55.6585	24.2672	3.33887	0	0	0	0	0	0	0	0	0	0	0	0	0	0
00.000,00.000	23.9	0	-200	0	4.5	1228.93	517.375	424.262	201.021	57.5059	24.9511	3.81841	0	0	0	0	0	0	0	0	0	0	0	0	0	0
00.000,00.000	24	0	-200	0	4.5	1236.87	520.708	426.767	202.442	57.925	25.1067	3.92561	0	0	0	0	0	0	0	0	0	0	0	0	0	0
00.000,00.000	24.1	0	-200	0	4.5	1260.5	530.727	434.592	206.453	59.1683	25.3346	4.22733	0	0	0	0	0	0	0	0	0	0	0	0	0	0
00.000,00.000	24.2	0	-200	0	4.5	1273.67	536.257	439.065	208.69	59.8732	25.3879	4.39581	0	0	0	0	0	0	0	0	0	0	0	0	0	0
00.000,00.000	24.3	0	-200	0	4.5	1281.69	539.634	441.815	210.009	60.298	25.4441	4.49367	0	0	0	0	0	0	0	0	0	0	0	0	0	0
00.000,00.000	24.4	0	-200	0	4.5	1289.95	543.092	444.683	211.344	60.7383	25.5017	4.59222	0	0	0	0	0	0	0	0	0	0	0	0	0	0
00.000,00.000	24.5	0	-200	0	4.5	1331.77	560.54	459.228	218.095	63.0091	25.8079	5.08944	0	0	0	0	0	0	0	0	0	0	0	0	0	0
00.000,00.000	24.6	0	-200	0	4.5	1340.92	564.291	462.487	219.551	63.5142	25.8783	5.19881	0	0	0	0	0	0	0	0	0	0	0	0	0	0
00.000,00.000	24.7	0	-200	0	4.5	1370.46	576.608	472.887	224.198	65.1058	26.1233	5.53572	0	0	0	0	0	0	0	0	0	0	0	0	0	0
00.000,00.000	24.8	0	-200	0	4.5	1377.25	579.412	475.309	225.289	65.442	26.1814	5.61247	0	0	0	0	0	0	0	0	0	0	0	0	0	0
00.000,00.000	24.9	0	-200	0	4.5	1505.6	632.507	520.728	245.626	72.2988	27.4023	7.03471	0	0	0	0	0	0	0	0	0	0	0	0	0	0
00.000,00.000	25	0	-200	0	4.5	1533.03	643.923	530.155	250.139	73.7834	27.6832	7.34962	0	0	0	0	0	0	0	0	0	0	0	0	0	0
00.000,00.000	25.1	0	-200	0	4.5	1617.77	678.829	560.626	263.164	78.2849	28.6245	8.24352	0	0	0	0	0	0	0	0	0	0	0	0	0	0
00.000,00.000	25.2	0	-200	0	4.5	1651.41	692.876	572.456	268.351	80.1043	29.0172	8.60596	0	0	0	0	0	0	0	0	0	0	0	0	0	0
00.000,00.000	25.3	0	-200	0	4.5	1661.11	696.728	576.153	269.777	80.61	29.1366	8.70231	0	0	0	0	0	0	0	0	0	0	0	0	0	0
00.000,00.000	25.4	0	-200	0	4.5	1671.48	700.749	580.245	271.275	81.1453	29.2689	8.8022	0	0	0	0	0	0	0	0	0	0	0	0	0	0
00.000,00.000	25.5	0	-200	0	4.5	1696.53	710.196	590.438	274.834	82.4268	29.6023	9.02643	0.0107998	0	0	0	0	0	0	0	0	0	0	0	0	0
00.000,00.000	25.6	0	-200	0	4.5	1745.79	728.279	610.695	282.036	84.9829	30.2971	9.04174	0.455411	0	0	0	0	0	0	0	0	0	0	0	0	0
00.000,00.000	25.7	0	-200	0	4.5	1754.53	731.285	614.442	283.355	85.4479	30.4247	9.04174	0.538187	0	0	0	0	0	0	0	0	0	0	0	0	0
00.000,00.000	25.8	0	-200	0	4.5	1783.02	741.321	626.53	287.562	86.9176	30.8584	9.04174	0.790907	0	0	0	0	0	0	0	0	0	0	0	0	0
00.000,00.000	25.9	0	-200	0	4.5	1791.12	744.152	630.022	288.772	87.349	30.9866	9.04174	0.793585	0	0	0	0	0	0	0	0	0	0	0	0	0
00.000,00.000	26	0	-200	0	4.5	1795.95	745.866	632.129	289.466	87.6008	31.0662	9.04174	0.784425	0	0	0	0	0	0	0	0	0	0	0	0	0
00.000,00.000	26.1	0	-200	0	4.5	1823.45	755.654	643.995	293.392	89.026	31.5278	9.04174	0.815194	0	0	0	0	0	0	0	0	0	0	0	0	0
00.000,00.000	26.2	0	-200	0	4.5	1839.99	761.6	651.061	295.762	89.9127	31.7999	9.04174	0.815194	0	0	0	0	0	0	0	0	0	0	0	0	0
00.000,00.000	26.3	0	-200	0	4.5	1851.85	765.813	656.158	297.458	90.5615	31.9991	9.04174	0.815194	0	0	0	0	0	0	0	0	0	0	0	0	0
00.000,00.000	26.4	0	-200	0	4.5	1863.73	770.029	661.264	299.15	91.2233	32.2086	9.04174	0.815194	0	0	0	0	0	0	0	0	0	0	0	0	0
00.000,00.000	26.5	0	-200	0	4.5	1900.55	782.917	677.126	304.406	93.3442	32.9043	9.04174	0.815194	0	0	0	0	0	0	0	0	0	0	0	0	0
00.000,00.000	26.6	0	-200	0	4.5	1909.47	786.105	680.93	305.638	93.8763	33.0682	9.04174	0.815194	0	0	0	0	0	0	0	0	0	0	0	0	0
00.000,00.000	26.7	0	-200	0	4.5	1911.91	786.972	681.967	305.98	94.0205	33.1176	9.04174	0.815194	0	0	0	0	0	0	0	0	0	0	0	0	0
00.000,00.000	26.8	0	-200	0	4.5	1992.55	814.945	716.281	317.532	99.0316	34.9069	9.04192	0.815194	0	0	0	0	0	0	0	0	0	0	0	0	0
00.000,00.000	26.9	0	-200	0	4.5	2012.12	822.069	724.423	320.215	100.234	35.3233	9.04229	0.815194	0	0	0	0	0	0	0	0	0	0	0	0	0
00.000,00.000	27	0	-200	0	4.5	2013.9	822.705	725.174	320.461	100.342	35.364	9.04243	0.815194	0	0	0	0	0	0	0	0	0	0	0	0	0
00.000,00.000	27.1	0	-200	0	4.5	2068.18	842.131	747.953	327.863	103.709	36.6618	9.04767	0.815194	0	0	0	0	0	0	0	0	0	0	0	0	0
00.000,00.000	27.2	0	-200	0	4.5	2093.69	851.505	758.508	331.186	105.332	37.289	9.05116	0.815194	0	0	0	0	0	0	0	0	0	0	0	0	0
00.000,00.000	27.3	0	-200	0	4.5	2105.24	855.728	763.313	332.683	106.065	37.5801	9.05395	0.815194	0	0	0	0	0	0	0	0	0	0	0	0	0
00.000,00.000	27.4	0	-200	0	4.5	2116.95	860.016	768.153	334.21	106.819	37.8844	9.05735	0.815194	0	0	0	0	0	0	0	0	0	0	0	0	0
00.000,00.000	27.5	0	-200	0	4.5	2162.23	876.436	786.703	340.216	109.823	39.1646	9.0743	0.815194	0	0	0	0	0	0	0	0	0	0	0	0	0
00.000,00.000	27.6	0	-200	0	4.5	2172.77	880.327	790.979	341.556	110.532	39.4807	9.07888	0.815194	0	0	0	0	0	0	0	0	0	0	0	0	0
00.000,00.000	27.7	0	-200	0	4.5	2175.25	881.241	791.985	341.879	110.696	39.5554	9.0803	0.815194	0	0	0	0	0	0	0	0	0	0	0	0	0
00.000,00.000	27.8	0	-200	0	4.5	2201.32	890.823	802.465	345.306	112.452	40.3636	9.09777	0.815194	0	0	0	0	0	0	0	0	0	0	0	0	0
00.000,00.000	27.9	0	-200	0	4.5	2251.05	908.987	822.433	351.805	115.909	41.9697	9.13616	0.815194	0	0	0	0	0	0	0	0	0	0	0	0	0
00.000,00.000	28	0	-200	0	4.5	2261.37	912.785	826.558	353.137	116.641	42.2917	9.145	0.815194	0	0	0	0	0	0	0	0	0	0	0	0	0
00.000,00.000	28.1	0	-200	0	4.5	2290.72	923.633	838.137	357.016	118.693	43.254	9.17439	0.815194	0	0	0	0	0	0	0	0	0	0	0	0	0
00.000,00.000	28.2	0	-200	0	4.5	2308.53	930.246	845.114	359.353	119.963	43.8486	9.1939	0.815194	0	0	0	0	0	0	0	0	0	0	0	0	0
00.000,00.000	28.3	0	-200	0	4.5	2320.27	934.624	849.698	360.891	120.784	44.2536	9.20838	0.815194	0	0	0	0	0	0	0	0	0	0	0	0	0
00.000,00.000	28.4	0	-200	0	4.5	2332	939.033	854.252	362.416	121.59	44.6694	9.22404	0.815194	0	0	0	0	0	0	0	0	0	0	0	0	0
00.000,00.000	28.5	0	-200	0	4.5	2349.89	945.772	861.095	364.768	122.852	45.3322	9.2505	0.815194	0	0	0	0	0	0	0	0	0	0	0	0	0
00.000,00.000	28.6	0	-200	0	4.5	2414.06	970.156	885.3	373.28	127.342	47.8145	9.35446	0.815194	0	0	0	0	0	0	0	0	0	0	0	0	0
00.000,00.000	28.7	0	-200	0	4.5	2426.57	975.007	889.915	374.979	128.119	48.3611	9.37648	0.815194	0	0	0	0	0	0	0	0	0	0	0	0	0
00.000,00.000	28.8	0	-200	0	4.5	2439.24	979.917	894.54	376.68	128.984	48.9	9.40087	0.815194	0	0	0	0	0	0	0	0	0	0	0	0	0
00.000,00.000	28.9	0	-200	0	4.5	2443.18	981.476	895.953	377.212	129.235	49.0801	9.40893	0.815194	0	0	0	0	0	0	0	0	0	0	0	0	0
00.000,00.000	29	0	-200	0	4.5	2463.49	989.562	903.229	379.875	130.578	49.9789	9.45364	0.815194	0	0	0	0	0	0	0	0	0	0	0	0	0
00.000,00.000	29.1	0	-200	0	4.5	2488.58	999.687	912.114	383.166	132.167	51.1136	9.51296	0.815194	0	0	0	0	0	0	0	0	0	0	0	0	0
00.000,00.000	29.2	0	-200	0	4.5	2502.24	1005.23	916.921	384.959	133.024	51.7355	9.5477	0.815194	0	0	0	0	0	0	0	0	0	0	0	0	0
00.000,00.000	29.3	0	-200	0	4.5	2513.14	1009.72	920.697	386.37	133.719	52.2437	9.57769	0.815194	0	0	0	0	0	0	0	0	0	0	0	0	0
00.000,00.000	29.4	0	-200	0	4.5	2524.01	1014.25	924.395	387.767	134.412	52.7628	9.60953	0.815194	0	0	0	0	0	0	0	0	0	0	0	0	0
00.000,00.000	29.5	0	-200	0	4.5	2536.15	1019.36	928.429	389.322	135.202	53.3694	9.64828	0.815194	0	0	0	0	0	0	0	0	0	0	0	0	0
00.000,00.000	29.6	0	-200	0	4.5	2597.84	1045.62	948.498	397.219	139.241	56.5801	9.86116	0.815194	0	0	0	0	0	0	0	0	0	0	0	0	0
00.000,00.000	29.7	0	-200	0	4.5	2610.53	1051.2	952.53	398.893	139.967	57.2149	9.9072	0.815194	0	0	0	0	0	0	0	0	0	0	0	0	0
00.000,00.000	29.8	0	-200	0	4.5	2622.34	1056.4	956.2	400.402	140.72	57.8512	9.95374	0.815194	0	0	0	0	0	0	0	0	0	0	0	0	0
00.000,00.000	29.9	0	-200	0	4.5	2625.75	1057.95	957.227	400.838	140.921	58.0339	9.96775	0.815194	0	0	0	0	0	0	0	0	0	0	0	0	0
00.000,00.000	30	0	-200	0	4.5	2637.89	1063.52	960.828	402.351	141.643	58.7044	10.0212	0.815194	0	0	0	0	0	0	0	0	0	0	0	0	0
00.000,00.000	30.1	0	-200	0	4.5	2662.03	1074.69	967.915	405.356	143.047	60.0762	10.1336	0.815194	0	0	0	0	0	0	0	0	0	0	0	0	0
00.000,00.000	30.2	0	-200	0	4.5	2675.13	1080.78	971.7	407	143.788	60.8421	10.1991	0.815194	0	0	0	0	0	0	0	0	0	0	0	0	0
00.000,00.000	30.3	0	-200	0	4.5	2684.71	1085.26	974.433	408.193	144.344	61.4223	10.2506	0.815194	0	0	0	0	0	0	0	0	0	0	0	0	0
00.000,00.000	30.4	0	-200	0	4.5	2694.2	1089.73	977.078	409.368	144.89	62.0115	10.3047	0.815194	0	0	0	0	0	0	0	0	0	0	0	0	0
00.000,00.000	30.5	0	-200	0	4.5	2703.87	1094.33	979.705	410.562	145.455	62.6387	10.3645	0.815194	0	0	0	0	0	0	0	0	0	0	0	0	0
00.000,00.000	30.6	0	-200	0	4.5	2750.25	1115.75	992.711	416.32	148.193	65.7803	10.6739	0.815194	0	0	0	0	0	0	0	0	0	0	0	0	0
00.000,00.000	30.7	0	-200	0	4.5	2765.91	1122.53	997.42	418.353	149.117	66.8871	10.788	0.815194	0	0	0	0	0	0	0	0	0	0	0	0	0
00.000,00.000	30.8	0	-200	0	4.5	2766.89	1122.95	997.714	418.477	149.175	66.9598	10.7958	0.815194	0	0	0	0	0	0	0	0	0	0	0	0	0
00.000,00.000	30.9	0	-200	0	4.5	2767.95	1123.42	998.028	418.609	149.238	67.0402	10.8047	0.815194	0	0	0	0	0	0	0	0	0	0	0	0	0
00.000,00.000	31	0	-200	0	4.5	2776.12	1127.05	1000.41	419.614	149.702	67.6566	10.878	0.815194	0	0	0	0	0	0	0	0	0	0	0	0	0
00.000,00.000	31.1	0	-200	0	4.5	2797.38	1136.09	1007.1	422.153	150.88	69.268	11.0769	0.815194	0	0	0	0	0	0	0	0	0	0	0	0	0
00.000,00.000	31.2	0	-200	0	4.5	2808.5	1140.85	1010.59	423.457	151.468	70.1227	11.1867	0.815194	0	0	0	0	0	0	0	0	0	0	0	0	0
00.000,00.000	31.3	0	-200	0	4.5	2816.13	1144.16	1012.96	424.33	151.87	70.7237	11.2663	0.815194	0	0	0	0	0	0	0	0	0	0	0	0	0
00.000,00.000	31.4	0	-200	0	4.5	2823.66	1147.47	1015.27	425.182	152.244	71.3269	11.349	0.815194	0	0	0	0	0	0	0	0	0	0	0	0	0
00.000,00.000	31.5	0	-200	0	4.5	2850.76	1159.83	1022.73	428.328	153.652	73.7114	11.6887	0.815194	0	0	0	0	0	0	0	0	0	0	0	0	0
00.000,00.000	31.6	0	-200	0	4.5	2893.14	1179.18	1034.28	433.329	155.78	77.4919	12.2639	0.815358	0	0	0	0	0	0	0	0	0	0	0	0	0
00.000,00.000	31.7	0	-200	0	4.5	2901.76	1183.26	1036.57	434.351	156.189	78.1829	12.3854	0.815906	0	0	0	0	0	0	0	0	0	0	0	0	0
00.000,00.000	31.8	0	-200	0	4.5	2902.05	1183.4	1036.65	434.384	156.203	78.2089	12.3899	0.815985	0	0	0	0	0	0	0	0	0	0	0	0	0
00.000,00.000	31.9	0	-200	0	4.5	2902.78	1183.77	1036.84	434.46	156.234	78.2697	12.4007	0.816207	0	0	0	0	0	0	0	0	0	0	0	0	0
00.000,00.000	32	0	-200	0	4.5	2904.48	1184.62	1037.27	434.637	156.304	78.4063	12.4279	0.816927	0	0	0	0	0	0	0	0	0	0	0	0	0
00.000,00.000	32.1	0	-200	0	4.5	2928.48	1196.78	1043.22	437.096	157.285	80.435	12.8345	0.82993	0	0	0	0	0	0	0	0	0	0	0	0	0
00.000,00.000	32.2	0	-200	0	4.5	2939.98	1202.98	1045.67	438.311	157.749	81.3655	13.077	0.837596	0	0	0	0	0	0	0	0	0	0	0	0	0
00.000,00.000	32.3	0	-200	0	4.5	2945.98	1206.22	1046.97	438.894	157.979	81.8628	13.2065	0.842474	0	0	0	0	0	0	0	0	0	0	0	0	0
00.000,00.000	32.4	0	-200	0	4.5	2951.93	1209.49	1048.24	439.453	158.196	82.3525	13.3408	0.848163	0	0	0	0	0	0	0	0	0	0	0	0	0
00.000,00.000	32.5	0	-200	0	4.5	2967.91	1218.33	1051.56	440.91	158.725	83.7398	13.7796	0.866793	0	0	0	0	0	0	0	0	0	0	0	0	0
00.000,00.000	32.6	0	-200	0	4.5	2996.03	1234.16	1057.21	443.392	159.54	86.1571	14.6599	0.903521	0	0	0	0	0	0	0	0	0	0	0	0	0
00.000,00.000	32.7	0	-200	0	4.5	3026.2	1251.49	1063.05	445.921	160.374	88.7525	15.6574	0.956073	0	0	0	0	0	0	0	0	0	0	0	0	0
00.000,00.000	32.8	0	-200	0	4.5	3029.34	1253.29	1063.68	446.19	160.441	89.0045	15.7661	0.963551	0	0	0	0	0	0	0	0	0	0	0	0	0
00.000,00.000	32.9	0	-200	0	4.5	3057.12	1269.86	1068.96	448.319	161.078	91.1475	16.729	1.02464	0	0	0	0	0	0	0	0	0	0	0	0	0
00.000,00.000	33	0	-200	0	4.5	3067.48	1276.12	1070.95	449.134	161.336	91.7891	17.1016	1.04706	0	0	0	0	0	0	0	0	0	0	0	0	0
00.000,00.000	33.1	0	-200	0	4.5	3079.36	1283.59	1073.06	449.946	161.592	92.587	17.5144	1.07231	0	0	0	0	0	0	0	0	0	0	0	0	0
00.000,00.000	33.2	0	-200	0	4.5	3087.09	1288.51	1074.4	450.468	161.757	93.0781	17.7924	1.08962	0	0	0	0	0	0	0	0	0	0	0	0	0
00.000,00.000	33.3	0	-200	0	4.5	3092.61	1292.07	1075.34	450.811	161.863	93.4273	17.9912	1.10239	0	0	0	0	0	0	0	0	0	0	0	0	0
00.000,00.000	33.4	0	-200	0	4.5	3098.14	1295.72	1076.25	451.134	161.96	93.7664	18.1929	1.11568	0	0	0	0	0	0	0	0	0	0	0	0	0
00.000,00.000	33.5	0	-200	0	4.5	3112.46	1305.19	1078.54	451.942	162.199	94.6725	18.7694	1.15361	0	0	0	0	0	0	0	0	0	0	0	0	0
00.000,00.000	33.6	0	-200	0	4.5	3148.39	1329.13	1084.18	453.892	162.759	96.883	20.2876	1.25635	0	0	0	0	0	0	0	0	0	0	0	0	0
00.000,00.000	33.7	0	-200	0	4.5	3168.21	1342.81	1087.05	454.866	163.042	97.9987	21.1343	1.31432	0	0	0	0	0	0	0	0	0	0	0	0	0
00.000,00.000	33.8	0	-200	0	4.5	3168.26	1342.84	1087.06	454.868	163.043	98.0008	21.1362	1.31445	0	0	0	0	0	0	0	0	0	0	0	0	0
00.000,00.000	33.9	0	-200	0	4.5	3200.73	1365.14	1091.84	456.446	163.431	99.7773	22.6659	1.42553	0	0	0	0	0	0	0	0	0	0	0	0	0
00.000,00.000	34	0	-200	0	4.5	3212.87	1373.85	1093.53	456.942	163.561	100.325	23.1961	1.46502	0	0	0	0	0	0	0	0	0	0	0	0	0
00.000,00.000	34.1	0	-200	0	4.5	3226.29	1383.45	1095.5	457.47	163.669	100.938	23.7533	1.50842	0	0	0	0	0	0	0	0	0	0	0	0	0
00.000,00.000	34.2	0	-200	0	4.5	3234.09	1388.93	1096.75	457.769	163.724	101.287	24.0981	1.53557	0	0	0	0	0	0	0	0	0	0	0	0	0
00.000,00.000	34.3	0	-200	0	4.5	3239.09	1392.55	1097.54	457.947	163.755	101.437	24.309	1.55276	0	0	0	0	0	0	0	0	0	0	0	0	0
00.000,00.000	34.4	0	-200	0	4.5	3244.28	1396.42	1098.38	458.121	163.784	101.485	24.5295	1.57129	0	0	0	0	0	0	0	0	0	0	0	0	0
00.000,00.000	34.5	0	-200	0	4.5	3249.59	1400.32	1099.23	458.291	163.81	101.583	24.7669	1.59192	0	0	0	0	0	0	0	0	0	0	0	0	0
00.000,00.000	34.6	0	-200	0	4.5	3292.1	1431.03	1105.98	459.586	164.005	102.977	26.7528	1.76743	0	0	0	0	0	0	0	0	0	0	0	0	0
00.000,00.000	34.7	0	-200	0	4.5	3306.03	1441.23	1108.19	460.002	164.054	103.407	27.3216	1.8298	0	0	0	0	0	0	0	0	0	0	0	0	0
00.000,00.000	34.8	0	-200	0	4.5	3306.21	1441.36	1108.22	460.007	164.055	103.412	27.3289	1.83064	0	0	0	0	0	0	0	0	0	0	0	0	0
00.000,00.000	34.9	0	-200	0	4.5	3337.53	1464.13	1113.54	460.855	164.148	104.287	28.588	1.99347	0	0	0	0	0	0	0	0	0	0	0	0	0
00.000,00.000	35	0	-200	0	4.5	3348.32	1472.23	1115.26	461.133	164.172	104.553	28.9084	2.05696	0	0	0	0	0	0	0	0	0	0	0	0	0
00.000,00.000	35.1	0	-200	0	4.5	3366.15	1485.78	1118.04	461.53	164.21	104.952	29.4908	2.14644	0	0	0	0	0	0	0	0	0	0	0	0	0
00.000,00.000	35.2	0	-200	0	4.5	3375.53	1492.9	1119.54	461.735	164.226	105.154	29.7728	2.19944	0	0	0	0	0	0	0	0	0	0	0	0	0
00.000,00.000	35.3	0	-200	0	4.5	3380.61	1496.85	1120.29	461.829	164.234	105.249	29.9275	2.22535	0	0	0	0	0	0	0	0	0	0	0	0	0
00.000,00.000	35.4	0	-200	0	4.5	3386.62	1501.59	1121.15	461.929	164.24	105.35	30.1068	2.25619	0	0	0	0	0	0	0	0	0	0	0	0	0
00.000,00.000	35.5	0	-200	0	4.5	3392.81	1506.47	1122.03	462.026	164.246	105.451	30.2999	2.29105	0	0	0	0	0	0	0	0	0	0	0	0	0
00.000,00.000	35.6	0	-200	0	4.5	3431.52	1536.91	1127.54	462.604	164.275	106.06	31.6134	2.52513	0	0	0	0	0	0	0	0	0	0	0	0	0
00.000,00.000	35.7	0	-200	0	4.5	3446.83	1549.24	1129.57	462.794	164.282	106.262	32.063	2.61552	0	0	0	0	0	0	0	0	0	0	0	0	0
00.000,00.000	35.8	0	-200	0	4.5	3447.07	1549.44	1129.6	462.797	164.282	106.265	32.0708	2.617	0	0	0	0	0	0	0	0	0	0	0	0	0
00.000,00.000	35.9	0	-200	0	4.5	3472.84	1570.56	1132.8	463.048	164.285	106.517	32.797	2.82792	0	0	0	0	0	0	0	0	0	0	0	0	0
00.000,00.000	36	0	-200	0	4.5	3480.66	1576.89	1133.86	463.124	164.286	106.609	32.9765	2.92216	0	0	0	0	0	0	0	0	0	0	0	0	0
00.000,00.000	36.1	0	-200	0	4.5	3497.27	1590.15	1136.21	463.272	164.286	106.79	33.4692	3.09156	0	0	0	0	0	0	0	0	0	0	0	0	0
00.000,00.000	36.2	0	-200	0	4.5	3506.3	1597.53	1137.38	463.342	164.286	106.892	33.686	3.1846	0	0	0	0	0	0	0	0	0	0	0	0	0
00.000,00.000	36.3	0	-200	0	4.5	3513.38	1603.31	1138.3	463.391	164.286	106.973	33.8709	3.25417	0	0	0	0	0	0	0	0	0	0	0	0	0
00.000,00.000	36.4	0	-200	0	4.5	3519.36	1608.24	1139.04	463.427	164.286	107.041	34.0135	3.31348	0	0	0	0	0	0	0	0	0	0	0	0	0
00.000,00.000	36.5	0	-200	0	4.5	3526.2	1613.82	1139.93	463.468	164.286	107.123	34.187	3.38986	0	0	0	0	0	0	0	0	0	0	0	0	0
00.000,00.000	36.6	0	-200	0	4.5	3557.85	1640.39	1143.42	463.621	164.286	107.459	34.9458	3.72798	0	0	0	0	0	0	0	0	0	0	0	0	0
00.000,00.000	36.7	0	-200	0	4.5	3563.84	1645.4	1144.12	463.65	164.286	107.524	35.0653	3.80309	0	0	0	0	0	0	0	0	0	0	0	0	0
00.000,00.000	36.8	0	-200	0	4.5	3564.22	1645.7	1144.17	463.652	164.286	107.528	35.0751	3.8081	0	0	0	0	0	0	0	0	0	0	0	0	0
00.000,00.000	36.9	0	-200	0	4.5	3565.7	1646.98	1144.31	463.656	164.286	107.54	35.0997	3.8237	0	0	0	0	0	0	0	0	0	0	0	0	0
00.000,00.000	37	0	-200	0	4.5	3570.11	1650.71	1144.82	463.671	164.286	107.578	35.1742	3.87455	0	0	0	0	0	0	0	0	0	0	0	0	0
00.000,00.000	37.1	0	-200	0	4.5	3581.8	1660.34	1146.36	463.71	164.286	107.687	35.3996	4.02392	0	0	0	0	0	0	0	0	0	0	0	0	0
00.000,00.000	37.2	0	-200	0	4.5	3588.51	1666.03	1147.13	463.727	164.286	107.739	35.515	4.08454	0	0	0	0	0	0	0	0	0	0	0	0	0
00.000,00.000	37.3	0	-200	0	4.5	3595.27	1671.76	1147.89	463.742	164.286	107.786	35.6485	4.14614	0	0	0	0	0	0	0	0	0	0	0	0	0
00.000,00.000	37.4	0	-200	0	4.5	3601.44	1677.02	1148.59	463.753	164.286	107.827	35.7626	4.201	0	0	0	0	0	0	0	0	0	0	0	0	0
00.000,00.000	37.5	0	-200	0	4.5	3607.69	1682.36	1149.29	463.763	164.286	107.865	35.8745	4.25714	0	0	0	0	0	0	0	0	0	0	0	0	0
00.000,00.000	37.6	0	-200	0	4.5	3614.11	1687.71	1150.08	463.773	164.286	107.911	36.0178	4.33132	0	0	0	0	0	0	0	0	0	0	0	0	0
00.000,00.000	37.7	0	-200	0	4.5	3647.16	1716.36	1153.36	463.807	164.286	108.088	36.6044	4.65608	0	0	0	0	0	0	0	0	0	0	0	0	0
00.000,00.000	37.8	0	-200	0	4.5	3652.22	1720.65	1153.95	463.813	164.286	108.119	36.697	4.70654	0	0	0	0	0	0	0	0	0	0	0	0	0
00.000,00.000	37.9	0	-200	0	4.5	3652.68	1721.03	1154.01	463.813	164.286	108.122	36.7067	4.71233	0	0	0	0	0	0	0	0	0	0	0	0	0
00.000,00.000	38	0	-200	0	4.5	3653.3	1721.56	1154.07	463.813	164.286	108.125	36.717	4.71886	0	0	0	0	0	0	0	0	0	0	0	0	0
00.000,00.000	38.1	0	-200	0	4.5	3670.18	1735.52	1156.37	463.824	164.286	108.208	37.035	4.92756	0	0	0	0	0	0	0	0	0	0	0	0	0
00.000,00.000	38.2	0	-200	0	4.5	3677.94	1741.6	1157.68	463.92	164.286	108.245	37.1781	5.02904	0	0	0	0	0	0	0	0	0	0	0	0	0
00.000,00.000	38.3	0	-200	0	4.5	3682.97	1745.67	1158.45	463.958	164.286	108.264	37.2616	5.08916	0	0	0	0	0	0	0	0	0	0	0	0	0
00.000,00.000	38.4	0	-200	0	4.5	3688.94	1750.49	1159.36	464.007	164.286	108.285	37.3581	5.16018	0	0	0	0	0	0	0	0	0	0	0	0	0
00.000,00.000	38.5	0	-200	0	4.5	3694.59	1755.06	1160.21	464.052	164.286	108.303	37.4462	5.22654	0	0	0	0	0	0	0	0	0	0	0	0	0
00.000,00.000	38.6	0	-200	0	4.5	3702.91	1761.61	1161.57	464.132	164.286	108.335	37.6142	5.36105	0	0	0	0	0	0	0	0	0	0	0	0	0
00.000,00.000	38.7	0	-200	0	4.5	3748.42	1796.64	1169.67	464.599	164.286	108.504	38.5933	6.11989	0	0	0	0	0	0	0	0	0	0	0	0	0
00.000,00.000	38.8	0	-200	0	4.5	3757.83	1803.32	1171.75	464.693	164.286	108.536	38.9826	6.25506	0	0	0	0	0	0	0	0	0	0	0	0	0
00.000,00.000	38.9	0	-200	0	4.5	3806.98	1838.3	1182.94	465.105	164.286	108.661	40.7787	6.9104	0	0	0	0	0	0	0	0	0	0	0	0	0
00.000,00.000	39	0	-200	0	4.5	3818.4	1846.17	1185.66	465.214	164.286	108.695	41.2499	7.12337	0	0	0	0	0	0	0	0	0	0	0	0	0
00.000,00.000	39.1	0	-200	0	4.5	3832.43	1855.67	1189.21	465.365	164.286	108.729	41.8096	7.36474	0	0	0	0	0	0	0	0	0	0	0	0	0
00.000,00.000	39.2	0	-200	0	4.5	3840.85	1861.53	1191.17	465.478	164.286	108.749	42.1317	7.50688	0	0	0	0	0	0	0	0	0	0	0	0	0
00.000,00.000	39.3	0	-200	0	4.5	3844.78	1864.18	1192.16	465.528	164.286	108.757	42.2886	7.5752	0	0	0	0	0	0	0	0	0	0	0	0	0
00.000,00.000	39.4	0	-200	0	4.5	3849.19	1867.22	1193.24	465.579	164.286	108.765	42.4529	7.64643	0	0	0	0	0	0	0	0	0	0	0	0	0
00.000,00.000	39.5	0	-200	0	4.5	3853.72	1870.37	1194.32	465.63	164.286	108.772	42.6248	7.72101	0	0	0	0	0	0	0	0	0	0	0	0	0
00.000,00.000	39.6	0	-200	0	4.5	3871.62	1882.62	1198.79	465.814	164.286	108.798	43.3021	8.01295	0	0	0	0	0	0	0	0	0	0	0	0	0
00.000,00.000	39.7	0	-200	0	4.5	3874.88	1884.71	1199.7	465.862	164.286	108.803	43.44	8.07332	0	0	0	0	0	0	0	0	0	0	0	0	0
00.000,00.000	39.8	0	-200	0	4.5	3886.35	1892.68	1202.4	465.975	164.286	108.817	43.9231	8.27901	0	0	0	0	0	0	0	0	0	0	0	0	0
00.000,00.000	39.9	0	-200	0	4.5	3888.53	1894.16	1202.93	466.001	164.286	108.82	44.0183	8.31975	0	0	0	0	0	0	0	0	0	0	0	0	0
00.000,00.000	40	0	-200	0	4.5	3888.87	1894.39	1203.01	466.003	164.286	108.82	44.0316	8.32523	0	0	0	0	0	0	0	0	0	0	0	0	0
00.000,00.000	40.1	0	-200	0	4.5	3900.97	1902.78	1205.96	466.097	164.286	108.828	44.5035	8.51479	0	0	0	0	0	0	0	0	0	0	0	0	0
00.000,00.000	40.2	0	-200	0	4.5	3907.3	1907.08	1207.56	466.152	164.286	108.831	44.7632	8.61767	0	0	0	0	0	0	0	0	0	0	0	0	0
00.000,00.000	40.3	0	-200	0	4.5	3910.8	1909.47	1208.47	466.178	164.286	108.833	44.8948	8.66793	0	0	0	0	0	0	0	0	0	0	0	0	0
00.000,00.000	40.4	0	-200	0	4.5	3915.54	1912.6	1209.61	466.394	164.286	108.834	45.0773	8.73539	0	0	0	0	0	0	0	0	0	0	0	0	0
00.000,00.000	40.5	0	-200	0	4.5	3920.72	1915.97	1210.86	466.679	164.286	108.834	45.2806	8.80865	0	0	0	0	0	0	0	0	0	0	0	0	0
00.000,00.000	40.6	0	-200	0	4.5	3934.96	1925.36	1214.18	467.479	164.286	108.834	45.825	8.99791	0	0	0	0	0	0	0	0	0	0	0	0	0
00.000,00.000	40.7	0	-200	0	4.5	3940.66	1928.96	1215.59	467.829	164.286	108.834	46.0674	9.1011	0	0	0	0	0	0	0	0	0	0	0	0	0
00.000,00.000	40.8	0	-200	0	4.5	3940.82	1929.06	1215.63	467.839	164.286	108.834	46.0743	9.10394	0	0	0	0	0	0	0	0	0	0	0	0	0
00.000,00.000	40.9	0	-200	0	4.5	3947.17	1932.98	1217.05	468.45	164.286	108.834	46.3529	9.21555	0	0	0	0	0	0	0	0	0	0	0	0	0
00.000,00.000	41	0	-200	0	4.5	3948.58	1933.86	1217.31	468.625	164.286	108.834	46.4168	9.24067	0	0	0	0	0	0	0	0	0	0	0	0	0
00.000,00.000	41.1	0	-200	0	4.5	3967.21	1945.79	1220.72	470.819	164.286	108.834	47.2117	9.5397	0	0	0	0	0	0	0	0	0	0	0	0	0
00.000,00.000	41.2	0	-200	0	4.5	3972.86	1949.34	1221.74	471.51	164.286	108.834	47.4676	9.68771	0	0	0	0	0	0	0	0	0	0	0	0	0
00.000,00.000	41.3	0	-200	0	4.5	3977.87	1952.55	1222.66	472.073	164.286	108.834	47.6721	9.80057	0	0	0	0	0	0	0	0	0	0	0	0	0
00.000,00.000	41.4	0	-200	0	4.5	3984.08	1956.55	1223.81	472.751	164.286	108.834	47.9207	9.93445	0	0	0	0	0	0	0	0	0	0	0	0	0
00.000,00.000	41.5	0	-200	0	4.5	3988.94	1959.66	1224.73	473.281	164.286	108.834	48.1152	10.0362	0	0	0	0	0	0	0	0	0	0	0	0	0
00.000,00.000	41.6	0	-200	0	4.5	3991.56	1961.35	1225.21	473.564	164.286	108.834	48.2193	10.0891	0	0	0	0	0	0	0	0	0	0	0	0	0
00.000,00.000	41.7	0	-200	0	4.5	3998.53	1965.67	1226.52	474.419	164.286	108.834	48.5433	10.2483	0	0	0	0	0	0	0	0	0	0	0	0	0
00.000,00.000	41.8	0	-200	0	4.5	4023.27	1981.09	1231.03	477.599	164.286	108.834	49.6297	10.7947	0	0	0	0	0	0	0	0	0	0	0	0	0
00.000,00.000	41.9	0	-200	0	4.5	4027.37	1983.69	1231.56	478.289	164.286	108.834	49.6408	11.071	0	0	0	0	0	0	0	0	0	0	0	0	0
00.000,00.000	42	0	-200	0	4.5	4047.81	1996.9	1234.46	481.375	164.286	108.834	49.677	12.2754	0	0	0	0	0	0	0	0	0	0	0	0	0