
label	time(d)	x	depth	z	radius	total	0-10	10-20	20-30	30-40	40-50	50-60	60-70	70-80	80-90	90-100	100-110	110-120	120-130	130-140	140-150	150-160	160-170	170-180	180-190	190-200
05.500,00.000	0	5.5	-200	0	4.5	0	0	0	0	0	0	0	0	0	0	0	0	0	0	0	0	0	0	0	0	0
05.500,00.000	0.1	5.5	-200	0	4.5	0	0	0	0	0	0	0	0	0	0	0	0	0	0	0	0	0	0	0	0	0
05.500,00.000	0.2	5.5	-200	0	4.5	0	0	0	0	0	0	0	0	0	0	0	0	0	0	0	0	0	0	0	0	0
05.500,00.000	0.3	5.5	-200	0	4.5	0	0	0	0	0	0	0	0	0	0	0	0	0	0	0	0	0	0	0	0	0
05.500,00.000	0.4	5.5	-200	0	4.5	0	0	0	0	0	0	0	0	0	0	0	0	0	0	0	0	0	0	0	0	0
05.500,00.000	0.5	5.5	-200	0	4.5	0	0	0	0	0	0	0	0	0	0	0	0	0	0	0	0	0	0	0	0	0
05.500,00.000	0.6	5.5	-200	0	4.5	0	0	0	0	0	0	0	0	0	0	0	0	0	0	0	0	0	0	0	0	0
05.500,00.000	0.7	5.5	-200	0	4.5	0	0	0	0	0	0	0	0	0	0	0	0	0	0	0	0	0	0	0	0	0
05.500,00.000	0.8	5.5	-200	0	4.5	0	0	0	0	0	0	0	0	0	0	0	0	0	0	0	0	0	0	0	0	0
05.500,00.000	0.9	5.5	-200	0	4.5	0	0	0	0	0	0	0	0	0	0	0	0	0	0	0	0	0	0	0	0	0
05.500,00.000	1	5.5	-200	0	4.5	0	0	0	0	0	0	0	0	0	0	0	0	0	0	0	0	0	0	0	0	0
05.500,00.000	1.1	5.5	-200	0	4.5	0	0	0	0	0	0	0	0	0	0	0	0	0	0	0	0	0	0	0	0	0
05.500,00.000	1.2	5.5	-200	0	4.5	0	0	0	0	0	0	0	0	0	0	0	0	0	0	0	0	0	0	0	0	0
05.500,00.000	1.3	5.5	-200	0	4.5	0	0	0	0	0	0	0	0	0	0	0	0	0	0	0	0	0	0	0	0	0
05.500,00.000	1.4	5.5	-200	0	4.5	0	0	0	0	0	0	0	0	0	0	0	0	0	0	0	0	0	0	0	0	0
05.500,00.000	1.5	5.5	-200	0	4.5	0	0	0	0	0	0	0	0	0	0	0	0	0	0	0	0	0	0	0	0	0
05.500,00.000	1.6	5.5	-200	0	4.5	0	0	0	0	0	0	0	0	0	0	0	0	0	0	0	0	0	0	0	0	0
05.500,00.000	1.7	5.5	-200	0	4.5	0	0	0	0	0	0	0	0	0	0	0	0	0	0	0	0	0	0	0	0	0
05.500,00.000	1.8	5.5	-200	0	4.5	0	0	0	0	0	0	0	0	0	0	0	0	0	0	0	0	0	0	0	0	0
05.500,00.000	1.9	5.5	-200	0	4.5	0	0	0	0	0	0	0	0	0	0	0	0	0	0	0	0	0	0	0	0	0
05.500,00.000	2	5.5	-200	0	4.5	0	0	0	0	0	0	0	0	0	0	0	0	0	0	0	0	0	0	0	0	0
05.500,00.000	2.1	5.5	-200	0	4.5	0	0	0	0	0	0	0	0	0	0	0	0	0	0	0	0	0	0	0	0	0
05.500,00.000	2.2	5.5	-200	0	4.5	0	0	0	0	0	0	0	0	0	0	0	0	0	0	0	0	0	0	0	0	0
05.500,00.000	2.3	5.5	-200	0	4.5	0	0	0	0	0	0	0	0	0	0	0	0	0	0	0	0	0	0	0	0	0
05.500,00.000	2.4	5.5	-200	0	4.5	0	0	0	0	0	0	0	0	0	0	0	0	0	0	0	0	0	0	0	0	0
05.500,00.000	2.5	5.5	-200	0	4.5	0	0	0	0	0	0	0	0	0	0	0	0	0	0	0	0	0	0	0	0	0
05.500,00.000	2.6	5.5	-200	0	4.5	0	0	0	0	0	0	0	0	0	0	0	0	0	0	0	0	0	0	0	0	0
05.500,00.000	2.7	5.5	-200	0	4.5	0	0	0	0	0	0	0	0	0	0	0	0	0	0	0	0	0	0	0	0	0
05.500,00.000	2.8	5.5	-200	0	4.5	0	0	0	0	0	0	0	0	0	0	0	0	0	0	0	0	0	0	0	0	0
05.500,00.000	2.9	5.5	-200	0	4.5	0	0	0	0	0	0	0	0	0	0	0	0	0	0	0	0	0	0	0	0	0
05.500,00.000	3	5.5	-200	0	4.5	0	0	0	0	0	0	0	0	0	0	0	0	0	0	0	0	0	0	0	0	0
05.500,00.000	3.1	5.5	-200	0	4.5	0.025255	0.025255	0	0	0	0	0	0	0	0	0	0	0	0	0	0	0	0	0	0	0
05.500,00.000	3.2	5.5	-200	0	4.5	0.286051	0.286051	0	0	0	0	0	0	0	0	0	0	0	0	0	0	0	0	0	0	0
05.500,00.000	3.3	5.5	-200	0	4.5	0.549085	0.549085	0	0	0	0	0	0	0	0	0	0	0	0	0	0	0	0	0	0	0
05.500,00.000	3.4	5.5	-200	0	4.5	0.811413	0.811413	0	0	0	0	0	0	0	0	0	0	0	0	0	0	0	0	0	0	0
05.500,00.000	3.5	5.5	-200	0	4.5	1.07591	1.07591	0	0	0	0	0	0	0	0	0	0	0	0	0	0	0	0	0	0	0
05.500,00.000	3.6	5.5	-200	0	4.5	1.33513	1.33513	0	0	0	0	0	0	0	0	0	0	0	0	0	0	0	0	0	0	0
05.500,00.000	3.7	5.5	-200	0	4.5	1.59086	1.59086	0	0	0	0	0	0	0	0	0	0	0	0	0	0	0	0	0	0	0
05.500,00.000	3.8	5.5	-200	0	4.5	1.84517	1.84517	0	0	0	0	0	0	0	0	0	0	0	0	0	0	0	0	0	0	0
05.500,00.000	3.9	5.5	-200	0	4.5	2.10108	2.10108	0	0	0	0	0	0	0	0	0	0	0	0	0	0	0	0	0	0	0
05.500,00.000	4	5.5	-200	0	4.5	2.36051	2.36051	0	0	0	0	0	0	0	0	0	0	0	0	0	0	0	0	0	0	0
05.500,00.000	4.1	5.5	-200	0	4.5	2.62216	2.62216	0	0	0	0	0	0	0	0	0	0	0	0	0	0	0	0	0	0	0
05.500,00.000	4.2	5.5	-200	0	4.5	2.88555	2.88555	0	0	0	0	0	0	0	0	0	0	0	0	0	0	0	0	0	0	0
05.500,00.000	4.3	5.5	-200	0	4.5	3.15042	3.15042	0	0	0	0	0	0	0	0	0	0	0	0	0	0	0	0	0	0	0
05.500,00.000	4.4	5.5	-200	0	4.5	3.41549	3.41549	0	0	0	0	0	0	0	0	0	0	0	0	0	0	0	0	0	0	0
05.500,00.000	4.5	5.5	-200	0	4.5	3.67701	3.67701	0	0	0	0	0	0	0	0	0	0	0	0	0	0	0	0	0	0	0
05.500,00.000	4.6	5.5	-200	0	4.5	3.93464	3.93464	0	0	0	0	0	0	0	0	0	0	0	0	0	0	0	0	0	0	0
05.500,00.000	4.7	5.5	-200	0	4.5	4.18937	4.18937	0	0	0	0	0	0	0	0	0	0	0	0	0	0	0	0	0	0	0
05.500,00.000	4.8	5.5	-200	0	4.5	4.4424	4.4424	0	0	0	0	0	0	0	0	0	0	0	0	0	0	0	0	0	0	0
05.500,00.000	4.9	5.5	-200	0	4.5	4.59913	4.59913	0	0	0	0	0	0	0	0	0	0	0	0	0	0	0	0	0	0	0
05.500,00.000	5	5.5	-200	0	4.5	4.59725	4.59725	0	0	0	0	0	0	0	0	0	0	0	0	0	0	0	0	0	0	0
05.500,00.000	5.1	5.5	-200	0	4.5	4.59725	4.59725	0	0	0	0	0	0	0	0	0	0	0	0	0	0	0	0	0	0	0
05.500,00.000	5.2	5.5	-200	0	4.5	4.59725	4.59725	0	0	0	0	0	0	0	0	0	0	0	0	0	0	0	0	0	0	0
05.500,00.000	5.3	5.5	-200	0	4.5	4.59725	4.59725	0	0	0	0	0	0	0	0	0	0	0	0	0	0	0	0	0	0	0
05.500,00.000	5.4	5.5	-200	0	4.5	4.59725	4.59725	0	0	0	0	0	0	0	0	0	0	0	0	0	0	0	0	0	0	0
05.500,00.000	5.5	5.5	-200	0	4.5	4.59725	4.59725	0	0	0	0	0	0	0	0	0	0	0	0	0	0	0	0	0	0	0
05.500,00.000	5.6	5.5	-200	0	4.5	4.59725	4.59725	0	0	0	0	0	0	0	0	0	0	0	0	0	0	0	0	0	0	0
05.500,00.000	5.7	5.5	-200	0	4.5	4.59725	4.59725	0	0	0	0	0	0	0	0	0	0	0	0	0	0	0	0	0	0	0
05.500,00.000	5.8	5.5	-200	0	4.5	4.59725	4.59725	0	0	0	0	0	0	0	0	0	0	0	0	0	0	0	0	0	0	0
05.500,00.000	5.9	5.5	-200	0	4.5	4.59725	4.59725	0	0	0	0	0	0	0	0	0	0	0	0	0	0	0	0	0	0	0
05.500,00.000	6	5.5	-200	0	4.5	4.59725	4.59725	0	0	0	0	0	0	0	0	0	0	0	0	0	0	0	0	0	0	0
05.500,00.000	6.1	5.5	-200	0	4.5	4.59725	4.59725	0	0	0	0	0	0	0	0	0	0	0	0	0	0	0	0	0	0	0
05.500,00.000	6.2	5.5	-200	0	4.5	4.59725	4.59725	0	0	0	0	0	0	0	0	0	0	0	0	0	0	0	0	0	0	0
05.500,00.000	6.3	5.5	-200	0	4.5	4.59725	4.59725	0	0	0	0	0	0	0	0	0	0	0	0	0	0	0	0	0	0	0
05.500,00.000	6.4	5.5	-200	0	4.5	4.59725	4.59725	0	0	0	0	0	0	0	0	0	0	0	0	0	0	0	0	0	0	0
05.500,00.000	6.5	5.5	-200	0	4.5	4.59725	4.59725	0	0	0	0	0	0	0	0	0	0	0	0	0	0	0	0	0	0	0
05.500,00.000	6.6	5.5	-200	0	4.5	4.59725	4.59725	0	0	0	0	0	0	0	0	0	0	0	0	0	0	0	0	0	0	0
05.500,00.000	6.7	5.5	-200	0	4.5	4.59725	4.59725	0	0	0	0	0	0	0	0	0	0	0	0	0	0	0	0	0	0	0
05.500,00.000	6.8	5.5	-200	0	4.5	4.59725	4.59725	0	0	0	0	0	0	0	0	0	0	0	0	0	0	0	0	0	0	0
05.500,00.000	6.9	5.5	-200	0	4.5	4.59725	4.59725	0	0	0	0	0	0	0	0	0	0	0	0	0	0	0	0	0	0	0
05.500,00.000	7	5.5	-200	0	4.5	4.59725	4.59725	0	0	0	0	0	0	0	0	0	0	0	0	0	0	0	0	0	0	0
05.500,00.000	7.1	5.5	-200	0	4.5	4.59725	4.59725	0	0	0	0	0	0	0	0	0	0	0	0	0	0	0	0	0	0	0
05.500,00.000	7.2	5.5	-200	0	4.5	4.59725	4.59725	0	0	0	0	0	0	0	0	0	0	0	0	0	0	0	0	0	0	0
05.500,00.000	7.3	5.5	-200	0	4.5	4.59725	4.59725	0	0	0	0	0	0	0	0	0	0	0	0	0	0	0	0	0	0	0
05.500,00.000	7.4	5.5	-200	0	4.5	4.59727	4.59727	0	0	0	0	0	0	0	0	0	0	0	0	0	0	0	0	0	0	0
05.500,00.000	7.5	5.5	-200	0	4.5	4.59833	4.59833	0	0	0	0	0	0	0	0	0	0	0	0	0	0	0	0	0	0	0
05.500,00.000	7.6	5.5	-200	0	4.5	4.60106	4.60106	0	0	0	0	0	0	0	0	0	0	0	0	0	0	0	0	0	0	0
05.500,00.000	7.7	5.5	-200	0	4.5	4.60595	4.60595	0	0	0	0	0	0	0	0	0	0	0	0	0	0	0	0	0	0	0
05.500,00.000	7.8	5.5	-200	0	4.5	4.61377	4.61377	0	0	0	0	0	0	0	0	0	0	0	0	0	0	0	0	0	0	0
05.500,00.000	7.9	5.5	-200	0	4.5	4.62462	4.62462	0	0	0	0	0	0	0	0	0	0	0	0	0	0	0	0	0	0	0
05.500,00.000	8	5.5	-200	0	4.5	4.63862	4.63862	0	0	0	0	0	0	0	0	0	0	0	0	0	0	0	0	0	0	0
05.500,00.000	8.1	5.5	-200	0	4.5	4.65744	4.65744	0	0	0	0	0	0	0	0	0	0	0	0	0	0	0	0	0	0	0
05.500,00.000	8.2	5.5	-200	0	4.5	4.682	4.682	0	0	0	0	0	0	0	0	0	0	0	0	0	0	0	0	0	0	0
05.500,00.000	8.3	5.5	-200	0	4.5	4.71392	4.71392	0	0	0	0	0	0	0	0	0	0	0	0	0	0	0	0	0	0	0
05.500,00.000	8.4	5.5	-200	0	4.5	4.75323	4.75323	0	0	0	0	0	0	0	0	0	0	0	0	0	0	0	0	0	0	0
05.500,00.000	8.5	5.5	-200	0	4.5	4.79817	4.79817	0	0	0	0	0	0	0	0	0	0	0	0	0	0	0	0	0	0	0
05.500,00.000	8.6	5.5	-200	0	4.5	4.84996	4.84996	0	0	0	0	0	0	0	0	0	0	0	0	0	0	0	0	0	0	0
05.500,00.000	8.7	5.5	-200	0	4.5	4.91043	4.91043	0	0	0	0	0	0	0	0	0	0	0	0	0	0	0	0	0	0	0
05.500,00.000	8.8	5.5	-200	0	4.5	4.97807	4.97807	0	0	0	0	0	0	0	0	0	0	0	0	0	0	0	0	0	0	0
05.500,00.000	8.9	5.5	-200	0	4.5	5.05575	5.05575	0	0	0	0	0	0	0	0	0	0	0	0	0	0	0	0	0	0	0
05.500,00.000	9	5.5	-200	0	4.5	5.14362	5.14362	0	0	0	0	0	0	0	0	0	0	0	0	0	0	0	0	0	0	0
05.500,00.000	9.1	5.5	-200	0	4.5	5.24218	5.24218	0	0	0	0	0	0	0	0	0	0	0	0	0	0	0	0	0	0	0
05.500,00.000	9.2	5.5	-200	0	4.5	5.35103	5.35103	0	0	0	0	0	0	0	0	0	0	0	0	0	0	0	0	0	0	0
05.500,00.000	9.3	5.5	-200	0	4.5	5.47668	5.47668	0	0	0	0	0	0	0	0	0	0	0	0	0	0	0	0	0	0	0
05.500,00.000	9.4	5.5	-200	0	4.5	5.61194	5.61194	0	0	0	0	0	0	0	0	0	0	0	0	0	0	0	0	0	0	0
05.500,00.000	9.5	5.5	-200	0	4.5	5.76516	5.76516	0	0	0	0	0	0	0	0	0	0	0	0	0	0	0	0	0	0	0
05.500,00.000	9.6	5.5	-200	0	4.5	5.92568	5.92568	0	0	0	0	0	0	0	0	0	0	0	0	0	0	0	0	0	0	0
05.500,00.000	9.7	5.5	-200	0	4.5	6.09081	6.09081	0	0	0	0	0	0	0	0	0	0	0	0	0	0	0	0	0	0	0
05.500,00.000	9.8	5.5	-200	0	4.5	6.26302	6.26302	0	0	0	0	0	0	0	0	0	0	0	0	0	0	0	0	0	0	0
05.500,00.000	9.9	5.5	-200	0	4.5	6.4457	6.4457	0	0	0	0	0	0	0	0	0	0	0	0	0	0	0	0	0	0	0
05.500,00.000	10	5.5	-200	0	4.5	6.62768	6.62768	0	0	0	0	0	0	0	0	0	0	0	0	0	0	0	0	0	0	0
05.500,00.000	10.1	5.5	-200	0	4.5	6.81357	6.81357	0	0	0	0	0	0	0	0	0	0	0	0	0	0	0	0	0	0	0
05.500,00.000	10.2	5.5	-200	0	4.5	7.00944	7.00944	0	0	0	0	0	0	0	0	0	0	0	0	0	0	0	0	0	0	0
05.500,00.000	10.3	5.5	-200	0	4.5	7.21361	7.21361	0	0	0	0	0	0	0	0	0	0	0	0	0	0	0	0	0	0	0
05.500,00.000	10.4	5.5	-200	0	4.5	7.42862	7.42862	0	0	0	0	0	0	0	0	0	0	0	0	0	0	0	0	0	0	0
05.500,00.000	10.5	5.5	-200	0	4.5	7.6462	7.6462	0	0	0	0	0	0	0	0	0	0	0	0	0	0	0	0	0	0	0
05.500,00.000	10.6	5.5	-200	0	4.5	7.86483	7.86483	0	0	0	0	0	0	0	0	0	0	0	0	0	0	0	0	0	0	0
05.500,00.000	10.7	5.5	-200	0	4.5	8.09305	8.09305	0	0	0	0	0	0	0	0	0	0	0	0	0	0	0	0	0	0	0
05.500,00.000	10.8	5.5	-200	0	4.5	8.32928	8.32928	0	0	0	0	0	0	0	0	0	0	0	0	0	0	0	0	0	0	0
05.500,00.000	10.9	5.5	-200	0	4.5	8.57686	8.57686	0	0	0	0	0	0	0	0	0	0	0	0	0	0	0	0	0	0	0
05.500,00.000	11	5.5	-200	0	4.5	8.83739	8.83739	0	0	0	0	0	0	0	0	0	0	0	0	0	0	0	0	0	0	0
05.500,00.000	11.1	5.5	-200	0	4.5	9.08975	9.08975	0	0	0	0	0	0	0	0	0	0	0	0	0	0	0	0	0	0	0
05.500,00.000	11.2	5.5	-200	0	4.5	9.3517	9.3517	0	0	0	0	0	0	0	0	0	0	0	0	0	0	0	0	0	0	0
05.500,00.000	11.3	5.5	-200	0	4.5	9.62563	9.62563	0	0	0	0	0	0	0	0	0	0	0	0	0	0	0	0	0	0	0
05.500,00.000	11.4	5.5	-200	0	4.5	9.9168	9.9168	0	0	0	0	0	0	0	0	0	0	0	0	0	0	0	0	0	0	0
05.500,00.000	11.5	5.5	-200	0	4.5	10.2141	10.2141	0	0	0	0	0	0	0	0	0	0	0	0	0	0	0	0	0	0	0
05.500,00.000	11.6	5.5	-200	0	4.5	10.5196	10.5196	0	0	0	0	0	0	0	0	0	0	0	0	0	0	0	0	0	0	0
05.500,00.000	11.7	5.5	-200	0	4.5	10.8465	10.8465	0	0	0	0	0	0	0	0	0	0	0	0	0	0	0	0	0	0	0
05.500,00.000	11.8	5.5	-200	0	4.5	11.1976	11.1976	0	0	0	0	0	0	0	0	0	0	0	0	0	0	0	0	0	0	0
05.500,00.000	11.9	5.5	-200	0	4.5	11.544	11.544	0	0	0	0	0	0	0	0	0	0	0	0	0	0	0	0	0	0	0
05.500,00.000	12	5.5	-200	0	4.5	11.8855	11.8855	0	0	0	0	0	0	0	0	0	0	0	0	0	0	0	0	0	0	0
05.500,00.000	12.1	5.5	-200	0	4.5	12.2737	12.2737	0	0	0	0	0	0	0	0	0	0	0	0	0	0	0	0	0	0	0
05.500,00.000	12.2	5.5	-200	0	4.5	12.691	12.691	0	0	0	0	0	0	0	0	0	0	0	0	0	0	0	0	0	0	0
05.500,00.000	12.3	5.5	-200	0	4.5	13.1099	13.1099	0	0	0	0	0	0	0	0	0	0	0	0	0	0	0	0	0	0	0
05.500,00.000	12.4	5.5	-200	0	4.5	13.5341	13.5341	0	0	0	0	0	0	0	0	0	0	0	0	0	0	0	0	0	0	0
05.500,00.000	12.5	5.5	-200	0	4.5	14.0199	14.0199	0	0	0	0	0	0	0	0	0	0	0	0	0	0	0	0	0	0	0
05.500,00.000	12.6	5.5	-200	0	4.5	14.5018	14.5018	0	0	0	0	0	0	0	0	0	0	0	0	0	0	0	0	0	0	0
05.500,00.000	12.7	5.5	-200	0	4.5	14.9216	14.9216	0	0	0	0	0	0	0	0	0	0	0	0	0	0	0	0	0	0	0
05.500,00.000	12.8	5.5	-200	0	4.5	15.2196	15.2196	0	0	0	0	0	0	0	0	0	0	0	0	0	0	0	0	0	0	0
05.500,00.000	12.9	5.5	-200	0	4.5	15.6386	15.6386	0	0	0	0	0	0	0	0	0	0	0	0	0	0	0	0	0	0	0
05.500,00.000	13	5.5	-200	0	4.5	16.0989	16.0989	0	0	0	0	0	0	0	0	0	0	0	0	0	0	0	0	0	0	0
05.500,00.000	13.1	5.5	-200	0	4.5	16.543	16.543	0	0	0	0	0	0	0	0	0	0	0	0	0	0	0	0	0	0	0
05.500,00.000	13.2	5.5	-200	0	4.5	16.9918	16.9918	0	0	0	0	0	0	0	0	0	0	0	0	0	0	0	0	0	0	0
05.500,00.000	13.3	5.5	-200	0	4.5	17.4348	17.4348	0	0	0	0	0	0	0	0	0	0	0	0	0	0	0	0	0	0	0
05.500,00.000	13.4	5.5	-200	0	4.5	17.9402	17.8851	0.0550679	0	0	0	0	0	0	0	0	0	0	0	0	0	0	0	0	0	0
05.500,00.000	13.5	5.5	-200	0	4.5	18.6056	18.4771	0.12847	0	0	0	0	0	0	0	0	0	0	0	0	0	0	0	0	0	0
05.500,00.000	13.6	5.5	-200	0	4.5	19.2539	19.0529	0.200928	0	0	0	0	0	0	0	0	0	0	0	0	0	0	0	0	0	0
05.500,00.000	13.7	5.5	-200	0	4.5	19.7863	19.5253	0.261014	0	0	0	0	0	0	0	0	0	0	0	0	0	0	0	0	0	0
05.500,00.000	13.8	5.5	-200	0	4.5	20.0941	19.7978	0.296224	0	0	0	0	0	0	0	0	0	0	0	0	0	0	0	0	0	0
05.500,00.000	13.9	5.5	-200	0	4.5	20.5399	20.1963	0.343634	0	0	0	0	0	0	0	0	0	0	0	0	0	0	0	0	0	0
05.500,00.000	14	5.5	-200	0	4.5	21.1996	20.7899	0.409776	0	0	0	0	0	0	0	0	0	0	0	0	0	0	0	0	0	0
05.500,00.000	14.1	5.5	-200	0	4.5	21.7927	21.3253	0.467398	0	0	0	0	0	0	0	0	0	0	0	0	0	0	0	0	0	0
05.500,00.000	14.2	5.5	-200	0	4.5	22.3727	21.8522	0.520498	0	0	0	0	0	0	0	0	0	0	0	0	0	0	0	0	0	0
05.500,00.000	14.3	5.5	-200	0	4.5	22.9776	22.4053	0.572295	0	0	0	0	0	0	0	0	0	0	0	0	0	0	0	0	0	0
05.500,00.000	14.4	5.5	-200	0	4.5	23.5794	22.9568	0.622666	0	0	0	0	0	0	0	0	0	0	0	0	0	0	0	0	0	0
05.500,00.000	14.5	5.5	-200	0	4.5	24.5678	23.8661	0.701616	0	0	0	0	0	0	0	0	0	0	0	0	0	0	0	0	0	0
05.500,00.000	14.6	5.5	-200	0	4.5	25.3545	24.592	0.762495	0	0	0	0	0	0	0	0	0	0	0	0	0	0	0	0	0	0
05.500,00.000	14.7	5.5	-200	0	4.5	26.028	25.2144	0.813589	0	0	0	0	0	0	0	0	0	0	0	0	0	0	0	0	0	0
05.500,00.000	14.8	5.5	-200	0	4.5	26.32	25.4854	0.834641	0	0	0	0	0	0	0	0	0	0	0	0	0	0	0	0	0	0
05.500,00.000	14.9	5.5	-200	0	4.5	26.772	25.9047	0.867255	0	0	0	0	0	0	0	0	0	0	0	0	0	0	0	0	0	0
05.500,00.000	15	5.5	-200	0	4.5	27.5245	26.6044	0.920179	0	0	0	0	0	0	0	0	0	0	0	0	0	0	0	0	0	0
05.500,00.000	15.1	5.5	-200	0	4.5	28.143	27.1799	0.96305	0	0	0	0	0	0	0	0	0	0	0	0	0	0	0	0	0	0
05.500,00.000	15.2	5.5	-200	0	4.5	28.6608	27.6601	1.00074	0	0	0	0	0	0	0	0	0	0	0	0	0	0	0	0	0	0
05.500,00.000	15.3	5.5	-200	0	4.5	29.1896	28.1525	1.03712	0	0	0	0	0	0	0	0	0	0	0	0	0	0	0	0	0	0
05.500,00.000	15.4	5.5	-200	0	4.5	29.7301	28.6579	1.07216	0	0	0	0	0	0	0	0	0	0	0	0	0	0	0	0	0	0
05.500,00.000	15.5	5.5	-200	0	4.5	31.1983	30.0332	1.16513	0	0	0	0	0	0	0	0	0	0	0	0	0	0	0	0	0	0
05.500,00.000	15.6	5.5	-200	0	4.5	31.4784	30.292	1.18648	0	0	0	0	0	0	0	0	0	0	0	0	0	0	0	0	0	0
05.500,00.000	15.7	5.5	-200	0	4.5	32.1636	30.9324	1.23123	0	0	0	0	0	0	0	0	0	0	0	0	0	0	0	0	0	0
05.500,00.000	15.8	5.5	-200	0	4.5	32.6885	31.4096	1.27891	0	0	0	0	0	0	0	0	0	0	0	0	0	0	0	0	0	0
05.500,00.000	15.9	5.5	-200	0	4.5	32.7906	31.5019	1.2887	0	0	0	0	0	0	0	0	0	0	0	0	0	0	0	0	0	0
05.500,00.000	16	5.5	-200	0	4.5	33.524	32.1759	1.34806	0	0	0	0	0	0	0	0	0	0	0	0	0	0	0	0	0	0
05.500,00.000	16.1	5.5	-200	0	4.5	34.0869	32.6467	1.38983	0.0503839	0	0	0	0	0	0	0	0	0	0	0	0	0	0	0	0	0
05.500,00.000	16.2	5.5	-200	0	4.5	34.5776	33.0171	1.45239	0.108125	0	0	0	0	0	0	0	0	0	0	0	0	0	0	0	0	0
05.500,00.000	16.3	5.5	-200	0	4.5	35.0596	33.3788	1.51196	0.168905	0	0	0	0	0	0	0	0	0	0	0	0	0	0	0	0	0
05.500,00.000	16.4	5.5	-200	0	4.5	35.5248	33.7255	1.56806	0.231269	0	0	0	0	0	0	0	0	0	0	0	0	0	0	0	0	0
05.500,00.000	16.5	5.5	-200	0	4.5	37.6325	35.3178	1.80575	0.508901	0	0	0	0	0	0	0	0	0	0	0	0	0	0	0	0	0
05.500,00.000	16.6	5.5	-200	0	4.5	38.1048	35.6648	1.85151	0.588495	0	0	0	0	0	0	0	0	0	0	0	0	0	0	0	0	0
05.500,00.000	16.7	5.5	-200	0	4.5	41.1924	37.818	2.31791	1.05648	0	0	0	0	0	0	0	0	0	0	0	0	0	0	0	0	0
05.500,00.000	16.8	5.5	-200	0	4.5	42.2905	38.3472	2.54792	1.17187	0	0.223537	0	0	0	0	0	0	0	0	0	0	0	0	0	0	0
05.500,00.000	16.9	5.5	-200	0	4.5	45.2647	39.4237	3.20467	1.46786	0	1.1684	0	0	0	0	0	0	0	0	0	0	0	0	0	0	0
05.500,00.000	17	5.5	-200	0	4.5	46.8332	39.9405	3.57214	1.61341	0	1.70714	0	0	0	0	0	0	0	0	0	0	0	0	0	0	0
05.500,00.000	17.1	5.5	-200	0	4.5	47.5444	40.1674	3.73562	1.68319	0	1.95818	0	0	0	0	0	0	0	0	0	0	0	0	0	0	0
05.500,00.000	17.2	5.5	-200	0	4.5	48.252	40.3891	3.89521	1.75517	0	2.21249	0	0	0	0	0	0	0	0	0	0	0	0	0	0	0
05.500,00.000	17.3	5.5	-200	0	4.5	48.948	40.5982	4.05359	1.82844	0	2.46774	0	0	0	0	0	0	0	0	0	0	0	0	0	0	0
05.500,00.000	17.4	5.5	-200	0	4.5	49.6286	40.7813	4.22224	1.90244	0	2.72261	0	0	0	0	0	0	0	0	0	0	0	0	0	0	0
05.500,00.000	17.5	5.5	-200	0	4.5	53.9787	41.8367	5.30571	2.53967	0	4.29661	0	0	0	0	0	0	0	0	0	0	0	0	0	0	0
05.500,00.000	17.6	5.5	-200	0	4.5	54.9638	42.0122	5.64163	2.70211	0	4.60786	0	0	0	0	0	0	0	0	0	0	0	0	0	0	0
05.500,00.000	17.7	5.5	-200	0	4.5	61.5349	43.2402	7.55476	3.87568	0	6.86426	0	0	0	0	0	0	0	0	0	0	0	0	0	0	0
05.500,00.000	17.8	5.5	-200	0	4.5	63.034	43.4526	8.03584	4.15139	0	7.03304	0.361125	0	0	0	0	0	0	0	0	0	0	0	0	0	0
05.500,00.000	17.9	5.5	-200	0	4.5	66.7861	44.2184	9.09365	4.8123	0	7.15504	1.50667	0	0	0	0	0	0	0	0	0	0	0	0	0	0
05.500,00.000	18	5.5	-200	0	4.5	68.7417	44.7852	9.58714	5.11907	0	7.15504	2.09523	0	0	0	0	0	0	0	0	0	0	0	0	0	0
05.500,00.000	18.1	5.5	-200	0	4.5	69.5462	45.0229	9.78182	5.24648	0	7.15504	2.33995	0	0	0	0	0	0	0	0	0	0	0	0	0	0
05.500,00.000	18.2	5.5	-200	0	4.5	70.3517	45.268	9.9708	5.37353	0	7.15504	2.58429	0	0	0	0	0	0	0	0	0	0	0	0	0	0
05.500,00.000	18.3	5.5	-200	0	4.5	71.1535	45.5164	10.1536	5.49988	0	7.15504	2.82853	0	0	0	0	0	0	0	0	0	0	0	0	0	0
05.500,00.000	18.4	5.5	-200	0	4.5	71.9536	45.7694	10.3304	5.62595	0	7.15504	3.07289	0	0	0	0	0	0	0	0	0	0	0	0	0	0
05.500,00.000	18.5	5.5	-200	0	4.5	77.5405	47.6493	11.4591	6.56939	0	7.15623	4.70648	0	0	0	0	0	0	0	0	0	0	0	0	0	0
05.500,00.000	18.6	5.5	-200	0	4.5	78.7326	48.0824	11.6837	6.77817	0	7.15828	5.02998	0	0	0	0	0	0	0	0	0	0	0	0	0	0
05.500,00.000	18.7	5.5	-200	0	4.5	87.3636	49.4281	14.9337	8.36023	0	7.23219	7.40933	0	0	0	0	0	0	0	0	0	0	0	0	0	0
05.500,00.000	18.8	5.5	-200	0	4.5	89.4332	49.6582	15.8046	8.74008	0	7.26132	7.96906	0	0	0	0	0	0	0	0	0	0	0	0	0	0
05.500,00.000	18.9	5.5	-200	0	4.5	94.5043	50.1679	17.8916	9.72804	0	7.44195	8.98056	0.294254	0	0	0	0	0	0	0	0	0	0	0	0	0
05.500,00.000	19	5.5	-200	0	4.5	96.8202	50.3995	18.8409	10.1825	0	7.53574	8.98056	0.880905	0	0	0	0	0	0	0	0	0	0	0	0	0
05.500,00.000	19.1	5.5	-200	0	4.5	97.7769	50.4901	19.219	10.3843	0	7.59125	8.98056	1.11177	0	0	0	0	0	0	0	0	0	0	0	0	0
05.500,00.000	19.2	5.5	-200	0	4.5	98.777	50.5821	19.6017	10.6038	0	7.66106	8.98056	1.34784	0	0	0	0	0	0	0	0	0	0	0	0	0
05.500,00.000	19.3	5.5	-200	0	4.5	99.7972	50.6736	19.9789	10.836	0	7.74472	8.98056	1.58342	0	0	0	0	0	0	0	0	0	0	0	0	0
05.500,00.000	19.4	5.5	-200	0	4.5	100.837	50.7651	20.3505	11.0802	0	7.84237	8.98056	1.81866	0	0	0	0	0	0	0	0	0	0	0	0	0
05.500,00.000	19.5	5.5	-200	0	4.5	101.957	50.8603	20.7354	11.3501	0	7.9642	8.98058	2.06647	0	0	0	0	0	0	0	0	0	0	0	0	0
05.500,00.000	19.6	5.5	-200	0	4.5	103.004	50.9461	21.0806	11.61	0	8.09238	8.98115	2.29331	0	0	0	0	0	0	0	0	0	0	0	0	0
05.500,00.000	19.7	5.5	-200	0	4.5	104.078	51.0319	21.422	11.8826	0	8.2365	8.98209	2.52239	0	0	0	0	0	0	0	0	0	0	0	0	0
05.500,00.000	19.8	5.5	-200	0	4.5	105.185	51.1193	21.7629	12.1678	0	8.39457	8.98407	2.75629	0	0	0	0	0	0	0	0	0	0	0	0	0
05.500,00.000	19.9	5.5	-200	0	4.5	107.553	51.2979	22.4345	12.8689	0	8.73355	8.99001	3.22769	0	0	0	0	0	0	0	0	0	0	0	0	0
05.500,00.000	20	5.5	-200	0	4.5	108.127	51.3419	22.5952	13.0395	0	8.81685	8.99202	3.34162	0	0	0	0	0	0	0	0	0	0	0	0	0
05.500,00.000	20.1	5.5	-200	0	4.5	109.858	51.4773	23.0615	13.55	0	9.08323	9.00381	3.6819	0	0	0	0	0	0	0	0	0	0	0	0	0
05.500,00.000	20.2	5.5	-200	0	4.5	111.276	51.5885	23.4367	13.9667	0	9.30815	9.01577	3.95975	0	0	0	0	0	0	0	0	0	0	0	0	0
05.500,00.000	20.3	5.5	-200	0	4.5	112.475	51.6829	23.7447	14.3187	0	9.50591	9.03033	4.19263	0	0	0	0	0	0	0	0	0	0	0	0	0
05.500,00.000	20.4	5.5	-200	0	4.5	114.354	51.8348	24.2133	14.8686	0	9.82557	9.05887	4.55324	0	0	0	0	0	0	0	0	0	0	0	0	0
05.500,00.000	20.5	5.5	-200	0	4.5	114.84	51.8738	24.3327	15.0108	0	9.9094	9.0673	4.64613	0	0	0	0	0	0	0	0	0	0	0	0	0
05.500,00.000	20.6	5.5	-200	0	4.5	120.296	52.3975	25.5206	16.6178	0	10.884	9.18957	5.6864	0	0	0	0	0	0	0	0	0	0	0	0	0
05.500,00.000	20.7	5.5	-200	0	4.5	123.572	52.7646	25.5877	18.167	0	11.4574	9.27552	6.32002	0	0	0	0	0	0	0	0	0	0	0	0	0
05.500,00.000	20.8	5.5	-200	0	4.5	123.764	52.7866	25.591	18.2568	0	11.4912	9.28149	6.3566	0	0	0	0	0	0	0	0	0	0	0	0	0
05.500,00.000	20.9	5.5	-200	0	4.5	123.857	52.7978	25.5923	18.2995	0	11.5087	9.28495	6.37394	0	0	0	0	0	0	0	0	0	0	0	0	0
05.500,00.000	21	5.5	-200	0	4.5	126.38	53.085	25.6187	19.3376	0	11.9491	9.59505	6.79428	0	0	0	0	0	0	0	0	0	0	0	0	0
05.500,00.000	21.1	5.5	-200	0	4.5	130.384	53.5066	25.6801	20.7966	0.0359969	12.5798	10.4003	7.385	0	0	0	0	0	0	0	0	0	0	0	0	0
05.500,00.000	21.2	5.5	-200	0	4.5	132.491	53.7337	25.7124	21.5476	0.0718892	12.9145	10.8218	7.68893	0	0	0	0	0	0	0	0	0	0	0	0	0
05.500,00.000	21.3	5.5	-200	0	4.5	134.112	53.9147	25.7464	22.1054	0.100011	13.1784	11.1489	7.91816	0	0	0	0	0	0	0	0	0	0	0	0	0
05.500,00.000	21.4	5.5	-200	0	4.5	140.052	54.5976	25.8885	24.0898	0.204937	14.1642	12.3617	8.74502	0	0	0	0	0	0	0	0	0	0	0	0	0
05.500,00.000	21.5	5.5	-200	0	4.5	141.336	54.7471	25.934	24.5067	0.228024	14.3677	12.6282	8.9244	0	0	0	0	0	0	0	0	0	0	0	0	0
05.500,00.000	21.6	5.5	-200	0	4.5	145.445	55.2527	26.0888	25.8605	0.301608	14.992	13.4751	9.27134	0.202466	0	0	0	0	0	0	0	0	0	0	0	0
05.500,00.000	21.7	5.5	-200	0	4.5	151.93	56.1295	26.5338	27.8764	0.413655	15.9315	14.76	9.27134	1.01358	0	0	0	0	0	0	0	0	0	0	0	0
05.500,00.000	21.8	5.5	-200	0	4.5	153.185	56.3121	26.644	28.2688	0.43526	16.0773	15.0078	9.27134	1.16837	0	0	0	0	0	0	0	0	0	0	0	0
05.500,00.000	21.9	5.5	-200	0	4.5	164.449	57.8962	27.5859	31.7634	0.627006	17.6136	17.2068	9.27246	2.4839	0	0	0	0	0	0	0	0	0	0	0	0
05.500,00.000	22	5.5	-200	0	4.5	167.21	58.3135	27.9443	32.5735	0.67379	17.8855	17.7445	9.27452	2.80019	0	0	0	0	0	0	0	0	0	0	0	0
05.500,00.000	22.1	5.5	-200	0	4.5	173.503	59.2264	28.6771	34.3486	0.851965	18.6781	18.951	9.29197	3.47811	0	0	0	0	0	0	0	0	0	0	0	0
05.500,00.000	22.2	5.5	-200	0	4.5	177.149	59.7786	29.1347	35.3251	1.02998	19.0767	19.6401	9.30492	3.85896	0	0	0	0	0	0	0	0	0	0	0	0
05.500,00.000	22.3	5.5	-200	0	4.5	179.405	60.1068	29.4369	35.9026	1.14828	19.3529	20.0571	9.31796	4.08265	0	0	0	0	0	0	0	0	0	0	0	0
05.500,00.000	22.4	5.5	-200	0	4.5	182.692	60.5773	29.9281	36.714	1.31888	19.7537	20.6601	9.34182	4.39857	0	0	0	0	0	0	0	0	0	0	0	0
05.500,00.000	22.5	5.5	-200	0	4.5	185.349	60.9304	30.3434	37.3629	1.46202	20.0747	21.1561	9.36577	4.65408	0	0	0	0	0	0	0	0	0	0	0	0
05.500,00.000	22.6	5.5	-200	0	4.5	187.695	61.1956	30.7163	37.8681	1.67126	20.3719	21.6006	9.39172	4.87947	0	0	0	0	0	0	0	0	0	0	0	0
05.500,00.000	22.7	5.5	-200	0	4.5	190.167	61.4524	31.1154	38.2065	2.09158	20.6795	21.8817	9.61824	5.1218	0	0	0	0	0	0	0	0	0	0	0	0
05.500,00.000	22.8	5.5	-200	0	4.5	195.01	62.0652	31.8842	38.813	2.85543	21.3426	22.3347	10.1534	5.56191	0	0	0	0	0	0	0	0	0	0	0	0
05.500,00.000	22.9	5.5	-200	0	4.5	203.171	63.0489	33.2604	39.7838	4.14967	22.471	23.0634	11.0977	6.29607	0	0	0	0	0	0	0	0	0	0	0	0
05.500,00.000	23	5.5	-200	0	4.5	204.692	63.2431	33.5424	39.9511	4.3943	22.655	23.2018	11.2735	6.43068	0	0	0	0	0	0	0	0	0	0	0	0
05.500,00.000	23.1	5.5	-200	0	4.5	212.488	64.2355	34.9611	40.7818	5.58957	23.722	23.9262	12.1757	7.09582	0	0	0	0	0	0	0	0	0	0	0	0
05.500,00.000	23.2	5.5	-200	0	4.5	216.624	64.8131	35.8211	41.2328	5.9792	24.2699	24.3446	12.6928	7.47091	0	0	0	0	0	0	0	0	0	0	0	0
05.500,00.000	23.3	5.5	-200	0	4.5	219.124	65.1574	36.3709	41.4973	6.17563	24.6218	24.6027	13.0062	7.69225	0	0	0	0	0	0	0	0	0	0	0	0
05.500,00.000	23.4	5.5	-200	0	4.5	229.118	66.5923	38.6194	42.5321	6.98387	25.9273	25.6763	14.2083	8.57824	0	0	0	0	0	0	0	0	0	0	0	0
05.500,00.000	23.5	5.5	-200	0	4.5	231.068	66.9869	39.076	42.7512	7.16542	26.1786	25.8952	14.2456	8.76951	0	0	0	0	0	0	0	0	0	0	0	0
05.500,00.000	23.6	5.5	-200	0	4.5	237.11	68.0655	40.5305	43.4263	7.72087	27.0117	26.5716	14.4302	9.35374	0	0	0	0	0	0	0	0	0	0	0	0
05.500,00.000	23.7	5.5	-200	0	4.5	240.768	68.6997	41.4844	43.8226	8.05808	27.5045	26.9641	14.5327	9.42039	0.281252	0	0	0	0	0	0	0	0	0	0	0
05.500,00.000	23.8	5.5	-200	0	4.5	243.987	69.2008	42.3033	44.1744	8.39351	27.9409	27.3287	14.6458	9.4454	0.553854	0	0	0	0	0	0	0	0	0	0	0
05.500,00.000	23.9	5.5	-200	0	4.5	256.466	71.1211	45.4138	45.557	9.8032	29.5561	28.7774	15.1007	9.4454	1.69175	0	0	0	0	0	0	0	0	0	0	0
05.500,00.000	24	5.5	-200	0	4.5	258.91	71.5172	46.0454	45.8027	10.1589	29.8579	28.9971	15.165	9.44557	1.92038	0	0	0	0	0	0	0	0	0	0	0
05.500,00.000	24.1	5.5	-200	0	4.5	267.859	72.8799	48.2324	46.641	11.2834	31.1346	30.0292	15.5146	9.45404	2.68986	0	0	0	0	0	0	0	0	0	0	0
05.500,00.000	24.2	5.5	-200	0	4.5	272.623	73.5913	49.4811	47.0573	11.9237	31.8218	30.5114	15.6787	9.46064	3.09734	0	0	0	0	0	0	0	0	0	0	0
05.500,00.000	24.3	5.5	-200	0	4.5	275.312	73.9928	50.1846	47.3028	12.2395	32.2021	30.8179	15.7887	9.46803	3.31547	0	0	0	0	0	0	0	0	0	0	0
05.500,00.000	24.4	5.5	-200	0	4.5	299.054	77.4456	56.5207	49.6329	14.9148	35.6027	33.475	16.7795	9.55627	5.12698	0	0	0	0	0	0	0	0	0	0	0
05.500,00.000	24.5	5.5	-200	0	4.5	305.35	78.3093	58.3129	50.3967	15.6125	36.5348	34.0298	16.9793	9.58592	5.58894	0	0	0	0	0	0	0	0	0	0	0
05.500,00.000	24.6	5.5	-200	0	4.5	315.45	79.6911	60.973	51.5825	16.6933	38.0575	35.0784	17.3871	9.67387	6.31289	0	0	0	0	0	0	0	0	0	0	0
05.500,00.000	24.7	5.5	-200	0	4.5	320.851	80.4199	62.5166	52.1207	17.3074	38.8806	35.59	17.5848	9.72876	6.7024	0	0	0	0	0	0	0	0	0	0	0
05.500,00.000	24.8	5.5	-200	0	4.5	324.18	80.8177	63.4031	52.5436	17.664	39.3796	35.9391	17.728	9.7716	6.93287	0	0	0	0	0	0	0	0	0	0	0
05.500,00.000	24.9	5.5	-200	0	4.5	338.271	82.5232	66.936	54.4045	19.1535	41.4885	37.5114	18.3711	9.98827	7.89467	0	0	0	0	0	0	0	0	0	0	0
05.500,00.000	25	5.5	-200	0	4.5	341.203	82.8764	67.6733	54.8253	19.4756	41.9341	37.7922	18.4876	10.0397	8.09871	0	0	0	0	0	0	0	0	0	0	0
05.500,00.000	25.1	5.5	-200	0	4.5	350.71	84.0521	69.9238	56.2312	20.4196	43.327	38.8485	18.9477	10.246	8.71382	0	0	0	0	0	0	0	0	0	0	0
05.500,00.000	25.2	5.5	-200	0	4.5	356.267	84.733	71.2728	57.1179	20.9629	44.1379	39.3888	19.2054	10.3771	9.07169	0	0	0	0	0	0	0	0	0	0	0
05.500,00.000	25.3	5.5	-200	0	4.5	359.744	85.1556	72.0868	57.6561	21.2886	44.6435	39.7669	19.3846	10.4715	9.24439	0.0459697	0	0	0	0	0	0	0	0	0	0
05.500,00.000	25.4	5.5	-200	0	4.5	394.922	89.6242	80.1862	63.2306	24.4792	49.618	43.496	21.2766	11.5398	9.54808	1.92328	0	0	0	0	0	0	0	0	0	0
05.500,00.000	25.5	5.5	-200	0	4.5	404.855	90.9878	82.5588	64.7688	25.5633	50.842	44.3634	21.7853	11.8689	9.55225	2.56491	0	0	0	0	0	0	0	0	0	0
05.500,00.000	25.6	5.5	-200	0	4.5	412.835	92.073	84.3214	65.9647	26.3686	51.8691	45.192	22.2492	12.1609	9.57219	3.06435	0	0	0	0	0	0	0	0	0	0
05.500,00.000	25.7	5.5	-200	0	4.5	417.945	92.789	85.443	66.7258	26.8933	52.5065	45.7065	22.5484	12.3606	9.58815	3.38348	0	0	0	0	0	0	0	0	0	0
05.500,00.000	25.8	5.5	-200	0	4.5	421.68	93.2969	86.2412	67.2759	27.273	52.9703	46.106	22.7791	12.517	9.60461	3.61589	0	0	0	0	0	0	0	0	0	0
05.500,00.000	25.9	5.5	-200	0	4.5	432.988	94.835	88.5698	68.914	28.4359	54.3702	47.354	23.5059	13.0222	9.66848	4.31238	0	0	0	0	0	0	0	0	0	0
05.500,00.000	26	5.5	-200	0	4.5	435.485	95.1959	89.0617	69.2771	28.7173	54.6662	47.6126	23.6627	13.1389	9.68531	4.46702	0	0	0	0	0	0	0	0	0	0
05.500,00.000	26.1	5.5	-200	0	4.5	443.266	96.2827	90.6234	70.3707	29.5055	55.5814	48.4877	24.1927	13.5243	9.76036	4.93706	0	0	0	0	0	0	0	0	0	0
05.500,00.000	26.2	5.5	-200	0	4.5	448.333	97.0263	91.5937	71.0937	30.038	56.1516	49.0292	24.5454	13.7891	9.81696	5.24948	0	0	0	0	0	0	0	0	0	0
05.500,00.000	26.3	5.5	-200	0	4.5	451.995	97.556	92.3066	71.6031	30.4034	56.5367	49.4583	24.8084	13.9862	9.86563	5.47043	0	0	0	0	0	0	0	0	0	0
05.500,00.000	26.4	5.5	-200	0	4.5	482.12	101.921	98.2423	75.7198	33.3872	59.4707	53.0983	27.0249	15.6526	10.3424	7.26134	0	0	0	0	0	0	0	0	0	0
05.500,00.000	26.5	5.5	-200	0	4.5	492.009	103.492	100.004	77.1029	34.5	60.3874	54.196	27.7768	16.1675	10.5179	7.8646	0	0	0	0	0	0	0	0	0	0
05.500,00.000	26.6	5.5	-200	0	4.5	512.01	106.411	103.44	79.6197	37.6252	62.1325	56.4533	29.2154	17.2086	10.932	8.42775	0.544337	0	0	0	0	0	0	0	0	0
05.500,00.000	26.7	5.5	-200	0	4.5	516.711	107.119	104.144	80.2308	38.4028	62.5348	56.9872	29.5601	17.4536	11.0383	8.42775	0.811952	0	0	0	0	0	0	0	0	0
05.500,00.000	26.8	5.5	-200	0	4.5	528.032	108.827	105.929	81.5963	40.1239	63.5174	58.3415	30.3983	18.0833	11.3461	8.42775	1.4408	0	0	0	0	0	0	0	0	0
05.500,00.000	26.9	5.5	-200	0	4.5	534.044	109.781	106.847	82.3207	41.0854	64.0601	58.9228	30.8609	18.4134	11.531	8.42775	1.79349	0	0	0	0	0	0	0	0	0
05.500,00.000	27	5.5	-200	0	4.5	534.999	109.931	106.999	82.4389	41.2328	64.144	59.0115	30.9351	18.4672	11.5633	8.42775	1.84773	0	0	0	0	0	0	0	0	0
05.500,00.000	27.1	5.5	-200	0	4.5	540.438	110.759	107.89	83.1024	42.0146	64.6023	59.5884	31.3647	18.7839	11.7609	8.42775	2.14378	0	0	0	0	0	0	0	0	0
05.500,00.000	27.2	5.5	-200	0	4.5	542.315	111.049	108.198	83.339	42.2864	64.7631	59.77	31.5108	18.8894	11.8335	8.42778	2.24776	0	0	0	0	0	0	0	0	0
05.500,00.000	27.3	5.5	-200	0	4.5	542.956	111.146	108.302	83.4188	42.3742	64.8162	59.8395	31.5623	18.9275	11.8598	8.42787	2.28178	0	0	0	0	0	0	0	0	0
05.500,00.000	27.4	5.5	-200	0	4.5	543.055	111.161	108.319	83.4317	42.3881	64.8247	59.8481	31.5702	18.9332	11.8642	8.42788	2.28722	0	0	0	0	0	0	0	0	0
05.500,00.000	27.5	5.5	-200	0	4.5	583.002	117.218	114.608	88.7608	47.5047	68.023	64.1734	34.8218	21.3252	13.6933	8.50518	4.36823	0	0	0	0	0	0	0	0	0
05.500,00.000	27.6	5.5	-200	0	4.5	622.923	123.376	120.319	93.9355	51.5901	72.3454	68.1038	37.8331	23.3825	15.4616	10.2343	6.34209	0	0	0	0	0	0	0	0	0
05.500,00.000	27.7	5.5	-200	0	4.5	628.592	124.325	121.125	94.7127	51.971	73.1689	68.6131	38.2333	23.6213	15.7181	10.4839	6.62069	0	0	0	0	0	0	0	0	0
05.500,00.000	27.8	5.5	-200	0	4.5	645.984	127.012	123.674	96.9905	53.1041	75.6304	70.3287	39.5466	24.4731	16.5202	11.2636	7.44142	0	0	0	0	0	0	0	0	0
05.500,00.000	27.9	5.5	-200	0	4.5	655.45	128.56	125.085	98.2885	53.7015	76.9965	71.2407	40.201	24.8715	16.9264	11.6937	7.88545	0	0	0	0	0	0	0	0	0
05.500,00.000	28	5.5	-200	0	4.5	660.259	129.361	125.799	98.8964	53.9997	77.6863	71.7054	40.5485	25.0963	17.1455	11.9163	8.10457	0	0	0	0	0	0	0	0	0
05.500,00.000	28.1	5.5	-200	0	4.5	665.273	130.201	126.544	99.5257	54.3019	78.4117	72.1844	40.9129	25.3338	17.3773	12.1515	8.3281	0	0	0	0	0	0	0	0	0
05.500,00.000	28.2	5.5	-200	0	4.5	670.207	131.075	127.319	100.172	54.6074	79.1722	72.6799	41.2872	25.5858	17.623	12.4015	8.24785	0.0358462	0	0	0	0	0	0	0	0
05.500,00.000	28.3	5.5	-200	0	4.5	675.39	131.955	128.1	100.814	54.9057	79.939	73.1686	41.666	25.8415	17.8628	12.6582	8.21586	0.263046	0	0	0	0	0	0	0	0
05.500,00.000	28.4	5.5	-200	0	4.5	676.634	132.186	128.303	100.97	54.9792	80.1321	73.2879	41.7529	25.8991	17.9198	12.7252	8.21586	0.263046	0	0	0	0	0	0	0	0
05.500,00.000	28.5	5.5	-200	0	4.5	705.741	137.35	132.926	104.593	56.6659	84.7003	76.0589	43.9012	27.4315	19.3482	14.2872	8.21586	0.263046	0	0	0	0	0	0	0	0
05.500,00.000	28.6	5.5	-200	0	4.5	725.429	140.957	136.103	106.671	58.1706	87.85	77.8816	45.319	28.3594	20.2722	14.7967	8.78453	0.263046	0	0	0	0	0	0	0	0
05.500,00.000	28.7	5.5	-200	0	4.5	750.427	145.688	140.261	109.564	60.1417	90.7826	80.1939	47.2784	29.6868	21.5313	15.3061	9.7301	0.263046	0	0	0	0	0	0	0	0
05.500,00.000	28.8	5.5	-200	0	4.5	754.987	146.613	141.029	110.07	60.518	91.3223	80.6071	47.6118	29.8966	21.757	15.4014	9.89762	0.263046	0	0	0	0	0	0	0	0
05.500,00.000	28.9	5.5	-200	0	4.5	755.414	146.694	141.1	110.117	60.5522	91.3737	80.647	47.6445	29.9192	21.7788	15.4113	9.91326	0.263046	0	0	0	0	0	0	0	0
05.500,00.000	29	5.5	-200	0	4.5	779.095	151.296	144.909	112.775	62.5205	94.1832	82.784	49.4482	31.1461	22.9981	15.9957	10.777	0.263046	0	0	0	0	0	0	0	0
05.500,00.000	29.1	5.5	-200	0	4.5	790.89	153.608	146.814	114.105	63.5816	95.5744	83.7838	50.3296	31.7037	23.6158	16.2983	11.2124	0.263046	0	0	0	0	0	0	0	0
05.500,00.000	29.2	5.5	-200	0	4.5	796.655	154.7	147.769	114.725	64.0915	96.2458	84.3091	50.7595	31.9929	23.9211	16.4543	11.4237	0.263046	0	0	0	0	0	0	0	0
05.500,00.000	29.3	5.5	-200	0	4.5	802.537	155.813	148.743	115.351	64.6101	96.9171	84.8544	51.1959	32.2909	24.2377	16.6208	11.6394	0.263046	0	0	0	0	0	0	0	0
05.500,00.000	29.4	5.5	-200	0	4.5	838.558	162.571	154.749	119.185	67.7408	100.905	88.2917	53.8438	34.1428	26.2132	17.6879	12.9652	0.263046	0	0	0	0	0	0	0	0
05.500,00.000	29.5	5.5	-200	0	4.5	854.426	165.531	157.435	120.91	69.1743	102.569	89.8077	55.0195	34.9489	27.0311	18.1723	13.5631	0.263046	0	0	0	0	0	0	0	0
05.500,00.000	29.6	5.5	-200	0	4.5	860.54	166.671	158.49	121.535	69.7249	103.209	90.3976	55.4739	35.2591	27.3583	18.3619	13.7961	0.263046	0	0	0	0	0	0	0	0
05.500,00.000	29.7	5.5	-200	0	4.5	866.763	167.828	159.583	122.163	70.2834	103.837	91.0069	55.9333	35.5735	27.6959	18.5601	14.0359	0.263046	0	0	0	0	0	0	0	0
05.500,00.000	29.8	5.5	-200	0	4.5	873.112	169.022	160.734	122.795	70.8484	104.455	91.6286	56.3946	35.8959	28.0285	18.7646	14.2813	0.263046	0	0	0	0	0	0	0	0
05.500,00.000	29.9	5.5	-200	0	4.5	874.632	169.31	161.013	122.947	70.9858	104.597	91.7792	56.5061	35.9695	28.1043	18.8149	14.3412	0.263046	0	0	0	0	0	0	0	0
05.500,00.000	30	5.5	-200	0	4.5	875.363	169.447	161.149	123.018	71.0504	104.664	91.8509	56.5583	36.0073	28.1444	18.8396	14.3699	0.263046	0	0	0	0	0	0	0	0
05.500,00.000	30.1	5.5	-200	0	4.5	876.18	169.6	161.303	123.097	71.1229	104.737	91.9312	56.6166	36.0499	28.1897	18.8678	14.4024	0.263046	0	0	0	0	0	0	0	0
05.500,00.000	30.2	5.5	-200	0	4.5	876.94	169.741	161.446	123.17	71.1906	104.803	92.0058	56.6707	36.0899	28.2325	18.8947	14.4329	0.263046	0	0	0	0	0	0	0	0
05.500,00.000	30.3	5.5	-200	0	4.5	877.651	169.873	161.58	123.239	71.2541	104.863	92.0754	56.7211	36.1279	28.2733	18.9205	14.4618	0.263046	0	0	0	0	0	0	0	0
05.500,00.000	30.4	5.5	-200	0	4.5	877.765	169.894	161.602	123.25	71.2646	104.872	92.0866	56.7291	36.1336	28.2796	18.9247	14.4665	0.263046	0	0	0	0	0	0	0	0
05.500,00.000	30.5	5.5	-200	0	4.5	917.795	177.369	169.111	127.043	74.9345	107.884	95.9694	59.5147	38.3763	30.6927	20.4791	16.1583	0.263046	0	0	0	0	0	0	0	0
05.500,00.000	30.6	5.5	-200	0	4.5	953.264	183.973	175.772	130.096	78.3589	110.504	99.619	61.8397	40.4204	32.8184	21.8782	17.7208	0.263046	0	0	0	0	0	0	0	0
05.500,00.000	30.7	5.5	-200	0	4.5	958.666	184.825	176.798	130.564	78.9334	110.884	100.195	62.1978	40.7576	33.1736	22.0938	17.9808	0.263046	0	0	0	0	0	0	0	0
05.500,00.000	30.8	5.5	-200	0	4.5	985.888	188.896	181.92	133.13	81.7008	112.946	102.955	64.0104	42.5236	34.9655	23.2888	19.2885	0.263046	0	0	0	0	0	0	0	0
05.500,00.000	30.9	5.5	-200	0	4.5	992.738	189.979	183.286	133.734	82.4227	113.411	103.607	64.4402	42.987	35.4244	23.5643	19.6204	0.263046	0	0	0	0	0	0	0	0
05.500,00.000	31	5.5	-200	0	4.5	1007.31	192.232	186.097	135.106	83.9238	114.426	104.985	65.3776	43.9648	36.3873	24.2247	20.1813	0.403446	0	0	0	0	0	0	0	0
05.500,00.000	31.1	5.5	-200	0	4.5	1016.72	193.683	187.909	135.984	84.9286	115.05	105.858	65.998	44.6457	37.015	24.6245	20.3857	0.639313	0	0	0	0	0	0	0	0
05.500,00.000	31.2	5.5	-200	0	4.5	1023.3	194.676	189.14	136.621	85.6175	115.482	106.455	66.4244	45.1349	37.481	24.9199	20.5609	0.783516	0	0	0	0	0	0	0	0
05.500,00.000	31.3	5.5	-200	0	4.5	1029.92	195.669	190.363	137.278	86.3205	115.904	107.05	66.851	45.6293	37.959	25.2268	20.7374	0.935481	0	0	0	0	0	0	0	0
05.500,00.000	31.4	5.5	-200	0	4.5	1031.32	195.882	190.619	137.416	86.4752	115.987	107.175	66.9457	45.7358	38.0615	25.2847	20.7746	0.967898	0	0	0	0	0	0	0	0
05.500,00.000	31.5	5.5	-200	0	4.5	1074.14	202.113	198.589	141.875	91.0376	118.439	110.9	69.6742	48.9176	41.2534	27.4745	21.9557	1.91201	0	0	0	0	0	0	0	0
05.500,00.000	31.6	5.5	-200	0	4.5	1087.26	203.97	201.037	143.255	92.4943	119.119	112.037	70.5577	49.9544	42.2221	28.0954	22.308	2.21344	0	0	0	0	0	0	0	0
05.500,00.000	31.7	5.5	-200	0	4.5	1087.68	204.03	201.113	143.301	92.5383	119.142	112.073	70.5838	49.9862	42.2537	28.117	22.3201	2.22252	0	0	0	0	0	0	0	0
05.500,00.000	31.8	5.5	-200	0	4.5	1123.46	209.119	207.626	147.195	96.4853	121.031	115.063	72.8183	52.6985	45.016	30.0326	23.3602	3.01909	0	0	0	0	0	0	0	0
05.500,00.000	31.9	5.5	-200	0	4.5	1134.61	210.794	209.654	148.27	97.7628	121.692	115.963	73.534	53.4568	45.9531	30.5558	23.6986	3.28003	0	0	0	0	0	0	0	0
05.500,00.000	32	5.5	-200	0	4.5	1135.13	210.87	209.745	148.324	97.82	121.723	116.004	73.5645	53.4922	45.9951	30.5834	23.7149	3.29094	0	0	0	0	0	0	0	0
05.500,00.000	32.1	5.5	-200	0	4.5	1135.78	210.966	209.859	148.393	97.8937	121.761	116.056	73.603	53.5364	46.0499	30.6191	23.7365	3.30485	0	0	0	0	0	0	0	0
05.500,00.000	32.2	5.5	-200	0	4.5	1136.33	211.047	209.953	148.451	97.9557	121.793	116.1	73.6345	53.5731	46.0963	30.6497	23.7553	3.31634	0	0	0	0	0	0	0	0
05.500,00.000	32.3	5.5	-200	0	4.5	1136.77	211.113	210.029	148.5	98.0062	121.818	116.134	73.6595	53.6026	46.1348	30.6758	23.7712	3.32558	0	0	0	0	0	0	0	0
05.500,00.000	32.4	5.5	-200	0	4.5	1136.84	211.123	210.04	148.507	98.0138	121.822	116.14	73.6633	53.6066	46.1408	30.6794	23.7736	3.32702	0	0	0	0	0	0	0	0
05.500,00.000	32.5	5.5	-200	0	4.5	1136.89	211.132	210.049	148.514	98.0205	121.826	116.144	73.6664	53.6104	46.146	30.6831	23.7758	3.3282	0	0	0	0	0	0	0	0
05.500,00.000	32.6	5.5	-200	0	4.5	1136.91	211.134	210.051	148.515	98.0221	121.826	116.145	73.6672	53.6113	46.1473	30.684	23.7764	3.3285	0	0	0	0	0	0	0	0
05.500,00.000	32.7	5.5	-200	0	4.5	1136.91	211.134	210.051	148.515	98.0221	121.826	116.145	73.6672	53.6113	46.1473	30.6839	23.7764	3.32851	0	0	0	0	0	0	0	0
05.500,00.000	32.8	5.5	-200	0	4.5	1190.71	219.222	217.922	154.902	104.185	125.1	120.021	76.145	56.9465	51.4312	34.417	26.0129	4.40964	0	0	0	0	0	0	0	0
05.500,00.000	32.9	5.5	-200	0	4.5	1208.34	221.923	220.489	157.214	105.945	126.433	121.126	76.872	58.2218	53.2016	35.5969	26.5499	4.7701	0	0	0	0	0	0	0	0
05.500,00.000	33	5.5	-200	0	4.5	1208.92	222.012	220.571	157.285	106.008	126.475	121.163	76.8957	58.2625	53.2604	35.6389	26.5723	4.78138	0	0	0	0	0	0	0	0
05.500,00.000	33.1	5.5	-200	0	4.5	1209.63	222.121	220.667	157.372	106.084	126.526	121.208	76.9237	58.3123	53.3332	35.6918	26.6	4.79524	0	0	0	0	0	0	0	0
05.500,00.000	33.2	5.5	-200	0	4.5	1210.24	222.214	220.747	157.446	106.151	126.571	121.245	76.9468	58.3552	53.3952	35.7384	26.6245	4.80702	0	0	0	0	0	0	0	0
05.500,00.000	33.3	5.5	-200	0	4.5	1210.75	222.292	220.811	157.507	106.208	126.609	121.275	76.9656	58.3911	53.4477	35.7788	26.6464	4.8169	0	0	0	0	0	0	0	0
05.500,00.000	33.4	5.5	-200	0	4.5	1210.83	222.304	220.821	157.517	106.216	126.615	121.279	76.9684	58.3969	53.4556	35.7849	26.6491	4.81847	0	0	0	0	0	0	0	0
05.500,00.000	33.5	5.5	-200	0	4.5	1211.11	222.347	220.854	157.551	106.249	126.636	121.295	76.9781	58.4163	53.4853	35.8091	26.6627	4.82391	0	0	0	0	0	0	0	0
05.500,00.000	33.6	5.5	-200	0	4.5	1211.18	222.357	220.862	157.559	106.257	126.641	121.299	76.9804	58.4215	53.4923	35.8148	26.6653	4.82531	0	0	0	0	0	0	0	0
05.500,00.000	33.7	5.5	-200	0	4.5	1226.15	224.656	222.451	159.434	108.061	127.823	122.108	77.4025	59.4647	55.031	37.2671	27.3291	5.12274	0	0	0	0	0	0	0	0
05.500,00.000	33.8	5.5	-200	0	4.5	1253.74	228.782	225.308	162.997	111.397	129.996	123.586	78.2557	61.3193	57.8795	40.0727	28.4582	5.68761	0	0	0	0	0	0	0	0
05.500,00.000	33.9	5.5	-200	0	4.5	1259.95	229.707	225.934	163.822	112.17	130.496	123.914	78.4943	61.7232	58.5027	40.6862	28.6674	5.83288	0	0	0	0	0	0	0	0
05.500,00.000	34	5.5	-200	0	4.5	1260.58	229.804	225.995	163.902	112.25	130.544	123.945	78.5143	61.7638	58.5694	40.7517	28.6989	5.84621	0	0	0	0	0	0	0	0
05.500,00.000	34.1	5.5	-200	0	4.5	1261.32	229.916	226.063	163.994	112.346	130.601	123.98	78.5369	61.8102	58.6464	40.8307	28.7358	5.86194	0	0	0	0	0	0	0	0
05.500,00.000	34.2	5.5	-200	0	4.5	1261.93	230.01	226.117	164.069	112.426	130.649	124.008	78.5548	61.8476	58.7105	40.8983	28.7678	5.87512	0	0	0	0	0	0	0	0
05.500,00.000	34.3	5.5	-200	0	4.5	1262.45	230.089	226.16	164.131	112.495	130.69	124.03	78.5691	61.8781	58.7642	40.9573	28.7962	5.88618	0	0	0	0	0	0	0	0
05.500,00.000	34.4	5.5	-200	0	4.5	1262.52	230.101	226.166	164.141	112.505	130.697	124.033	78.5715	61.8826	58.7721	40.9663	28.7989	5.88806	0	0	0	0	0	0	0	0
05.500,00.000	34.5	5.5	-200	0	4.5	1262.63	230.118	226.175	164.154	112.52	130.706	124.037	78.5742	61.8888	58.7837	40.9799	28.8058	5.89044	0	0	0	0	0	0	0	0
05.500,00.000	34.6	5.5	-200	0	4.5	1262.66	230.121	226.176	164.157	112.524	130.708	124.038	78.575	61.8903	58.7864	40.9832	28.8067	5.89109	0	0	0	0	0	0	0	0
05.500,00.000	34.7	5.5	-200	0	4.5	1262.71	230.13	226.18	164.164	112.532	130.713	124.04	78.5762	61.8932	58.7921	40.9905	28.8105	5.8923	0	0	0	0	0	0	0	0
05.500,00.000	34.8	5.5	-200	0	4.5	1307.57	236.615	228.975	169.364	119.292	134.699	125.598	79.549	64.336	63.2876	47.2706	31.6473	6.93826	0	0	0	0	0	0	0	0
05.500,00.000	34.9	5.5	-200	0	4.5	1322.53	238.937	229.805	171.858	121.441	135.95	126.1	79.8864	65.2017	64.5896	49.2153	32.2368	7.30757	0	0	0	0	0	0	0	0
05.500,00.000	35	5.5	-200	0	4.5	1323.01	239.011	229.829	171.934	121.509	135.991	126.115	79.8948	65.2289	64.6307	49.2801	32.2658	7.31833	0	0	0	0	0	0	0	0
05.500,00.000	35.1	5.5	-200	0	4.5	1326.19	239.517	229.978	172.444	121.971	136.267	126.205	79.9478	65.4039	64.8924	49.715	32.4543	7.39212	0	0	0	0	0	0	0	0
05.500,00.000	35.2	5.5	-200	0	4.5	1328.02	239.825	230.059	172.738	122.239	136.432	126.256	79.9786	65.5042	65.0377	49.9609	32.5545	7.4366	0	0	0	0	0	0	0	0
05.500,00.000	35.3	5.5	-200	0	4.5	1328.45	239.896	230.077	172.805	122.304	136.471	126.268	79.9846	65.5264	65.0714	50.0216	32.5835	7.44648	0	0	0	0	0	0	0	0
05.500,00.000	35.4	5.5	-200	0	4.5	1328.52	239.907	230.079	172.815	122.313	136.477	126.269	79.9856	65.5297	65.0762	50.0303	32.5869	7.4481	0	0	0	0	0	0	0	0
05.500,00.000	35.5	5.5	-200	0	4.5	1328.73	239.942	230.086	172.847	122.346	136.497	126.274	79.9879	65.5397	65.0916	50.0615	32.6029	7.45295	0	0	0	0	0	0	0	0
05.500,00.000	35.6	5.5	-200	0	4.5	1359.93	244.676	231.052	177.799	127.21	139.481	127.055	80.323	67.0938	67.4367	54.4707	35.1236	8.21171	0	0	0	0	0	0	0	0
05.500,00.000	35.7	5.5	-200	0	4.5	1389.29	249.413	231.924	181.184	133.184	141.782	127.807	80.6396	68.6758	69.851	58.4843	37.355	8.99251	0	0	0	0	0	0	0	0
05.500,00.000	35.8	5.5	-200	0	4.5	1408.62	252.653	232.456	183.063	137.241	143.317	128.304	80.8187	69.6713	71.5226	61.0288	38.9373	9.60817	0	0	0	0	0	0	0	0
05.500,00.000	35.9	5.5	-200	0	4.5	1410.23	252.951	232.496	183.226	137.554	143.452	128.344	80.834	69.7538	71.6842	61.206	39.0499	9.67435	0	0	0	0	0	0	0	0
05.500,00.000	36	5.5	-200	0	4.5	1433.66	257.403	233.108	185.598	141.212	145.498	128.944	80.9961	70.9376	73.6883	64.4707	41.1365	10.67	0	0	0	0	0	0	0	0
05.500,00.000	36.1	5.5	-200	0	4.5	1443.7	259.479	233.443	186.592	142.62	146.413	129.193	81.0637	71.3861	74.5609	65.7609	42.072	11.0339	0.0823965	0	0	0	0	0	0	0
05.500,00.000	36.2	5.5	-200	0	4.5	1446.9	260.179	233.527	186.895	143.06	146.713	129.269	81.0787	71.5216	74.7995	66.2134	42.3839	11.1342	0.123788	0	0	0	0	0	0	0
05.500,00.000	36.3	5.5	-200	0	4.5	1450.73	261.078	233.616	187.241	143.583	147.077	129.355	81.0922	71.6712	75.0539	66.7604	42.7688	11.2549	0.174635	0	0	0	0	0	0	0
05.500,00.000	36.4	5.5	-200	0	4.5	1459.33	263.215	233.795	187.982	144.751	147.891	129.536	81.1129	71.9856	75.5806	67.9943	43.6655	11.5287	0.294255	0	0	0	0	0	0	0
05.500,00.000	36.5	5.5	-200	0	4.5	1464.36	264.573	233.895	188.401	145.418	148.326	129.637	81.1225	72.1571	75.8619	68.7058	44.2061	11.6884	0.371849	0	0	0	0	0	0	0
05.500,00.000	36.6	5.5	-200	0	4.5	1494.9	271.392	234.414	190.908	149.538	151.007	130.364	81.1712	73.2876	77.6998	73.3986	47.8952	12.9866	0.840321	0	0	0	0	0	0	0
05.500,00.000	36.7	5.5	-200	0	4.5	1500.59	272.765	234.513	191.381	150.314	151.414	130.558	81.1801	73.4493	77.9711	74.1922	48.6964	13.2181	0.935813	0	0	0	0	0	0	0
05.500,00.000	36.8	5.5	-200	0	4.5	1500.48	272.757	234.512	191.379	150.315	151.389	130.566	81.1801	73.4329	77.9434	74.1585	48.7014	13.2063	0.935813	0	0	0	0	0	0	0
05.500,00.000	36.9	5.5	-200	0	4.5	1500.65	272.802	234.514	191.394	150.338	151.404	130.57	81.1802	73.4372	77.952	74.1844	48.7249	13.2135	0.938355	0	0	0	0	0	0	0
05.500,00.000	37	5.5	-200	0	4.5	1515.25	276.642	234.674	192.595	152.304	152.657	130.867	81.188	73.71	78.762	76.2811	50.622	13.8104	1.1363	0	0	0	0	0	0	0
05.500,00.000	37.1	5.5	-200	0	4.5	1522.25	278.481	234.744	193.167	153.279	153.306	131.014	81.1911	73.8289	79.1584	77.2377	51.5329	14.0831	1.22929	0	0	0	0	0	0	0
05.500,00.000	37.2	5.5	-200	0	4.5	1525.05	279.244	234.767	193.394	153.648	153.568	131.061	81.192	73.8755	79.2995	77.6296	51.9033	14.2	1.26363	0	0	0	0	0	0	0
05.500,00.000	37.3	5.5	-200	0	4.5	1528.08	280.088	234.788	193.64	154.051	153.859	131.107	81.1927	73.9196	79.4419	78.053	52.3147	14.3287	1.29909	0	0	0	0	0	0	0
05.500,00.000	37.4	5.5	-200	0	4.5	1544.59	284.825	234.882	194.994	156.182	155.473	131.319	81.195	74.1273	80.1544	80.3078	54.5992	15.0514	1.48053	0	0	0	0	0	0	0
05.500,00.000	37.5	5.5	-200	0	4.5	1547.91	285.77	234.898	195.294	156.573	155.927	131.362	81.1953	74.154	80.2939	80.7081	55.0434	15.1793	1.51505	0	0	0	0	0	0	0
05.500,00.000	37.6	5.5	-200	0	4.5	1585.62	294.594	235.61	198.362	161.129	162.47	131.706	81.1955	74.4949	81.7239	85.3675	60.1528	16.9246	1.887	0	0	0	0	0	0	0
05.500,00.000	37.7	5.5	-200	0	4.5	1594.54	296.68	235.926	199.182	162.162	164.05	131.787	81.1955	74.5556	82.0591	86.3104	61.3195	17.337	1.97222	0	0	0	0	0	0	0
05.500,00.000	37.8	5.5	-200	0	4.5	1594.49	296.658	235.952	199.202	162.156	164.023	131.789	81.1955	74.5507	82.0611	86.2787	61.3116	17.337	1.97222	0	0	0	0	0	0	0
05.500,00.000	37.9	5.5	-200	0	4.5	1613.61	301.568	236.366	200.853	164.765	167.304	131.89	81.1955	74.6486	82.6487	88.2783	63.7769	18.2047	2.11215	0	0	0	0	0	0	0
05.500,00.000	38	5.5	-200	0	4.5	1622.21	303.814	236.562	201.75	165.892	168.766	131.933	81.1955	74.6873	82.9014	89.1068	64.8291	18.6051	2.17217	0	0	0	0	0	0	0
05.500,00.000	38.1	5.5	-200	0	4.5	1625.28	304.642	236.624	202.046	166.322	169.294	131.946	81.1955	74.699	82.9712	89.3992	65.1943	18.7527	2.1902	0	0	0	0	0	0	0
05.500,00.000	38.2	5.5	-200	0	4.5	1628.68	305.577	236.689	202.368	166.82	169.882	131.96	81.1955	74.7102	83.042	89.7141	65.5996	18.9136	2.20786	0	0	0	0	0	0	0
05.500,00.000	38.3	5.5	-200	0	4.5	1631.88	306.478	236.748	202.66	167.272	170.459	131.971	81.1955	74.7191	83.1032	89.9984	65.9827	19.0674	2.22268	0	0	0	0	0	0	0
05.500,00.000	38.4	5.5	-200	0	4.5	1648.58	311.2	237.034	204.213	169.815	173.511	132.024	81.1955	74.755	83.3962	91.3801	67.912	19.8561	2.28762	0	0	0	0	0	0	0
05.500,00.000	38.5	5.5	-200	0	4.5	1651.79	312.126	237.092	204.527	170.303	174.119	132.034	81.1955	74.7612	83.4396	91.6282	68.2386	20.0261	2.29961	0	0	0	0	0	0	0
05.500,00.000	38.6	5.5	-200	0	4.5	1662.47	315.151	237.314	205.436	171.961	176.172	132.061	81.1955	74.7751	83.6113	92.4603	69.4633	20.5385	2.32835	0	0	0	0	0	0	0
05.500,00.000	38.7	5.5	-200	0	4.5	1683.73	321.029	237.889	206.935	174.659	179.218	133.303	81.1955	74.8028	84.0157	94.2613	72.2884	21.7509	2.3826	0	0	0	0	0	0	0
05.500,00.000	38.8	5.5	-200	0	4.5	1691.89	323.142	238.121	207.579	175.943	180.255	133.973	81.1955	74.8117	84.1472	94.9132	73.2169	22.1922	2.3981	0	0	0	0	0	0	0
05.500,00.000	38.9	5.5	-200	0	4.5	1691.84	323.12	238.126	207.573	175.944	180.255	133.974	81.1955	74.8117	84.1422	94.9109	73.1961	22.196	2.3981	0	0	0	0	0	0	0
05.500,00.000	39	5.5	-200	0	4.5	1708.7	327.684	238.797	208.866	178.356	182.324	135.386	81.1955	74.8261	84.4062	96.1448	75.2439	23.0641	2.40218	0	0	0	0	0	0	0
05.500,00.000	39.1	5.5	-200	0	4.5	1720.03	330.312	239.563	209.805	180.074	183.82	136.33	81.1955	74.8348	84.5219	96.9195	76.5481	23.7055	2.40218	0	0	0	0	0	0	0
05.500,00.000	39.2	5.5	-200	0	4.5	1721.38	330.587	239.675	209.923	180.287	183.999	136.438	81.1955	74.8358	84.5329	97.0076	76.7063	23.7888	2.40218	0	0	0	0	0	0	0
05.500,00.000	39.3	5.5	-200	0	4.5	1723.77	331.123	239.869	210.14	180.698	184.295	136.513	81.1955	74.8372	84.5595	97.1795	77.0213	23.9405	2.40218	0	0	0	0	0	0	0
05.500,00.000	39.4	5.5	-200	0	4.5	1730.55	332.753	240.459	210.716	181.652	185.342	136.563	81.1955	74.8407	84.6284	97.6593	77.9344	24.4024	2.40218	0	0	0	0	0	0	0
05.500,00.000	39.5	5.5	-200	0	4.5	1731.92	333.083	240.587	210.837	181.875	185.524	136.566	81.1955	74.8413	84.6377	97.7537	78.1157	24.5021	2.40218	0	0	0	0	0	0	0
05.500,00.000	39.6	5.5	-200	0	4.5	1743.7	335.96	241.709	211.823	183.59	187.201	136.582	81.1955	74.8447	84.7366	98.5367	79.7511	25.3718	2.40218	0	0	0	0	0	0	0
05.500,00.000	39.7	5.5	-200	0	4.5	1747.17	336.777	242.044	212.116	184.149	187.644	136.586	81.1955	74.8455	84.7602	98.7795	80.2473	25.6284	2.40218	0	0	0	0	0	0	0
05.500,00.000	39.8	5.5	-200	0	4.5	1747.15	336.77	242.044	212.113	184.148	187.64	136.586	81.1955	74.8455	84.7583	98.7764	80.2439	25.6299	2.40218	0	0	0	0	0	0	0
05.500,00.000	39.9	5.5	-200	0	4.5	1753.01	338.136	242.614	212.552	184.979	188.518	136.592	81.1955	74.8455	84.7979	99.119	81.1578	26.0987	2.40218	0	0	0	0	0	0	0
05.500,00.000	40	5.5	-200	0	4.5	1755.5	338.684	242.869	212.755	185.385	188.863	136.595	81.1955	74.8455	84.8082	99.2656	81.5404	26.2899	2.40218	0	0	0	0	0	0	0
05.500,00.000	40.1	5.5	-200	0	4.5	1761.28	339.955	243.441	213.209	186.234	189.753	136.6	81.1955	74.8455	84.8378	99.5992	82.4545	26.7525	2.40218	0	0	0	0	0	0	0
05.500,00.000	40.2	5.5	-200	0	4.5	1762.53	340.185	243.593	213.316	186.412	189.954	136.601	81.1955	74.8455	84.8419	99.6636	82.661	26.8639	2.40218	0	0	0	0	0	0	0
05.500,00.000	40.3	5.5	-200	0	4.5	1767.35	341.144	244.114	213.718	187.099	190.701	136.604	81.1955	74.8455	84.8612	99.9077	83.4954	27.2606	2.40218	0	0	0	0	0	0	0
05.500,00.000	40.4	5.5	-200	0	4.5	1776.45	342.922	245.098	214.534	188.405	192.172	136.608	81.1955	74.8455	84.8947	100.351	84.999	28.0173	2.40218	0	0	0	0	0	0	0
05.500,00.000	40.5	5.5	-200	0	4.5	1777.87	343.155	245.271	214.672	188.62	192.405	136.609	81.1955	74.8455	84.8966	100.42	85.2218	28.1558	2.40218	0	0	0	0	0	0	0
05.500,00.000	40.6	5.5	-200	0	4.5	1791.28	345.823	246.865	215.861	190.524	194.509	136.613	81.1955	74.8455	84.9361	101.005	87.2951	29.4085	2.40218	0	0	0	0	0	0	0
05.500,00.000	40.7	5.5	-200	0	4.5	1794.75	346.402	247.352	216.151	191.006	195.05	136.615	81.1955	74.8455	84.9399	101.154	87.897	29.7414	2.40218	0	0	0	0	0	0	0
05.500,00.000	40.8	5.5	-200	0	4.5	1795.85	346.611	247.48	216.245	191.157	195.234	136.617	81.1955	74.8455	84.9428	101.198	88.0761	29.8478	2.40218	0	0	0	0	0	0	0
05.500,00.000	40.9	5.5	-200	0	4.5	1796.05	346.646	247.505	216.262	191.185	195.263	136.617	81.1955	74.8455	84.9431	101.205	88.1096	29.8675	2.40218	0	0	0	0	0	0	0
05.500,00.000	41	5.5	-200	0	4.5	1798.66	347.1	247.788	216.482	191.539	195.683	136.627	81.1955	74.8455	84.9478	101.293	88.6347	30.1195	2.40218	0	0	0	0	0	0	0
05.500,00.000	41.1	5.5	-200	0	4.5	1804.48	348.14	248.403	216.983	192.336	196.513	136.655	81.1955	74.8455	84.9572	101.486	89.8478	30.7162	2.40218	0	0	0	0	0	0	0
05.500,00.000	41.2	5.5	-200	0	4.5	1805.83	348.364	248.544	217.095	192.517	196.702	136.66	81.3152	74.8455	84.958	101.524	90.0569	30.8453	2.40218	0	0	0	0	0	0	0
05.500,00.000	41.3	5.5	-200	0	4.5	1807.48	348.646	248.712	217.228	192.718	196.926	136.67	81.4803	74.8455	84.9604	101.561	90.3403	30.9916	2.40218	0	0	0	0	0	0	0
05.500,00.000	41.4	5.5	-200	0	4.5	1809.7	348.98	248.932	217.404	192.985	197.235	136.687	81.7167	74.8455	84.9625	101.602	90.7618	31.1902	2.40218	0	0	0	0	0	0	0
05.500,00.000	41.5	5.5	-200	0	4.5	1811.09	349.197	249.075	217.517	193.144	197.419	136.698	81.8722	74.8455	84.9636	101.625	91.0162	31.3151	2.40218	0	0	0	0	0	0	0
05.500,00.000	41.6	5.5	-200	0	4.5	1812.66	349.432	249.213	217.644	193.317	197.63	136.716	82.0499	74.8455	84.9646	101.649	91.3416	31.4533	2.40218	0	0	0	0	0	0	0
05.500,00.000	41.7	5.5	-200	0	4.5	1814.24	349.668	249.371	217.775	193.492	197.845	136.733	82.2322	74.8455	84.9654	101.673	91.6459	31.5922	2.40218	0	0	0	0	0	0	0
05.500,00.000	41.8	5.5	-200	0	4.5	1815.86	349.897	249.503	217.908	193.667	198.068	136.756	82.4164	74.8455	84.9658	101.696	91.9921	31.7381	2.40218	0	0	0	0	0	0	0
05.500,00.000	41.9	5.5	-200	0	4.5	1817.45	350.109	249.645	218.04	193.835	198.273	136.779	82.5988	74.8455	84.966	101.717	92.3483	31.8786	2.41485	0	0	0	0	0	0	0
05.500,00.000	42	5.5	-200	0	4.5	1819.06	350.323	249.804	218.176	194.005	198.484	136.803	82.7906	74.8455	84.9662	101.736	92.6806	32.0016	2.44273	0	0	0	0	0	0	0