
label	time(d)	x	depth	z	radius	total	0-10	10-20	20-30	30-40	40-50	50-60	60-70	70-80	80-90	90-100	100-110	110-120	120-130	130-140	140-150	150-160	160-170	170-180	180-190	190-200
00.000,00.000	0	0	-200	0	4.5	0	0	0	0	0	0	0	0	0	0	0	0	0	0	0	0	0	0	0	0	0
00.000,00.000	0.1	0	-200	0	4.5	0.293975	0.293975	0	0	0	0	0	0	0	0	0	0	0	0	0	0	0	0	0	0	0
00.000,00.000	0.2	0	-200	0	4.5	0.590923	0.590923	0	0	0	0	0	0	0	0	0	0	0	0	0	0	0	0	0	0	0
00.000,00.000	0.3	0	-200	0	4.5	0.890002	0.890002	0	0	0	0	0	0	0	0	0	0	0	0	0	0	0	0	0	0	0
00.000,00.000	0.4	0	-200	0	4.5	1.19143	1.19143	0	0	0	0	0	0	0	0	0	0	0	0	0	0	0	0	0	0	0
00.000,00.000	0.5	0	-200	0	4.5	1.49521	1.49521	0	0	0	0	0	0	0	0	0	0	0	0	0	0	0	0	0	0	0
00.000,00.000	0.6	0	-200	0	4.5	1.80104	1.80104	0	0	0	0	0	0	0	0	0	0	0	0	0	0	0	0	0	0	0
00.000,00.000	0.7	0	-200	0	4.5	2.10883	2.10883	0	0	0	0	0	0	0	0	0	0	0	0	0	0	0	0	0	0	0
00.000,00.000	0.8	0	-200	0	4.5	2.41858	2.41858	0	0	0	0	0	0	0	0	0	0	0	0	0	0	0	0	0	0	0
00.000,00.000	0.9	0	-200	0	4.5	2.72975	2.72975	0	0	0	0	0	0	0	0	0	0	0	0	0	0	0	0	0	0	0
00.000,00.000	1	0	-200	0	4.5	3.04097	3.04097	0	0	0	0	0	0	0	0	0	0	0	0	0	0	0	0	0	0	0
00.000,00.000	1.1	0	-200	0	4.5	3.35479	3.35479	0	0	0	0	0	0	0	0	0	0	0	0	0	0	0	0	0	0	0
00.000,00.000	1.2	0	-200	0	4.5	3.67348	3.67348	0	0	0	0	0	0	0	0	0	0	0	0	0	0	0	0	0	0	0
00.000,00.000	1.3	0	-200	0	4.5	3.99861	3.99861	0	0	0	0	0	0	0	0	0	0	0	0	0	0	0	0	0	0	0
00.000,00.000	1.4	0	-200	0	4.5	4.33147	4.33147	0	0	0	0	0	0	0	0	0	0	0	0	0	0	0	0	0	0	0
00.000,00.000	1.5	0	-200	0	4.5	4.67314	4.67314	0	0	0	0	0	0	0	0	0	0	0	0	0	0	0	0	0	0	0
00.000,00.000	1.6	0	-200	0	4.5	5.02365	5.02365	0	0	0	0	0	0	0	0	0	0	0	0	0	0	0	0	0	0	0
00.000,00.000	1.7	0	-200	0	4.5	5.38293	5.38293	0	0	0	0	0	0	0	0	0	0	0	0	0	0	0	0	0	0	0
00.000,00.000	1.8	0	-200	0	4.5	5.75099	5.75099	0	0	0	0	0	0	0	0	0	0	0	0	0	0	0	0	0	0	0
00.000,00.000	1.9	0	-200	0	4.5	6.15185	6.15185	0	0	0	0	0	0	0	0	0	0	0	0	0	0	0	0	0	0	0
00.000,00.000	2	0	-200	0	4.5	6.58685	6.58685	0	0	0	0	0	0	0	0	0	0	0	0	0	0	0	0	0	0	0
00.000,00.000	2.1	0	-200	0	4.5	7.0751	7.0751	0	0	0	0	0	0	0	0	0	0	0	0	0	0	0	0	0	0	0
00.000,00.000	2.2	0	-200	0	4.5	7.67067	7.67067	0	0	0	0	0	0	0	0	0	0	0	0	0	0	0	0	0	0	0
00.000,00.000	2.3	0	-200	0	4.5	8.366	8.12257	0.243435	0	0	0	0	0	0	0	0	0	0	0	0	0	0	0	0	0	0
00.000,00.000	2.4	0	-200	0	4.5	9.14761	8.62403	0.523582	0	0	0	0	0	0	0	0	0	0	0	0	0	0	0	0	0	0
00.000,00.000	2.5	0	-200	0	4.5	9.99947	9.19565	0.803815	0	0	0	0	0	0	0	0	0	0	0	0	0	0	0	0	0	0
00.000,00.000	2.6	0	-200	0	4.5	10.918	9.83497	1.08299	0	0	0	0	0	0	0	0	0	0	0	0	0	0	0	0	0	0
00.000,00.000	2.7	0	-200	0	4.5	11.9079	10.5465	1.36147	0	0	0	0	0	0	0	0	0	0	0	0	0	0	0	0	0	0
00.000,00.000	2.8	0	-200	0	4.5	12.9868	11.3465	1.6403	0	0	0	0	0	0	0	0	0	0	0	0	0	0	0	0	0	0
00.000,00.000	2.9	0	-200	0	4.5	14.1793	12.2566	1.92263	0	0	0	0	0	0	0	0	0	0	0	0	0	0	0	0	0	0
00.000,00.000	3	0	-200	0	4.5	15.4722	13.2619	2.21033	0	0	0	0	0	0	0	0	0	0	0	0	0	0	0	0	0	0
00.000,00.000	3.1	0	-200	0	4.5	16.8191	14.3163	2.50285	0	0	0	0	0	0	0	0	0	0	0	0	0	0	0	0	0	0
00.000,00.000	3.2	0	-200	0	4.5	18.1392	15.3441	2.79512	0	0	0	0	0	0	0	0	0	0	0	0	0	0	0	0	0	0
00.000,00.000	3.3	0	-200	0	4.5	19.4508	16.3635	3.08725	0	0	0	0	0	0	0	0	0	0	0	0	0	0	0	0	0	0
00.000,00.000	3.4	0	-200	0	4.5	20.7487	17.3693	3.37943	0	0	0	0	0	0	0	0	0	0	0	0	0	0	0	0	0	0
00.000,00.000	3.5	0	-200	0	4.5	22.0203	18.35	3.6703	0	0	0	0	0	0	0	0	0	0	0	0	0	0	0	0	0	0
00.000,00.000	3.6	0	-200	0	4.5	23.2658	19.3065	3.95928	0	0	0	0	0	0	0	0	0	0	0	0	0	0	0	0	0	0
00.000,00.000	3.7	0	-200	0	4.5	24.4925	20.2458	4.24672	0	0	0	0	0	0	0	0	0	0	0	0	0	0	0	0	0	0
00.000,00.000	3.8	0	-200	0	4.5	25.7093	21.1763	4.53301	0	0	0	0	0	0	0	0	0	0	0	0	0	0	0	0	0	0
00.000,00.000	3.9	0	-200	0	4.5	26.924	22.106	4.81803	0	0	0	0	0	0	0	0	0	0	0	0	0	0	0	0	0	0
00.000,00.000	4	0	-200	0	4.5	28.1419	23.0391	5.1028	0	0	0	0	0	0	0	0	0	0	0	0	0	0	0	0	0	0
00.000,00.000	4.1	0	-200	0	4.5	29.3616	23.9736	5.38798	0	0	0	0	0	0	0	0	0	0	0	0	0	0	0	0	0	0
00.000,00.000	4.2	0	-200	0	4.5	30.5822	24.908	5.67416	0	0	0	0	0	0	0	0	0	0	0	0	0	0	0	0	0	0
00.000,00.000	4.3	0	-200	0	4.5	31.8028	25.8413	5.96151	0	0	0	0	0	0	0	0	0	0	0	0	0	0	0	0	0	0
00.000,00.000	4.4	0	-200	0	4.5	32.8389	26.5891	6.24982	0	0	0	0	0	0	0	0	0	0	0	0	0	0	0	0	0	0
00.000,00.000	4.5	0	-200	0	4.5	33.7316	27.1938	6.53778	0	0	0	0	0	0	0	0	0	0	0	0	0	0	0	0	0	0
00.000,00.000	4.6	0	-200	0	4.5	34.318	27.4933	6.82477	0	0	0	0	0	0	0	0	0	0	0	0	0	0	0	0	0	0
00.000,00.000	4.7	0	-200	0	4.5	34.9625	27.7716	7.1909	0	0	0	0	0	0	0	0	0	0	0	0	0	0	0	0	0	0
00.000,00.000	4.8	0	-200	0	4.5	35.5209	28.0449	7.476	0	0	0	0	0	0	0	0	0	0	0	0	0	0	0	0	0	0
00.000,00.000	4.9	0	-200	0	4.5	36.073	28.314	7.75894	0	0	0	0	0	0	0	0	0	0	0	0	0	0	0	0	0	0
00.000,00.000	5	0	-200	0	4.5	36.6197	28.3609	8.25876	0	0	0	0	0	0	0	0	0	0	0	0	0	0	0	0	0	0
00.000,00.000	5.1	0	-200	0	4.5	37.1026	28.3694	8.73315	0	0	0	0	0	0	0	0	0	0	0	0	0	0	0	0	0	0
00.000,00.000	5.2	0	-200	0	4.5	37.3962	28.3805	9.01576	0	0	0	0	0	0	0	0	0	0	0	0	0	0	0	0	0	0
00.000,00.000	5.3	0	-200	0	4.5	37.7044	28.394	9.31038	0	0	0	0	0	0	0	0	0	0	0	0	0	0	0	0	0	0
00.000,00.000	5.4	0	-200	0	4.5	38.0003	28.4109	9.58934	0	0	0	0	0	0	0	0	0	0	0	0	0	0	0	0	0	0
00.000,00.000	5.5	0	-200	0	4.5	38.298	28.4301	9.86782	0	0	0	0	0	0	0	0	0	0	0	0	0	0	0	0	0	0
00.000,00.000	5.6	0	-200	0	4.5	38.5984	28.4521	10.1462	0	0	0	0	0	0	0	0	0	0	0	0	0	0	0	0	0	0
00.000,00.000	5.7	0	-200	0	4.5	38.9011	28.4768	10.4243	0	0	0	0	0	0	0	0	0	0	0	0	0	0	0	0	0	0
00.000,00.000	5.8	0	-200	0	4.5	39.2067	28.5046	10.6583	0.0438563	0	0	0	0	0	0	0	0	0	0	0	0	0	0	0	0	0
00.000,00.000	5.9	0	-200	0	4.5	39.5152	28.5358	10.6583	0.321185	0	0	0	0	0	0	0	0	0	0	0	0	0	0	0	0	0
00.000,00.000	6	0	-200	0	4.5	39.8274	28.5715	10.6583	0.59756	0	0	0	0	0	0	0	0	0	0	0	0	0	0	0	0	0
00.000,00.000	6.1	0	-200	0	4.5	40.1442	28.6128	10.6583	0.873127	0	0	0	0	0	0	0	0	0	0	0	0	0	0	0	0	0
00.000,00.000	6.2	0	-200	0	4.5	40.4697	28.6616	10.6602	1.14795	0	0	0	0	0	0	0	0	0	0	0	0	0	0	0	0	0
00.000,00.000	6.3	0	-200	0	4.5	40.8054	28.7206	10.6627	1.42202	0	0	0	0	0	0	0	0	0	0	0	0	0	0	0	0	0
00.000,00.000	6.4	0	-200	0	4.5	41.1504	28.7884	10.6666	1.69544	0	0	0	0	0	0	0	0	0	0	0	0	0	0	0	0	0
00.000,00.000	6.5	0	-200	0	4.5	41.507	28.8664	10.6728	1.96771	0	0	0	0	0	0	0	0	0	0	0	0	0	0	0	0	0
00.000,00.000	6.6	0	-200	0	4.5	41.875	28.9547	10.6806	2.2398	0	0	0	0	0	0	0	0	0	0	0	0	0	0	0	0	0
00.000,00.000	6.7	0	-200	0	4.5	42.2534	29.0523	10.6902	2.51089	0	0	0	0	0	0	0	0	0	0	0	0	0	0	0	0	0
00.000,00.000	6.8	0	-200	0	4.5	42.6496	29.1656	10.7023	2.78162	0	0	0	0	0	0	0	0	0	0	0	0	0	0	0	0	0
00.000,00.000	6.9	0	-200	0	4.5	43.0624	29.2934	10.717	3.05198	0	0	0	0	0	0	0	0	0	0	0	0	0	0	0	0	0
00.000,00.000	7	0	-200	0	4.5	43.4938	29.4374	10.7348	3.32157	0	0	0	0	0	0	0	0	0	0	0	0	0	0	0	0	0
00.000,00.000	7.1	0	-200	0	4.5	43.9465	29.6004	10.7556	3.59046	0	0	0	0	0	0	0	0	0	0	0	0	0	0	0	0	0
00.000,00.000	7.2	0	-200	0	4.5	44.4226	29.7838	10.7802	3.85861	0	0	0	0	0	0	0	0	0	0	0	0	0	0	0	0	0
00.000,00.000	7.3	0	-200	0	4.5	44.9239	29.9903	10.8074	4.12611	0	0	0	0	0	0	0	0	0	0	0	0	0	0	0	0	0
00.000,00.000	7.4	0	-200	0	4.5	45.4506	30.2199	10.8377	4.39293	0	0	0	0	0	0	0	0	0	0	0	0	0	0	0	0	0
00.000,00.000	7.5	0	-200	0	4.5	45.9934	30.4639	10.871	4.65842	0	0	0	0	0	0	0	0	0	0	0	0	0	0	0	0	0
00.000,00.000	7.6	0	-200	0	4.5	46.5614	30.7303	10.9076	4.92348	0	0	0	0	0	0	0	0	0	0	0	0	0	0	0	0	0
00.000,00.000	7.7	0	-200	0	4.5	47.1532	31.0181	10.9471	5.18794	0	0	0	0	0	0	0	0	0	0	0	0	0	0	0	0	0
00.000,00.000	7.8	0	-200	0	4.5	47.7759	31.3336	10.9906	5.45176	0	0	0	0	0	0	0	0	0	0	0	0	0	0	0	0	0
00.000,00.000	7.9	0	-200	0	4.5	48.4308	31.6783	11.0373	5.71519	0	0	0	0	0	0	0	0	0	0	0	0	0	0	0	0	0
00.000,00.000	8	0	-200	0	4.5	49.1203	32.0549	11.0874	5.97803	0	0	0	0	0	0	0	0	0	0	0	0	0	0	0	0	0
00.000,00.000	8.1	0	-200	0	4.5	49.8478	32.4656	11.142	6.24023	0	0	0	0	0	0	0	0	0	0	0	0	0	0	0	0	0
00.000,00.000	8.2	0	-200	0	4.5	50.6227	32.9203	11.2006	6.50183	0	0	0	0	0	0	0	0	0	0	0	0	0	0	0	0	0
00.000,00.000	8.3	0	-200	0	4.5	51.4512	33.4235	11.2649	6.76283	0	0	0	0	0	0	0	0	0	0	0	0	0	0	0	0	0
00.000,00.000	8.4	0	-200	0	4.5	52.3255	33.9676	11.3346	7.02323	0	0	0	0	0	0	0	0	0	0	0	0	0	0	0	0	0
00.000,00.000	8.5	0	-200	0	4.5	53.2236	34.5322	11.4088	7.28261	0	0	0	0	0	0	0	0	0	0	0	0	0	0	0	0	0
00.000,00.000	8.6	0	-200	0	4.5	54.1506	35.1208	11.4885	7.54137	0	0	0	0	0	0	0	0	0	0	0	0	0	0	0	0	0
00.000,00.000	8.7	0	-200	0	4.5	55.1067	35.7343	11.5728	7.79962	0	0	0	0	0	0	0	0	0	0	0	0	0	0	0	0	0
00.000,00.000	8.8	0	-200	0	4.5	56.096	36.3766	11.662	8.05744	0	0	0	0	0	0	0	0	0	0	0	0	0	0	0	0	0
00.000,00.000	8.9	0	-200	0	4.5	57.1348	37.0623	11.7574	8.31504	0	0	0	0	0	0	0	0	0	0	0	0	0	0	0	0	0
00.000,00.000	9	0	-200	0	4.5	58.2257	37.7947	11.8588	8.57218	0	0	0	0	0	0	0	0	0	0	0	0	0	0	0	0	0
00.000,00.000	9.1	0	-200	0	4.5	59.3741	38.5782	11.967	8.8289	0	0	0	0	0	0	0	0	0	0	0	0	0	0	0	0	0
00.000,00.000	9.2	0	-200	0	4.5	60.5836	39.4148	12.0835	9.08519	0	0	0	0	0	0	0	0	0	0	0	0	0	0	0	0	0
00.000,00.000	9.3	0	-200	0	4.5	61.8538	40.3046	12.2082	9.341	0	0	0	0	0	0	0	0	0	0	0	0	0	0	0	0	0
00.000,00.000	9.4	0	-200	0	4.5	63.1801	41.2414	12.3423	9.59646	0	0	0	0	0	0	0	0	0	0	0	0	0	0	0	0	0
00.000,00.000	9.5	0	-200	0	4.5	64.5404	42.2048	12.4845	9.85115	0	0	0	0	0	0	0	0	0	0	0	0	0	0	0	0	0
00.000,00.000	9.6	0	-200	0	4.5	65.9368	43.1967	12.6344	10.0389	0.0667579	0	0	0	0	0	0	0	0	0	0	0	0	0	0	0	0
00.000,00.000	9.7	0	-200	0	4.5	67.3711	44.2193	12.7917	10.0389	0.321246	0	0	0	0	0	0	0	0	0	0	0	0	0	0	0	0
00.000,00.000	9.8	0	-200	0	4.5	68.8528	45.281	12.9572	10.0389	0.57569	0	0	0	0	0	0	0	0	0	0	0	0	0	0	0	0
00.000,00.000	9.9	0	-200	0	4.5	70.4056	46.405	13.1314	10.039	0.830268	0	0	0	0	0	0	0	0	0	0	0	0	0	0	0	0
00.000,00.000	10	0	-200	0	4.5	72.0327	47.5933	13.3158	10.039	1.0847	0	0	0	0	0	0	0	0	0	0	0	0	0	0	0	0
00.000,00.000	10.1	0	-200	0	4.5	73.7264	48.8377	13.5107	10.039	1.33897	0	0	0	0	0	0	0	0	0	0	0	0	0	0	0	0
00.000,00.000	10.2	0	-200	0	4.5	75.4879	50.1481	13.7075	10.0391	1.59319	0	0	0	0	0	0	0	0	0	0	0	0	0	0	0	0
00.000,00.000	10.3	0	-200	0	4.5	77.3359	51.5249	13.9237	10.04	1.84718	0	0	0	0	0	0	0	0	0	0	0	0	0	0	0	0
00.000,00.000	10.4	0	-200	0	4.5	79.2528	52.9572	14.1529	10.0416	2.10097	0	0	0	0	0	0	0	0	0	0	0	0	0	0	0	0
00.000,00.000	10.5	0	-200	0	4.5	81.2056	54.4185	14.3888	10.0439	2.35432	0	0	0	0	0	0	0	0	0	0	0	0	0	0	0	0
00.000,00.000	10.6	0	-200	0	4.5	83.1969	55.9121	14.6298	10.0473	2.60778	0	0	0	0	0	0	0	0	0	0	0	0	0	0	0	0
00.000,00.000	10.7	0	-200	0	4.5	85.2325	57.4431	14.8767	10.0515	2.86125	0	0	0	0	0	0	0	0	0	0	0	0	0	0	0	0
00.000,00.000	10.8	0	-200	0	4.5	87.3265	59.0236	15.1315	10.0569	3.11451	0	0	0	0	0	0	0	0	0	0	0	0	0	0	0	0
00.000,00.000	10.9	0	-200	0	4.5	89.5127	60.686	15.394	10.0647	3.36797	0	0	0	0	0	0	0	0	0	0	0	0	0	0	0	0
00.000,00.000	11	0	-200	0	4.5	91.7925	62.4313	15.6651	10.0745	3.62151	0	0	0	0	0	0	0	0	0	0	0	0	0	0	0	0
00.000,00.000	11.1	0	-200	0	4.5	94.1648	64.2567	15.9458	10.0874	3.87483	0	0	0	0	0	0	0	0	0	0	0	0	0	0	0	0
00.000,00.000	11.2	0	-200	0	4.5	96.6487	66.1799	16.2381	10.1029	4.12773	0	0	0	0	0	0	0	0	0	0	0	0	0	0	0	0
00.000,00.000	11.3	0	-200	0	4.5	99.2326	68.189	16.5421	10.1211	4.38045	0	0	0	0	0	0	0	0	0	0	0	0	0	0	0	0
00.000,00.000	11.4	0	-200	0	4.5	101.9	70.269	16.8558	10.1426	4.63315	0	0	0	0	0	0	0	0	0	0	0	0	0	0	0	0
00.000,00.000	11.5	0	-200	0	4.5	104.585	72.3559	17.1772	10.1669	4.88521	0	0	0	0	0	0	0	0	0	0	0	0	0	0	0	0
00.000,00.000	11.6	0	-200	0	4.5	107.302	74.4655	17.5054	10.1944	5.13705	0	0	0	0	0	0	0	0	0	0	0	0	0	0	0	0
00.000,00.000	11.7	0	-200	0	4.5	110.064	76.6086	17.8402	10.2266	5.38904	0	0	0	0	0	0	0	0	0	0	0	0	0	0	0	0
00.000,00.000	11.8	0	-200	0	4.5	112.897	78.8109	18.1824	10.2624	5.64137	0	0	0	0	0	0	0	0	0	0	0	0	0	0	0	0
00.000,00.000	11.9	0	-200	0	4.5	115.853	81.1228	18.5347	10.3018	5.89386	0	0	0	0	0	0	0	0	0	0	0	0	0	0	0	0
00.000,00.000	12	0	-200	0	4.5	119.002	83.5914	18.9087	10.3467	6.15552	0	0	0	0	0	0	0	0	0	0	0	0	0	0	0	0
00.000,00.000	12.1	0	-200	0	4.5	122.24	86.1357	19.2945	10.3955	6.41427	0	0	0	0	0	0	0	0	0	0	0	0	0	0	0	0
00.000,00.000	12.2	0	-200	0	4.5	125.453	88.6528	19.6834	10.4478	6.66908	0	0	0	0	0	0	0	0	0	0	0	0	0	0	0	0
00.000,00.000	12.3	0	-200	0	4.5	128.682	91.1544	20.1023	10.5038	6.92131	0	0	0	0	0	0	0	0	0	0	0	0	0	0	0	0
00.000,00.000	12.4	0	-200	0	4.5	131.933	93.6424	20.5535	10.5645	7.17275	0	0	0	0	0	0	0	0	0	0	0	0	0	0	0	0
00.000,00.000	12.5	0	-200	0	4.5	135.706	96.5021	21.0949	10.6408	7.46806	0	0	0	0	0	0	0	0	0	0	0	0	0	0	0	0
00.000,00.000	12.6	0	-200	0	4.5	139.511	99.3625	21.6601	10.7227	7.76615	0	0	0	0	0	0	0	0	0	0	0	0	0	0	0	0
00.000,00.000	12.7	0	-200	0	4.5	142.956	101.947	22.1726	10.8021	8.0348	0	0	0	0	0	0	0	0	0	0	0	0	0	0	0	0
00.000,00.000	12.8	0	-200	0	4.5	145.359	103.74	22.5372	10.8604	8.2208	0	0	0	0	0	0	0	0	0	0	0	0	0	0	0	0
00.000,00.000	12.9	0	-200	0	4.5	148.64	105.996	23.23	10.9433	8.47032	0	0	0	0	0	0	0	0	0	0	0	0	0	0	0	0
00.000,00.000	13	0	-200	0	4.5	152.336	108.212	24.334	11.0402	8.75026	0	0	0	0	0	0	0	0	0	0	0	0	0	0	0	0
00.000,00.000	13.1	0	-200	0	4.5	155.829	110.262	25.4253	11.1351	9.00671	0	0	0	0	0	0	0	0	0	0	0	0	0	0	0	0
00.000,00.000	13.2	0	-200	0	4.5	159.315	112.321	26.5053	11.2326	9.25641	0	0	0	0	0	0	0	0	0	0	0	0	0	0	0	0
00.000,00.000	13.3	0	-200	0	4.5	162.828	114.386	27.6001	11.3358	9.5058	0	0	0	0	0	0	0	0	0	0	0	0	0	0	0	0
00.000,00.000	13.4	0	-200	0	4.5	166.355	116.449	28.7062	11.4444	9.75514	0	0	0	0	0	0	0	0	0	0	0	0	0	0	0	0
00.000,00.000	13.5	0	-200	0	4.5	171.215	119.27	30.2446	11.6018	10.0358	0.0626062	0	0	0	0	0	0	0	0	0	0	0	0	0	0	0
00.000,00.000	13.6	0	-200	0	4.5	175.72	121.866	31.6829	11.7553	10.0226	0.393144	0	0	0	0	0	0	0	0	0	0	0	0	0	0	0
00.000,00.000	13.7	0	-200	0	4.5	179.421	123.989	32.8669	11.8878	10.0226	0.654695	0	0	0	0	0	0	0	0	0	0	0	0	0	0	0
00.000,00.000	13.8	0	-200	0	4.5	181.526	125.194	33.5399	11.9665	10.0226	0.802992	0	0	0	0	0	0	0	0	0	0	0	0	0	0	0
00.000,00.000	13.9	0	-200	0	4.5	184.298	126.779	34.427	12.0737	10.0226	0.995079	0	0	0	0	0	0	0	0	0	0	0	0	0	0	0
00.000,00.000	14	0	-200	0	4.5	188.714	129.301	35.8444	12.2489	10.0231	1.29635	0	0	0	0	0	0	0	0	0	0	0	0	0	0	0
00.000,00.000	14.1	0	-200	0	4.5	192.593	131.504	37.0961	12.4085	10.0249	1.55953	0	0	0	0	0	0	0	0	0	0	0	0	0	0	0
00.000,00.000	14.2	0	-200	0	4.5	196.181	133.517	38.2688	12.5633	10.0277	1.80398	0	0	0	0	0	0	0	0	0	0	0	0	0	0	0
00.000,00.000	14.3	0	-200	0	4.5	199.768	135.518	39.4462	12.724	10.0322	2.04761	0	0	0	0	0	0	0	0	0	0	0	0	0	0	0
00.000,00.000	14.4	0	-200	0	4.5	203.334	137.49	40.6243	12.8907	10.0383	2.2904	0	0	0	0	0	0	0	0	0	0	0	0	0	0	0
00.000,00.000	14.5	0	-200	0	4.5	209.472	140.805	42.7011	13.1995	10.0519	2.71512	0	0	0	0	0	0	0	0	0	0	0	0	0	0	0
00.000,00.000	14.6	0	-200	0	4.5	213.836	143.084	44.2232	13.4424	10.0653	3.02088	0	0	0	0	0	0	0	0	0	0	0	0	0	0	0
00.000,00.000	14.7	0	-200	0	4.5	217.689	145.069	45.5786	13.6665	10.0807	3.29465	0	0	0	0	0	0	0	0	0	0	0	0	0	0	0
00.000,00.000	14.8	0	-200	0	4.5	219.248	145.852	46.1401	13.7615	10.0883	3.40577	0	0	0	0	0	0	0	0	0	0	0	0	0	0	0
00.000,00.000	14.9	0	-200	0	4.5	221.551	147.002	46.9689	13.9056	10.1023	3.57147	0	0	0	0	0	0	0	0	0	0	0	0	0	0	0
00.000,00.000	15	0	-200	0	4.5	226.003	149.186	48.5884	14.1993	10.1336	3.89593	0	0	0	0	0	0	0	0	0	0	0	0	0	0	0
00.000,00.000	15.1	0	-200	0	4.5	229.57	150.89	49.9078	14.4483	10.1623	4.1615	0	0	0	0	0	0	0	0	0	0	0	0	0	0	0
00.000,00.000	15.2	0	-200	0	4.5	232.78	152.394	51.1274	14.6691	10.1916	4.39833	0	0	0	0	0	0	0	0	0	0	0	0	0	0	0
00.000,00.000	15.3	0	-200	0	4.5	235.893	153.866	52.2709	14.8964	10.2241	4.63503	0	0	0	0	0	0	0	0	0	0	0	0	0	0	0
00.000,00.000	15.4	0	-200	0	4.5	238.973	155.28	53.4283	15.1327	10.2603	4.87133	0	0	0	0	0	0	0	0	0	0	0	0	0	0	0
00.000,00.000	15.5	0	-200	0	4.5	248.193	159.414	56.9725	15.8753	10.3821	5.54975	0	0	0	0	0	0	0	0	0	0	0	0	0	0	0
00.000,00.000	15.6	0	-200	0	4.5	249.986	160.164	57.6761	16.0427	10.4079	5.69495	0	0	0	0	0	0	0	0	0	0	0	0	0	0	0
00.000,00.000	15.7	0	-200	0	4.5	252.984	161.45	58.8295	16.3089	10.4583	5.93655	0	0	0	0	0	0	0	0	0	0	0	0	0	0	0
00.000,00.000	15.8	0	-200	0	4.5	253.544	161.677	59.053	16.3624	10.4684	5.98301	0	0	0	0	0	0	0	0	0	0	0	0	0	0	0
00.000,00.000	15.9	0	-200	0	4.5	257.328	163.21	60.5493	16.7254	10.5461	6.29767	0	0	0	0	0	0	0	0	0	0	0	0	0	0	0
00.000,00.000	16	0	-200	0	4.5	262.243	165.145	62.5154	17.2192	10.6543	6.7095	0	0	0	0	0	0	0	0	0	0	0	0	0	0	0
00.000,00.000	16.1	0	-200	0	4.5	265.408	166.363	63.5555	17.782	10.7308	6.97641	0	0	0	0	0	0	0	0	0	0	0	0	0	0	0
00.000,00.000	16.2	0	-200	0	4.5	268.136	167.411	64.3889	18.3256	10.8026	7.20768	0	0	0	0	0	0	0	0	0	0	0	0	0	0	0
00.000,00.000	16.3	0	-200	0	4.5	270.84	168.44	65.0318	19.0502	10.88	7.43838	0	0	0	0	0	0	0	0	0	0	0	0	0	0	0
00.000,00.000	16.4	0	-200	0	4.5	273.537	169.457	65.5574	19.8893	10.9629	7.66973	0	0	0	0	0	0	0	0	0	0	0	0	0	0	0
00.000,00.000	16.5	0	-200	0	4.5	286.909	174.44	68.1505	24.1676	11.4091	8.742	0	0	0	0	0	0	0	0	0	0	0	0	0	0	0
00.000,00.000	16.6	0	-200	0	4.5	289.596	175.334	68.7642	25.024	11.501	8.97282	0	0	0	0	0	0	0	0	0	0	0	0	0	0	0
00.000,00.000	16.7	0	-200	0	4.5	311.086	182.658	73.0803	32.2394	12.3541	10.0033	0.750321	0	0	0	0	0	0	0	0	0	0	0	0	0	0
00.000,00.000	16.8	0	-200	0	4.5	316.2	184.353	74.1429	33.9356	12.5628	10.0038	1.20149	0	0	0	0	0	0	0	0	0	0	0	0	0	0
00.000,00.000	16.9	0	-200	0	4.5	327.572	188.288	76.3778	37.55	13.1088	10.0165	2.23069	0	0	0	0	0	0	0	0	0	0	0	0	0	0
00.000,00.000	17	0	-200	0	4.5	332.551	190.005	77.5375	38.8812	13.3782	10.0238	2.72528	0	0	0	0	0	0	0	0	0	0	0	0	0	0
00.000,00.000	17.1	0	-200	0	4.5	334.822	190.795	78.0674	39.4786	13.5073	10.0304	2.94357	0	0	0	0	0	0	0	0	0	0	0	0	0	0
00.000,00.000	17.2	0	-200	0	4.5	337.174	191.618	78.6092	40.0947	13.6468	10.0391	3.16598	0	0	0	0	0	0	0	0	0	0	0	0	0	0
00.000,00.000	17.3	0	-200	0	4.5	339.557	192.458	79.1527	40.7146	13.7935	10.0499	3.38879	0	0	0	0	0	0	0	0	0	0	0	0	0	0
00.000,00.000	17.4	0	-200	0	4.5	341.973	193.308	79.7055	41.3385	13.9474	10.063	3.61153	0	0	0	0	0	0	0	0	0	0	0	0	0	0
00.000,00.000	17.5	0	-200	0	4.5	358.195	199.007	83.463	45.1199	15.457	10.169	4.97881	0	0	0	0	0	0	0	0	0	0	0	0	0	0
00.000,00.000	17.6	0	-200	0	4.5	361.326	200.066	84.1626	45.6106	16.0186	10.1947	5.27362	0	0	0	0	0	0	0	0	0	0	0	0	0	0
00.000,00.000	17.7	0	-200	0	4.5	385.341	208.013	89.8278	49.0953	20.4902	10.5018	7.41276	0	0	0	0	0	0	0	0	0	0	0	0	0	0
00.000,00.000	17.8	0	-200	0	4.5	391.053	210.055	91.1532	49.7438	21.5579	10.5836	7.95904	0	0	0	0	0	0	0	0	0	0	0	0	0	0
00.000,00.000	17.9	0	-200	0	4.5	405.265	214.745	94.5449	51.331	24.0495	10.8472	9.23421	0.513035	0	0	0	0	0	0	0	0	0	0	0	0	0
00.000,00.000	18	0	-200	0	4.5	411.804	216.789	96.0176	52.004	25.1361	10.9721	9.83361	1.0514	0	0	0	0	0	0	0	0	0	0	0	0	0
00.000,00.000	18.1	0	-200	0	4.5	414.585	217.668	96.675	52.3092	25.5699	11.0332	10.0675	1.26185	0	0	0	0	0	0	0	0	0	0	0	0	0
00.000,00.000	18.2	0	-200	0	4.5	417.517	218.605	97.3664	52.6403	26.0188	11.1035	10.3059	1.47699	0	0	0	0	0	0	0	0	0	0	0	0	0
00.000,00.000	18.3	0	-200	0	4.5	420.544	219.581	98.081	52.9918	26.4724	11.1822	10.5441	1.69128	0	0	0	0	0	0	0	0	0	0	0	0	0
00.000,00.000	18.4	0	-200	0	4.5	423.677	220.598	98.8206	53.3665	26.933	11.2696	10.7828	1.90589	0	0	0	0	0	0	0	0	0	0	0	0	0
00.000,00.000	18.5	0	-200	0	4.5	446.3	226.58	105.59	56.1791	30.2327	11.9489	12.3882	3.38136	0	0	0	0	0	0	0	0	0	0	0	0	0
00.000,00.000	18.6	0	-200	0	4.5	450.925	227.726	107.064	56.7517	30.7847	12.1927	12.3906	4.01573	0	0	0	0	0	0	0	0	0	0	0	0	0
00.000,00.000	18.7	0	-200	0	4.5	487.428	235.737	119.395	61.6634	33.6779	15.6013	12.6038	8.74919	0	0	0	0	0	0	0	0	0	0	0	0	0
00.000,00.000	18.8	0	-200	0	4.5	496.996	237.478	122.816	62.8334	34.3019	16.4964	13.1624	9.90789	0	0	0	0	0	0	0	0	0	0	0	0	0
00.000,00.000	18.9	0	-200	0	4.5	519.032	241.411	130.61	65.7796	35.8254	18.5147	14.4433	12.4486	0	0	0	0	0	0	0	0	0	0	0	0	0
00.000,00.000	19	0	-200	0	4.5	528.981	243.277	134.104	67.0775	36.5154	19.4141	14.4957	14.0979	0	0	0	0	0	0	0	0	0	0	0	0	0
00.000,00.000	19.1	0	-200	0	4.5	532.99	244.009	135.534	67.6394	36.8003	19.7623	14.5213	14.7241	0	0	0	0	0	0	0	0	0	0	0	0	0
00.000,00.000	19.2	0	-200	0	4.5	537.211	244.778	137.027	68.2538	37.1077	20.1245	14.5519	15.3394	0.0276582	0	0	0	0	0	0	0	0	0	0	0	0
00.000,00.000	19.3	0	-200	0	4.5	541.447	245.564	138.536	68.9038	37.4288	20.4212	14.5872	15.7715	0.234981	0	0	0	0	0	0	0	0	0	0	0	0
00.000,00.000	19.4	0	-200	0	4.5	545.658	246.37	140.073	69.5962	37.7666	20.577	14.6278	16.2048	0.442255	0	0	0	0	0	0	0	0	0	0	0	0
00.000,00.000	19.5	0	-200	0	4.5	550.193	247.225	141.721	70.3672	38.1403	20.7392	14.6766	16.6616	0.661338	0	0	0	0	0	0	0	0	0	0	0	0
00.000,00.000	19.6	0	-200	0	4.5	554.405	248.006	143.104	71.2464	38.4963	20.8875	14.7254	17.0781	0.862191	0	0	0	0	0	0	0	0	0	0	0	0
00.000,00.000	19.7	0	-200	0	4.5	558.729	248.806	144.369	72.2928	38.8752	21.0432	14.7795	17.4991	1.0645	0	0	0	0	0	0	0	0	0	0	0	0
00.000,00.000	19.8	0	-200	0	4.5	563.226	249.631	145.634	73.4355	39.2782	21.2067	14.8392	17.9295	1.27136	0	0	0	0	0	0	0	0	0	0	0	0
00.000,00.000	19.9	0	-200	0	4.5	572.243	251.37	147.87	75.8254	40.1432	21.5531	14.9719	18.8133	1.6965	0	0	0	0	0	0	0	0	0	0	0	0
00.000,00.000	20	0	-200	0	4.5	574.437	251.822	148.39	76.3944	40.3581	21.6392	15.0059	19.0275	1.79948	0	0	0	0	0	0	0	0	0	0	0	0
00.000,00.000	20.1	0	-200	0	4.5	581.215	253.207	150.016	78.1564	41.0345	21.9084	15.1203	19.6651	2.10626	0	0	0	0	0	0	0	0	0	0	0	0
00.000,00.000	20.2	0	-200	0	4.5	586.721	254.367	151.336	79.5355	41.5975	22.1312	15.2192	20.1804	2.35414	0	0	0	0	0	0	0	0	0	0	0	0
00.000,00.000	20.3	0	-200	0	4.5	591.43	255.366	152.46	80.7153	42.0845	22.323	15.3107	20.61	2.56058	0	0	0	0	0	0	0	0	0	0	0	0
00.000,00.000	20.4	0	-200	0	4.5	599.007	256.982	154.263	82.6078	42.8802	22.6343	15.4672	21.1542	3.01871	0	0	0	0	0	0	0	0	0	0	0	0
00.000,00.000	20.5	0	-200	0	4.5	600.97	257.402	154.728	83.0899	43.0909	22.7162	15.5102	21.2369	3.19575	0	0	0	0	0	0	0	0	0	0	0	0
00.000,00.000	20.6	0	-200	0	4.5	623.694	262.189	160.073	88.7585	45.5707	23.6712	16.0572	22.181	5.193	0	0	0	0	0	0	0	0	0	0	0	0
00.000,00.000	20.7	0	-200	0	4.5	637.232	264.889	163.248	92.1552	47.1024	24.2551	16.4304	22.7538	6.39782	0	0	0	0	0	0	0	0	0	0	0	0
00.000,00.000	20.8	0	-200	0	4.5	638.005	265.044	163.429	92.3477	47.1906	24.2889	16.4547	22.786	6.46494	0	0	0	0	0	0	0	0	0	0	0	0
00.000,00.000	20.9	0	-200	0	4.5	638.404	265.126	163.52	92.4475	47.2363	24.3065	16.468	22.8021	6.49817	0	0	0	0	0	0	0	0	0	0	0	0
00.000,00.000	21	0	-200	0	4.5	648.219	267.179	165.703	94.8974	48.3759	24.7471	16.8242	23.1944	7.29894	0	0	0	0	0	0	0	0	0	0	0	0
00.000,00.000	21.1	0	-200	0	4.5	662.051	269.995	168.791	98.3238	50.0173	25.3829	17.3583	23.7554	8.42735	0	0	0	0	0	0	0	0	0	0	0	0
00.000,00.000	21.2	0	-200	0	4.5	669.265	271.503	170.402	100.076	50.8723	25.7162	17.6487	24.0465	9.00025	0	0	0	0	0	0	0	0	0	0	0	0
00.000,00.000	21.3	0	-200	0	4.5	674.83	272.688	171.647	101.412	51.5303	25.9751	17.8798	24.2701	9.42873	0	0	0	0	0	0	0	0	0	0	0	0
00.000,00.000	21.4	0	-200	0	4.5	696.072	277.241	176.416	106.483	54.0224	26.9726	18.7876	25.1247	11.0243	0	0	0	0	0	0	0	0	0	0	0	0
00.000,00.000	21.5	0	-200	0	4.5	700.588	278.076	177.56	107.579	54.5095	27.1931	18.9855	25.3139	11.3711	0	0	0	0	0	0	0	0	0	0	0	0
00.000,00.000	21.6	0	-200	0	4.5	714.894	280.976	180.892	111.037	56.1077	27.8972	19.6322	25.922	12.4311	0	0	0	0	0	0	0	0	0	0	0	0
00.000,00.000	21.7	0	-200	0	4.5	736.772	285.502	186.024	115.643	59.1009	28.9861	20.6467	26.8594	14.0101	0	0	0	0	0	0	0	0	0	0	0	0
00.000,00.000	21.8	0	-200	0	4.5	740.807	286.282	186.974	116.406	59.754	29.1964	20.8406	27.0425	14.311	0	0	0	0	0	0	0	0	0	0	0	0
00.000,00.000	21.9	0	-200	0	4.5	777.355	293.713	195.412	123.456	65.4169	31.1128	22.6273	28.0535	17.5635	0	0	0	0	0	0	0	0	0	0	0	0
00.000,00.000	22	0	-200	0	4.5	786.122	295.538	197.479	125.061	66.735	31.5847	23.0713	28.1809	18.4721	0	0	0	0	0	0	0	0	0	0	0	0
00.000,00.000	22.1	0	-200	0	4.5	806.405	300.058	202.09	128.796	69.7394	32.6672	24.1071	28.5376	20.0123	0.396726	0	0	0	0	0	0	0	0	0	0	0
00.000,00.000	22.2	0	-200	0	4.5	817.664	302.626	204.627	130.79	71.4008	33.2791	24.7131	28.7512	20.7315	0.745166	0	0	0	0	0	0	0	0	0	0	0
00.000,00.000	22.3	0	-200	0	4.5	824.461	304.239	206.152	131.983	72.3773	33.6478	25.0756	28.8966	21.1445	0.945384	0	0	0	0	0	0	0	0	0	0	0
00.000,00.000	22.4	0	-200	0	4.5	833.224	306.37	208.113	133.501	73.6078	34.1274	25.5469	29.1004	21.6617	1.196	0	0	0	0	0	0	0	0	0	0	0
00.000,00.000	22.5	0	-200	0	4.5	841.017	308.288	209.838	134.852	74.6999	34.5589	25.9539	29.2975	21.9336	1.59541	0	0	0	0	0	0	0	0	0	0	0
00.000,00.000	22.6	0	-200	0	4.5	848.278	310.062	211.393	136.129	75.7305	34.9704	26.3413	29.4986	22.1328	2.01971	0	0	0	0	0	0	0	0	0	0	0
00.000,00.000	22.7	0	-200	0	4.5	855.695	311.62	212.973	137.465	76.8811	35.4231	26.7618	29.7328	22.3499	2.4882	0	0	0	0	0	0	0	0	0	0	0
00.000,00.000	22.8	0	-200	0	4.5	875.583	317.363	216.903	140.617	79.6223	36.5086	27.8611	30.3311	22.8383	3.53838	0	0	0	0	0	0	0	0	0	0	0
00.000,00.000	22.9	0	-200	0	4.5	893.808	321.839	220.689	143.808	82.3577	37.6157	29.0003	30.9703	23.3313	4.19752	0	0	0	0	0	0	0	0	0	0	0
00.000,00.000	23	0	-200	0	4.5	896.698	322.639	221.264	144.283	82.7851	37.7891	29.1752	31.074	23.407	4.28191	0	0	0	0	0	0	0	0	0	0	0
00.000,00.000	23.1	0	-200	0	4.5	920.85	329.433	225.883	148.411	86.191	39.2394	30.7148	31.9937	24.0243	4.95896	0	0	0	0	0	0	0	0	0	0	0
00.000,00.000	23.2	0	-200	0	4.5	934.071	332.879	228.671	150.724	88.0016	39.992	31.5762	32.5238	24.3703	5.33296	0	0	0	0	0	0	0	0	0	0	0
00.000,00.000	23.3	0	-200	0	4.5	942.085	334.876	230.484	152.12	89.0817	40.4507	32.0887	32.8569	24.5777	5.55007	0	0	0	0	0	0	0	0	0	0	0
00.000,00.000	23.4	0	-200	0	4.5	977.733	343.141	239.33	158.35	93.8275	42.329	34.3445	34.4049	25.5079	6.49898	0	0	0	0	0	0	0	0	0	0	0
00.000,00.000	23.5	0	-200	0	4.5	985.175	344.864	241.27	159.605	94.567	42.9061	34.8044	34.7453	25.7117	6.70216	0	0	0	0	0	0	0	0	0	0	0
00.000,00.000	23.6	0	-200	0	4.5	1008.62	350.125	247.296	163.576	96.8768	44.8506	36.322	35.874	26.3797	7.32363	0	0	0	0	0	0	0	0	0	0	0
00.000,00.000	23.7	0	-200	0	4.5	1022.47	353.328	250.713	165.902	98.1207	46.101	37.2354	36.5789	26.7936	7.69722	0	0	0	0	0	0	0	0	0	0	0
00.000,00.000	23.8	0	-200	0	4.5	1033.63	355.863	253.336	167.763	99.2417	47.1097	38.0004	37.176	27.1445	7.99591	0	0	0	0	0	0	0	0	0	0	0
00.000,00.000	23.9	0	-200	0	4.5	1075.68	365.374	262.793	174.667	103.831	50.8477	41.0608	39.4721	28.5211	9.11646	0	0	0	0	0	0	0	0	0	0	0
00.000,00.000	24	0	-200	0	4.5	1084.25	367.438	264.718	175.911	104.817	51.5988	41.6856	39.931	28.8073	9.34164	0	0	0	0	0	0	0	0	0	0	0
00.000,00.000	24.1	0	-200	0	4.5	1115.51	375.159	271.551	180.466	108.314	54.3268	43.981	41.6976	29.891	10.1185	0	0	0	0	0	0	0	0	0	0	0
00.000,00.000	24.2	0	-200	0	4.5	1131.7	379.262	275.14	182.595	109.979	55.8708	45.1986	42.6426	30.2506	10.757	0	0	0	0	0	0	0	0	0	0	0
00.000,00.000	24.3	0	-200	0	4.5	1140.68	381.562	277.042	183.812	110.935	56.7046	45.8837	43.1796	30.4145	11.1444	0	0	0	0	0	0	0	0	0	0	0
00.000,00.000	24.4	0	-200	0	4.5	1217.52	401.202	293.159	194.257	119.07	63.831	51.6563	47.9974	31.8576	14.1425	0.34193	0	0	0	0	0	0	0	0	0	0
00.000,00.000	24.5	0	-200	0	4.5	1236.3	405.886	297.185	196.735	120.872	65.7311	53.0785	49.2461	32.2261	14.5416	0.802689	0	0	0	0	0	0	0	0	0	0
00.000,00.000	24.6	0	-200	0	4.5	1268.76	413.771	303.351	201.546	124.352	68.9684	55.6602	51.3819	32.9608	15.2034	1.56254	0	0	0	0	0	0	0	0	0	0
00.000,00.000	24.7	0	-200	0	4.5	1286	418.053	306.467	204.21	126.235	70.6096	57.0176	52.5197	33.3743	15.5528	1.96285	0	0	0	0	0	0	0	0	0	0
00.000,00.000	24.8	0	-200	0	4.5	1327.22	426.135	313.822	210.823	131.166	74.5528	61.1044	55.5585	34.5384	16.5035	3.02086	0	0	0	0	0	0	0	0	0	0
00.000,00.000	24.9	0	-200	0	4.5	1362.54	435.715	319.746	215.732	135.033	77.0929	64.7129	57.9689	35.5173	17.2188	3.80331	0	0	0	0	0	0	0	0	0	0
00.000,00.000	25	0	-200	0	4.5	1365.44	436.435	320.255	216.139	135.382	77.3051	64.9938	58.1735	35.605	17.2809	3.86869	0	0	0	0	0	0	0	0	0	0
00.000,00.000	25.1	0	-200	0	4.5	1416.94	449.188	328.891	223.496	141.546	81.2046	70.1848	61.8221	37.2636	18.3789	4.96124	0	0	0	0	0	0	0	0	0	0
00.000,00.000	25.2	0	-200	0	4.5	1441.53	455.612	332.806	227.002	144.61	83.0228	72.5209	63.5093	38.0697	18.9037	5.47073	0	0	0	0	0	0	0	0	0	0
00.000,00.000	25.3	0	-200	0	4.5	1452.82	458.572	334.671	228.58	145.995	83.8374	73.592	64.2817	38.4538	19.1468	5.69104	0	0	0	0	0	0	0	0	0	0
00.000,00.000	25.4	0	-200	0	4.5	1554.86	485.311	351.727	242.81	158.498	91.1929	83.1268	71.0791	42.0855	21.3986	7.62781	0	0	0	0	0	0	0	0	0	0
00.000,00.000	25.5	0	-200	0	4.5	1584.61	492.986	356.985	246.475	162.364	93.2958	85.8933	73.1157	43.2002	22.0898	8.20883	0	0	0	0	0	0	0	0	0	0
00.000,00.000	25.6	0	-200	0	4.5	1606.72	498.106	361.197	249.368	165.253	94.8783	87.9497	74.6384	44.0666	22.4722	8.66679	0.120756	0	0	0	0	0	0	0	0	0
00.000,00.000	25.7	0	-200	0	4.5	1622.21	501.17	364.453	251.48	167.325	95.9988	89.397	75.7284	44.7052	22.6188	8.90638	0.422837	0	0	0	0	0	0	0	0	0
00.000,00.000	25.8	0	-200	0	4.5	1634.66	503.552	366.953	253.251	169.015	96.9226	90.5751	76.6321	45.2426	22.7528	9.11341	0.651947	0	0	0	0	0	0	0	0	0
00.000,00.000	25.9	0	-200	0	4.5	1721.26	519.938	384.193	265.881	180.779	103.31	98.5529	82.9885	49.1058	23.7725	10.5104	2.23036	0	0	0	0	0	0	0	0	0
00.000,00.000	26	0	-200	0	4.5	1738.5	523.308	387.293	268.413	183.21	104.631	100.15	84.2561	49.9068	23.9888	10.7849	2.5532	0	0	0	0	0	0	0	0	0
00.000,00.000	26.1	0	-200	0	4.5	1795.3	534.175	397.881	277.301	191.121	108.732	104.66	88.8852	52.5808	24.782	11.6358	3.55037	0	0	0	0	0	0	0	0	0
00.000,00.000	26.2	0	-200	0	4.5	1823	539.365	402.979	281.727	195.084	110.649	106.718	91.2787	53.9171	25.1877	12.0525	4.03732	0	0	0	0	0	0	0	0	0
00.000,00.000	26.3	0	-200	0	4.5	1836.27	541.813	405.504	283.896	196.918	111.587	107.655	92.4364	54.5608	25.3939	12.2445	4.25979	0	0	0	0	0	0	0	0	0
00.000,00.000	26.4	0	-200	0	4.5	1983.36	568.655	433.221	308.542	217.604	121.913	117.819	104.933	61.8368	27.8188	14.3459	6.66937	0	0	0	0	0	0	0	0	0
00.000,00.000	26.5	0	-200	0	4.5	2027.32	576.718	441.113	316.039	224.113	125.007	120.642	108.519	64.1282	28.6017	15.0148	7.42171	0	0	0	0	0	0	0	0	0
00.000,00.000	26.6	0	-200	0	4.5	2027.62	576.772	441.169	316.092	224.157	125.028	120.661	108.544	64.1445	28.6075	15.0196	7.42694	0	0	0	0	0	0	0	0	0
00.000,00.000	26.7	0	-200	0	4.5	2165.22	601.092	466.795	341.008	243.119	134.472	130.048	119.402	71.2275	31.3472	17.1419	9.02019	0.544444	0	0	0	0	0	0	0	0
00.000,00.000	26.8	0	-200	0	4.5	2273.77	619.81	487.18	360.55	257.74	141.744	137.901	127.932	76.9449	33.6821	18.0016	9.96735	2.31611	0	0	0	0	0	0	0	0
00.000,00.000	26.9	0	-200	0	4.5	2286.42	621.999	489.527	362.84	259.442	142.612	138.839	128.758	77.7332	33.9726	18.0448	10.1359	2.5146	0	0	0	0	0	0	0	0
00.000,00.000	27	0	-200	0	4.5	2287.88	622.25	489.802	363.121	259.633	142.709	138.948	128.85	77.822	34.0064	18.051	10.1537	2.53531	0	0	0	0	0	0	0	0
00.000,00.000	27.1	0	-200	0	4.5	2345.88	632.265	500.622	374.571	266.882	146.588	143.334	132.29	81.4207	35.4019	18.3343	10.8407	3.32814	0	0	0	0	0	0	0	0
00.000,00.000	27.2	0	-200	0	4.5	2366.54	635.882	504.414	378.724	269.414	147.994	144.879	133.418	82.7425	35.924	18.4422	11.0903	3.6138	0	0	0	0	0	0	0	0
00.000,00.000	27.3	0	-200	0	4.5	2368.95	636.307	504.856	379.216	269.706	148.151	145.065	133.55	82.8908	35.9851	18.4562	11.1182	3.6447	0	0	0	0	0	0	0	0
00.000,00.000	27.4	0	-200	0	4.5	2369.62	636.428	504.979	379.356	269.787	148.195	145.118	133.585	82.9327	36.0029	18.4605	11.126	3.65326	0	0	0	0	0	0	0	0
00.000,00.000	27.5	0	-200	0	4.5	2433.28	647.848	516.393	392.623	277.339	152.195	150.197	136.874	86.923	37.7201	18.8889	11.852	4.42648	0	0	0	0	0	0	0	0
00.000,00.000	27.6	0	-200	0	4.5	2459.39	652.588	520.977	398.105	280.397	153.856	152.33	138.007	88.6892	38.4556	19.0729	12.1604	4.75273	0	0	0	0	0	0	0	0
00.000,00.000	27.7	0	-200	0	4.5	2460.68	652.823	521.201	398.372	280.551	153.935	152.438	138.074	88.772	38.4924	19.0825	12.1756	4.768	0	0	0	0	0	0	0	0
00.000,00.000	27.8	0	-200	0	4.5	2460.99	652.879	521.252	398.436	280.587	153.954	152.464	138.087	88.7929	38.5014	19.0849	12.1793	4.7717	0	0	0	0	0	0	0	0
00.000,00.000	27.9	0	-200	0	4.5	2539	667.459	534.353	414.401	289.852	158.545	158.837	142.1	94.0102	40.8802	19.726	13.1426	5.6921	0	0	0	0	0	0	0	0
00.000,00.000	28	0	-200	0	4.5	2567.37	672.823	539.016	420.144	293.225	160.257	161.198	143.394	96.0061	41.794	19.9721	13.5077	6.03602	0	0	0	0	0	0	0	0
00.000,00.000	28.1	0	-200	0	4.5	2569.5	673.23	539.371	420.564	293.476	160.383	161.372	143.502	96.151	41.8627	19.9913	13.5351	6.06072	0	0	0	0	0	0	0	0
00.000,00.000	28.2	0	-200	0	4.5	2571.47	673.604	539.695	420.95	293.71	160.501	161.533	143.604	96.2889	41.9287	20.01	13.5613	6.08365	0	0	0	0	0	0	0	0
00.000,00.000	28.3	0	-200	0	4.5	2573.31	673.956	539.995	421.306	293.927	160.612	161.684	143.7	96.4207	41.9925	20.0284	13.5863	6.10507	0	0	0	0	0	0	0	0
00.000,00.000	28.4	0	-200	0	4.5	2573.61	674.012	540.041	421.362	293.961	160.63	161.708	143.715	96.4426	42.0031	20.0314	13.5904	6.10854	0	0	0	0	0	0	0	0
00.000,00.000	28.5	0	-200	0	4.5	2586	676.433	541.964	423.668	295.396	161.383	162.725	144.346	97.4035	42.4802	20.1717	13.7721	6.25565	0	0	0	0	0	0	0	0
00.000,00.000	28.6	0	-200	0	4.5	2706.06	699.753	560.742	446.125	309.317	168.731	172.108	150.891	106.588	47.0367	21.5395	15.5416	7.68802	0	0	0	0	0	0	0	0
00.000,00.000	28.7	0	-200	0	4.5	2736.88	705.881	565.293	451.873	312.876	170.703	174.511	152.489	108.942	48.3062	21.9145	16.0205	7.77466	0.29294	0	0	0	0	0	0	0
00.000,00.000	28.8	0	-200	0	4.5	2837.51	725.886	580.176	470.412	324.273	177.018	182.231	158.263	116.645	52.5151	23.1877	17.6209	7.8442	1.43618	0	0	0	0	0	0	0
00.000,00.000	28.9	0	-200	0	4.5	2860.12	730.449	583.632	474.389	326.792	178.469	183.973	159.561	118.289	53.522	23.4909	17.9978	7.8442	1.71448	0	0	0	0	0	0	0
00.000,00.000	29	0	-200	0	4.5	2879.12	734.339	586.478	477.659	328.847	179.651	185.441	160.68	119.768	54.3853	23.7602	18.3248	7.8442	1.94135	0	0	0	0	0	0	0
00.000,00.000	29.1	0	-200	0	4.5	2917.78	742.316	592.282	484.22	332.914	182.078	188.379	163	122.814	56.1956	24.3305	19.0094	7.8442	2.40256	0	0	0	0	0	0	0
00.000,00.000	29.2	0	-200	0	4.5	2941.44	747.274	595.805	488.124	335.383	183.578	190.154	164.45	124.68	57.3208	24.6971	19.4428	7.8442	2.68504	0	0	0	0	0	0	0
00.000,00.000	29.3	0	-200	0	4.5	2960.21	751.264	598.589	491.159	337.311	184.732	191.572	165.596	126.142	58.2978	25.0006	19.6634	7.97724	2.90574	0	0	0	0	0	0	0
00.000,00.000	29.4	0	-200	0	4.5	3052.63	771.09	612.401	505.49	346.619	190.499	198.547	171.303	132.935	63.7446	26.5736	20.601	8.84561	3.98103	0	0	0	0	0	0	0
00.000,00.000	29.5	0	-200	0	4.5	3121.55	786.135	622.654	515.811	353.615	194.849	203.814	175.551	137.85	67.8372	27.7928	21.2925	9.56462	4.78299	0	0	0	0	0	0	0
00.000,00.000	29.6	0	-200	0	4.5	3132.03	788.498	624.208	517.278	354.686	195.484	204.617	176.218	138.6	68.467	27.9873	21.4034	9.67927	4.90678	0	0	0	0	0	0	0
00.000,00.000	29.7	0	-200	0	4.5	3132.81	788.673	624.32	517.388	354.761	195.53	204.678	176.265	138.658	68.5159	28.0023	21.412	9.68766	4.91537	0	0	0	0	0	0	0
00.000,00.000	29.8	0	-200	0	4.5	3226.89	810.247	637.824	530.315	363.827	200.977	212.029	182.192	145.782	74.5742	29.9161	22.5124	10.7444	5.9539	0	0	0	0	0	0	0
00.000,00.000	29.9	0	-200	0	4.5	3255.51	816.534	642.067	534.182	366.642	202.675	214.242	183.862	148.124	76.4106	30.5325	22.869	11.0848	6.28106	0	0	0	0	0	0	0
00.000,00.000	30	0	-200	0	4.5	3256.94	816.856	642.274	534.371	366.778	202.756	214.356	183.942	148.248	76.5077	30.5646	22.8876	11.1021	6.29643	0	0	0	0	0	0	0
00.000,00.000	30.1	0	-200	0	4.5	3258.67	817.247	642.523	534.596	366.94	202.854	214.493	184.036	148.402	76.6264	30.6049	22.911	11.1237	6.31482	0	0	0	0	0	0	0
00.000,00.000	30.2	0	-200	0	4.5	3260.25	817.605	642.749	534.797	367.086	202.941	214.617	184.117	148.55	76.7363	30.6429	22.9332	11.144	6.33132	0	0	0	0	0	0	0
00.000,00.000	30.3	0	-200	0	4.5	3261.7	817.936	642.956	534.977	367.217	203.021	214.731	184.194	148.685	76.839	30.679	22.9543	11.1632	6.34625	0	0	0	0	0	0	0
00.000,00.000	30.4	0	-200	0	4.5	3261.93	817.989	642.989	535.005	367.238	203.033	214.748	184.205	148.707	76.8549	30.6849	22.9578	11.1663	6.34863	0	0	0	0	0	0	0
00.000,00.000	30.5	0	-200	0	4.5	3380.83	845.502	659.666	549.016	377.818	209.411	223.978	191.859	158.595	85.8329	33.9014	24.8507	12.8494	7.54968	0	0	0	0	0	0	0
00.000,00.000	30.6	0	-200	0	4.5	3469.96	863.825	673.364	559.258	385.991	214.323	231.195	197.932	165.811	92.8095	36.4313	26.3422	14.1963	8.07365	0.410333	0	0	0	0	0	0
00.000,00.000	30.7	0	-200	0	4.5	3482.58	866.266	675.309	560.716	387.156	215.044	232.27	198.801	166.813	93.7957	36.8164	26.5748	14.4008	8.07365	0.546302	0	0	0	0	0	0
00.000,00.000	30.8	0	-200	0	4.5	3580.77	885.382	689.275	572.045	395.96	220.872	240.53	205.62	175.079	101.987	39.8623	28.4509	16.0484	8.07365	1.58626	0	0	0	0	0	0
00.000,00.000	30.9	0	-200	0	4.5	3602.31	889.541	692.415	574.518	397.896	222.162	242.373	207.048	176.879	103.708	40.5466	28.8999	16.4318	8.07365	1.8184	0	0	0	0	0	0
00.000,00.000	31	0	-200	0	4.5	3654.31	899.702	699.859	580.202	402.388	225.153	247.099	210.554	181.197	108.08	42.2662	30.0225	17.3699	8.07365	2.34051	0	0	0	0	0	0
00.000,00.000	31.1	0	-200	0	4.5	3686.93	905.999	704.595	583.752	405.27	226.928	249.763	213.072	183.83	110.476	43.7701	30.7454	17.9865	8.07365	2.67222	0	0	0	0	0	0
00.000,00.000	31.2	0	-200	0	4.5	3704.95	909.532	707.197	585.661	406.819	227.909	251.206	214.467	185.292	111.824	44.6158	31.1677	18.3363	8.07365	2.84989	0	0	0	0	0	0
00.000,00.000	31.3	0	-200	0	4.5	3721.93	912.832	709.659	587.442	408.242	228.831	252.566	215.778	186.668	113.125	45.4338	31.5876	18.6787	8.07392	3.01559	0	0	0	0	0	0
00.000,00.000	31.4	0	-200	0	4.5	3829.86	933.839	725.406	598.599	417.185	234.581	261.086	224.09	195.339	121.447	50.7919	34.4156	20.9429	8.08694	4.05333	0	0	0	0	0	0
00.000,00.000	31.5	0	-200	0	4.5	3875.04	942.362	732.144	603.337	420.79	236.831	264.579	227.626	198.927	125.084	53.1366	35.6696	21.5513	8.49581	4.50177	0	0	0	0	0	0
00.000,00.000	31.6	0	-200	0	4.5	3891.45	945.448	734.529	605.058	422.077	237.646	265.842	228.905	200.271	126.427	54.0055	36.1519	21.7775	8.65176	4.66029	0	0	0	0	0	0
00.000,00.000	31.7	0	-200	0	4.5	3907.57	948.542	736.852	606.732	423.321	238.435	267.062	230.168	201.535	127.766	54.8725	36.6511	22.0119	8.80761	4.81348	0	0	0	0	0	0
00.000,00.000	31.8	0	-200	0	4.5	3925.19	951.9	739.435	608.537	424.645	239.295	268.345	231.558	202.911	129.252	55.8483	37.2215	22.2796	8.98191	4.9799	0	0	0	0	0	0
00.000,00.000	31.9	0	-200	0	4.5	3928.86	952.593	739.978	608.912	424.917	239.469	268.604	231.847	203.188	129.561	56.0673	37.3456	22.3383	9.02003	5.0153	0	0	0	0	0	0
00.000,00.000	32	0	-200	0	4.5	3930.33	952.885	740.192	609.056	425.023	239.538	268.707	231.962	203.304	129.685	56.153	37.3972	22.3624	9.03507	5.02865	0	0	0	0	0	0
00.000,00.000	32.1	0	-200	0	4.5	3932.07	953.233	740.442	609.224	425.146	239.619	268.827	232.097	203.44	129.833	56.2569	37.4605	22.3919	9.05322	5.04429	0	0	0	0	0	0
00.000,00.000	32.2	0	-200	0	4.5	3933.56	953.534	740.654	609.365	425.249	239.686	268.93	232.211	203.557	129.961	56.3481	37.5168	22.4182	9.06906	5.05755	0	0	0	0	0	0
00.000,00.000	32.3	0	-200	0	4.5	3934.81	953.792	740.83	609.482	425.334	239.744	269.012	232.307	203.656	130.069	56.4264	37.5662	22.4412	9.08266	5.0686	0	0	0	0	0	0
00.000,00.000	32.4	0	-200	0	4.5	3935	953.831	740.857	609.5	425.347	239.753	269.024	232.321	203.67	130.086	56.4388	37.5739	22.4448	9.08478	5.07029	0	0	0	0	0	0
00.000,00.000	32.5	0	-200	0	4.5	3935	953.83	740.857	609.5	425.347	239.753	269.024	232.321	203.67	130.086	56.4388	37.5739	22.4448	9.08478	5.07029	0	0	0	0	0	0
00.000,00.000	32.6	0	-200	0	4.5	3935	953.83	740.857	609.5	425.347	239.753	269.024	232.321	203.67	130.086	56.4388	37.5739	22.4448	9.08478	5.07029	0	0	0	0	0	0
00.000,00.000	32.7	0	-200	0	4.5	3935	953.83	740.856	609.5	425.347	239.753	269.024	232.321	203.67	130.086	56.4388	37.5739	22.4448	9.08478	5.07029	0	0	0	0	0	0
00.000,00.000	32.8	0	-200	0	4.5	4052.11	977.485	756.223	619.652	432.392	245.194	276.252	241.446	212.801	140.648	64.9256	43.3245	25.1579	10.5041	6.10297	0	0	0	0	0	0
00.000,00.000	32.9	0	-200	0	4.5	4088.61	984.158	761.387	623.006	434.489	246.723	278.645	244.359	215.615	144.023	67.5384	45.2009	26.0546	10.9698	6.43638	0	0	0	0	0	0
00.000,00.000	33	0	-200	0	4.5	4090.04	984.44	761.585	623.131	434.57	246.784	278.734	244.469	215.725	144.151	67.6447	45.2768	26.0908	10.988	6.44866	0	0	0	0	0	0
00.000,00.000	33.1	0	-200	0	4.5	4091.72	984.773	761.814	623.275	434.662	246.853	278.837	244.598	215.853	144.302	67.771	45.3686	26.1348	11.0099	6.46288	0	0	0	0	0	0
00.000,00.000	33.2	0	-200	0	4.5	4093.17	985.065	762.012	623.398	434.741	246.914	278.926	244.71	215.964	144.433	67.8827	45.4509	26.1745	11.0292	6.47508	0	0	0	0	0	0
00.000,00.000	33.3	0	-200	0	4.5	4094.44	985.321	762.182	623.501	434.808	246.964	279.002	244.805	216.059	144.546	67.9804	45.5245	26.21	11.0463	6.48548	0	0	0	0	0	0
00.000,00.000	33.4	0	-200	0	4.5	4094.62	985.359	762.208	623.517	434.818	246.969	279.014	244.82	216.074	144.563	67.9952	45.5361	26.2157	11.049	6.48709	0	0	0	0	0	0
00.000,00.000	33.5	0	-200	0	4.5	4095.67	985.574	762.346	623.6	434.873	247.009	279.075	244.898	216.152	144.655	68.0789	45.6014	26.2475	11.0639	6.4955	0	0	0	0	0	0
00.000,00.000	33.6	0	-200	0	4.5	4095.91	985.618	762.377	623.619	434.885	247.016	279.091	244.917	216.171	144.678	68.0987	45.6176	26.2554	11.0676	6.49759	0	0	0	0	0	0
00.000,00.000	33.7	0	-200	0	4.5	4171.14	1001.15	771.58	629.433	438.721	249.909	283.561	250.625	221.827	151.282	74.2479	50.7176	28.7676	12.2133	7.10325	0	0	0	0	0	0
00.000,00.000	33.8	0	-200	0	4.5	4231.9	1012.45	778.69	634.276	441.897	251.856	287.562	255.609	226.521	156.757	79.3661	55.1336	30.9567	13.2049	7.61585	0	0	0	0	0	0
00.000,00.000	33.9	0	-200	0	4.5	4241.55	1014.29	779.775	635.047	442.402	252.202	288.142	256.398	227.262	157.629	80.0704	55.9445	31.3204	13.3672	7.69726	0	0	0	0	0	0
00.000,00.000	34	0	-200	0	4.5	4244.33	1014.87	780.086	635.255	442.544	252.302	288.298	256.618	227.467	157.868	80.2527	56.2023	31.4293	13.4142	7.71947	0	0	0	0	0	0
00.000,00.000	34.1	0	-200	0	4.5	4255.64	1017.24	781.35	636.081	443.129	252.706	288.922	257.513	228.292	158.823	81.0322	57.2431	31.8866	13.6083	7.80864	0	0	0	0	0	0
00.000,00.000	34.2	0	-200	0	4.5	4259.42	1018.03	781.759	636.358	443.328	252.842	289.129	257.778	228.604	159.141	81.267	57.6171	32.0471	13.6756	7.83893	0	0	0	0	0	0
00.000,00.000	34.3	0	-200	0	4.5	4260.72	1018.31	781.898	636.449	443.394	252.888	289.197	257.863	228.714	159.247	81.3513	57.7475	32.1043	13.699	7.84902	0	0	0	0	0	0
00.000,00.000	34.4	0	-200	0	4.5	4260.91	1018.36	781.918	636.463	443.404	252.895	289.207	257.875	228.732	159.263	81.3631	57.768	32.1133	13.7027	7.85058	0	0	0	0	0	0
00.000,00.000	34.5	0	-200	0	4.5	4261.8	1018.55	782.01	636.523	443.449	252.927	289.251	257.934	228.807	159.333	81.4222	57.8632	32.1565	13.7199	7.85744	0	0	0	0	0	0
00.000,00.000	34.6	0	-200	0	4.5	4262.01	1018.59	782.03	636.537	443.46	252.934	289.262	257.947	228.826	159.351	81.4351	57.887	32.1674	13.7242	7.85915	0	0	0	0	0	0
00.000,00.000	34.7	0	-200	0	4.5	4262.53	1018.71	782.08	636.57	443.485	252.953	289.286	257.982	228.87	159.391	81.4701	57.9466	32.1952	13.7351	7.8632	0	0	0	0	0	0
00.000,00.000	34.8	0	-200	0	4.5	4346.91	1034.53	790.24	641.869	447.596	256.062	293.281	263.676	236.263	166.053	87.2196	68.6077	37.3384	15.6356	8.54496	0	0	0	0	0	0
00.000,00.000	34.9	0	-200	0	4.5	4373.97	1040.25	792.802	643.437	448.785	257.091	294.53	265.452	238.529	168.098	88.7923	72.1398	39.0538	16.247	8.4669	0.292916	0	0	0	0	0
00.000,00.000	35	0	-200	0	4.5	4375.91	1040.65	792.989	643.546	448.868	257.162	294.614	265.58	238.692	168.238	88.9188	72.3937	39.1835	16.293	8.4682	0.306431	0	0	0	0	0
00.000,00.000	35.1	0	-200	0	4.5	4386.57	1042.64	794.035	644.142	449.329	257.559	295.07	266.308	239.615	169.016	89.6392	73.8608	39.9401	16.5607	8.48157	0.375637	0	0	0	0	0
00.000,00.000	35.2	0	-200	0	4.5	4390.38	1043.49	794.382	644.344	449.48	257.7	295.226	266.555	239.93	169.282	89.8752	74.3636	40.2079	16.6554	8.47821	0.407482	0	0	0	0	0
00.000,00.000	35.3	0	-200	0	4.5	4391.52	1043.73	794.486	644.404	449.525	257.742	295.271	266.63	240.028	169.36	89.9501	74.5243	40.2934	16.6855	8.47964	0.414521	0	0	0	0	0
00.000,00.000	35.4	0	-200	0	4.5	4391.71	1043.77	794.503	644.414	449.532	257.749	295.279	266.641	240.044	169.372	89.9615	74.5508	40.308	16.6906	8.47933	0.416247	0	0	0	0	0
00.000,00.000	35.5	0	-200	0	4.5	4483.4	1062.87	802.404	648.908	452.896	261.09	298.598	272.656	247.911	175.315	95.8189	88.1524	47.7215	19.511	8.54284	1.01641	0	0	0	0	0
00.000,00.000	35.6	0	-200	0	4.5	4520.45	1068.99	805.149	650.687	454.232	262.541	299.942	275.111	251.418	178.003	98.324	94.4617	50.7922	20.9301	8.54284	1.32378	0	0	0	0	0
00.000,00.000	35.7	0	-200	0	4.5	4532.06	1071.47	805.879	651.126	454.59	262.928	300.33	275.822	252.494	178.779	99.1173	96.4035	51.7924	21.3692	8.54284	1.41495	0	0	0	0	0
00.000,00.000	35.8	0	-200	0	4.5	4633.06	1092.43	812.54	655.555	457.986	266.771	303.521	281.863	261.54	185.196	105.843	113.175	60.6549	25.2866	8.54284	2.15634	0	0	0	0	0
00.000,00.000	35.9	0	-200	0	4.5	4651.97	1096.43	813.721	656.322	458.594	267.494	304.068	282.934	263.216	186.425	107.196	116.176	62.4842	26.0717	8.54284	2.29751	0	0	0	0	0
00.000,00.000	36	0	-200	0	4.5	4718	1112.18	817.785	658.826	460.464	269.827	305.88	286.747	268.249	190.794	111.629	125.664	69.7195	28.9346	8.55141	2.75114	0	0	0	0	0
00.000,00.000	36.1	0	-200	0	4.5	4745.11	1118.71	819.479	659.966	461.277	270.86	306.568	288.332	269.85	193.038	113.418	129.086	72.7544	30.2808	8.55657	2.93958	0	0	0	0	0
00.000,00.000	36.2	0	-200	0	4.5	4754.34	1120.88	820.077	660.352	461.545	271.208	306.799	288.881	270.369	193.775	114.023	130.305	73.8352	30.737	8.56032	3.00028	0	0	0	0	0
00.000,00.000	36.3	0	-200	0	4.5	4762.19	1122.9	820.561	660.649	461.756	271.497	306.982	289.344	270.799	194.386	114.523	131.288	74.7553	31.1326	8.56459	3.04927	0	0	0	0	0
00.000,00.000	36.4	0	-200	0	4.5	4794.08	1131.6	822.498	661.936	462.532	272.68	307.668	291.195	272.477	196.792	116.483	135.201	78.4478	32.7465	8.58699	3.23643	0	0	0	0	0
00.000,00.000	36.5	0	-200	0	4.5	4810.54	1136.08	823.517	662.603	462.915	273.32	308.008	292.177	273.275	198.029	117.48	137.236	80.3104	33.6493	8.60075	3.33419	0	0	0	0	0
00.000,00.000	36.6	0	-200	0	4.5	4885.96	1150.59	827.121	664.946	464.449	275.913	309.645	297.459	277.883	204.61	122.849	148.174	91.3133	38.4516	8.69772	3.84979	0	0	0	0	0
00.000,00.000	36.7	0	-200	0	4.5	4900.67	1153.52	827.89	665.549	464.775	276.546	309.93	298.429	278.692	205.898	123.777	150.115	93.5201	39.3657	8.7197	3.94944	0	0	0	0	0
00.000,00.000	36.8	0	-200	0	4.5	4927.39	1159.59	829.329	666.471	465.22	277.336	310.427	300.203	280.231	208.077	125.464	153.605	97.5313	41.0171	8.77434	4.11185	0	0	0	0	0
00.000,00.000	36.9	0	-200	0	4.5	4935.11	1161.27	829.754	666.741	465.365	277.624	310.562	300.704	280.673	208.701	125.941	154.594	98.7141	41.5205	8.79193	4.15961	0	0	0	0	0
00.000,00.000	37	0	-200	0	4.5	4965.87	1168.86	831.455	667.807	465.919	278.675	311.047	302.687	282.401	211.047	127.693	158.323	103.21	43.5501	8.87223	4.32318	0	0	0	0	0
00.000,00.000	37.1	0	-200	0	4.5	4981.12	1172.6	832.301	668.258	466.146	279.139	311.307	303.658	283.284	212.221	128.549	160.266	104.98	45.0901	8.91753	4.40415	0	0	0	0	0
00.000,00.000	37.2	0	-200	0	4.5	4988.8	1174.6	832.721	668.475	466.265	279.376	311.427	304.14	283.711	212.789	128.932	161.231	105.925	45.8214	8.94273	4.44059	0	0	0	0	0
00.000,00.000	37.3	0	-200	0	4.5	4996.46	1176.65	833.116	668.681	466.376	279.599	311.534	304.617	284.137	213.349	129.326	162.196	106.873	46.5585	8.97039	4.47513	0	0	0	0	0
00.000,00.000	37.4	0	-200	0	4.5	5040.33	1188.69	835.426	670.01	466.896	280.758	312.098	307.371	286.566	216.492	131.406	167.725	112.314	50.6417	9.27855	4.65789	0	0	0	0	0
00.000,00.000	37.5	0	-200	0	4.5	5048.74	1191.02	835.9	670.252	466.999	280.992	312.197	307.852	287.055	217.065	131.758	168.785	113.377	51.4448	9.34732	4.6931	0	0	0	0	0
00.000,00.000	37.6	0	-200	0	4.5	5092.77	1201.04	837.935	671.362	467.348	281.754	312.528	310.772	289.892	219.838	134.587	174.855	119.869	56.3434	9.76291	4.88563	0	0	0	0	0
00.000,00.000	37.7	0	-200	0	4.5	5123.35	1208.19	839.302	672.129	467.643	282.447	312.906	312.812	291.832	221.327	136.9	179.195	124.02	59.5826	10.0501	5.00861	0	0	0	0	0
00.000,00.000	37.8	0	-200	0	4.5	5125.83	1208.79	839.424	672.185	467.666	282.502	312.926	312.985	291.992	221.442	137.093	179.544	124.355	59.8394	10.0748	5.01842	0	0	0	0	0
00.000,00.000	37.9	0	-200	0	4.5	5126.3	1208.9	839.444	672.195	467.669	282.511	312.93	313.017	292.021	221.464	137.127	179.61	124.422	59.8881	10.0793	5.01993	0	0	0	0	0
00.000,00.000	38	0	-200	0	4.5	5130.65	1209.99	839.635	672.29	467.7	282.61	312.983	313.314	292.285	221.664	137.44	180.211	125.032	60.3364	10.1206	5.03265	0	0	0	0	0
00.000,00.000	38.1	0	-200	0	4.5	5148.13	1214.51	840.406	672.659	467.809	282.984	313.139	314.522	293.338	222.492	138.703	182.473	127.511	62.2095	10.2954	5.08006	0	0	0	0	0
00.000,00.000	38.2	0	-200	0	4.5	5166.68	1219.31	841.227	673.028	467.914	283.363	313.266	315.829	294.436	223.369	140.026	184.915	130.198	64.1929	10.4805	5.12455	0	0	0	0	0
00.000,00.000	38.3	0	-200	0	4.5	5173.76	1221.14	841.53	673.159	467.945	283.507	313.327	316.322	294.852	223.716	140.524	185.869	131.233	64.9481	10.5492	5.13995	0	0	0	0	0
00.000,00.000	38.4	0	-200	0	4.5	5219.7	1233.38	843.498	673.968	468.106	284.328	313.653	319.544	297.556	226.008	143.487	191.638	138.112	70.1661	11.0273	5.22492	0	0	0	0	0
00.000,00.000	38.5	0	-200	0	4.5	5228	1235.56	843.877	674.106	468.133	284.51	313.736	320.113	298.07	226.457	143.859	192.781	139.436	71.0021	11.1159	5.24029	0	0	0	0	0
00.000,00.000	38.6	0	-200	0	4.5	5266.49	1245.95	845.834	674.72	468.241	285.187	314.036	322.809	300.072	228.618	145.569	197.592	145.636	75.3873	11.5454	5.29343	0	0	0	0	0
00.000,00.000	38.7	0	-200	0	4.5	5306.53	1255.03	849.601	675.313	468.343	285.75	314.731	325.55	302.132	230.83	147.38	202.867	152.497	78.5232	12.6437	5.33969	0	0	0	0	0
00.000,00.000	38.8	0	-200	0	4.5	5311.17	1256	850.199	675.37	468.354	285.803	314.829	325.876	302.372	231.071	147.596	203.416	153.331	78.9112	12.698	5.34448	0	0	0	0	0
00.000,00.000	38.9	0	-200	0	4.5	5321.1	1258.02	851.362	675.507	468.371	285.917	314.962	326.604	302.892	231.6	148.088	204.674	155.095	79.8436	12.819	5.34878	0	0	0	0	0
00.000,00.000	39	0	-200	0	4.5	5324.98	1258.74	851.886	675.552	468.377	285.959	315.026	326.88	303.092	231.806	148.275	205.183	155.811	80.1807	12.8634	5.35004	0	0	0	0	0
00.000,00.000	39.1	0	-200	0	4.5	5343.15	1262.18	853.944	675.793	468.4	286.139	315.274	328.207	304.034	232.813	149.119	207.678	159.156	81.9976	13.0645	5.35004	0	0	0	0	0
00.000,00.000	39.2	0	-200	0	4.5	5348.13	1263.07	854.528	675.849	468.405	286.185	315.354	328.564	304.303	233.079	149.365	208.342	160.08	82.5219	13.1276	5.35004	0	0	0	0	0
00.000,00.000	39.3	0	-200	0	4.5	5353.4	1263.98	855.123	675.913	468.41	286.233	315.434	328.933	304.584	233.372	149.639	209.084	161.075	83.0786	13.1939	5.35004	0	0	0	0	0
00.000,00.000	39.4	0	-200	0	4.5	5397.53	1271.89	860.101	676.444	468.444	286.626	316.194	332.097	306.864	235.955	151.545	215.213	169.045	88.0796	13.6776	5.35004	0	0	0	0	0
00.000,00.000	39.5	0	-200	0	4.5	5406.31	1273.43	860.951	676.535	468.449	286.697	316.358	332.701	307.328	236.438	151.992	216.499	170.711	89.0738	13.7941	5.35004	0	0	0	0	0
00.000,00.000	39.6	0	-200	0	4.5	5430.43	1278.03	863.599	676.799	468.461	286.857	316.712	334.124	308.433	237.848	152.951	220.103	175.181	91.9485	14.0297	5.35004	0	0	0	0	0
00.000,00.000	39.7	0	-200	0	4.5	5458.79	1283.19	866.639	677.082	468.471	287.054	317.138	335.882	309.828	239.379	154.447	224.205	180.403	95.2711	14.4493	5.35004	0	0	0	0	0
00.000,00.000	39.8	0	-200	0	4.5	5462.59	1283.85	867.071	677.114	468.471	287.078	317.199	336.122	310.022	239.585	154.619	224.777	181.107	95.7305	14.4907	5.35004	0	0	0	0	0
00.000,00.000	39.9	0	-200	0	4.5	5462.63	1283.86	867.077	677.115	468.471	287.078	317.199	336.125	310.024	239.588	154.621	224.785	181.116	95.7365	14.4913	5.35004	0	0	0	0	0
00.000,00.000	40	0	-200	0	4.5	5483.83	1287.18	869.538	677.285	468.475	287.196	317.534	337.403	311.12	240.697	155.687	228.186	185.059	98.3074	14.8146	5.35004	0	0	0	0	0
00.000,00.000	40.1	0	-200	0	4.5	5503.44	1290.25	871.608	677.437	468.478	287.307	317.859	338.552	312.181	241.809	156.747	231.385	188.487	100.867	15.1159	5.35004	0	0	0	0	0
00.000,00.000	40.2	0	-200	0	4.5	5505.91	1290.64	871.892	677.45	468.478	287.327	317.902	338.707	312.315	241.944	156.867	231.816	188.875	101.2	15.1463	5.35004	0	0	0	0	0
00.000,00.000	40.3	0	-200	0	4.5	5515.43	1292.11	872.771	677.512	468.48	287.385	318.053	339.336	312.827	242.505	157.32	233.468	190.562	102.468	15.2855	5.35004	0	0	0	0	0
00.000,00.000	40.4	0	-200	0	4.5	5525.79	1293.67	873.669	677.573	468.481	287.443	318.211	339.994	313.41	243.081	157.882	235.294	192.417	103.875	15.4435	5.35004	0	0	0	0	0
00.000,00.000	40.5	0	-200	0	4.5	5527.15	1293.87	873.786	677.579	468.481	287.455	318.232	340.086	313.489	243.157	157.959	235.541	192.639	104.065	15.4642	5.35004	0	0	0	0	0
00.000,00.000	40.6	0	-200	0	4.5	5535.44	1295.07	874.524	677.626	468.481	287.499	318.36	340.586	313.919	243.622	158.388	236.976	194.156	105.28	15.6018	5.35004	0	0	0	0	0
00.000,00.000	40.7	0	-200	0	4.5	5539.96	1295.7	874.915	677.646	468.482	287.526	318.434	340.888	314.163	243.885	158.648	237.805	194.915	105.923	15.6759	5.35004	0	0	0	0	0
00.000,00.000	40.8	0	-200	0	4.5	5544.85	1296.34	875.316	677.668	468.482	287.547	318.59	341.219	314.441	244.153	158.926	238.682	195.741	106.634	15.759	5.35004	0	0	0	0	0
00.000,00.000	40.9	0	-200	0	4.5	5550.24	1297.02	875.76	677.689	468.482	287.57	318.76	341.579	314.756	244.449	159.244	239.637	196.661	107.418	15.8612	5.35004	0	0	0	0	0
00.000,00.000	41	0	-200	0	4.5	5554.19	1297.53	876.096	677.703	468.482	287.587	318.893	341.858	314.975	244.694	159.489	240.329	197.285	107.988	15.9371	5.35004	0	0	0	0	0
00.000,00.000	41.1	0	-200	0	4.5	5560.92	1298.36	876.668	677.727	468.482	287.611	319.105	342.329	315.367	245.135	159.903	241.496	198.363	108.96	16.0604	5.35004	0	0	0	0	0
00.000,00.000	41.2	0	-200	0	4.5	5565.62	1298.93	877.055	677.741	468.482	287.627	319.252	342.649	315.652	245.408	160.182	242.3	199.156	109.679	16.1545	5.35004	0	0	0	0	0
00.000,00.000	41.3	0	-200	0	4.5	5570.33	1299.46	877.438	677.755	468.482	287.64	319.396	342.971	315.933	245.684	160.48	243.111	199.983	110.385	16.2608	5.35004	0	0	0	0	0
00.000,00.000	41.4	0	-200	0	4.5	5575.22	1300	877.84	677.767	468.482	287.652	319.546	343.321	316.224	246.002	160.798	243.999	200.766	111.119	16.3527	5.35004	0	0	0	0	0
00.000,00.000	41.5	0	-200	0	4.5	5580	1300.5	878.226	677.778	468.482	287.662	319.697	343.667	316.521	246.283	161.113	244.817	201.584	111.856	16.47	5.35004	0	0	0	0	0
00.000,00.000	41.6	0	-200	0	4.5	5584.64	1300.97	878.639	677.787	468.482	287.669	319.855	343.993	316.784	246.593	161.445	245.628	202.324	112.56	16.5614	5.35004	0	0	0	0	0
00.000,00.000	41.7	0	-200	0	4.5	5589.18	1301.39	879.028	677.794	468.482	287.676	320.003	344.317	317.073	246.867	161.765	246.431	203.067	113.255	16.6805	5.35004	0	0	0	0	0
00.000,00.000	41.8	0	-200	0	4.5	5593.87	1301.8	879.425	677.8	468.482	287.681	320.155	344.66	317.385	247.161	162.091	247.243	203.856	113.977	16.8114	5.35004	0	0	0	0	0
00.000,00.000	41.9	0	-200	0	4.5	5597.38	1302.09	879.727	677.803	468.482	287.684	320.26	344.927	317.619	247.4	162.336	247.877	204.435	114.506	16.8876	5.35004	0	0	0	0	0
00.000,00.000	42	0	-200	0	4.5	5603.52	1302.57	880.252	677.809	468.482	287.688	320.456	345.396	318.042	247.84	162.782	248.953	205.452	115.419	17.0306	5.35004	0	0	0	0	0