
label	time(d)	x	depth	z	radius	total	0-10	10-20	20-30	30-40	40-50	50-60	60-70	70-80	80-90	90-100	100-110	110-120	120-130	130-140	140-150	150-160	160-170	170-180	180-190	190-200
00.000,00.000	0	0	-200	0	4.5	0	0	0	0	0	0	0	0	0	0	0	0	0	0	0	0	0	0	0	0	0
00.000,00.000	0.1	0	-200	0	4.5	0.293975	0.293975	0	0	0	0	0	0	0	0	0	0	0	0	0	0	0	0	0	0	0
00.000,00.000	0.2	0	-200	0	4.5	0.590922	0.590922	0	0	0	0	0	0	0	0	0	0	0	0	0	0	0	0	0	0	0
00.000,00.000	0.3	0	-200	0	4.5	0.890001	0.890001	0	0	0	0	0	0	0	0	0	0	0	0	0	0	0	0	0	0	0
00.000,00.000	0.4	0	-200	0	4.5	1.19143	1.19143	0	0	0	0	0	0	0	0	0	0	0	0	0	0	0	0	0	0	0
00.000,00.000	0.5	0	-200	0	4.5	1.4952	1.4952	0	0	0	0	0	0	0	0	0	0	0	0	0	0	0	0	0	0	0
00.000,00.000	0.6	0	-200	0	4.5	1.80103	1.80103	0	0	0	0	0	0	0	0	0	0	0	0	0	0	0	0	0	0	0
00.000,00.000	0.7	0	-200	0	4.5	2.1089	2.1089	0	0	0	0	0	0	0	0	0	0	0	0	0	0	0	0	0	0	0
00.000,00.000	0.8	0	-200	0	4.5	2.41873	2.41873	0	0	0	0	0	0	0	0	0	0	0	0	0	0	0	0	0	0	0
00.000,00.000	0.9	0	-200	0	4.5	2.72994	2.72994	0	0	0	0	0	0	0	0	0	0	0	0	0	0	0	0	0	0	0
00.000,00.000	1	0	-200	0	4.5	3.04123	3.04123	0	0	0	0	0	0	0	0	0	0	0	0	0	0	0	0	0	0	0
00.000,00.000	1.1	0	-200	0	4.5	3.35786	3.35786	0	0	0	0	0	0	0	0	0	0	0	0	0	0	0	0	0	0	0
00.000,00.000	1.2	0	-200	0	4.5	3.68336	3.68336	0	0	0	0	0	0	0	0	0	0	0	0	0	0	0	0	0	0	0
00.000,00.000	1.3	0	-200	0	4.5	4.01955	4.01955	0	0	0	0	0	0	0	0	0	0	0	0	0	0	0	0	0	0	0
00.000,00.000	1.4	0	-200	0	4.5	4.36754	4.36754	0	0	0	0	0	0	0	0	0	0	0	0	0	0	0	0	0	0	0
00.000,00.000	1.5	0	-200	0	4.5	4.72809	4.72809	0	0	0	0	0	0	0	0	0	0	0	0	0	0	0	0	0	0	0
00.000,00.000	1.6	0	-200	0	4.5	5.10258	5.10258	0	0	0	0	0	0	0	0	0	0	0	0	0	0	0	0	0	0	0
00.000,00.000	1.7	0	-200	0	4.5	5.4891	5.4891	0	0	0	0	0	0	0	0	0	0	0	0	0	0	0	0	0	0	0
00.000,00.000	1.8	0	-200	0	4.5	5.88917	5.88917	0	0	0	0	0	0	0	0	0	0	0	0	0	0	0	0	0	0	0
00.000,00.000	1.9	0	-200	0	4.5	6.32883	6.32883	0	0	0	0	0	0	0	0	0	0	0	0	0	0	0	0	0	0	0
00.000,00.000	2	0	-200	0	4.5	6.81573	6.81573	0	0	0	0	0	0	0	0	0	0	0	0	0	0	0	0	0	0	0
00.000,00.000	2.1	0	-200	0	4.5	7.38136	7.38136	0	0	0	0	0	0	0	0	0	0	0	0	0	0	0	0	0	0	0
00.000,00.000	2.2	0	-200	0	4.5	8.09843	8.07726	0.0211708	0	0	0	0	0	0	0	0	0	0	0	0	0	0	0	0	0	0
00.000,00.000	2.3	0	-200	0	4.5	8.9645	8.67011	0.29439	0	0	0	0	0	0	0	0	0	0	0	0	0	0	0	0	0	0
00.000,00.000	2.4	0	-200	0	4.5	9.96381	9.38906	0.574749	0	0	0	0	0	0	0	0	0	0	0	0	0	0	0	0	0	0
00.000,00.000	2.5	0	-200	0	4.5	11.075	10.2201	0.854962	0	0	0	0	0	0	0	0	0	0	0	0	0	0	0	0	0	0
00.000,00.000	2.6	0	-200	0	4.5	12.2929	11.1588	1.1341	0	0	0	0	0	0	0	0	0	0	0	0	0	0	0	0	0	0
00.000,00.000	2.7	0	-200	0	4.5	13.6242	12.2115	1.41268	0	0	0	0	0	0	0	0	0	0	0	0	0	0	0	0	0	0
00.000,00.000	2.8	0	-200	0	4.5	15.0953	13.4037	1.69159	0	0	0	0	0	0	0	0	0	0	0	0	0	0	0	0	0	0
00.000,00.000	2.9	0	-200	0	4.5	16.7433	14.7695	1.97377	0	0	0	0	0	0	0	0	0	0	0	0	0	0	0	0	0	0
00.000,00.000	3	0	-200	0	4.5	18.5451	16.2835	2.26159	0	0	0	0	0	0	0	0	0	0	0	0	0	0	0	0	0	0
00.000,00.000	3.1	0	-200	0	4.5	20.4302	17.8759	2.55428	0	0	0	0	0	0	0	0	0	0	0	0	0	0	0	0	0	0
00.000,00.000	3.2	0	-200	0	4.5	22.2751	19.4286	2.84649	0	0	0	0	0	0	0	0	0	0	0	0	0	0	0	0	0	0
00.000,00.000	3.3	0	-200	0	4.5	24.1101	20.9714	3.13861	0	0	0	0	0	0	0	0	0	0	0	0	0	0	0	0	0	0
00.000,00.000	3.4	0	-200	0	4.5	25.9261	22.4952	3.43089	0	0	0	0	0	0	0	0	0	0	0	0	0	0	0	0	0	0
00.000,00.000	3.5	0	-200	0	4.5	27.7025	23.9806	3.72189	0	0	0	0	0	0	0	0	0	0	0	0	0	0	0	0	0	0
00.000,00.000	3.6	0	-200	0	4.5	29.4403	25.4292	4.01108	0	0	0	0	0	0	0	0	0	0	0	0	0	0	0	0	0	0
00.000,00.000	3.7	0	-200	0	4.5	31.1522	26.8534	4.29878	0	0	0	0	0	0	0	0	0	0	0	0	0	0	0	0	0	0
00.000,00.000	3.8	0	-200	0	4.5	32.8512	28.266	4.58527	0	0	0	0	0	0	0	0	0	0	0	0	0	0	0	0	0	0
00.000,00.000	3.9	0	-200	0	4.5	34.5539	29.6835	4.87047	0	0	0	0	0	0	0	0	0	0	0	0	0	0	0	0	0	0
00.000,00.000	4	0	-200	0	4.5	36.128	30.9726	5.1553	0	0	0	0	0	0	0	0	0	0	0	0	0	0	0	0	0	0
00.000,00.000	4.1	0	-200	0	4.5	37.4156	31.9752	5.44049	0	0	0	0	0	0	0	0	0	0	0	0	0	0	0	0	0	0
00.000,00.000	4.2	0	-200	0	4.5	38.4628	32.7361	5.72667	0	0	0	0	0	0	0	0	0	0	0	0	0	0	0	0	0	0
00.000,00.000	4.3	0	-200	0	4.5	39.1149	33.101	6.01392	0	0	0	0	0	0	0	0	0	0	0	0	0	0	0	0	0	0
00.000,00.000	4.4	0	-200	0	4.5	39.6739	33.3718	6.30206	0	0	0	0	0	0	0	0	0	0	0	0	0	0	0	0	0	0
00.000,00.000	4.5	0	-200	0	4.5	40.2211	33.6311	6.59002	0	0	0	0	0	0	0	0	0	0	0	0	0	0	0	0	0	0
00.000,00.000	4.6	0	-200	0	4.5	40.6851	33.808	6.87707	0	0	0	0	0	0	0	0	0	0	0	0	0	0	0	0	0	0
00.000,00.000	4.7	0	-200	0	4.5	40.995	33.8322	7.16277	0	0	0	0	0	0	0	0	0	0	0	0	0	0	0	0	0	0
00.000,00.000	4.8	0	-200	0	4.5	41.2977	33.8506	7.4471	0	0	0	0	0	0	0	0	0	0	0	0	0	0	0	0	0	0
00.000,00.000	4.9	0	-200	0	4.5	41.5966	33.8665	7.73015	0	0	0	0	0	0	0	0	0	0	0	0	0	0	0	0	0	0
00.000,00.000	5	0	-200	0	4.5	41.8919	33.8799	8.01201	0	0	0	0	0	0	0	0	0	0	0	0	0	0	0	0	0	0
00.000,00.000	5.1	0	-200	0	4.5	42.1871	33.8942	8.29285	0	0	0	0	0	0	0	0	0	0	0	0	0	0	0	0	0	0
00.000,00.000	5.2	0	-200	0	4.5	42.486	33.9132	8.57285	0	0	0	0	0	0	0	0	0	0	0	0	0	0	0	0	0	0
00.000,00.000	5.3	0	-200	0	4.5	42.7883	33.936	8.85227	0	0	0	0	0	0	0	0	0	0	0	0	0	0	0	0	0	0
00.000,00.000	5.4	0	-200	0	4.5	43.0947	33.9634	9.13134	0	0	0	0	0	0	0	0	0	0	0	0	0	0	0	0	0	0
00.000,00.000	5.5	0	-200	0	4.5	43.4048	33.9948	9.40996	0	0	0	0	0	0	0	0	0	0	0	0	0	0	0	0	0	0
00.000,00.000	5.6	0	-200	0	4.5	43.7203	34.0318	9.68852	0	0	0	0	0	0	0	0	0	0	0	0	0	0	0	0	0	0
00.000,00.000	5.7	0	-200	0	4.5	44.041	34.0742	9.96677	0	0	0	0	0	0	0	0	0	0	0	0	0	0	0	0	0	0
00.000,00.000	5.8	0	-200	0	4.5	44.3665	34.1219	10.0461	0.19848	0	0	0	0	0	0	0	0	0	0	0	0	0	0	0	0	0
00.000,00.000	5.9	0	-200	0	4.5	44.7009	34.1791	10.0461	0.475621	0	0	0	0	0	0	0	0	0	0	0	0	0	0	0	0	0
00.000,00.000	6	0	-200	0	4.5	45.0446	34.2467	10.0461	0.751831	0	0	0	0	0	0	0	0	0	0	0	0	0	0	0	0	0
00.000,00.000	6.1	0	-200	0	4.5	45.4009	34.3276	10.0461	1.02715	0	0	0	0	0	0	0	0	0	0	0	0	0	0	0	0	0
00.000,00.000	6.2	0	-200	0	4.5	45.7722	34.4231	10.0473	1.30173	0	0	0	0	0	0	0	0	0	0	0	0	0	0	0	0	0
00.000,00.000	6.3	0	-200	0	4.5	46.1575	34.5327	10.0491	1.57565	0	0	0	0	0	0	0	0	0	0	0	0	0	0	0	0	0
00.000,00.000	6.4	0	-200	0	4.5	46.5604	34.6593	10.0523	1.8489	0	0	0	0	0	0	0	0	0	0	0	0	0	0	0	0	0
00.000,00.000	6.5	0	-200	0	4.5	46.9816	34.8031	10.0573	2.12121	0	0	0	0	0	0	0	0	0	0	0	0	0	0	0	0	0
00.000,00.000	6.6	0	-200	0	4.5	47.4268	34.969	10.0647	2.39305	0	0	0	0	0	0	0	0	0	0	0	0	0	0	0	0	0
00.000,00.000	6.7	0	-200	0	4.5	47.8972	35.1587	10.0742	2.66429	0	0	0	0	0	0	0	0	0	0	0	0	0	0	0	0	0
00.000,00.000	6.8	0	-200	0	4.5	48.3956	35.3738	10.087	2.93483	0	0	0	0	0	0	0	0	0	0	0	0	0	0	0	0	0
00.000,00.000	6.9	0	-200	0	4.5	48.9316	35.6233	10.1034	3.20491	0	0	0	0	0	0	0	0	0	0	0	0	0	0	0	0	0
00.000,00.000	7	0	-200	0	4.5	49.5089	35.9113	10.1233	3.47431	0	0	0	0	0	0	0	0	0	0	0	0	0	0	0	0	0
00.000,00.000	7.1	0	-200	0	4.5	50.1304	36.2399	10.1475	3.74294	0	0	0	0	0	0	0	0	0	0	0	0	0	0	0	0	0
00.000,00.000	7.2	0	-200	0	4.5	50.8042	36.6167	10.1766	4.0109	0	0	0	0	0	0	0	0	0	0	0	0	0	0	0	0	0
00.000,00.000	7.3	0	-200	0	4.5	51.5318	37.0429	10.2106	4.27821	0	0	0	0	0	0	0	0	0	0	0	0	0	0	0	0	0
00.000,00.000	7.4	0	-200	0	4.5	52.3145	37.5206	10.2491	4.54474	0	0	0	0	0	0	0	0	0	0	0	0	0	0	0	0	0
00.000,00.000	7.5	0	-200	0	4.5	53.1412	38.0382	10.2927	4.81022	0	0	0	0	0	0	0	0	0	0	0	0	0	0	0	0	0
00.000,00.000	7.6	0	-200	0	4.5	54.0256	38.6076	10.3428	5.07519	0	0	0	0	0	0	0	0	0	0	0	0	0	0	0	0	0
00.000,00.000	7.7	0	-200	0	4.5	54.9665	39.2289	10.3981	5.33957	0	0	0	0	0	0	0	0	0	0	0	0	0	0	0	0	0
00.000,00.000	7.8	0	-200	0	4.5	55.9708	39.9067	10.4608	5.60331	0	0	0	0	0	0	0	0	0	0	0	0	0	0	0	0	0
00.000,00.000	7.9	0	-200	0	4.5	57.0538	40.6571	10.5301	5.8666	0	0	0	0	0	0	0	0	0	0	0	0	0	0	0	0	0
00.000,00.000	8	0	-200	0	4.5	58.2116	41.475	10.6073	6.1293	0	0	0	0	0	0	0	0	0	0	0	0	0	0	0	0	0
00.000,00.000	8.1	0	-200	0	4.5	59.4519	42.3675	10.693	6.3914	0	0	0	0	0	0	0	0	0	0	0	0	0	0	0	0	0
00.000,00.000	8.2	0	-200	0	4.5	60.8024	43.3613	10.7882	6.65288	0	0	0	0	0	0	0	0	0	0	0	0	0	0	0	0	0
00.000,00.000	8.3	0	-200	0	4.5	62.2722	44.4654	10.893	6.91376	0	0	0	0	0	0	0	0	0	0	0	0	0	0	0	0	0
00.000,00.000	8.4	0	-200	0	4.5	63.8419	45.6593	11.0086	7.17408	0	0	0	0	0	0	0	0	0	0	0	0	0	0	0	0	0
00.000,00.000	8.5	0	-200	0	4.5	65.4705	46.9027	11.1344	7.43342	0	0	0	0	0	0	0	0	0	0	0	0	0	0	0	0	0
00.000,00.000	8.6	0	-200	0	4.5	67.1698	48.2071	11.2706	7.69207	0	0	0	0	0	0	0	0	0	0	0	0	0	0	0	0	0
00.000,00.000	8.7	0	-200	0	4.5	68.9384	49.5708	11.4173	7.95028	0	0	0	0	0	0	0	0	0	0	0	0	0	0	0	0	0
00.000,00.000	8.8	0	-200	0	4.5	70.7873	51.0039	11.5753	8.20809	0	0	0	0	0	0	0	0	0	0	0	0	0	0	0	0	0
00.000,00.000	8.9	0	-200	0	4.5	72.7607	52.5501	11.745	8.4656	0	0	0	0	0	0	0	0	0	0	0	0	0	0	0	0	0
00.000,00.000	9	0	-200	0	4.5	74.8625	54.213	11.9268	8.72265	0	0	0	0	0	0	0	0	0	0	0	0	0	0	0	0	0
00.000,00.000	9.1	0	-200	0	4.5	77.0961	55.9948	12.122	8.97927	0	0	0	0	0	0	0	0	0	0	0	0	0	0	0	0	0
00.000,00.000	9.2	0	-200	0	4.5	79.4596	57.8921	12.332	9.23544	0	0	0	0	0	0	0	0	0	0	0	0	0	0	0	0	0
00.000,00.000	9.3	0	-200	0	4.5	81.9568	59.9075	12.5581	9.49121	0	0	0	0	0	0	0	0	0	0	0	0	0	0	0	0	0
00.000,00.000	9.4	0	-200	0	4.5	84.5708	62.0241	12.8001	9.74664	0	0	0	0	0	0	0	0	0	0	0	0	0	0	0	0	0
00.000,00.000	9.5	0	-200	0	4.5	87.2453	64.1889	13.055	10.0014	0	0	0	0	0	0	0	0	0	0	0	0	0	0	0	0	0
00.000,00.000	9.6	0	-200	0	4.5	89.9903	66.4113	13.323	10.1282	0.127832	0	0	0	0	0	0	0	0	0	0	0	0	0	0	0	0
00.000,00.000	9.7	0	-200	0	4.5	92.8124	68.6976	13.6043	10.1283	0.382164	0	0	0	0	0	0	0	0	0	0	0	0	0	0	0	0
00.000,00.000	9.8	0	-200	0	4.5	95.7351	71.0722	13.898	10.1284	0.636509	0	0	0	0	0	0	0	0	0	0	0	0	0	0	0	0
00.000,00.000	9.9	0	-200	0	4.5	98.8244	73.5985	14.2063	10.1285	0.891108	0	0	0	0	0	0	0	0	0	0	0	0	0	0	0	0
00.000,00.000	10	0	-200	0	4.5	102.097	76.2924	14.5301	10.1289	1.14536	0	0	0	0	0	0	0	0	0	0	0	0	0	0	0	0
00.000,00.000	10.1	0	-200	0	4.5	105.534	79.1327	14.8709	10.1312	1.39959	0	0	0	0	0	0	0	0	0	0	0	0	0	0	0	0
00.000,00.000	10.2	0	-200	0	4.5	109.127	82.1084	15.2288	10.1362	1.65382	0	0	0	0	0	0	0	0	0	0	0	0	0	0	0	0
00.000,00.000	10.3	0	-200	0	4.5	112.88	85.224	15.6036	10.1442	1.90782	0	0	0	0	0	0	0	0	0	0	0	0	0	0	0	0
00.000,00.000	10.4	0	-200	0	4.5	116.765	88.4536	15.9947	10.155	2.16144	0	0	0	0	0	0	0	0	0	0	0	0	0	0	0	0
00.000,00.000	10.5	0	-200	0	4.5	120.712	91.7146	16.4132	10.1696	2.41476	0	0	0	0	0	0	0	0	0	0	0	0	0	0	0	0
00.000,00.000	10.6	0	-200	0	4.5	124.736	95.0066	16.8716	10.1896	2.66833	0	0	0	0	0	0	0	0	0	0	0	0	0	0	0	0
00.000,00.000	10.7	0	-200	0	4.5	128.846	98.3675	17.3421	10.2142	2.92188	0	0	0	0	0	0	0	0	0	0	0	0	0	0	0	0
00.000,00.000	10.8	0	-200	0	4.5	133.086	101.844	17.8225	10.2439	3.17543	0	0	0	0	0	0	0	0	0	0	0	0	0	0	0	0
00.000,00.000	10.9	0	-200	0	4.5	137.546	105.521	18.3156	10.2797	3.42908	0	0	0	0	0	0	0	0	0	0	0	0	0	0	0	0
00.000,00.000	11	0	-200	0	4.5	142.197	109.368	18.8248	10.3214	3.68279	0	0	0	0	0	0	0	0	0	0	0	0	0	0	0	0
00.000,00.000	11.1	0	-200	0	4.5	147.04	113.381	19.3519	10.3702	3.93619	0	0	0	0	0	0	0	0	0	0	0	0	0	0	0	0
00.000,00.000	11.2	0	-200	0	4.5	152.127	117.613	19.899	10.4254	4.18929	0	0	0	0	0	0	0	0	0	0	0	0	0	0	0	0
00.000,00.000	11.3	0	-200	0	4.5	157.427	122.03	20.4665	10.4883	4.44215	0	0	0	0	0	0	0	0	0	0	0	0	0	0	0	0
00.000,00.000	11.4	0	-200	0	4.5	162.898	126.596	21.0492	10.5588	4.69491	0	0	0	0	0	0	0	0	0	0	0	0	0	0	0	0
00.000,00.000	11.5	0	-200	0	4.5	168.427	131.201	21.6419	10.6367	4.94728	0	0	0	0	0	0	0	0	0	0	0	0	0	0	0	0
00.000,00.000	11.6	0	-200	0	4.5	174.009	135.839	22.248	10.7223	5.19939	0	0	0	0	0	0	0	0	0	0	0	0	0	0	0	0
00.000,00.000	11.7	0	-200	0	4.5	179.686	140.552	22.8669	10.8155	5.4516	0	0	0	0	0	0	0	0	0	0	0	0	0	0	0	0
00.000,00.000	11.8	0	-200	0	4.5	185.533	145.412	23.4999	10.917	5.70417	0	0	0	0	0	0	0	0	0	0	0	0	0	0	0	0
00.000,00.000	11.9	0	-200	0	4.5	191.691	150.557	24.1511	11.0262	5.95685	0	0	0	0	0	0	0	0	0	0	0	0	0	0	0	0
00.000,00.000	12	0	-200	0	4.5	198.105	155.926	24.8248	11.1444	6.20958	0	0	0	0	0	0	0	0	0	0	0	0	0	0	0	0
00.000,00.000	12.1	0	-200	0	4.5	204.756	161.494	25.5255	11.2726	6.46363	0	0	0	0	0	0	0	0	0	0	0	0	0	0	0	0
00.000,00.000	12.2	0	-200	0	4.5	211.475	167.097	26.2484	11.4106	6.71915	0	0	0	0	0	0	0	0	0	0	0	0	0	0	0	0
00.000,00.000	12.3	0	-200	0	4.5	218.226	172.715	26.981	11.5577	6.9718	0	0	0	0	0	0	0	0	0	0	0	0	0	0	0	0
00.000,00.000	12.4	0	-200	0	4.5	225.032	178.364	27.7287	11.7152	7.22359	0	0	0	0	0	0	0	0	0	0	0	0	0	0	0	0
00.000,00.000	12.5	0	-200	0	4.5	231.854	183.997	28.4953	11.8837	7.47745	0	0	0	0	0	0	0	0	0	0	0	0	0	0	0	0
00.000,00.000	12.6	0	-200	0	4.5	238.628	189.566	29.2696	12.0616	7.7299	0	0	0	0	0	0	0	0	0	0	0	0	0	0	0	0
00.000,00.000	12.7	0	-200	0	4.5	245.409	195.123	30.0676	12.2368	7.98184	0	0	0	0	0	0	0	0	0	0	0	0	0	0	0	0
00.000,00.000	12.8	0	-200	0	4.5	252.247	200.449	31.1681	12.3957	8.23373	0	0	0	0	0	0	0	0	0	0	0	0	0	0	0	0
00.000,00.000	12.9	0	-200	0	4.5	259.185	205.618	32.5165	12.5664	8.48382	0	0	0	0	0	0	0	0	0	0	0	0	0	0	0	0
00.000,00.000	13	0	-200	0	4.5	266.305	210.653	34.1732	12.7491	8.7305	0	0	0	0	0	0	0	0	0	0	0	0	0	0	0	0
00.000,00.000	13.1	0	-200	0	4.5	273.331	215.733	35.9223	12.9451	8.7305	0	0	0	0	0	0	0	0	0	0	0	0	0	0	0	0
00.000,00.000	13.2	0	-200	0	4.5	280.537	220.963	37.6899	13.1537	8.7305	0	0	0	0	0	0	0	0	0	0	0	0	0	0	0	0
00.000,00.000	13.3	0	-200	0	4.5	287.897	226.31	39.4813	13.3756	8.7305	0	0	0	0	0	0	0	0	0	0	0	0	0	0	0	0
00.000,00.000	13.4	0	-200	0	4.5	295.287	231.648	41.2969	13.611	8.7305	0	0	0	0	0	0	0	0	0	0	0	0	0	0	0	0
00.000,00.000	13.5	0	-200	0	4.5	302.68	236.952	43.1363	13.8613	8.7305	0	0	0	0	0	0	0	0	0	0	0	0	0	0	0	0
00.000,00.000	13.6	0	-200	0	4.5	309.979	242.159	44.966	14.1239	8.7305	0	0	0	0	0	0	0	0	0	0	0	0	0	0	0	0
00.000,00.000	13.7	0	-200	0	4.5	317.243	247.318	46.7947	14.3995	8.7305	0	0	0	0	0	0	0	0	0	0	0	0	0	0	0	0
00.000,00.000	13.8	0	-200	0	4.5	324.542	252.491	48.6315	14.6892	8.7305	0	0	0	0	0	0	0	0	0	0	0	0	0	0	0	0
00.000,00.000	13.9	0	-200	0	4.5	331.97	257.783	50.4653	14.9918	8.7305	0	0	0	0	0	0	0	0	0	0	0	0	0	0	0	0
00.000,00.000	14	0	-200	0	4.5	339.577	263.219	52.3171	15.3095	8.73066	0	0	0	0	0	0	0	0	0	0	0	0	0	0	0	0
00.000,00.000	14.1	0	-200	0	4.5	347.279	268.718	54.1872	15.6417	8.73177	0	0	0	0	0	0	0	0	0	0	0	0	0	0	0	0
00.000,00.000	14.2	0	-200	0	4.5	354.992	274.196	56.0721	15.9892	8.73491	0	0	0	0	0	0	0	0	0	0	0	0	0	0	0	0
00.000,00.000	14.3	0	-200	0	4.5	362.732	279.672	57.9684	16.3511	8.73976	0	0	0	0	0	0	0	0	0	0	0	0	0	0	0	0
00.000,00.000	14.4	0	-200	0	4.5	370.418	285.07	59.8716	16.7292	8.74728	0	0	0	0	0	0	0	0	0	0	0	0	0	0	0	0
00.000,00.000	14.5	0	-200	0	4.5	377.997	290.33	61.786	17.1234	8.75803	0	0	0	0	0	0	0	0	0	0	0	0	0	0	0	0
00.000,00.000	14.6	0	-200	0	4.5	385.402	295.415	63.6855	17.5292	8.77253	0	0	0	0	0	0	0	0	0	0	0	0	0	0	0	0
00.000,00.000	14.7	0	-200	0	4.5	392.587	300.275	65.5737	17.9472	8.79069	0	0	0	0	0	0	0	0	0	0	0	0	0	0	0	0
00.000,00.000	14.8	0	-200	0	4.5	399.671	305.028	67.4517	18.3776	8.81342	0	0	0	0	0	0	0	0	0	0	0	0	0	0	0	0
00.000,00.000	14.9	0	-200	0	4.5	406.744	309.763	69.3197	18.8203	8.84069	0	0	0	0	0	0	0	0	0	0	0	0	0	0	0	0
00.000,00.000	15	0	-200	0	4.5	413.816	314.485	71.1816	19.2757	8.87353	0	0	0	0	0	0	0	0	0	0	0	0	0	0	0	0
00.000,00.000	15.1	0	-200	0	4.5	420.873	319.178	73.0384	19.7441	8.91191	0	0	0	0	0	0	0	0	0	0	0	0	0	0	0	0
00.000,00.000	15.2	0	-200	0	4.5	427.889	323.82	74.8882	20.2251	8.95533	0	0	0	0	0	0	0	0	0	0	0	0	0	0	0	0
00.000,00.000	15.3	0	-200	0	4.5	434.875	328.42	76.7307	20.7192	9.0045	0	0	0	0	0	0	0	0	0	0	0	0	0	0	0	0
00.000,00.000	15.4	0	-200	0	4.5	441.751	332.899	78.5652	21.2267	9.05965	0	0	0	0	0	0	0	0	0	0	0	0	0	0	0	0
00.000,00.000	15.5	0	-200	0	4.5	448.474	337.212	80.3929	21.7482	9.12092	0	0	0	0	0	0	0	0	0	0	0	0	0	0	0	0
00.000,00.000	15.6	0	-200	0	4.5	457.186	342.707	82.8048	22.4624	9.21159	0	0	0	0	0	0	0	0	0	0	0	0	0	0	0	0
00.000,00.000	15.7	0	-200	0	4.5	464.08	347.1	84.6179	23.068	9.29344	0	0	0	0	0	0	0	0	0	0	0	0	0	0	0	0
00.000,00.000	15.8	0	-200	0	4.5	468.512	349.982	85.6939	23.4821	9.35445	0	0	0	0	0	0	0	0	0	0	0	0	0	0	0	0
00.000,00.000	15.9	0	-200	0	4.5	475.175	354.285	87.3085	24.1253	9.45659	0	0	0	0	0	0	0	0	0	0	0	0	0	0	0	0
00.000,00.000	16	0	-200	0	4.5	481.427	358.311	88.81	24.7445	9.56115	0	0	0	0	0	0	0	0	0	0	0	0	0	0	0	0
00.000,00.000	16.1	0	-200	0	4.5	487.183	361.97	90.031	25.5139	9.66784	0	0	0	0	0	0	0	0	0	0	0	0	0	0	0	0
00.000,00.000	16.2	0	-200	0	4.5	492.941	365.622	91.1123	26.4237	9.78366	0	0	0	0	0	0	0	0	0	0	0	0	0	0	0	0
00.000,00.000	16.3	0	-200	0	4.5	498.632	369.201	92.174	27.3485	9.90836	0	0	0	0	0	0	0	0	0	0	0	0	0	0	0	0
00.000,00.000	16.4	0	-200	0	4.5	504.256	372.714	93.2137	28.2867	10.0416	0	0	0	0	0	0	0	0	0	0	0	0	0	0	0	0
00.000,00.000	16.5	0	-200	0	4.5	511.286	377.053	94.5106	29.4986	10.2238	0	0	0	0	0	0	0	0	0	0	0	0	0	0	0	0
00.000,00.000	16.6	0	-200	0	4.5	518.833	381.786	95.5898	31.0138	10.4424	0	0	0	0	0	0	0	0	0	0	0	0	0	0	0	0
00.000,00.000	16.7	0	-200	0	4.5	521.827	383.689	96.0415	31.5584	10.5372	0	0	0	0	0	0	0	0	0	0	0	0	0	0	0	0
00.000,00.000	16.8	0	-200	0	4.5	524.222	385.187	96.3906	32.0243	10.6202	0	0	0	0	0	0	0	0	0	0	0	0	0	0	0	0
00.000,00.000	16.9	0	-200	0	4.5	528.703	387.986	97.0297	32.9045	10.7832	0	0	0	0	0	0	0	0	0	0	0	0	0	0	0	0
00.000,00.000	17	0	-200	0	4.5	534.549	391.618	97.8611	34.0621	11.0074	0	0	0	0	0	0	0	0	0	0	0	0	0	0	0	0
00.000,00.000	17.1	0	-200	0	4.5	539.684	394.79	98.5858	35.0939	11.2147	0	0	0	0	0	0	0	0	0	0	0	0	0	0	0	0
00.000,00.000	17.2	0	-200	0	4.5	544.586	397.818	99.2618	36.085	11.4214	0	0	0	0	0	0	0	0	0	0	0	0	0	0	0	0
00.000,00.000	17.3	0	-200	0	4.5	549.558	400.896	99.9342	37.0894	11.6383	0	0	0	0	0	0	0	0	0	0	0	0	0	0	0	0
00.000,00.000	17.4	0	-200	0	4.5	554.547	403.965	100.609	38.1059	11.8666	0	0	0	0	0	0	0	0	0	0	0	0	0	0	0	0
00.000,00.000	17.5	0	-200	0	4.5	562.746	408.922	101.741	39.8174	12.2652	0	0	0	0	0	0	0	0	0	0	0	0	0	0	0	0
00.000,00.000	17.6	0	-200	0	4.5	569.528	412.937	102.704	41.2696	12.6186	0	0	0	0	0	0	0	0	0	0	0	0	0	0	0	0
00.000,00.000	17.7	0	-200	0	4.5	571.591	414.143	103.001	41.7163	12.731	0	0	0	0	0	0	0	0	0	0	0	0	0	0	0	0
00.000,00.000	17.8	0	-200	0	4.5	573.01	414.953	103.211	42.0315	12.8145	0	0	0	0	0	0	0	0	0	0	0	0	0	0	0	0
00.000,00.000	17.9	0	-200	0	4.5	576.371	416.908	103.709	42.7453	13.0086	0	0	0	0	0	0	0	0	0	0	0	0	0	0	0	0
00.000,00.000	18	0	-200	0	4.5	583.141	420.816	104.745	44.1712	13.4085	0	0	0	0	0	0	0	0	0	0	0	0	0	0	0	0
00.000,00.000	18.1	0	-200	0	4.5	588.825	424.071	105.65	45.3732	13.7311	0	0	0	0	0	0	0	0	0	0	0	0	0	0	0	0
00.000,00.000	18.2	0	-200	0	4.5	594.026	427.034	106.505	46.4604	14.0259	0	0	0	0	0	0	0	0	0	0	0	0	0	0	0	0
00.000,00.000	18.3	0	-200	0	4.5	599.301	430.032	107.388	47.548	14.3331	0	0	0	0	0	0	0	0	0	0	0	0	0	0	0	0
00.000,00.000	18.4	0	-200	0	4.5	604.665	433.074	108.3	48.6376	14.6528	0	0	0	0	0	0	0	0	0	0	0	0	0	0	0	0
00.000,00.000	18.5	0	-200	0	4.5	614.548	438.591	110.029	50.6569	15.2717	0	0	0	0	0	0	0	0	0	0	0	0	0	0	0	0
00.000,00.000	18.6	0	-200	0	4.5	621.846	442.591	111.345	52.17	15.7403	0	0	0	0	0	0	0	0	0	0	0	0	0	0	0	0
00.000,00.000	18.7	0	-200	0	4.5	623.3	443.385	111.612	52.4724	15.8307	0	0	0	0	0	0	0	0	0	0	0	0	0	0	0	0
00.000,00.000	18.8	0	-200	0	4.5	624.348	443.951	111.809	52.6878	15.9001	0	0	0	0	0	0	0	0	0	0	0	0	0	0	0	0
00.000,00.000	18.9	0	-200	0	4.5	628.882	446.46	112.649	53.5738	16.2004	0	0	0	0	0	0	0	0	0	0	0	0	0	0	0	0
00.000,00.000	19	0	-200	0	4.5	636.556	450.723	114.088	55.0338	16.7109	0	0	0	0	0	0	0	0	0	0	0	0	0	0	0	0
00.000,00.000	19.1	0	-200	0	4.5	642.923	454.255	115.309	56.2218	17.1372	0	0	0	0	0	0	0	0	0	0	0	0	0	0	0	0
00.000,00.000	19.2	0	-200	0	4.5	648.761	457.48	116.457	57.2905	17.5331	0	0	0	0	0	0	0	0	0	0	0	0	0	0	0	0
00.000,00.000	19.3	0	-200	0	4.5	654.674	460.733	117.651	58.3506	17.9392	0	0	0	0	0	0	0	0	0	0	0	0	0	0	0	0
00.000,00.000	19.4	0	-200	0	4.5	660.667	464.015	118.893	59.4046	18.3544	0	0	0	0	0	0	0	0	0	0	0	0	0	0	0	0
00.000,00.000	19.5	0	-200	0	4.5	666.541	467.281	120.183	60.2945	18.7824	0	0	0	0	0	0	0	0	0	0	0	0	0	0	0	0
00.000,00.000	19.6	0	-200	0	4.5	677.591	473.408	122.754	61.7817	19.6468	0	0	0	0	0	0	0	0	0	0	0	0	0	0	0	0
00.000,00.000	19.7	0	-200	0	4.5	683.465	476.685	124.117	62.557	20.1057	0	0	0	0	0	0	0	0	0	0	0	0	0	0	0	0
00.000,00.000	19.8	0	-200	0	4.5	686.373	478.288	124.814	62.93	20.3411	0	0	0	0	0	0	0	0	0	0	0	0	0	0	0	0
00.000,00.000	19.9	0	-200	0	4.5	687.045	478.664	124.974	63.0131	20.3934	0	0	0	0	0	0	0	0	0	0	0	0	0	0	0	0
00.000,00.000	20	0	-200	0	4.5	697.11	484.261	127.47	64.1812	21.198	0	0	0	0	0	0	0	0	0	0	0	0	0	0	0	0
00.000,00.000	20.1	0	-200	0	4.5	705.019	488.649	129.468	65.0764	21.8253	0	0	0	0	0	0	0	0	0	0	0	0	0	0	0	0
00.000,00.000	20.2	0	-200	0	4.5	711.288	491.84	131.355	65.7591	22.3338	0	0	0	0	0	0	0	0	0	0	0	0	0	0	0	0
00.000,00.000	20.3	0	-200	0	4.5	717.513	494.837	133.398	66.4253	22.8524	0	0	0	0	0	0	0	0	0	0	0	0	0	0	0	0
00.000,00.000	20.4	0	-200	0	4.5	723.79	497.714	135.615	67.0795	23.3821	0	0	0	0	0	0	0	0	0	0	0	0	0	0	0	0
00.000,00.000	20.5	0	-200	0	4.5	730.144	500.431	138.061	67.7205	23.9312	0	0	0	0	0	0	0	0	0	0	0	0	0	0	0	0
00.000,00.000	20.6	0	-200	0	4.5	755.61	509.682	149.225	70.375	26.3276	0	0	0	0	0	0	0	0	0	0	0	0	0	0	0	0
00.000,00.000	20.7	0	-200	0	4.5	760.865	511.685	151.453	70.9131	26.8138	0	0	0	0	0	0	0	0	0	0	0	0	0	0	0	0
00.000,00.000	20.8	0	-200	0	4.5	761.457	511.922	151.688	70.9738	26.8726	0	0	0	0	0	0	0	0	0	0	0	0	0	0	0	0
00.000,00.000	20.9	0	-200	0	4.5	762.219	512.248	151.979	71.047	26.9452	0	0	0	0	0	0	0	0	0	0	0	0	0	0	0	0
00.000,00.000	21	0	-200	0	4.5	774.428	517.507	156.661	72.1532	28.106	0	0	0	0	0	0	0	0	0	0	0	0	0	0	0	0
00.000,00.000	21.1	0	-200	0	4.5	782.951	521.243	159.849	72.925	28.9342	0	0	0	0	0	0	0	0	0	0	0	0	0	0	0	0
00.000,00.000	21.2	0	-200	0	4.5	789.542	524.199	162.291	73.4898	29.5621	0	0	0	0	0	0	0	0	0	0	0	0	0	0	0	0
00.000,00.000	21.3	0	-200	0	4.5	796.388	527.299	164.83	74.0528	30.206	0	0	0	0	0	0	0	0	0	0	0	0	0	0	0	0
00.000,00.000	21.4	0	-200	0	4.5	803.49	530.539	167.47	74.6148	30.8653	0	0	0	0	0	0	0	0	0	0	0	0	0	0	0	0
00.000,00.000	21.5	0	-200	0	4.5	810.682	533.817	170.165	75.1703	31.5299	0	0	0	0	0	0	0	0	0	0	0	0	0	0	0	0
00.000,00.000	21.6	0	-200	0	4.5	818.167	537.089	173.081	75.7626	32.2344	0	0	0	0	0	0	0	0	0	0	0	0	0	0	0	0
00.000,00.000	21.7	0	-200	0	4.5	847.089	548.352	185.307	78.2185	35.2116	0	0	0	0	0	0	0	0	0	0	0	0	0	0	0	0
00.000,00.000	21.8	0	-200	0	4.5	853.321	551.006	187.814	78.7083	35.7932	0	0	0	0	0	0	0	0	0	0	0	0	0	0	0	0
00.000,00.000	21.9	0	-200	0	4.5	853.687	551.173	187.953	78.7348	35.8254	0	0	0	0	0	0	0	0	0	0	0	0	0	0	0	0
00.000,00.000	22	0	-200	0	4.5	876.894	561.699	196.994	80.3972	37.8037	0	0	0	0	0	0	0	0	0	0	0	0	0	0	0	0
00.000,00.000	22.1	0	-200	0	4.5	890.137	568.007	202.028	81.3039	38.7979	0	0	0	0	0	0	0	0	0	0	0	0	0	0	0	0
00.000,00.000	22.2	0	-200	0	4.5	898.287	572.064	204.942	81.8523	39.4283	0	0	0	0	0	0	0	0	0	0	0	0	0	0	0	0
00.000,00.000	22.3	0	-200	0	4.5	906.435	576.106	207.893	82.3943	40.042	0	0	0	0	0	0	0	0	0	0	0	0	0	0	0	0
00.000,00.000	22.4	0	-200	0	4.5	914.737	580.291	210.862	82.9375	40.646	0	0	0	0	0	0	0	0	0	0	0	0	0	0	0	0
00.000,00.000	22.5	0	-200	0	4.5	923.53	584.72	214.015	83.5164	41.2785	0	0	0	0	0	0	0	0	0	0	0	0	0	0	0	0
00.000,00.000	22.6	0	-200	0	4.5	932.289	588.892	217.34	84.1252	41.9321	0	0	0	0	0	0	0	0	0	0	0	0	0	0	0	0
00.000,00.000	22.7	0	-200	0	4.5	987.169	612.203	239.953	88.52	46.493	0	0	0	0	0	0	0	0	0	0	0	0	0	0	0	0
00.000,00.000	22.8	0	-200	0	4.5	998.945	618.132	244.085	89.4301	47.2984	0	0	0	0	0	0	0	0	0	0	0	0	0	0	0	0
00.000,00.000	22.9	0	-200	0	4.5	999.19	618.259	244.169	89.4474	47.314	0	0	0	0	0	0	0	0	0	0	0	0	0	0	0	0
00.000,00.000	23	0	-200	0	4.5	1036.92	637.556	257.548	92.1663	49.6532	2.69784e-14	0	0	0	0	0	0	0	0	0	0	0	0	0	0	0
00.000,00.000	23.1	0	-200	0	4.5	1054.26	646.249	263.896	93.4985	50.5696	0.0473838	0	0	0	0	0	0	0	0	0	0	0	0	0	0	0
00.000,00.000	23.2	0	-200	0	4.5	1062.53	650.261	267.055	94.1351	51.0132	0.0702971	0	0	0	0	0	0	0	0	0	0	0	0	0	0	0
00.000,00.000	23.3	0	-200	0	4.5	1070.86	654.262	270.305	94.7896	51.4045	0.0939634	0	0	0	0	0	0	0	0	0	0	0	0	0	0	0
00.000,00.000	23.4	0	-200	0	4.5	1079.36	658.351	273.646	95.4553	51.7909	0.118108	0	0	0	0	0	0	0	0	0	0	0	0	0	0	0
00.000,00.000	23.5	0	-200	0	4.5	1087.9	662.34	277.116	96.1363	52.1691	0.142912	0	0	0	0	0	0	0	0	0	0	0	0	0	0	0
00.000,00.000	23.6	0	-200	0	4.5	1099.49	667.161	282.307	97.1314	52.7083	0.179598	0	0	0	0	0	0	0	0	0	0	0	0	0	0	0
00.000,00.000	23.7	0	-200	0	4.5	1136.72	680.78	300.167	100.697	54.6448	0.426694	0	0	0	0	0	0	0	0	0	0	0	0	0	0	0
00.000,00.000	23.8	0	-200	0	4.5	1147.59	685.374	304.89	101.669	55.1666	0.49607	0	0	0	0	0	0	0	0	0	0	0	0	0	0	0
00.000,00.000	23.9	0	-200	0	4.5	1147.69	685.407	304.933	101.677	55.171	0.496659	0	0	0	0	0	0	0	0	0	0	0	0	0	0	0
00.000,00.000	24	0	-200	0	4.5	1165.82	693.789	312.367	103.155	55.9124	0.60005	0	0	0	0	0	0	0	0	0	0	0	0	0	0	0
00.000,00.000	24.1	0	-200	0	4.5	1186.71	702.784	321.34	105.025	56.8305	0.731083	0	0	0	0	0	0	0	0	0	0	0	0	0	0	0
00.000,00.000	24.2	0	-200	0	4.5	1197.15	706.869	326.178	105.996	57.2915	0.81782	0	0	0	0	0	0	0	0	0	0	0	0	0	0	0
00.000,00.000	24.3	0	-200	0	4.5	1205.46	710.333	329.856	106.748	57.634	0.886495	0	0	0	0	0	0	0	0	0	0	0	0	0	0	0
00.000,00.000	24.4	0	-200	0	4.5	1214.06	713.952	333.63	107.54	57.9802	0.959138	0	0	0	0	0	0	0	0	0	0	0	0	0	0	0
00.000,00.000	24.5	0	-200	0	4.5	1222.57	717.511	337.346	108.353	58.3233	1.03409	0	0	0	0	0	0	0	0	0	0	0	0	0	0	0
00.000,00.000	24.6	0	-200	0	4.5	1249.15	725.996	350.768	111.46	59.6099	1.31507	0	0	0	0	0	0	0	0	0	0	0	0	0	0	0
00.000,00.000	24.7	0	-200	0	4.5	1260.87	730.855	355.823	112.669	60.0905	1.43434	0	0	0	0	0	0	0	0	0	0	0	0	0	0	0
00.000,00.000	24.8	0	-200	0	4.5	1261.25	730.98	356.012	112.715	60.1076	1.43852	0	0	0	0	0	0	0	0	0	0	0	0	0	0	0
00.000,00.000	24.9	0	-200	0	4.5	1266.66	733.508	358.12	113.249	60.294	1.48819	0	0	0	0	0	0	0	0	0	0	0	0	0	0	0
00.000,00.000	25	0	-200	0	4.5	1275.56	737.089	362.032	114.235	60.624	1.5806	0	0	0	0	0	0	0	0	0	0	0	0	0	0	0
00.000,00.000	25.1	0	-200	0	4.5	1288.08	742.107	367.56	115.635	61.073	1.70969	0	0	0	0	0	0	0	0	0	0	0	0	0	0	0
00.000,00.000	25.2	0	-200	0	4.5	1297.77	746.596	371.37	116.623	61.3781	1.80238	0	0	0	0	0	0	0	0	0	0	0	0	0	0	0
00.000,00.000	25.3	0	-200	0	4.5	1307.22	750.997	375.069	117.603	61.6598	1.89123	0	0	0	0	0	0	0	0	0	0	0	0	0	0	0
00.000,00.000	25.4	0	-200	0	4.5	1316.54	755.275	378.765	118.595	61.9291	1.97977	0	0	0	0	0	0	0	0	0	0	0	0	0	0	0
00.000,00.000	25.5	0	-200	0	4.5	1325.88	759.729	382.333	119.58	62.178	2.06494	0	0	0	0	0	0	0	0	0	0	0	0	0	0	0
00.000,00.000	25.6	0	-200	0	4.5	1350.33	769.525	392.823	122.73	62.9313	2.32535	0	0	0	0	0	0	0	0	0	0	0	0	0	0	0
00.000,00.000	25.7	0	-200	0	4.5	1365.55	776.345	398.632	124.712	63.3816	2.48119	0	0	0	0	0	0	0	0	0	0	0	0	0	0	0
00.000,00.000	25.8	0	-200	0	4.5	1367.33	777.084	399.353	124.955	63.4339	2.50011	0	0	0	0	0	0	0	0	0	0	0	0	0	0	0
00.000,00.000	25.9	0	-200	0	4.5	1367.89	777.381	399.542	125.017	63.4469	2.5048	0	0	0	0	0	0	0	0	0	0	0	0	0	0	0
00.000,00.000	26	0	-200	0	4.5	1398.18	794.007	409.165	128.195	64.0825	2.73401	0	0	0	0	0	0	0	0	0	0	0	0	0	0	0
00.000,00.000	26.1	0	-200	0	4.5	1414.64	802.596	414.7	130.02	64.4526	2.87039	0	0	0	0	0	0	0	0	0	0	0	0	0	0	0
00.000,00.000	26.2	0	-200	0	4.5	1424.6	807.935	418.018	131.046	64.6544	2.94424	0	0	0	0	0	0	0	0	0	0	0	0	0	0	0
00.000,00.000	26.3	0	-200	0	4.5	1435.39	813.834	421.541	132.136	64.8579	3.01892	0	0	0	0	0	0	0	0	0	0	0	0	0	0	0
00.000,00.000	26.4	0	-200	0	4.5	1446.52	819.92	425.175	133.28	65.0565	3.09154	0	0	0	0	0	0	0	0	0	0	0	0	0	0	0
00.000,00.000	26.5	0	-200	0	4.5	1457.64	825.944	428.832	134.444	65.253	3.16277	0	0	0	0	0	0	0	0	0	0	0	0	0	0	0
00.000,00.000	26.6	0	-200	0	4.5	1490.31	843.094	439.948	137.987	65.9102	3.37386	0	0	0	0	0	0	0	0	0	0	0	0	0	0	0
00.000,00.000	26.7	0	-200	0	4.5	1502.34	849.305	444.034	139.382	66.1677	3.45115	0	0	0	0	0	0	0	0	0	0	0	0	0	0	0
00.000,00.000	26.8	0	-200	0	4.5	1504.01	850.177	444.601	139.576	66.1982	3.46099	0	0	0	0	0	0	0	0	0	0	0	0	0	0	0
00.000,00.000	26.9	0	-200	0	4.5	1504.77	850.578	444.854	139.663	66.2118	3.46514	0	0	0	0	0	0	0	0	0	0	0	0	0	0	0
00.000,00.000	27	0	-200	0	4.5	1532.48	865.226	454.116	142.815	66.7193	3.60786	0	0	0	0	0	0	0	0	0	0	0	0	0	0	0
00.000,00.000	27.1	0	-200	0	4.5	1549.37	874.106	459.801	144.712	67.0612	3.69392	0	0	0	0	0	0	0	0	0	0	0	0	0	0	0
00.000,00.000	27.2	0	-200	0	4.5	1560.67	880.008	463.629	146.016	67.2783	3.74215	0	0	0	0	0	0	0	0	0	0	0	0	0	0	0
00.000,00.000	27.3	0	-200	0	4.5	1572.3	886.175	467.478	147.368	67.5018	3.78013	0	0	0	0	0	0	0	0	0	0	0	0	0	0	0
00.000,00.000	27.4	0	-200	0	4.5	1584.15	892.587	471.269	148.75	67.7239	3.81578	0	0	0	0	0	0	0	0	0	0	0	0	0	0	0
00.000,00.000	27.5	0	-200	0	4.5	1596.11	899.173	475.012	150.129	67.9422	3.84988	0	0	0	0	0	0	0	0	0	0	0	0	0	0	0
00.000,00.000	27.6	0	-200	0	4.5	1632.22	918.956	486.506	154.224	68.5776	3.95192	0	0	0	0	0	0	0	0	0	0	0	0	0	0	0
00.000,00.000	27.7	0	-200	0	4.5	1658.88	933.81	494.782	157.228	69.0462	4.01854	0	0	0	0	0	0	0	0	0	0	0	0	0	0	0
00.000,00.000	27.8	0	-200	0	4.5	1661.28	935.187	495.487	157.496	69.091	4.02214	0	0	0	0	0	0	0	0	0	0	0	0	0	0	0
00.000,00.000	27.9	0	-200	0	4.5	1662.93	936.16	495.954	157.674	69.119	4.02493	0	0	0	0	0	0	0	0	0	0	0	0	0	0	0
00.000,00.000	28	0	-200	0	4.5	1690.83	952.664	503.784	160.735	69.5641	4.08061	0	0	0	0	0	0	0	0	0	0	0	0	0	0	0
00.000,00.000	28.1	0	-200	0	4.5	1709.05	963.568	508.665	162.844	69.8607	4.11127	0	0	0	0	0	0	0	0	0	0	0	0	0	0	0
00.000,00.000	28.2	0	-200	0	4.5	1722.29	971.597	512.138	164.349	70.0697	4.1348	0	0	0	0	0	0	0	0	0	0	0	0	0	0	0
00.000,00.000	28.3	0	-200	0	4.5	1735.75	979.896	515.586	165.832	70.2789	4.15701	0	0	0	0	0	0	0	0	0	0	0	0	0	0	0
00.000,00.000	28.4	0	-200	0	4.5	1749.45	988.464	519.003	167.318	70.4877	4.17803	0	0	0	0	0	0	0	0	0	0	0	0	0	0	0
00.000,00.000	28.5	0	-200	0	4.5	1763.34	997.319	522.313	168.817	70.6959	4.19782	0	0	0	0	0	0	0	0	0	0	0	0	0	0	0
00.000,00.000	28.6	0	-200	0	4.5	1791.35	1015.2	529.015	171.79	71.1144	4.23543	0	0	0	0	0	0	0	0	0	0	0	0	0	0	0
00.000,00.000	28.7	0	-200	0	4.5	1809.52	1026.86	533.331	173.684	71.3811	4.25686	0	0	0	0	0	0	0	0	0	0	0	0	0	0	0
00.000,00.000	28.8	0	-200	0	4.5	1811.69	1028.28	533.832	173.908	71.4129	4.25906	0	0	0	0	0	0	0	0	0	0	0	0	0	0	0
00.000,00.000	28.9	0	-200	0	4.5	1813.34	1029.38	534.201	174.069	71.4359	4.26051	0	0	0	0	0	0	0	0	0	0	0	0	0	0	0
00.000,00.000	29	0	-200	0	4.5	1835.91	1044.46	539.217	176.209	71.7415	4.27926	0	0	0	0	0	0	0	0	0	0	0	0	0	0	0
00.000,00.000	29.1	0	-200	0	4.5	1854.09	1056.74	543.132	177.945	71.9854	4.29188	0	0	0	0	0	0	0	0	0	0	0	0	0	0	0
00.000,00.000	29.2	0	-200	0	4.5	1869.29	1067.01	546.378	179.408	72.1892	4.30088	0	0	0	0	0	0	0	0	0	0	0	0	0	0	0
00.000,00.000	29.3	0	-200	0	4.5	1884.39	1077.29	549.544	180.855	72.3907	4.30788	0	0	0	0	0	0	0	0	0	0	0	0	0	0	0
00.000,00.000	29.4	0	-200	0	4.5	1899.56	1087.71	552.696	182.256	72.5923	4.313	0	0	0	0	0	0	0	0	0	0	0	0	0	0	0
00.000,00.000	29.5	0	-200	0	4.5	1914.89	1098.23	555.872	183.671	72.7987	4.31654	0	0	0	0	0	0	0	0	0	0	0	0	0	0	0
00.000,00.000	29.6	0	-200	0	4.5	1949.99	1122.3	563.063	186.877	73.3903	4.36828	0	0	0	0	0	0	0	0	0	0	0	0	0	0	0
00.000,00.000	29.7	0	-200	0	4.5	1963.01	1131.23	565.685	188.063	73.6344	4.40356	0	0	0	0	0	0	0	0	0	0	0	0	0	0	0
00.000,00.000	29.8	0	-200	0	4.5	1970.48	1136.42	567.168	188.696	73.7714	4.42219	0	0	0	0	0	0	0	0	0	0	0	0	0	0	0
00.000,00.000	29.9	0	-200	0	4.5	1972.29	1137.69	567.517	188.85	73.8043	4.42656	0	0	0	0	0	0	0	0	0	0	0	0	0	0	0
00.000,00.000	30	0	-200	0	4.5	1999.43	1156.91	572.641	191.006	74.3057	4.48789	0	0.0818367	0	0	0	0	0	0	0	0	0	0	0	0	0
00.000,00.000	30.1	0	-200	0	4.5	2019.67	1171.23	576.366	192.542	74.7062	4.50701	0.02516	0.29384	0	0	0	0	0	0	0	0	0	0	0	0	0
00.000,00.000	30.2	0	-200	0	4.5	2035.36	1182.43	579.214	193.735	74.9993	4.5109	0.0538826	0.423836	0	0	0	0	0	0	0	0	0	0	0	0	0
00.000,00.000	30.3	0	-200	0	4.5	2051.1	1193.74	581.991	194.904	75.2876	4.51386	0.0823492	0.57771	0	0	0	0	0	0	0	0	0	0	0	0	0
00.000,00.000	30.4	0	-200	0	4.5	2066.64	1204.88	584.743	196.061	75.5957	4.51768	0.108693	0.730032	0	0	0	0	0	0	0	0	0	0	0	0	0
00.000,00.000	30.5	0	-200	0	4.5	2081.83	1215.67	587.496	197.206	75.9261	4.52079	0.134511	0.880927	0	0	0	0	0	0	0	0	0	0	0	0	0
00.000,00.000	30.6	0	-200	0	4.5	2115.97	1239.68	593.784	199.874	76.6856	4.53317	0.187009	1.23217	0	0	0	0	0	0	0	0	0	0	0	0	0
00.000,00.000	30.7	0	-200	0	4.5	2127.36	1247.63	595.899	200.78	76.9478	4.53172	0.209962	1.35159	0	0	0	0	0	0	0	0	0	0	0	0	0
00.000,00.000	30.8	0	-200	0	4.5	2128.15	1248.2	596.043	200.839	76.965	4.53178	0.211283	1.35964	0	0	0	0	0	0	0	0	0	0	0	0	0
00.000,00.000	30.9	0	-200	0	4.5	2132.5	1251.32	596.819	201.15	77.0572	4.53155	0.218623	1.40331	0	0	0	0	0	0	0	0	0	0	0	0	0
00.000,00.000	31	0	-200	0	4.5	2153.39	1266.17	600.681	202.639	77.4989	4.53514	0.248265	1.61622	0	0	0	0	0	0	0	0	0	0	0	0	0
00.000,00.000	31.1	0	-200	0	4.5	2169.65	1277.66	603.77	203.787	77.843	4.53532	0.273136	1.78336	0	0	0	0	0	0	0	0	0	0	0	0	0
00.000,00.000	31.2	0	-200	0	4.5	2183.44	1287.56	606.304	204.709	78.1191	4.53619	0.291876	1.92144	0	0	0	0	0	0	0	0	0	0	0	0	0
00.000,00.000	31.3	0	-200	0	4.5	2197.52	1297.74	608.843	205.613	78.4086	4.53699	0.309741	2.06048	0	0	0	0	0	0	0	0	0	0	0	0	0
00.000,00.000	31.4	0	-200	0	4.5	2211.63	1308.05	611.332	206.481	78.7049	4.53797	0.326077	2.19749	0	0	0	0	0	0	0	0	0	0	0	0	0
00.000,00.000	31.5	0	-200	0	4.5	2225.73	1318.43	613.765	207.324	78.9957	4.53887	0.341468	2.33533	0	0	0	0	0	0	0	0	0	0	0	0	0
00.000,00.000	31.6	0	-200	0	4.5	2268.51	1349.85	621.035	209.772	79.8681	4.54259	0.383554	2.7541	0	0.308453	0	0	0	0	0	0	0	0	0	0	0
00.000,00.000	31.7	0	-200	0	4.5	2276.99	1356.06	622.474	210.256	80.0456	4.53924	0.395615	2.83669	0	0.389258	0	0	0	0	0	0	0	0	0	0	0
00.000,00.000	31.8	0	-200	0	4.5	2282.3	1360.04	623.325	210.532	80.1461	4.53966	0.399776	2.88652	0	0.437886	0	0	0	0	0	0	0	0	0	0	0
00.000,00.000	31.9	0	-200	0	4.5	2284.96	1362.03	623.746	210.667	80.1956	4.53924	0.402294	2.91106	0	0.461778	0	0	0	0	0	0	0	0	0	0	0
00.000,00.000	32	0	-200	0	4.5	2307.17	1379.02	627.129	211.718	80.5805	4.54052	0.415857	3.11147	0	0.656141	0	0	0	0	0	0	0	0	0	0	0
00.000,00.000	32.1	0	-200	0	4.5	2324.4	1392.27	629.718	212.509	80.8723	4.5403	0.426353	3.26555	0	0.805304	0	0	0	0	0	0	0	0	0	0	0
00.000,00.000	32.2	0	-200	0	4.5	2338.22	1402.92	631.754	213.124	81.126	4.54092	0.432738	3.38982	0	0.92524	0	0	0	0	0	0	0	0	0	0	0
00.000,00.000	32.3	0	-200	0	4.5	2351.69	1413.36	633.699	213.704	81.3965	4.54118	0.438092	3.51052	0	1.04148	0	0	0	0	0	0	0	0	0	0	0
00.000,00.000	32.4	0	-200	0	4.5	2364.99	1423.76	635.542	214.258	81.6619	4.54125	0.442366	3.62968	0	1.15591	0	0	0	0	0	0	0	0	0	0	0
00.000,00.000	32.5	0	-200	0	4.5	2378.13	1434.06	637.339	214.797	81.9228	4.54129	0.445432	3.7499	0	1.27094	0	0	0	0	0	0	0	0	0	0	0
00.000,00.000	32.6	0	-200	0	4.5	2403.97	1454.45	640.771	215.83	82.4307	4.54155	0.448679	3.99064	0	1.50049	0	0	0	0	0	0	0	0	0	0	0
00.000,00.000	32.7	0	-200	0	4.5	2421.42	1468.27	643.033	216.517	82.8016	4.54159	0.44956	4.15415	0	1.656	0	0	0	0	0	0	0	0	0	0	0
00.000,00.000	32.8	0	-200	0	4.5	2423.39	1469.83	643.274	216.602	82.8466	4.54154	0.449612	4.17236	0	1.67329	0	0	0	0	0	0	0	0	0	0	0
00.000,00.000	32.9	0	-200	0	4.5	2428.87	1474.27	643.925	216.791	82.9486	4.54152	0.449634	4.22065	0	1.71889	0	0	0	0	0	0	0	0	0	0	0
00.000,00.000	33	0	-200	0	4.5	2448.42	1490.2	646.255	217.421	83.2893	4.5415	0.449647	4.39109	0	1.87929	0	0	0	0	0	0	0	0	0	0	0
00.000,00.000	33.1	0	-200	0	4.5	2463.2	1502.28	647.996	217.873	83.5395	4.5415	0.449655	4.51869	0	1.99901	0	0	0	0	0	0	0	0	0	0	0
00.000,00.000	33.2	0	-200	0	4.5	2475.7	1512.6	649.415	218.245	83.7295	4.54149	0.44966	4.62403	0	2.09747	0	0	0	0	0	0	0	0	0	0	0
00.000,00.000	33.3	0	-200	0	4.5	2488.14	1522.95	650.789	218.577	83.91	4.54149	0.449664	4.7278	0	2.19408	0	0	0	0	0	0	0	0	0	0	0
00.000,00.000	33.4	0	-200	0	4.5	2500.54	1533.34	652.108	218.9	84.0773	4.54148	0.449667	4.82988	0	2.28869	0	0	0	0	0	0	0	0	0	0	0
00.000,00.000	33.5	0	-200	0	4.5	2512.9	1543.75	653.372	219.204	84.2329	4.58113	0.449669	4.87391	0.0563169	2.38131	0	0	0	0	0	0	0	0	0	0	0
00.000,00.000	33.6	0	-200	0	4.5	2541.18	1567.5	656.272	219.884	84.5818	4.71459	0.449671	4.88648	0.286904	2.60447	0	0	0	0	0	0	0	0	0	0	0
00.000,00.000	33.7	0	-200	0	4.5	2551.3	1576.13	657.256	220.065	84.6979	4.76338	0.449673	4.87439	0.383874	2.68217	0	0	0	0	0	0	0	0	0	0	0
00.000,00.000	33.8	0	-200	0	4.5	2554.37	1578.77	657.536	220.127	84.7273	4.77632	0.449674	4.87721	0.405601	2.7045	0	0	0	0	0	0	0	0	0	0	0
00.000,00.000	33.9	0	-200	0	4.5	2555.2	1579.49	657.607	220.141	84.7344	4.77978	0.449675	4.8768	0.412322	2.71023	0	0	0	0	0	0	0	0	0	0	0
00.000,00.000	34	0	-200	0	4.5	2575.9	1597.67	659.255	220.481	84.8896	4.86085	0.449676	4.8801	0.562969	2.84896	0	0	0	0	0	0	0	0	0	0	0
00.000,00.000	34.1	0	-200	0	4.5	2591.49	1611.44	660.451	220.72	84.9989	4.92192	0.449677	4.87339	0.684656	2.95086	0.00134643	0	0	0	0	0	0	0	0	0	0
00.000,00.000	34.2	0	-200	0	4.5	2603.74	1622.28	661.387	220.898	85.0764	4.96713	0.449678	4.87339	0.772515	2.95999	0.0706863	0	0	0	0	0	0	0	0	0	0
00.000,00.000	34.3	0	-200	0	4.5	2616.01	1633.17	662.328	221.064	85.1471	5.0108	0.449679	4.87339	0.858733	2.96469	0.14257	0	0	0	0	0	0	0	0	0	0
00.000,00.000	34.4	0	-200	0	4.5	2628.3	1644.12	663.244	221.221	85.2109	5.05285	0.452024	4.87339	0.943177	2.96767	0.214174	0	0	0	0	0	0	0	0	0	0
00.000,00.000	34.5	0	-200	0	4.5	2640.51	1655.02	664.133	221.365	85.2738	5.09332	0.469236	4.87339	1.02583	2.96973	0.284694	0	0	0	0	0	0	0	0	0	0
00.000,00.000	34.6	0	-200	0	4.5	2657.11	1669.79	665.367	221.563	85.3639	5.15051	0.491048	4.87339	1.14576	2.9744	0.384635	0	0	0	0	0	0	0	0	0	0
00.000,00.000	34.7	0	-200	0	4.5	2668.78	1680.25	666.199	221.69	85.4194	5.18864	0.505647	4.87339	1.2267	2.9736	0.45564	0	0	0	0	0	0	0	0	0	0
00.000,00.000	34.8	0	-200	0	4.5	2681.04	1691.26	667.074	221.815	85.4702	5.22664	0.518227	4.87339	1.30981	2.9768	0.524023	0	0	0	0	0	0	0	0	0	0
00.000,00.000	34.9	0	-200	0	4.5	2683.7	1693.63	667.279	221.838	85.4802	5.23456	0.521155	4.87339	1.32691	2.97332	0.542169	0	0	0	0	0	0	0	0	0	0
00.000,00.000	35	0	-200	0	4.5	2700.55	1708.84	668.479	221.977	85.5324	5.27915	0.533144	4.87339	1.42924	2.97737	0.624984	0	0	0	0	0	0	0	0	0	0
00.000,00.000	35.1	0	-200	0	4.5	2714.63	1721.54	669.514	222.083	85.5726	5.31534	0.542429	4.87339	1.51342	2.9748	0.698594	0	0	0	0	0	0	0	0	0	0
00.000,00.000	35.2	0	-200	0	4.5	2726.62	1732.4	670.37	222.166	85.6033	5.3443	0.548493	4.87339	1.5831	2.9748	0.756873	0	0	0	0	0	0	0	0	0	0
00.000,00.000	35.3	0	-200	0	4.5	2738.59	1743.29	671.183	222.242	85.6309	5.37179	0.552974	4.87339	1.65128	2.9748	0.813396	0	0	0	0	0	0	0	0	0	0
00.000,00.000	35.4	0	-200	0	4.5	2750.55	1754.19	671.997	222.311	85.6554	5.39953	0.55593	4.87339	1.71764	2.9748	0.867909	0	0	0	0	0	0	0	0	0	0
00.000,00.000	35.5	0	-200	0	4.5	2762.38	1765	672.784	222.373	85.6766	5.43817	0.557411	4.87339	1.78224	2.9748	0.920448	0	0	0	0	0	0	0	0	0	0
00.000,00.000	35.6	0	-200	0	4.5	2784.77	1785.1	674.546	222.506	85.72	5.51901	0.558127	4.87339	1.93204	2.9748	1.04077	0	0	0	0	0	0	0	0	0	0
00.000,00.000	35.7	0	-200	0	4.5	2797.91	1796.83	675.645	222.591	85.7432	5.56707	0.558132	4.87339	2.01822	2.9748	1.10941	0	0	0	0	0	0	0	0	0	0
00.000,00.000	35.8	0	-200	0	4.5	2799.12	1797.92	675.734	222.599	85.7448	5.57119	0.558133	4.87339	2.0248	2.9748	1.1146	0	0	0	0	0	0	0	0	0	0
00.000,00.000	35.9	0	-200	0	4.5	2810.19	1808.05	676.477	222.658	85.7563	5.59643	0.558135	4.87339	2.08023	2.9748	1.15749	0	0	0	0	0	0	0	0	0	0
00.000,00.000	36	0	-200	0	4.5	2827.05	1823.42	677.623	222.746	85.7722	5.6353	0.617883	4.87339	2.16771	2.9748	1.22435	0	0	0	0	0	0	0	0	0	0
00.000,00.000	36.1	0	-200	0	4.5	2838.83	1834.18	678.383	222.829	85.7813	5.65833	0.65565	4.87339	2.22278	2.9748	1.26585	0	0	0	0	0	0	0	0	0	0
00.000,00.000	36.2	0	-200	0	4.5	2850.66	1845.05	679.11	222.904	85.7901	5.67696	0.692028	4.87339	2.27555	2.9748	1.30487	0	0	0	0	0	0	0	0	0	0
00.000,00.000	36.3	0	-200	0	4.5	2862.41	1855.87	679.826	222.975	85.7985	5.69307	0.727492	4.87339	2.32674	2.9748	1.34202	0	0	0	0	0	0	0	0	0	0
00.000,00.000	36.4	0	-200	0	4.5	2873.86	1866.43	680.519	223.038	85.8063	5.70579	0.760574	4.87339	2.37424	2.9748	1.37578	0	0	0	0	0	0	0	0	0	0
00.000,00.000	36.5	0	-200	0	4.5	2885.33	1876.97	681.212	223.099	85.8141	5.71632	0.842217	4.87339	2.42293	2.9748	1.40956	0	0	0	0	0	0	0	0	0	0
00.000,00.000	36.6	0	-200	0	4.5	2905.96	1895.64	682.653	223.222	85.831	5.73335	1.0235	4.87339	2.53006	2.9748	1.48185	0	0	0	0	0	0	0	0	0	0
00.000,00.000	36.7	0	-200	0	4.5	2913.97	1902.89	683.216	223.269	85.8371	5.73857	1.08991	4.87339	2.56899	2.9748	1.50762	0	0	0	0	0	0	0	0	0	0
00.000,00.000	36.8	0	-200	0	4.5	2914.36	1903.25	683.237	223.27	85.8373	5.73873	1.09238	4.87339	2.57042	2.9748	1.50853	0	0	0	0	0	0	0	0	0	0
00.000,00.000	36.9	0	-200	0	4.5	2924.49	1912.66	683.792	223.305	85.8426	5.74063	1.16778	4.87339	2.60564	2.9748	1.53001	0	0	0	0	0	0	0	0	0	0
00.000,00.000	37	0	-200	0	4.5	2939.34	1926.31	684.708	223.358	85.8509	5.74173	1.30337	4.87339	2.66034	2.9748	1.56213	0	0	0	0	0	0	0	0	0	0
00.000,00.000	37.1	0	-200	0	4.5	2950.5	1936.64	685.347	223.39	85.8562	5.74173	1.3921	4.87339	2.69577	2.9748	1.58203	0	0	0	0	0	0	0	0	0	0
00.000,00.000	37.2	0	-200	0	4.5	2961.96	1947.3	685.982	223.418	85.8612	5.74174	1.47987	4.87339	2.73033	2.9748	1.60025	0	0	0	0	0	0	0	0	0	0
00.000,00.000	37.3	0	-200	0	4.5	2972.65	1957.21	686.598	223.443	85.866	5.74174	1.56419	4.87339	2.76309	2.9748	1.61641	0	0	0	0	0	0	0	0	0	0
00.000,00.000	37.4	0	-200	0	4.5	2983.31	1967.07	687.253	223.463	85.8701	5.74174	1.6396	4.87339	2.79195	2.9748	1.6295	0	0	0	0	0	0	0	0	0	0
00.000,00.000	37.5	0	-200	0	4.5	2994.12	1977.04	687.957	223.479	85.874	5.74174	1.71617	4.87339	2.82076	2.9748	1.64126	0	0	0	0	0	0	0	0	0	0
00.000,00.000	37.6	0	-200	0	4.5	3003.94	1985.82	688.787	223.496	85.8788	5.74175	1.85814	4.87339	2.85704	2.9748	1.65418	0	0	0	0	0	0	0	0	0	0
00.000,00.000	37.7	0	-200	0	4.5	3017.18	1997.43	690.076	223.517	85.8859	5.74175	2.09288	4.87339	2.91281	2.9748	1.67075	0	0	0	0	0	0	0	0	0	0
00.000,00.000	37.8	0	-200	0	4.5	3020.37	2000.33	690.306	223.521	85.887	5.74175	2.14241	4.87339	2.92212	2.9748	1.67321	0	0	0	0	0	0	0	0	0	0
00.000,00.000	37.9	0	-200	0	4.5	3031.39	2010.54	690.965	223.528	85.8899	5.74175	2.25691	4.87339	2.94648	2.9748	1.6766	0	0	0	0	0	0	0	0	0	0
00.000,00.000	38	0	-200	0	4.5	3043.14	2021.41	691.675	223.534	85.8926	5.74175	2.39604	4.87339	2.97127	2.9748	1.67806	0	0	0	0	0	0	0	0	0	0
00.000,00.000	38.1	0	-200	0	4.5	3052.8	2030.38	692.227	223.536	85.8944	5.74175	2.51233	4.87339	2.98841	2.9748	1.67806	0	0	0	0	0	0	0	0	0	0
00.000,00.000	38.2	0	-200	0	4.5	3063.14	2039.99	692.762	223.538	85.8958	5.74175	2.67762	4.87339	3.00386	2.9748	1.67806	0	0	0	0	0	0	0	0	0	0
00.000,00.000	38.3	0	-200	0	4.5	3073.75	2049.89	693.29	223.538	85.897	5.74175	2.84807	4.87339	3.01786	2.9748	1.67806	0	0	0	0	0	0	0	0	0	0
00.000,00.000	38.4	0	-200	0	4.5	3083.95	2059.42	693.783	223.538	85.8977	5.74175	3.01097	4.87339	3.0297	2.9748	1.67806	0	0	0	0	0	0	0	0	0	0
00.000,00.000	38.5	0	-200	0	4.5	3093.93	2068.77	694.248	223.538	85.8982	5.74175	3.16945	4.87339	3.03977	2.9748	1.67806	0	0	0	0	0	0	0	0	0	0
00.000,00.000	38.6	0	-200	0	4.5	3105.43	2079.11	695.058	223.538	85.8984	5.75369	3.49149	4.87339	3.05717	2.9748	1.67806	0	0	0	0	0	0	0	0	0	0
00.000,00.000	38.7	0	-200	0	4.5	3110.51	2083.63	695.419	223.538	85.8984	5.76398	3.64531	4.87339	3.08343	2.9748	1.67806	0	0	0	0	0	0	0	0	0	0
00.000,00.000	38.8	0	-200	0	4.5	3110.95	2084.04	695.438	223.538	85.8984	5.7645	3.65384	4.87339	3.08562	2.9748	1.67806	0	0	0	0	0	0	0	0	0	0
00.000,00.000	38.9	0	-200	0	4.5	3123.93	2096.25	695.955	223.538	85.8984	5.77668	3.86311	4.87339	3.12239	2.9748	1.67806	0	0	0	0	0	0	0	0	0	0
00.000,00.000	39	0	-200	0	4.5	3133.13	2104.81	696.34	223.538	85.8984	5.78491	4.08165	4.87339	3.15589	2.9748	1.67806	0	0	0	0	0	0	0	0	0	0
00.000,00.000	39.1	0	-200	0	4.5	3140.6	2111.8	696.626	223.538	85.8984	5.79024	4.24606	4.87339	3.17638	2.9748	1.67806	0	0	0	0	0	0	0	0	0	0
00.000,00.000	39.2	0	-200	0	4.5	3149.21	2119.91	696.922	223.538	85.8984	5.79483	4.42114	4.87339	3.19693	2.9748	1.67806	0	0	0	0	0	0	0	0	0	0
00.000,00.000	39.3	0	-200	0	4.5	3158.16	2128.34	697.244	223.538	85.8984	5.79844	4.59917	4.87339	3.21793	2.9748	1.67806	0	0	0	0	0	0	0	0	0	0
00.000,00.000	39.4	0	-200	0	4.5	3166.42	2136.15	697.524	223.538	85.8984	5.80057	4.74764	4.87339	3.23543	2.9748	1.67806	0	0	0	0	0	0	0	0	0	0
00.000,00.000	39.5	0	-200	0	4.5	3175.1	2144.35	697.823	223.538	85.8984	5.80181	4.9112	4.87339	3.25375	2.9748	1.67806	0	0	0	0	0	0	0	0	0	0
00.000,00.000	39.6	0	-200	0	4.5	3185.53	2153.93	698.283	223.538	85.8984	5.80245	5.26325	4.87339	3.28862	2.9748	1.67806	0	0	0	0	0	0	0	0	0	0
00.000,00.000	39.7	0	-200	0	4.5	3189.66	2157.71	698.454	223.538	85.8984	5.80245	5.43384	4.87339	3.3048	2.9748	1.67806	0	0	0	0	0	0	0	0	0	0
00.000,00.000	39.8	0	-200	0	4.5	3189.94	2157.96	698.465	223.538	85.8984	5.80245	5.44526	4.87339	3.30566	2.9748	1.67806	0	0	0	0	0	0	0	0	0	0
00.000,00.000	39.9	0	-200	0	4.5	3193.3	2161.09	698.575	223.538	85.8984	5.80245	5.55929	4.87339	3.31393	2.9748	1.67806	0	0	0	0	0	0	0	0	0	0
00.000,00.000	40	0	-200	0	4.5	3200.74	2168.05	698.816	223.538	85.8984	5.80245	5.78158	4.87339	3.33001	2.9748	1.67806	0	0	0	0	0	0	0	0	0	0
00.000,00.000	40.1	0	-200	0	4.5	3208.25	2175.1	699.048	223.538	85.8984	5.80245	5.99684	4.87339	3.34528	2.9748	1.67806	0	0	0	0	0	0	0	0	0	0
00.000,00.000	40.2	0	-200	0	4.5	3214.55	2181.04	699.226	223.538	85.8984	5.80245	6.16292	4.87339	3.35661	2.9748	1.67806	0	0	0	0	0	0	0	0	0	0
00.000,00.000	40.3	0	-200	0	4.5	3221.54	2187.65	699.412	223.538	85.8984	5.80245	6.3455	4.87339	3.36762	2.9748	1.67806	0	0	0	0	0	0	0	0	0	0
00.000,00.000	40.4	0	-200	0	4.5	3228.1	2193.85	699.587	223.538	85.8984	5.80245	6.51438	4.87339	3.37712	2.9748	1.67806	0	0	0	0	0	0	0	0	0	0
00.000,00.000	40.5	0	-200	0	4.5	3234.37	2199.78	699.745	223.538	85.8984	5.80245	6.69155	4.87339	3.38632	2.9748	1.67806	0	0	0	0	0	0	0	0	0	0
00.000,00.000	40.6	0	-200	0	4.5	3238.67	2203.78	699.871	223.538	85.8984	5.80245	6.86032	4.87339	3.39449	2.9748	1.67806	0	0	0	0	0	0	0	0	0	0
00.000,00.000	40.7	0	-200	0	4.5	3253.97	2217.76	700.243	223.609	85.8984	6.04124	7.42125	4.92865	3.41787	2.9748	1.67806	0	0	0	0	0	0	0	0	0	0
00.000,00.000	40.8	0	-200	0	4.5	3256.81	2220.23	700.329	223.637	85.8984	6.13011	7.5389	4.97169	3.42412	2.9748	1.67806	0	0	0	0	0	0	0	0	0	0
00.000,00.000	40.9	0	-200	0	4.5	3257.54	2220.88	700.348	223.643	85.8984	6.14918	7.56575	4.98313	3.42516	2.9748	1.67806	0	0	0	0	0	0	0	0	0	0
00.000,00.000	41	0	-200	0	4.5	3264.73	2227.17	700.652	223.701	85.8984	6.30376	7.81676	5.10008	3.43217	2.9748	1.67806	0	0	0	0	0	0	0	0	0	0
00.000,00.000	41.1	0	-200	0	4.5	3269.48	2231.19	700.993	223.737	85.8984	6.41321	7.97875	5.17768	3.43626	2.9748	1.67806	0	0	0	0	0	0	0	0	0	0
00.000,00.000	41.2	0	-200	0	4.5	3273.52	2234.67	701.258	223.763	85.8984	6.49615	8.10135	5.24131	3.43809	2.9748	1.67806	0	0	0	0	0	0	0	0	0	0
00.000,00.000	41.3	0	-200	0	4.5	3277.2	2237.85	701.497	223.784	85.8984	6.57175	8.20467	5.29797	3.43888	2.9748	1.67806	0	0	0	0	0	0	0	0	0	0
00.000,00.000	41.4	0	-200	0	4.5	3281.74	2241.8	701.787	223.807	85.8984	6.66667	8.32683	5.36968	3.43906	2.9748	1.67806	0	0	0	0	0	0	0	0	0	0
00.000,00.000	41.5	0	-200	0	4.5	3285.21	2244.67	702.105	223.825	85.8984	6.75026	8.43107	5.435	3.43906	2.9748	1.67806	0	0	0	0	0	0	0	0	0	0
00.000,00.000	41.6	0	-200	0	4.5	3299.86	2256.11	703.964	223.903	85.8984	7.17658	8.93293	5.7823	3.43907	2.9748	1.67806	0	0	0	0	0	0	0	0	0	0
00.000,00.000	41.7	0	-200	0	4.5	3302.34	2257.77	704.521	223.917	85.8984	7.25695	9.03067	5.84935	3.43907	2.9748	1.67806	0	0	0	0	0	0	0	0	0	0
00.000,00.000	41.8	0	-200	0	4.5	3305.88	2260.57	704.983	223.928	85.8984	7.34952	9.13048	5.93197	3.43907	2.9748	1.67806	0	0	0	0	0	0	0	0	0	0
00.000,00.000	41.9	0	-200	0	4.5	3306.96	2261.45	705.083	223.931	85.8984	7.38048	9.16418	5.96049	3.43907	2.9748	1.67806	0	0	0	0	0	0	0	0	0	0
00.000,00.000	42	0	-200	0	4.5	3317.2	2270.23	705.871	223.951	85.8984	7.60044	9.37819	6.17834	3.43907	2.9748	1.67806	0	0	0	0	0	0	0	0	0	0