
label	time(d)	x	depth	z	radius	total	0-10	10-20	20-30	30-40	40-50	50-60	60-70	70-80	80-90	90-100	100-110	110-120	120-130	130-140	140-150	150-160	160-170	170-180	180-190	190-200
00.000,00.000	0	0	-200	0	4.5	0	0	0	0	0	0	0	0	0	0	0	0	0	0	0	0	0	0	0	0	0
00.000,00.000	0.1	0	-200	0	4.5	0.37949	0.37949	0	0	0	0	0	0	0	0	0	0	0	0	0	0	0	0	0	0	0
00.000,00.000	0.2	0	-200	0	4.5	0.761529	0.761529	0	0	0	0	0	0	0	0	0	0	0	0	0	0	0	0	0	0	0
00.000,00.000	0.3	0	-200	0	4.5	1.14632	1.14632	0	0	0	0	0	0	0	0	0	0	0	0	0	0	0	0	0	0	0
00.000,00.000	0.4	0	-200	0	4.5	1.53371	1.53371	0	0	0	0	0	0	0	0	0	0	0	0	0	0	0	0	0	0	0
00.000,00.000	0.5	0	-200	0	4.5	1.92307	1.92307	0	0	0	0	0	0	0	0	0	0	0	0	0	0	0	0	0	0	0
00.000,00.000	0.6	0	-200	0	4.5	2.31445	2.31445	0	0	0	0	0	0	0	0	0	0	0	0	0	0	0	0	0	0	0
00.000,00.000	0.7	0	-200	0	4.5	2.70815	2.70815	0	0	0	0	0	0	0	0	0	0	0	0	0	0	0	0	0	0	0
00.000,00.000	0.8	0	-200	0	4.5	3.10381	3.10381	0	0	0	0	0	0	0	0	0	0	0	0	0	0	0	0	0	0	0
00.000,00.000	0.9	0	-200	0	4.5	3.50171	3.50171	0	0	0	0	0	0	0	0	0	0	0	0	0	0	0	0	0	0	0
00.000,00.000	1	0	-200	0	4.5	3.90283	3.90283	0	0	0	0	0	0	0	0	0	0	0	0	0	0	0	0	0	0	0
00.000,00.000	1.1	0	-200	0	4.5	4.31434	4.31434	0	0	0	0	0	0	0	0	0	0	0	0	0	0	0	0	0	0	0
00.000,00.000	1.2	0	-200	0	4.5	4.73708	4.73708	0	0	0	0	0	0	0	0	0	0	0	0	0	0	0	0	0	0	0
00.000,00.000	1.3	0	-200	0	4.5	5.17098	5.17098	0	0	0	0	0	0	0	0	0	0	0	0	0	0	0	0	0	0	0
00.000,00.000	1.4	0	-200	0	4.5	5.61583	5.61583	0	0	0	0	0	0	0	0	0	0	0	0	0	0	0	0	0	0	0
00.000,00.000	1.5	0	-200	0	4.5	6.06993	6.06993	0	0	0	0	0	0	0	0	0	0	0	0	0	0	0	0	0	0	0
00.000,00.000	1.6	0	-200	0	4.5	6.53157	6.53157	0	0	0	0	0	0	0	0	0	0	0	0	0	0	0	0	0	0	0
00.000,00.000	1.7	0	-200	0	4.5	7.00424	7.00424	0	0	0	0	0	0	0	0	0	0	0	0	0	0	0	0	0	0	0
00.000,00.000	1.8	0	-200	0	4.5	7.49113	7.37119	0.119937	0	0	0	0	0	0	0	0	0	0	0	0	0	0	0	0	0	0
00.000,00.000	1.9	0	-200	0	4.5	7.99117	7.59823	0.392943	0	0	0	0	0	0	0	0	0	0	0	0	0	0	0	0	0	0
00.000,00.000	2	0	-200	0	4.5	8.50447	7.84005	0.664421	0	0	0	0	0	0	0	0	0	0	0	0	0	0	0	0	0	0
00.000,00.000	2.1	0	-200	0	4.5	9.0833	8.14737	0.935934	0	0	0	0	0	0	0	0	0	0	0	0	0	0	0	0	0	0
00.000,00.000	2.2	0	-200	0	4.5	9.77803	8.57025	1.20778	0	0	0	0	0	0	0	0	0	0	0	0	0	0	0	0	0	0
00.000,00.000	2.3	0	-200	0	4.5	10.587	9.10869	1.47835	0	0	0	0	0	0	0	0	0	0	0	0	0	0	0	0	0	0
00.000,00.000	2.4	0	-200	0	4.5	11.5104	9.7627	1.74773	0	0	0	0	0	0	0	0	0	0	0	0	0	0	0	0	0	0
00.000,00.000	2.5	0	-200	0	4.5	12.5487	10.5313	2.0174	0	0	0	0	0	0	0	0	0	0	0	0	0	0	0	0	0	0
00.000,00.000	2.6	0	-200	0	4.5	13.6987	11.412	2.28673	0	0	0	0	0	0	0	0	0	0	0	0	0	0	0	0	0	0
00.000,00.000	2.7	0	-200	0	4.5	14.9676	12.4124	2.55512	0	0	0	0	0	0	0	0	0	0	0	0	0	0	0	0	0	0
00.000,00.000	2.8	0	-200	0	4.5	16.3405	13.5177	2.82278	0	0	0	0	0	0	0	0	0	0	0	0	0	0	0	0	0	0
00.000,00.000	2.9	0	-200	0	4.5	17.839	14.7488	3.09022	0	0	0	0	0	0	0	0	0	0	0	0	0	0	0	0	0	0
00.000,00.000	3	0	-200	0	4.5	19.4583	16.1011	3.35724	0	0	0	0	0	0	0	0	0	0	0	0	0	0	0	0	0	0
00.000,00.000	3.1	0	-200	0	4.5	21.1338	17.5103	3.62349	0	0	0	0	0	0	0	0	0	0	0	0	0	0	0	0	0	0
00.000,00.000	3.2	0	-200	0	4.5	22.8085	18.9194	3.88914	0	0	0	0	0	0	0	0	0	0	0	0	0	0	0	0	0	0
00.000,00.000	3.3	0	-200	0	4.5	24.4801	20.3254	4.15475	0	0	0	0	0	0	0	0	0	0	0	0	0	0	0	0	0	0
00.000,00.000	3.4	0	-200	0	4.5	26.1525	21.7326	4.41984	0	0	0	0	0	0	0	0	0	0	0	0	0	0	0	0	0	0
00.000,00.000	3.5	0	-200	0	4.5	27.8168	23.133	4.68386	0	0	0	0	0	0	0	0	0	0	0	0	0	0	0	0	0	0
00.000,00.000	3.6	0	-200	0	4.5	29.4638	24.5169	4.94686	0	0	0	0	0	0	0	0	0	0	0	0	0	0	0	0	0	0
00.000,00.000	3.7	0	-200	0	4.5	31.1046	25.8947	5.20994	0	0	0	0	0	0	0	0	0	0	0	0	0	0	0	0	0	0
00.000,00.000	3.8	0	-200	0	4.5	32.7372	27.2648	5.47246	0	0	0	0	0	0	0	0	0	0	0	0	0	0	0	0	0	0
00.000,00.000	3.9	0	-200	0	4.5	34.3672	28.6331	5.73414	0	0	0	0	0	0	0	0	0	0	0	0	0	0	0	0	0	0
00.000,00.000	4	0	-200	0	4.5	35.9984	30.0029	5.99558	0	0	0	0	0	0	0	0	0	0	0	0	0	0	0	0	0	0
00.000,00.000	4.1	0	-200	0	4.5	37.6253	31.3688	6.25659	0	0	0	0	0	0	0	0	0	0	0	0	0	0	0	0	0	0
00.000,00.000	4.2	0	-200	0	4.5	39.2462	32.7293	6.51698	0	0	0	0	0	0	0	0	0	0	0	0	0	0	0	0	0	0
00.000,00.000	4.3	0	-200	0	4.5	40.8632	34.0865	6.77677	0	0	0	0	0	0	0	0	0	0	0	0	0	0	0	0	0	0
00.000,00.000	4.4	0	-200	0	4.5	42.4753	35.4392	7.03609	0	0	0	0	0	0	0	0	0	0	0	0	0	0	0	0	0	0
00.000,00.000	4.5	0	-200	0	4.5	43.9763	36.6815	7.29473	0	0	0	0	0	0	0	0	0	0	0	0	0	0	0	0	0	0
00.000,00.000	4.6	0	-200	0	4.5	45.2769	37.7242	7.5527	0	0	0	0	0	0	0	0	0	0	0	0	0	0	0	0	0	0
00.000,00.000	4.7	0	-200	0	4.5	46.5688	38.7587	7.81007	0	0	0	0	0	0	0	0	0	0	0	0	0	0	0	0	0	0
00.000,00.000	4.8	0	-200	0	4.5	47.7235	39.6565	8.06694	0	0	0	0	0	0	0	0	0	0	0	0	0	0	0	0	0	0
00.000,00.000	4.9	0	-200	0	4.5	48.7375	40.3556	8.38189	0	0	0	0	0	0	0	0	0	0	0	0	0	0	0	0	0	0
00.000,00.000	5	0	-200	0	4.5	49.7488	40.8188	8.92999	0	0	0	0	0	0	0	0	0	0	0	0	0	0	0	0	0	0
00.000,00.000	5.1	0	-200	0	4.5	50.7582	40.9641	9.79409	0	0	0	0	0	0	0	0	0	0	0	0	0	0	0	0	0	0
00.000,00.000	5.2	0	-200	0	4.5	51.7692	40.9806	10.7886	0	0	0	0	0	0	0	0	0	0	0	0	0	0	0	0	0	0
00.000,00.000	5.3	0	-200	0	4.5	52.7831	41.0007	11.7824	0	0	0	0	0	0	0	0	0	0	0	0	0	0	0	0	0	0
00.000,00.000	5.4	0	-200	0	4.5	53.6139	41.0269	12.5869	0	0	0	0	0	0	0	0	0	0	0	0	0	0	0	0	0	0
00.000,00.000	5.5	0	-200	0	4.5	54.3315	41.0555	13.276	0	0	0	0	0	0	0	0	0	0	0	0	0	0	0	0	0	0
00.000,00.000	5.6	0	-200	0	4.5	54.8526	41.0892	13.7634	0	0	0	0	0	0	0	0	0	0	0	0	0	0	0	0	0	0
00.000,00.000	5.7	0	-200	0	4.5	55.3249	41.1266	14.1984	0	0	0	0	0	0	0	0	0	0	0	0	0	0	0	0	0	0
00.000,00.000	5.8	0	-200	0	4.5	55.6177	41.1687	14.2114	0.237616	0	0	0	0	0	0	0	0	0	0	0	0	0	0	0	0	0
00.000,00.000	5.9	0	-200	0	4.5	55.9154	41.2159	14.2113	0.488211	0	0	0	0	0	0	0	0	0	0	0	0	0	0	0	0	0
00.000,00.000	6	0	-200	0	4.5	56.218	41.2677	14.2122	0.738054	0	0	0	0	0	0	0	0	0	0	0	0	0	0	0	0	0
00.000,00.000	6.1	0	-200	0	4.5	56.5236	41.3241	14.2122	0.987304	0	0	0	0	0	0	0	0	0	0	0	0	0	0	0	0	0
00.000,00.000	6.2	0	-200	0	4.5	56.8344	41.3849	14.2134	1.23606	0	0	0	0	0	0	0	0	0	0	0	0	0	0	0	0	0
00.000,00.000	6.3	0	-200	0	4.5	57.1505	41.4512	14.2149	1.48438	0	0	0	0	0	0	0	0	0	0	0	0	0	0	0	0	0
00.000,00.000	6.4	0	-200	0	4.5	57.4749	41.5259	14.2171	1.73191	0	0	0	0	0	0	0	0	0	0	0	0	0	0	0	0	0
00.000,00.000	6.5	0	-200	0	4.5	57.8022	41.6032	14.2205	1.97847	0	0	0	0	0	0	0	0	0	0	0	0	0	0	0	0	0
00.000,00.000	6.6	0	-200	0	4.5	58.1384	41.6888	14.2251	2.22455	0	0	0	0	0	0	0	0	0	0	0	0	0	0	0	0	0
00.000,00.000	6.7	0	-200	0	4.5	58.4823	41.7814	14.2309	2.47003	0	0	0	0	0	0	0	0	0	0	0	0	0	0	0	0	0
00.000,00.000	6.8	0	-200	0	4.5	58.8378	41.8845	14.2385	2.7148	0	0	0	0	0	0	0	0	0	0	0	0	0	0	0	0	0
00.000,00.000	6.9	0	-200	0	4.5	59.209	42.0018	14.248	2.95922	0	0	0	0	0	0	0	0	0	0	0	0	0	0	0	0	0
00.000,00.000	7	0	-200	0	4.5	59.5989	42.1363	14.2593	3.20329	0	0	0	0	0	0	0	0	0	0	0	0	0	0	0	0	0
00.000,00.000	7.1	0	-200	0	4.5	60.0098	42.2891	14.2741	3.44671	0	0	0	0	0	0	0	0	0	0	0	0	0	0	0	0	0
00.000,00.000	7.2	0	-200	0	4.5	60.4461	42.4659	14.2908	3.68941	0	0	0	0	0	0	0	0	0	0	0	0	0	0	0	0	0
00.000,00.000	7.3	0	-200	0	4.5	60.9099	42.668	14.3102	3.93167	0	0	0	0	0	0	0	0	0	0	0	0	0	0	0	0	0
00.000,00.000	7.4	0	-200	0	4.5	61.4062	42.8993	14.3336	4.17337	0	0	0	0	0	0	0	0	0	0	0	0	0	0	0	0	0
00.000,00.000	7.5	0	-200	0	4.5	61.9265	43.1535	14.359	4.41405	0	0	0	0	0	0	0	0	0	0	0	0	0	0	0	0	0
00.000,00.000	7.6	0	-200	0	4.5	62.4837	43.4413	14.388	4.65432	0	0	0	0	0	0	0	0	0	0	0	0	0	0	0	0	0
00.000,00.000	7.7	0	-200	0	4.5	63.0817	43.7663	14.4213	4.89401	0	0	0	0	0	0	0	0	0	0	0	0	0	0	0	0	0
00.000,00.000	7.8	0	-200	0	4.5	63.7223	44.1306	14.4584	5.13318	0	0	0	0	0	0	0	0	0	0	0	0	0	0	0	0	0
00.000,00.000	7.9	0	-200	0	4.5	64.4157	44.5429	14.5006	5.37214	0	0	0	0	0	0	0	0	0	0	0	0	0	0	0	0	0
00.000,00.000	8	0	-200	0	4.5	65.161	45.0038	14.5467	5.61051	0	0	0	0	0	0	0	0	0	0	0	0	0	0	0	0	0
00.000,00.000	8.1	0	-200	0	4.5	65.9597	45.5146	14.5969	5.84819	0	0	0	0	0	0	0	0	0	0	0	0	0	0	0	0	0
00.000,00.000	8.2	0	-200	0	4.5	66.5861	46.0785	14.6511	5.85652	0	0	0	0	0	0	0	0	0	0	0	0	0	0	0	0	0
00.000,00.000	8.3	0	-200	0	4.5	67.2567	46.695	14.7096	5.85219	0	0	0	0	0	0	0	0	0	0	0	0	0	0	0	0	0
00.000,00.000	8.4	0	-200	0	4.5	67.9879	47.3637	14.772	5.85219	0	0	0	0	0	0	0	0	0	0	0	0	0	0	0	0	0
00.000,00.000	8.5	0	-200	0	4.5	68.7504	48.061	14.8372	5.85219	0	0	0	0	0	0	0	0	0	0	0	0	0	0	0	0	0
00.000,00.000	8.6	0	-200	0	4.5	69.5688	48.8097	14.9069	5.85219	0	0	0	0	0	0	0	0	0	0	0	0	0	0	0	0	0
00.000,00.000	8.7	0	-200	0	4.5	70.4367	49.6041	14.9804	5.85219	0	0	0	0	0	0	0	0	0	0	0	0	0	0	0	0	0
00.000,00.000	8.8	0	-200	0	4.5	71.358	50.4468	15.0589	5.85219	0	0	0	0	0	0	0	0	0	0	0	0	0	0	0	0	0
00.000,00.000	8.9	0	-200	0	4.5	72.3453	51.3515	15.1416	5.85219	0	0	0	0	0	0	0	0	0	0	0	0	0	0	0	0	0
00.000,00.000	9	0	-200	0	4.5	73.389	52.3081	15.2287	5.85219	0	0	0	0	0	0	0	0	0	0	0	0	0	0	0	0	0
00.000,00.000	9.1	0	-200	0	4.5	74.5053	53.332	15.3211	5.85219	0	0	0	0	0	0	0	0	0	0	0	0	0	0	0	0	0
00.000,00.000	9.2	0	-200	0	4.5	75.7005	54.4297	15.4186	5.85219	0	0	0	0	0	0	0	0	0	0	0	0	0	0	0	0	0
00.000,00.000	9.3	0	-200	0	4.5	76.9793	55.6059	15.5212	5.85219	0	0	0	0	0	0	0	0	0	0	0	0	0	0	0	0	0
00.000,00.000	9.4	0	-200	0	4.5	78.3444	56.8618	15.6305	5.85219	0	0	0	0	0	0	0	0	0	0	0	0	0	0	0	0	0
00.000,00.000	9.5	0	-200	0	4.5	79.7494	58.1527	15.7445	5.85219	0	0	0	0	0	0	0	0	0	0	0	0	0	0	0	0	0
00.000,00.000	9.6	0	-200	0	4.5	81.2382	59.5208	15.8653	5.85219	0	0	0	0	0	0	0	0	0	0	0	0	0	0	0	0	0
00.000,00.000	9.7	0	-200	0	4.5	82.8021	60.9541	15.9958	5.85219	0	0	0	0	0	0	0	0	0	0	0	0	0	0	0	0	0
00.000,00.000	9.8	0	-200	0	4.5	84.4485	62.4597	16.1366	5.85219	0	0	0	0	0	0	0	0	0	0	0	0	0	0	0	0	0
00.000,00.000	9.9	0	-200	0	4.5	86.2012	64.0566	16.2924	5.85219	0	0	0	0	0	0	0	0	0	0	0	0	0	0	0	0	0
00.000,00.000	10	0	-200	0	4.5	88.0495	65.7352	16.4621	5.85219	0	0	0	0	0	0	0	0	0	0	0	0	0	0	0	0	0
00.000,00.000	10.1	0	-200	0	4.5	90.0038	67.505	16.6466	5.85219	0	0	0	0	0	0	0	0	0	0	0	0	0	0	0	0	0
00.000,00.000	10.2	0	-200	0	4.5	92.0717	69.3726	16.8469	5.85219	0	0	0	0	0	0	0	0	0	0	0	0	0	0	0	0	0
00.000,00.000	10.3	0	-200	0	4.5	94.2549	71.3389	17.0638	5.85219	0	0	0	0	0	0	0	0	0	0	0	0	0	0	0	0	0
00.000,00.000	10.4	0	-200	0	4.5	96.5517	73.4023	17.2972	5.85224	0	0	0	0	0	0	0	0	0	0	0	0	0	0	0	0	0
00.000,00.000	10.5	0	-200	0	4.5	98.89	75.4921	17.5443	5.85366	0	0	0	0	0	0	0	0	0	0	0	0	0	0	0	0	0
00.000,00.000	10.6	0	-200	0	4.5	101.335	77.6705	17.8091	5.85542	0	0	0	0	0	0	0	0	0	0	0	0	0	0	0	0	0
00.000,00.000	10.7	0	-200	0	4.5	103.872	79.9238	18.0898	5.85798	0	0	0	0	0	0	0	0	0	0	0	0	0	0	0	0	0
00.000,00.000	10.8	0	-200	0	4.5	106.513	82.2658	18.386	5.86161	0	0	0	0	0	0	0	0	0	0	0	0	0	0	0	0	0
00.000,00.000	10.9	0	-200	0	4.5	109.295	84.7297	18.6983	5.86693	0	0	0	0	0	0	0	0	0	0	0	0	0	0	0	0	0
00.000,00.000	11	0	-200	0	4.5	112.19	87.2922	19.0242	5.87365	0	0	0	0	0	0	0	0	0	0	0	0	0	0	0	0	0
00.000,00.000	11.1	0	-200	0	4.5	115.211	89.9652	19.3635	5.88204	0	0	0	0	0	0	0	0	0	0	0	0	0	0	0	0	0
00.000,00.000	11.2	0	-200	0	4.5	118.377	92.7791	19.7049	5.89263	0	0	0	0	0	0	0	0	0	0	0	0	0	0	0	0	0
00.000,00.000	11.3	0	-200	0	4.5	121.692	95.7447	20.0426	5.9052	0	0	0	0	0	0	0	0	0	0	0	0	0	0	0	0	0
00.000,00.000	11.4	0	-200	0	4.5	125.157	98.8391	20.3981	5.91985	0	0	0	0	0	0	0	0	0	0	0	0	0	0	0	0	0
00.000,00.000	11.5	0	-200	0	4.5	128.664	101.966	20.7616	5.93668	0	0	0	0	0	0	0	0	0	0	0	0	0	0	0	0	0
00.000,00.000	11.6	0	-200	0	4.5	132.284	105.19	21.1379	5.95553	0	0	0	0	0	0	0	0	0	0	0	0	0	0	0	0	0
00.000,00.000	11.7	0	-200	0	4.5	135.993	108.488	21.5289	5.97652	0	0	0	0	0	0	0	0	0	0	0	0	0	0	0	0	0
00.000,00.000	11.8	0	-200	0	4.5	139.803	111.877	21.9267	6.00004	0	0	0	0	0	0	0	0	0	0	0	0	0	0	0	0	0
00.000,00.000	11.9	0	-200	0	4.5	143.781	115.427	22.3289	6.02583	0	0	0	0	0	0	0	0	0	0	0	0	0	0	0	0	0
00.000,00.000	12	0	-200	0	4.5	147.926	119.13	22.742	6.05392	0	0	0	0	0	0	0	0	0	0	0	0	0	0	0	0	0
00.000,00.000	12.1	0	-200	0	4.5	152.213	122.959	23.1702	6.08435	0	0	0	0	0	0	0	0	0	0	0	0	0	0	0	0	0
00.000,00.000	12.2	0	-200	0	4.5	156.592	126.85	23.6253	6.11711	0	0	0	0	0	0	0	0	0	0	0	0	0	0	0	0	0
00.000,00.000	12.3	0	-200	0	4.5	161.062	130.81	24.1004	6.15226	0	0	0	0	0	0	0	0	0	0	0	0	0	0	0	0	0
00.000,00.000	12.4	0	-200	0	4.5	165.611	134.835	24.5841	6.19151	0	0	0	0	0	0	0	0	0	0	0	0	0	0	0	0	0
00.000,00.000	12.5	0	-200	0	4.5	170.239	138.919	25.0864	6.23379	0	0	0	0	0	0	0	0	0	0	0	0	0	0	0	0	0
00.000,00.000	12.6	0	-200	0	4.5	175.527	143.549	25.6928	6.28547	0	0	0	0	0	0	0	0	0	0	0	0	0	0	0	0	0
00.000,00.000	12.7	0	-200	0	4.5	180.208	147.329	26.5443	6.33499	0	0	0	0	0	0	0	0	0	0	0	0	0	0	0	0	0
00.000,00.000	12.8	0	-200	0	4.5	184.29	150.436	27.4735	6.38054	0	0	0	0	0	0	0	0	0	0	0	0	0	0	0	0	0
00.000,00.000	12.9	0	-200	0	4.5	189.141	154.071	28.633	6.43723	0	0	0	0	0	0	0	0	0	0	0	0	0	0	0	0	0
00.000,00.000	13	0	-200	0	4.5	194.193	157.592	30.1027	6.49883	0	0	0	0	0	0	0	0	0	0	0	0	0	0	0	0	0
00.000,00.000	13.1	0	-200	0	4.5	199.183	161.105	31.5149	6.56309	0	0	0	0	0	0	0	0	0	0	0	0	0	0	0	0	0
00.000,00.000	13.2	0	-200	0	4.5	204.216	164.682	32.9039	6.63048	0	0	0	0	0	0	0	0	0	0	0	0	0	0	0	0	0
00.000,00.000	13.3	0	-200	0	4.5	209.336	168.334	34.3001	6.70174	0	0	0	0	0	0	0	0	0	0	0	0	0	0	0	0	0
00.000,00.000	13.4	0	-200	0	4.5	214.551	172.034	35.7399	6.77674	0	0	0	0	0	0	0	0	0	0	0	0	0	0	0	0	0
00.000,00.000	13.5	0	-200	0	4.5	220.249	176.078	37.3103	6.86151	0	0	0	0	0	0	0	0	0	0	0	0	0	0	0	0	0
00.000,00.000	13.6	0	-200	0	4.5	226.583	180.583	39.0455	6.95428	0	0	0	0	0	0	0	0	0	0	0	0	0	0	0	0	0
00.000,00.000	13.7	0	-200	0	4.5	231.832	184.305	40.4918	7.03463	0	0	0	0	0	0	0	0	0	0	0	0	0	0	0	0	0
00.000,00.000	13.8	0	-200	0	4.5	236.175	187.376	41.6944	7.10397	0	0	0	0	0	0	0	0	0	0	0	0	0	0	0	0	0
00.000,00.000	13.9	0	-200	0	4.5	241.161	190.908	43.067	7.18534	0	0	0	0	0	0	0	0	0	0	0	0	0	0	0	0	0
00.000,00.000	14	0	-200	0	4.5	247.084	195.075	44.7269	7.28271	0	0	0	0	0	0	0	0	0	0	0	0	0	0	0	0	0
00.000,00.000	14.1	0	-200	0	4.5	252.756	199.019	46.3593	7.37789	0	0	0	0	0	0	0	0	0	0	0	0	0	0	0	0	0
00.000,00.000	14.2	0	-200	0	4.5	258.281	202.853	47.9539	7.47399	0	0	0	0	0	0	0	0	0	0	0	0	0	0	0	0	0
00.000,00.000	14.3	0	-200	0	4.5	263.823	206.72	49.5302	7.57323	0	0	0	0	0	0	0	0	0	0	0	0	0	0	0	0	0
00.000,00.000	14.4	0	-200	0	4.5	269.355	210.564	51.1158	7.67525	0	0	0	0	0	0	0	0	0	0	0	0	0	0	0	0	0
00.000,00.000	14.5	0	-200	0	4.5	276.839	215.723	53.2964	7.81977	0	0	0	0	0	0	0	0	0	0	0	0	0	0	0	0	0
00.000,00.000	14.6	0	-200	0	4.5	283.256	220.102	55.2108	7.94275	0	0	0	0	0	0	0	0	0	0	0	0	0	0	0	0	0
00.000,00.000	14.7	0	-200	0	4.5	288.802	223.846	56.9108	8.04471	0	0	0	0	0	0	0	0	0	0	0	0	0	0	0	0	0
00.000,00.000	14.8	0	-200	0	4.5	293.963	227.31	58.5026	8.1503	0	0	0	0	0	0	0	0	0	0	0	0	0	0	0	0	0
00.000,00.000	14.9	0	-200	0	4.5	297.034	229.365	59.4553	8.2142	0	0	0	0	0	0	0	0	0	0	0	0	0	0	0	0	0
00.000,00.000	15	0	-200	0	4.5	303.23	233.472	61.4039	8.35324	0	0	0	0	0	0	0	0	0	0	0	0	0	0	0	0	0
00.000,00.000	15.1	0	-200	0	4.5	308.727	237.083	63.1634	8.4803	0	0	0	0	0	0	0	0	0	0	0	0	0	0	0	0	0
00.000,00.000	15.2	0	-200	0	4.5	313.734	240.326	64.8111	8.597	0	0	0	0	0	0	0	0	0	0	0	0	0	0	0	0	0
00.000,00.000	15.3	0	-200	0	4.5	318.726	243.517	66.4922	8.71657	0	0	0	0	0	0	0	0	0	0	0	0	0	0	0	0	0
00.000,00.000	15.4	0	-200	0	4.5	323.628	246.631	68.1586	8.83864	0	0	0	0	0	0	0	0	0	0	0	0	0	0	0	0	0
00.000,00.000	15.5	0	-200	0	4.5	333.833	253.021	71.7055	9.10641	0	0	0	0	0	0	0	0	0	0	0	0	0	0	0	0	0
00.000,00.000	15.6	0	-200	0	4.5	335.815	254.22	72.4422	9.15273	0	0	0	0	0	0	0	0	0	0	0	0	0	0	0	0	0
00.000,00.000	15.7	0	-200	0	4.5	339.946	256.717	73.9644	9.2648	0	0	0	0	0	0	0	0	0	0	0	0	0	0	0	0	0
00.000,00.000	15.8	0	-200	0	4.5	340.866	257.26	74.3175	9.28854	0	0	0	0	0	0	0	0	0	0	0	0	0	0	0	0	0
00.000,00.000	15.9	0	-200	0	4.5	344.496	259.399	75.7088	9.38758	0	0	0	0	0	0	0	0	0	0	0	0	0	0	0	0	0
00.000,00.000	16	0	-200	0	4.5	350.635	262.988	78.0555	9.59143	0	0	0	0	0	0	0	0	0	0	0	0	0	0	0	0	0
00.000,00.000	16.1	0	-200	0	4.5	355.431	265.758	79.6602	10.0125	0	0	0	0	0	0	0	0	0	0	0	0	0	0	0	0	0
00.000,00.000	16.2	0	-200	0	4.5	359.752	268.225	81.1342	10.3932	0	0	0	0	0	0	0	0	0	0	0	0	0	0	0	0	0
00.000,00.000	16.3	0	-200	0	4.5	363.998	270.603	82.6145	10.7806	0	0	0	0	0	0	0	0	0	0	0	0	0	0	0	0	0
00.000,00.000	16.4	0	-200	0	4.5	368.187	272.932	83.9552	11.3001	0	0	0	0	0	0	0	0	0	0	0	0	0	0	0	0	0
00.000,00.000	16.5	0	-200	0	4.5	380.484	279.723	87.5662	13.1947	0	0	0	0	0	0	0	0	0	0	0	0	0	0	0	0	0
00.000,00.000	16.6	0	-200	0	4.5	382.841	280.934	88.3369	13.5703	0	0	0	0	0	0	0	0	0	0	0	0	0	0	0	0	0
00.000,00.000	16.7	0	-200	0	4.5	401.489	290.591	93.3107	17.5875	0	0	0	0	0	0	0	0	0	0	0	0	0	0	0	0	0
00.000,00.000	16.8	0	-200	0	4.5	405.685	292.612	94.5067	18.5666	0	0	0	0	0	0	0	0	0	0	0	0	0	0	0	0	0
00.000,00.000	16.9	0	-200	0	4.5	416.327	297.805	97.4023	21.1206	0	0	0	0	0	0	0	0	0	0	0	0	0	0	0	0	0
00.000,00.000	17	0	-200	0	4.5	422.604	301.044	99.0199	22.5407	0	0	0	0	0	0	0	0	0	0	0	0	0	0	0	0	0
00.000,00.000	17.1	0	-200	0	4.5	426.52	303.061	100.035	23.423	0	0	0	0	0	0	0	0	0	0	0	0	0	0	0	0	0
00.000,00.000	17.2	0	-200	0	4.5	430.451	305.058	101.097	24.2958	0	0	0	0	0	0	0	0	0	0	0	0	0	0	0	0	0
00.000,00.000	17.3	0	-200	0	4.5	434.382	307.064	102.152	25.1663	0	0	0	0	0	0	0	0	0	0	0	0	0	0	0	0	0
00.000,00.000	17.4	0	-200	0	4.5	438.349	309.093	103.217	26.0397	0	0	0	0	0	0	0	0	0	0	0	0	0	0	0	0	0
00.000,00.000	17.5	0	-200	0	4.5	452.461	316.265	107.037	29.1584	0	0	0	0	0	0	0	0	0	0	0	0	0	0	0	0	0
00.000,00.000	17.6	0	-200	0	4.5	455.251	317.693	107.787	29.7711	0	0	0	0	0	0	0	0	0	0	0	0	0	0	0	0	0
00.000,00.000	17.7	0	-200	0	4.5	472.817	325.691	113.015	34.1109	0	0	0	0	0	0	0	0	0	0	0	0	0	0	0	0	0
00.000,00.000	17.8	0	-200	0	4.5	477.098	327.831	114.206	35.0607	0	0	0	0	0	0	0	0	0	0	0	0	0	0	0	0	0
00.000,00.000	17.9	0	-200	0	4.5	490.771	333.695	118.589	38.4834	0.00290997	0	0	0	0	0	0	0	0	0	0	0	0	0	0	0	0
00.000,00.000	18	0	-200	0	4.5	497.255	336.541	120.694	39.5607	0.459531	0	0	0	0	0	0	0	0	0	0	0	0	0	0	0	0
00.000,00.000	18.1	0	-200	0	4.5	500.778	338.233	121.766	40.0968	0.682381	0	0	0	0	0	0	0	0	0	0	0	0	0	0	0	0
00.000,00.000	18.2	0	-200	0	4.5	504.611	340.277	122.851	40.5883	0.894077	0	0	0	0	0	0	0	0	0	0	0	0	0	0	0	0
00.000,00.000	18.3	0	-200	0	4.5	509.743	342.84	124.416	41.2909	1.19603	0	0	0	0	0	0	0	0	0	0	0	0	0	0	0	0
00.000,00.000	18.4	0	-200	0	4.5	513.828	344.875	125.674	41.8084	1.47043	0	0	0	0	0	0	0	0	0	0	0	0	0	0	0	0
00.000,00.000	18.5	0	-200	0	4.5	535.945	355.547	132.744	43.7652	3.88839	0	0	0	0	0	0	0	0	0	0	0	0	0	0	0	0
00.000,00.000	18.6	0	-200	0	4.5	540.403	357.76	134.085	44.1717	4.38755	0	0	0	0	0	0	0	0	0	0	0	0	0	0	0	0
00.000,00.000	18.7	0	-200	0	4.5	581.328	372.91	151.02	46.8234	10.5745	0	0	0	0	0	0	0	0	0	0	0	0	0	0	0	0
00.000,00.000	18.8	0	-200	0	4.5	592.38	375.697	157.73	47.0867	11.8657	0	0	0	0	0	0	0	0	0	0	0	0	0	0	0	0
00.000,00.000	18.9	0	-200	0	4.5	615.439	382.244	171.344	47.9401	13.9103	0	0	0	0	0	0	0	0	0	0	0	0	0	0	0	0
00.000,00.000	19	0	-200	0	4.5	623.802	384.244	176.48	48.3068	14.7713	0	0	0	0	0	0	0	0	0	0	0	0	0	0	0	0
00.000,00.000	19.1	0	-200	0	4.5	628.095	385.281	179.095	48.5312	15.1882	0	0	0	0	0	0	0	0	0	0	0	0	0	0	0	0
00.000,00.000	19.2	0	-200	0	4.5	632.602	386.376	181.82	48.7853	15.6205	0	0	0	0	0	0	0	0	0	0	0	0	0	0	0	0
00.000,00.000	19.3	0	-200	0	4.5	637.028	387.466	184.471	49.0531	16.0372	0	0	0	0	0	0	0	0	0	0	0	0	0	0	0	0
00.000,00.000	19.4	0	-200	0	4.5	641.576	388.582	187.194	49.3466	16.4531	0	0	0	0	0	0	0	0	0	0	0	0	0	0	0	0
00.000,00.000	19.5	0	-200	0	4.5	646.345	389.729	190.052	49.6751	16.7936	0.0944875	0	0	0	0	0	0	0	0	0	0	0	0	0	0	0
00.000,00.000	19.6	0	-200	0	4.5	650.702	390.756	192.658	49.997	16.9832	0.30863	0	0	0	0	0	0	0	0	0	0	0	0	0	0	0
00.000,00.000	19.7	0	-200	0	4.5	655.195	391.875	195.289	50.3386	17.1742	0.51846	0	0	0	0	0	0	0	0	0	0	0	0	0	0	0
00.000,00.000	19.8	0	-200	0	4.5	659.76	392.973	197.972	50.7093	17.3707	0.734244	0	0	0	0	0	0	0	0	0	0	0	0	0	0	0
00.000,00.000	19.9	0	-200	0	4.5	681.537	398.456	210.199	52.6826	18.368	1.83135	0	0	0	0	0	0	0	0	0	0	0	0	0	0	0
00.000,00.000	20	0	-200	0	4.5	686.178	399.761	212.689	53.1022	18.5716	2.05447	0	0	0	0	0	0	0	0	0	0	0	0	0	0	0
00.000,00.000	20.1	0	-200	0	4.5	701.121	404.229	220.425	54.521	19.2046	2.74187	0	0	0	0	0	0	0	0	0	0	0	0	0	0	0
00.000,00.000	20.2	0	-200	0	4.5	709.251	406.741	224.253	55.5963	19.5479	3.1126	0	0	0	0	0	0	0	0	0	0	0	0	0	0	0
00.000,00.000	20.3	0	-200	0	4.5	714.001	408.3	226.305	56.3376	19.7404	3.31794	0	0	0	0	0	0	0	0	0	0	0	0	0	0	0
00.000,00.000	20.4	0	-200	0	4.5	723.612	411.645	230.069	58.0034	20.1627	3.73178	0	0	0	0	0	0	0	0	0	0	0	0	0	0	0
00.000,00.000	20.5	0	-200	0	4.5	725.739	412.439	230.866	58.3413	20.2668	3.82627	0	0	0	0	0	0	0	0	0	0	0	0	0	0	0
00.000,00.000	20.6	0	-200	0	4.5	732.708	414.977	233.481	59.5258	20.601	4.12323	0	0	0	0	0	0	0	0	0	0	0	0	0	0	0
00.000,00.000	20.7	0	-200	0	4.5	738.611	417.2	235.653	60.5156	20.874	4.36849	0	0	0	0	0	0	0	0	0	0	0	0	0	0	0
00.000,00.000	20.8	0	-200	0	4.5	743.717	419.144	237.426	61.4613	20.9348	4.75121	0	0	0	0	0	0	0	0	0	0	0	0	0	0	0
00.000,00.000	20.9	0	-200	0	4.5	769.618	429.031	245.604	67.063	21.218	6.70228	0	0	0	0	0	0	0	0	0	0	0	0	0	0	0
00.000,00.000	21	0	-200	0	4.5	775.144	431.141	247.393	68.2316	21.2802	7.09809	0	0	0	0	0	0	0	0	0	0	0	0	0	0	0
00.000,00.000	21.1	0	-200	0	4.5	793.164	438.383	253.043	71.9249	21.5163	8.29707	0	0	0	0	0	0	0	0	0	0	0	0	0	0	0
00.000,00.000	21.2	0	-200	0	4.5	803.34	442.463	256.276	73.9873	21.6559	8.95825	0	0	0	0	0	0	0	0	0	0	0	0	0	0	0
00.000,00.000	21.3	0	-200	0	4.5	809.438	444.938	258.207	75.2051	21.7504	9.33721	0	0	0	0	0	0	0	0	0	0	0	0	0	0	0
00.000,00.000	21.4	0	-200	0	4.5	823.409	450.639	262.645	77.9684	21.9807	10.1761	0	0	0	0	0	0	0	0	0	0	0	0	0	0	0
00.000,00.000	21.5	0	-200	0	4.5	826.592	451.926	263.677	78.5901	22.0356	10.3636	0	0	0	0	0	0	0	0	0	0	0	0	0	0	0
00.000,00.000	21.6	0	-200	0	4.5	836.801	456.053	266.949	80.6046	22.2384	10.9553	0	0	0	0	0	0	0	0	0	0	0	0	0	0	0
00.000,00.000	21.7	0	-200	0	4.5	869.533	467.594	277.918	87.8661	23.023	13.1313	0	0	0	0	0	0	0	0	0	0	0	0	0	0	0
00.000,00.000	21.8	0	-200	0	4.5	880.64	472.08	281.394	90.1384	23.2713	13.7572	0	0	0	0	0	0	0	0	0	0	0	0	0	0	0
00.000,00.000	21.9	0	-200	0	4.5	880.926	472.186	281.489	90.1991	23.2787	13.7731	0	0	0	0	0	0	0	0	0	0	0	0	0	0	0
00.000,00.000	22	0	-200	0	4.5	883.041	473.059	282.156	90.6154	23.3327	13.8781	0	0	0	0	0	0	0	0	0	0	0	0	0	0	0
00.000,00.000	22.1	0	-200	0	4.5	902.333	481.084	288.407	94.119	23.8658	14.5781	0.279739	0	0	0	0	0	0	0	0	0	0	0	0	0	0
00.000,00.000	22.2	0	-200	0	4.5	913.3	485.49	292.141	96.0544	24.1921	14.8487	0.574549	0	0	0	0	0	0	0	0	0	0	0	0	0	0
00.000,00.000	22.3	0	-200	0	4.5	920.342	488.468	294.464	97.0329	24.6144	15.0112	0.752269	0	0	0	0	0	0	0	0	0	0	0	0	0	0
00.000,00.000	22.4	0	-200	0	4.5	943.372	498.215	302.078	100.173	26.0596	15.5287	1.31852	0	0	0	0	0	0	0	0	0	0	0	0	0	0
00.000,00.000	22.5	0	-200	0	4.5	949.092	500.607	303.987	100.961	26.4225	15.656	1.45829	0	0	0	0	0	0	0	0	0	0	0	0	0	0
00.000,00.000	22.6	0	-200	0	4.5	962.099	505.899	308.399	102.797	27.2789	15.946	1.77888	0	0	0	0	0	0	0	0	0	0	0	0	0	0
00.000,00.000	22.7	0	-200	0	4.5	1002.45	519.872	322.748	109.482	30.3996	17.0006	2.95232	0	0	0	0	0	0	0	0	0	0	0	0	0	0
00.000,00.000	22.8	0	-200	0	4.5	1045.15	537.799	336.789	115.654	33.0885	17.8876	3.9305	0	0	0	0	0	0	0	0	0	0	0	0	0	0
00.000,00.000	22.9	0	-200	0	4.5	1048.71	539.102	338.085	116.211	33.3334	17.9649	4.01528	0	0	0	0	0	0	0	0	0	0	0	0	0	0
00.000,00.000	23	0	-200	0	4.5	1104.72	556.474	361.718	124.949	37.1258	19.164	5.28435	0	0	0	0	0	0	0	0	0	0	0	0	0	0
00.000,00.000	23.1	0	-200	0	4.5	1129.1	563.07	373.025	128.736	38.7644	19.335	6.16988	0	0	0	0	0	0	0	0	0	0	0	0	0	0
00.000,00.000	23.2	0	-200	0	4.5	1137.78	565.389	377.074	130.116	39.3344	19.3747	6.49588	0	0	0	0	0	0	0	0	0	0	0	0	0	0
00.000,00.000	23.3	0	-200	0	4.5	1147.02	567.89	381.331	131.601	39.9436	19.4153	6.84011	0	0	0	0	0	0	0	0	0	0	0	0	0	0
00.000,00.000	23.4	0	-200	0	4.5	1163.48	572.617	388.646	134.235	41.0442	19.4861	7.4549	0	0	0	0	0	0	0	0	0	0	0	0	0	0
00.000,00.000	23.5	0	-200	0	4.5	1167.32	573.714	390.355	134.853	41.2958	19.5012	7.60073	0	0	0	0	0	0	0	0	0	0	0	0	0	0
00.000,00.000	23.6	0	-200	0	4.5	1201.37	582.804	405.436	140.688	43.7788	19.678	8.98866	0	0	0	0	0	0	0	0	0	0	0	0	0	0
00.000,00.000	23.7	0	-200	0	4.5	1210.07	585.322	409.23	142.115	44.3627	19.7237	9.31384	0	0	0	0	0	0	0	0	0	0	0	0	0	0
00.000,00.000	23.8	0	-200	0	4.5	1210.93	585.568	409.61	142.259	44.423	19.7293	9.3456	0	0	0	0	0	0	0	0	0	0	0	0	0	0
00.000,00.000	23.9	0	-200	0	4.5	1251.32	597.641	426.843	148.808	47.2493	20.0085	10.7666	0	0	0	0	0	0	0	0	0	0	0	0	0	0
00.000,00.000	24	0	-200	0	4.5	1261.57	600.773	431.09	150.506	47.7699	20.2983	11.1305	0	0	0	0	0	0	0	0	0	0	0	0	0	0
00.000,00.000	24.1	0	-200	0	4.5	1284.92	607.997	440.761	154.337	49.0287	20.8884	11.9085	0	0	0	0	0	0	0	0	0	0	0	0	0	0
00.000,00.000	24.2	0	-200	0	4.5	1299.82	612.73	446.662	156.858	49.8171	21.3354	12.4147	0	0	0	0	0	0	0	0	0	0	0	0	0	0
00.000,00.000	24.3	0	-200	0	4.5	1310.52	616.181	450.886	158.633	50.3978	21.6553	12.6379	0.126951	0	0	0	0	0	0	0	0	0	0	0	0	0
00.000,00.000	24.4	0	-200	0	4.5	1321.54	619.766	455.203	160.474	50.9937	21.984	12.8263	0.28997	0	0	0	0	0	0	0	0	0	0	0	0	0
00.000,00.000	24.5	0	-200	0	4.5	1332.66	623.449	459.455	162.363	51.6058	22.3208	12.9907	0.476646	0	0	0	0	0	0	0	0	0	0	0	0	0
00.000,00.000	24.6	0	-200	0	4.5	1343.76	627.186	463.568	164.286	52.2335	22.6671	13.1561	0.66446	0	0	0	0	0	0	0	0	0	0	0	0	0
00.000,00.000	24.7	0	-200	0	4.5	1354.94	631.025	467.681	166.184	52.8674	23.0153	13.3182	0.848623	0	0	0	0	0	0	0	0	0	0	0	0	0
00.000,00.000	24.8	0	-200	0	4.5	1366.4	635	471.858	168.125	53.5241	23.3758	13.4825	1.03526	0	0	0	0	0	0	0	0	0	0	0	0	0
00.000,00.000	24.9	0	-200	0	4.5	1406.08	649.065	485.978	174.856	55.8328	24.6421	14.0262	1.67659	0	0	0	0	0	0	0	0	0	0	0	0	0
00.000,00.000	25	0	-200	0	4.5	1414.44	652.113	488.962	176.254	56.3645	24.9095	14.0262	1.80982	0	0	0	0	0	0	0	0	0	0	0	0	0
00.000,00.000	25.1	0	-200	0	4.5	1441.71	662.246	498.194	181.123	58.1092	25.7799	14.0288	2.22567	0	0	0	0	0	0	0	0	0	0	0	0	0
00.000,00.000	25.2	0	-200	0	4.5	1459.47	668.931	503.943	184.42	59.2953	26.353	14.0312	2.49535	0	0	0	0	0	0	0	0	0	0	0	0	0
00.000,00.000	25.3	0	-200	0	4.5	1471.88	673.653	507.908	186.726	60.1248	26.7575	14.0345	2.67993	0	0	0	0	0	0	0	0	0	0	0	0	0
00.000,00.000	25.4	0	-200	0	4.5	1500.77	684.686	517.055	192.045	62.1235	27.7097	14.0449	3.10286	0	0	0	0	0	0	0	0	0	0	0	0	0
00.000,00.000	25.5	0	-200	0	4.5	1512.66	689.22	520.848	194.188	62.9746	28.1048	14.0498	3.27719	0	0	0	0	0	0	0	0	0	0	0	0	0
00.000,00.000	25.6	0	-200	0	4.5	1512.63	689.205	520.852	194.162	62.9785	28.1048	14.0498	3.27719	0	0	0	0	0	0	0	0	0	0	0	0	0
00.000,00.000	25.7	0	-200	0	4.5	1512.88	689.3	520.928	194.207	62.9966	28.1132	14.05	3.28068	0	0	0	0	0	0	0	0	0	0	0	0	0
00.000,00.000	25.8	0	-200	0	4.5	1588.83	718.858	544.252	207.945	68.5687	30.7389	14.1164	4.34867	0	0	0	0	0	0	0	0	0	0	0	0	0
00.000,00.000	25.9	0	-200	0	4.5	1614.1	728.798	551.788	212.451	70.5369	31.6599	14.1426	4.72136	0	0	0	0	0	0	0	0	0	0	0	0	0
00.000,00.000	26	0	-200	0	4.5	1615.18	729.234	552.11	212.639	70.6195	31.6985	14.1442	4.7363	0	0	0	0	0	0	0	0	0	0	0	0	0
00.000,00.000	26.1	0	-200	0	4.5	1617.66	730.236	552.842	213.061	70.8138	31.7891	14.1485	4.77031	0	0	0	0	0	0	0	0	0	0	0	0	0
00.000,00.000	26.2	0	-200	0	4.5	1620.07	731.195	553.569	213.465	71.0043	31.8778	14.1529	4.80313	0	0	0	0	0	0	0	0	0	0	0	0	0
00.000,00.000	26.3	0	-200	0	4.5	1621.3	731.677	553.955	213.669	71.1017	31.9231	14.1555	4.8194	0	0	0	0	0	0	0	0	0	0	0	0	0
00.000,00.000	26.4	0	-200	0	4.5	1621.5	731.751	554.019	213.7	71.1177	31.9306	14.1559	4.82205	0	0	0	0	0	0	0	0	0	0	0	0	0
00.000,00.000	26.5	0	-200	0	4.5	1622.42	732.116	554.307	213.851	71.1928	31.9655	14.1582	4.83396	0	0	0	0	0	0	0	0	0	0	0	0	0
00.000,00.000	26.6	0	-200	0	4.5	1623.84	732.662	554.75	214.082	71.3125	32.0215	14.1621	4.85283	0	0	0	0	0	0	0	0	0	0	0	0	0
00.000,00.000	26.7	0	-200	0	4.5	1664.19	748.528	567.26	220.453	74.6983	33.5995	14.2794	5.36773	0	0	0	0	0	0	0	0	0	0	0	0	0
00.000,00.000	26.8	0	-200	0	4.5	1686.98	757.544	574.059	224.082	76.7307	34.5418	14.3521	5.67202	0	0	0	0	0	0	0	0	0	0	0	0	0
00.000,00.000	26.9	0	-200	0	4.5	1723.9	770.974	586.183	229.945	80.0746	36.0837	14.4798	6.15754	0	0	0	0	0	0	0	0	0	0	0	0	0
00.000,00.000	27	0	-200	0	4.5	1732.02	773.731	589.054	231.202	80.834	36.4281	14.5088	6.26426	0	0	0	0	0	0	0	0	0	0	0	0	0
00.000,00.000	27.1	0	-200	0	4.5	1757.45	782.123	598.123	235.206	83.2655	37.5327	14.6087	6.59463	0	0	0	0	0	0	0	0	0	0	0	0	0
00.000,00.000	27.2	0	-200	0	4.5	1775.38	787.896	604.478	238.06	85.0775	38.3376	14.6933	6.83371	0	0	0	0	0	0	0	0	0	0	0	0	0
00.000,00.000	27.3	0	-200	0	4.5	1784.3	790.814	607.554	239.49	85.981	38.6578	14.8476	6.95349	0	0	0	0	0	0	0	0	0	0	0	0	0
00.000,00.000	27.4	0	-200	0	4.5	1785.36	791.17	607.893	239.665	86.068	38.7168	14.8775	6.96845	0	0	0	0	0	0	0	0	0	0	0	0	0
00.000,00.000	27.5	0	-200	0	4.5	1878.5	822.458	637.637	254.968	96.0505	42.4856	16.6476	8.25269	0	0	0	0	0	0	0	0	0	0	0	0	0
00.000,00.000	27.6	0	-200	0	4.5	1907.11	831.991	646.414	259.614	99.5512	43.6167	17.2606	8.56993	0.0960931	0	0	0	0	0	0	0	0	0	0	0	0
00.000,00.000	27.7	0	-200	0	4.5	1908.36	832.418	646.8	259.803	99.7047	43.666	17.2871	8.57783	0.105177	0	0	0	0	0	0	0	0	0	0	0	0
00.000,00.000	27.8	0	-200	0	4.5	1939.2	842.966	656.339	264.241	103.672	44.9219	17.96	8.7073	0.396039	0	0	0	0	0	0	0	0	0	0	0	0
00.000,00.000	27.9	0	-200	0	4.5	1948.51	846.172	659.193	265.485	104.95	45.3125	18.1689	8.7073	0.52524	0	0	0	0	0	0	0	0	0	0	0	0
00.000,00.000	28	0	-200	0	4.5	1949.74	846.603	659.573	265.647	105.11	45.3637	18.1959	8.7073	0.541305	0	0	0	0	0	0	0	0	0	0	0	0
00.000,00.000	28.1	0	-200	0	4.5	1951.09	847.08	659.988	265.822	105.284	45.4207	18.2257	8.7073	0.558638	0	0	0	0	0	0	0	0	0	0	0	0
00.000,00.000	28.2	0	-200	0	4.5	1952.28	847.507	660.354	265.975	105.438	45.472	18.2525	8.7073	0.5738	0	0	0	0	0	0	0	0	0	0	0	0
00.000,00.000	28.3	0	-200	0	4.5	1953.34	847.89	660.676	266.108	105.574	45.5181	18.2763	8.7073	0.587013	0	0	0	0	0	0	0	0	0	0	0	0
00.000,00.000	28.4	0	-200	0	4.5	1953.5	847.95	660.726	266.128	105.595	45.5254	18.2801	8.7073	0.589082	0	0	0	0	0	0	0	0	0	0	0	0
00.000,00.000	28.5	0	-200	0	4.5	2049.13	883.38	689.158	277.948	117.799	49.868	20.5034	8.7073	1.76214	0	0	0	0	0	0	0	0	0	0	0	0
00.000,00.000	28.6	0	-200	0	4.5	2085.77	895.393	700.13	282.807	123.157	51.7866	21.5035	8.70756	2.28595	0	0	0	0	0	0	0	0	0	0	0	0
00.000,00.000	28.7	0	-200	0	4.5	2182.52	933.537	725.121	295.001	135.919	56.6254	24.033	8.71482	3.57027	0	0	0	0	0	0	0	0	0	0	0	0
00.000,00.000	28.8	0	-200	0	4.5	2200.32	939.926	729.963	297.28	138.333	57.5956	24.534	8.87198	3.81959	0	0	0	0	0	0	0	0	0	0	0	0
00.000,00.000	28.9	0	-200	0	4.5	2200.92	940.173	730.115	297.35	138.407	57.6259	24.5496	8.87754	3.827	0	0	0	0	0	0	0	0	0	0	0	0
00.000,00.000	29	0	-200	0	4.5	2217.07	946.664	734.325	299.211	140.353	58.464	24.9803	9.04389	4.02468	0	0	0	0	0	0	0	0	0	0	0	0
00.000,00.000	29.1	0	-200	0	4.5	2252.09	960.595	743.481	303.28	144.566	60.3345	25.9409	9.43348	4.45512	0	0	0	0	0	0	0	0	0	0	0	0
00.000,00.000	29.2	0	-200	0	4.5	2271.86	968.947	748.358	305.492	146.855	61.3788	26.4772	9.66167	4.68967	0	0	0	0	0	0	0	0	0	0	0	0
00.000,00.000	29.3	0	-200	0	4.5	2287.27	975.561	752.135	307.191	148.578	62.1962	26.8969	9.83908	4.86765	0	0	0	0	0	0	0	0	0	0	0	0
00.000,00.000	29.4	0	-200	0	4.5	2325.69	992.262	761.476	311.283	152.822	64.2821	27.9677	10.2879	5.3081	0	0	0	0	0	0	0	0	0	0	0	0
00.000,00.000	29.5	0	-200	0	4.5	2348.83	1002.51	766.967	313.683	155.363	65.5528	28.6204	10.5609	5.57129	0	0	0	0	0	0	0	0	0	0	0	0
00.000,00.000	29.6	0	-200	0	4.5	2364.4	1009.32	770.66	315.325	157.078	66.4381	29.0758	10.7523	5.75108	0	0	0	0	0	0	0	0	0	0	0	0
00.000,00.000	29.7	0	-200	0	4.5	2434.28	1037.14	786.779	323.448	165.828	71.1091	31.0497	12.2248	6.70151	0	0	0	0	0	0	0	0	0	0	0	0
00.000,00.000	29.8	0	-200	0	4.5	2475.07	1055.95	795.715	327.554	170.161	73.4968	31.7647	13.2535	7.17156	0	0	0	0	0	0	0	0	0	0	0	0
00.000,00.000	29.9	0	-200	0	4.5	2475.24	1056.03	795.753	327.572	170.179	73.5073	31.7678	13.258	7.17358	0	0	0	0	0	0	0	0	0	0	0	0
00.000,00.000	30	0	-200	0	4.5	2552.04	1090.39	813.615	335.451	177.744	78.3929	33.2003	14.5623	8.67754	0	0	0	0	0	0	0	0	0	0	0	0
00.000,00.000	30.1	0	-200	0	4.5	2586.44	1104.12	822.649	339.232	180.937	81.0445	33.888	15.1241	9.44926	0	0	0	0	0	0	0	0	0	0	0	0
00.000,00.000	30.2	0	-200	0	4.5	2600.93	1109.71	826.552	340.867	182.276	82.1857	34.1962	15.3714	9.77922	0	0	0	0	0	0	0	0	0	0	0	0
00.000,00.000	30.3	0	-200	0	4.5	2615.43	1115.2	830.576	342.501	183.579	83.326	34.5126	15.6221	10.1072	0	0	0	0	0	0	0	0	0	0	0	0
00.000,00.000	30.4	0	-200	0	4.5	2629.94	1120.8	834.519	344.146	184.865	84.4551	34.8397	15.8783	10.2764	0.159476	0	0	0	0	0	0	0	0	0	0	0
00.000,00.000	30.5	0	-200	0	4.5	2644.5	1126.49	838.395	345.789	186.142	85.6001	35.1787	16.1415	10.4323	0.334372	0	0	0	0	0	0	0	0	0	0	0
00.000,00.000	30.6	0	-200	0	4.5	2719.37	1152.07	857.666	355.188	193.792	92.6723	37.3303	17.8159	11.4712	1.36634	0	0	0	0	0	0	0	0	0	0	0
00.000,00.000	30.7	0	-200	0	4.5	2735.79	1158.62	861.563	357.1	195.289	94.0475	37.7589	18.1554	11.6667	1.58511	0	0	0	0	0	0	0	0	0	0	0
00.000,00.000	30.8	0	-200	0	4.5	2736.17	1158.77	861.658	357.145	195.324	94.0811	37.7699	18.1637	11.6713	1.59024	0	0	0	0	0	0	0	0	0	0	0
00.000,00.000	30.9	0	-200	0	4.5	2784.66	1179.44	872.778	362.44	199.361	98.0192	39.0508	19.1603	12.2112	2.1948	0	0	0	0	0	0	0	0	0	0	0
00.000,00.000	31	0	-200	0	4.5	2797.54	1184.85	875.794	363.94	200.415	99.0796	39.3823	19.3599	12.3588	2.35947	0	0	0	0	0	0	0	0	0	0	0
00.000,00.000	31.1	0	-200	0	4.5	2839.81	1202.25	886.246	368.77	203.791	102.611	40.6055	19.7857	12.8472	2.8991	0	0	0	0	0	0	0	0	0	0	0
00.000,00.000	31.2	0	-200	0	4.5	2863.99	1212.86	891.955	371.472	205.629	104.489	41.2822	19.984	13.12	3.19882	0	0	0	0	0	0	0	0	0	0	0
00.000,00.000	31.3	0	-200	0	4.5	2878.06	1219.12	895.246	372.991	206.666	105.585	41.6931	20.1041	13.2772	3.37005	0	0	0	0	0	0	0	0	0	0	0
00.000,00.000	31.4	0	-200	0	4.5	2892.03	1225.25	898.56	374.509	207.691	106.686	42.1176	20.2303	13.4361	3.54157	0	0	0	0	0	0	0	0	0	0	0
00.000,00.000	31.5	0	-200	0	4.5	2906.24	1231.7	901.832	376.036	208.666	107.782	42.5534	20.3616	13.596	3.71266	0	0	0	0	0	0	0	0	0	0	0
00.000,00.000	31.6	0	-200	0	4.5	2973.78	1258.16	917.366	384.364	214.174	114.134	45.1665	21.1553	14.547	4.72101	0	0	0	0	0	0	0	0	0	0	0
00.000,00.000	31.7	0	-200	0	4.5	2988.67	1264.85	920.487	386.035	215.251	115.385	45.6786	21.3188	14.7402	4.92377	0	0	0	0	0	0	0	0	0	0	0
00.000,00.000	31.8	0	-200	0	4.5	2988.94	1264.96	920.545	386.066	215.271	115.409	45.6892	21.322	14.744	4.9276	0	0	0	0	0	0	0	0	0	0	0
00.000,00.000	31.9	0	-200	0	4.5	3028.63	1284.73	928.154	389.988	217.828	118.441	47.087	21.7548	15.2318	5.41517	0	0	0	0	0	0	0	0	0	0	0
00.000,00.000	32	0	-200	0	4.5	3038.51	1289.48	930.064	391.035	218.473	119.236	47.4468	21.8707	15.3612	5.54325	0	0	0	0	0	0	0	0	0	0	0
00.000,00.000	32.1	0	-200	0	4.5	3087.44	1312.1	940.384	396.186	221.656	123.124	49.3525	22.467	16.0098	6.16536	0	0	0	0	0	0	0	0	0	0	0
00.000,00.000	32.2	0	-200	0	4.5	3113.78	1325.01	945.685	398.777	223.252	125.111	50.3375	22.7778	16.3455	6.48295	0	0	0	0	0	0	0	0	0	0	0
00.000,00.000	32.3	0	-200	0	4.5	3128.47	1332.43	948.58	400.172	224.09	126.181	50.8863	22.951	16.5311	6.65303	0	0	0	0	0	0	0	0	0	0	0
00.000,00.000	32.4	0	-200	0	4.5	3143.15	1339.69	951.598	401.566	224.914	127.249	51.4496	23.1304	16.7211	6.82305	0	0	0	0	0	0	0	0	0	0	0
00.000,00.000	32.5	0	-200	0	4.5	3158.21	1347.45	954.591	402.942	225.71	128.292	52.014	23.3118	16.9118	6.98995	0	0	0	0	0	0	0	0	0	0	0
00.000,00.000	32.6	0	-200	0	4.5	3172.85	1354.91	957.385	404.313	226.507	129.352	52.604	23.5034	17.1124	7.16233	0	0	0	0	0	0	0	0	0	0	0
00.000,00.000	32.7	0	-200	0	4.5	3187.64	1362.73	960.185	405.617	227.257	130.352	53.1792	23.6912	17.3061	7.32532	0	0	0	0	0	0	0	0	0	0	0
00.000,00.000	32.8	0	-200	0	4.5	3265.9	1404.01	974.48	412.398	231.313	135.67	56.5997	24.7673	18.418	8.24649	0	0	0	0	0	0	0	0	0	0	0
00.000,00.000	32.9	0	-200	0	4.5	3282.01	1412.67	977.356	413.788	232.083	136.528	57.5235	24.9897	18.643	8.42984	0	0	0	0	0	0	0	0	0	0	0
00.000,00.000	33	0	-200	0	4.5	3335.06	1441.56	987.254	418.147	234.617	139.315	60.1154	25.7146	19.234	9.10947	0	0	0	0	0	0	0	0	0	0	0
00.000,00.000	33.1	0	-200	0	4.5	3363.45	1457.12	992.297	420.53	235.963	140.802	61.5551	26.1438	19.334	9.6441	0.0644554	0	0	0	0	0	0	0	0	0	0
00.000,00.000	33.2	0	-200	0	4.5	3379.5	1465.98	995.184	421.846	236.718	141.607	62.3523	26.3909	19.4156	9.82014	0.194819	0	0	0	0	0	0	0	0	0	0
00.000,00.000	33.3	0	-200	0	4.5	3395.93	1475.04	998.222	423.162	237.473	142.405	63.1594	26.6516	19.4999	9.98445	0.340199	0	0	0	0	0	0	0	0	0	0
00.000,00.000	33.4	0	-200	0	4.5	3412.62	1484.31	1001.3	424.478	238.217	143.195	63.9746	26.9272	19.5857	10.1454	0.49277	0	0	0	0	0	0	0	0	0	0
00.000,00.000	33.5	0	-200	0	4.5	3429.5	1493.75	1004.39	425.786	238.965	143.952	64.8052	27.2143	19.6739	10.3002	0.653707	0	0	0	0	0	0	0	0	0	0
00.000,00.000	33.6	0	-200	0	4.5	3446.14	1503.09	1007.34	427.05	239.714	144.69	65.6826	27.5198	19.7694	10.455	0.826001	0	0	0	0	0	0	0	0	0	0
00.000,00.000	33.7	0	-200	0	4.5	3500.95	1534.39	1016.89	431.039	242.035	147.049	68.5475	28.5584	20.0992	10.9556	1.38337	0	0	0	0	0	0	0	0	0	0
00.000,00.000	33.8	0	-200	0	4.5	3511.94	1540.57	1018.91	431.847	242.483	147.49	69.1338	28.7898	20.1671	11.0553	1.49427	0	0	0	0	0	0	0	0	0	0
00.000,00.000	33.9	0	-200	0	4.5	3515.26	1542.48	1019.51	432.08	242.618	147.619	69.2958	28.8597	20.1885	11.0837	1.52589	0	0	0	0	0	0	0	0	0	0
00.000,00.000	34	0	-200	0	4.5	3538.17	1555.65	1023.7	433.672	243.556	148.496	70.4063	29.3342	20.3395	11.2768	1.74028	0	0	0	0	0	0	0	0	0	0
00.000,00.000	34.1	0	-200	0	4.5	3562.03	1569.4	1028.04	435.33	244.531	149.392	71.561	29.845	20.5022	11.4763	1.96175	0	0	0	0	0	0	0	0	0	0
00.000,00.000	34.2	0	-200	0	4.5	3581.76	1581.13	1031.61	436.605	245.276	150.06	72.4415	30.2572	20.6314	11.6277	2.12962	0	0	0	0	0	0	0	0	0	0
00.000,00.000	34.3	0	-200	0	4.5	3602.36	1593.32	1035.46	437.951	246.034	150.731	73.3352	30.6861	20.7678	11.7808	2.29881	0	0	0	0	0	0	0	0	0	0
00.000,00.000	34.4	0	-200	0	4.5	3623.03	1605.51	1039.29	439.413	246.785	151.386	74.2171	31.1213	20.9072	11.9317	2.46484	0	0	0	0	0	0	0	0	0	0
00.000,00.000	34.5	0	-200	0	4.5	3643.99	1617.88	1043.09	441.037	247.54	152.029	75.0937	31.5653	21.0511	12.0814	2.62885	0	0	0	0	0	0	0	0	0	0
00.000,00.000	34.6	0	-200	0	4.5	3665.64	1630.68	1047	442.675	248.351	152.676	75.988	32.0315	21.2035	12.2361	2.79815	0	0	0	0	0	0	0	0	0	0
00.000,00.000	34.7	0	-200	0	4.5	3698.59	1650.15	1052.89	445.179	249.747	153.621	77.3069	32.7411	21.4394	12.4664	3.04865	0	0	0	0	0	0	0	0	0	0
00.000,00.000	34.8	0	-200	0	4.5	3721.92	1663.87	1057.07	446.959	250.811	154.273	78.2249	33.2527	21.6106	12.6269	3.22225	0	0	0	0	0	0	0	0	0	0
00.000,00.000	34.9	0	-200	0	4.5	3725.56	1666	1057.72	447.241	250.979	154.378	78.3683	33.3377	21.6381	12.652	3.2492	0	0	0	0	0	0	0	0	0	0
00.000,00.000	35	0	-200	0	4.5	3755.29	1683.34	1063	449.575	252.363	155.374	79.475	33.99	21.866	12.8498	3.46005	0	0	0	0	0	0	0	0	0	0
00.000,00.000	35.1	0	-200	0	4.5	3781.8	1698.71	1067.73	451.669	253.58	156.326	80.4556	34.5878	22.0734	13.0255	3.6456	0	0	0	0	0	0	0	0	0	0
00.000,00.000	35.2	0	-200	0	4.5	3805.05	1712.07	1071.72	453.468	254.692	157.234	81.4287	35.1543	22.2748	13.1909	3.81844	0	0	0	0	0	0	0	0	0	0
00.000,00.000	35.3	0	-200	0	4.5	3826.59	1724.45	1075.39	455.099	255.714	158.065	82.378	35.6963	22.4695	13.347	3.97934	0	0	0	0	0	0	0	0	0	0
00.000,00.000	35.4	0	-200	0	4.5	3848.13	1736.89	1079	456.707	256.728	158.898	83.3321	36.2548	22.6732	13.5064	4.14114	0	0	0	0	0	0	0	0	0	0
00.000,00.000	35.5	0	-200	0	4.5	3869.81	1749.5	1082.55	458.273	257.738	159.736	84.2864	36.8643	22.8862	13.6696	4.30441	0	0	0	0	0	0	0	0	0	0
00.000,00.000	35.6	0	-200	0	4.5	3898.18	1766.04	1087.12	460.242	259.06	160.842	85.5862	37.7019	23.1775	13.8911	4.52309	0	0	0	0	0	0	0	0	0	0
00.000,00.000	35.7	0	-200	0	4.5	3927.11	1782.93	1091.67	462.251	260.403	161.967	86.922	38.6023	23.4887	14.1224	4.74805	0	0	0	0	0	0	0	0	0	0
00.000,00.000	35.8	0	-200	0	4.5	3938.48	1789.56	1093.45	463.035	260.931	162.409	87.4517	38.9734	23.6164	14.2154	4.83721	0	0	0	0	0	0	0	0	0	0
00.000,00.000	35.9	0	-200	0	4.5	3946.05	1793.99	1094.63	463.543	261.278	162.7	87.8023	39.2271	23.7051	14.2785	4.89649	0	0	0	0	0	0	0	0	0	0
00.000,00.000	36	0	-200	0	4.5	3972.22	1809.3	1098.77	465.197	262.476	163.701	89.022	40.1232	24.0251	14.5017	5.10274	0	0	0	0	0	0	0	0	0	0
00.000,00.000	36.1	0	-200	0	4.5	3994.91	1822.56	1102.38	466.56	263.524	164.596	90.0647	40.9235	24.3159	14.7005	5.28421	0	0	0	0	0	0	0	0	0	0
00.000,00.000	36.2	0	-200	0	4.5	4015.38	1834.65	1105.56	467.782	264.453	165.389	90.9807	41.6517	24.5852	14.8803	5.44588	0	0	0	0	0	0	0	0	0	0
00.000,00.000	36.3	0	-200	0	4.5	4035.9	1846.82	1108.72	468.979	265.38	166.182	91.8913	42.3953	24.8655	15.0639	5.60796	0	0	0	0	0	0	0	0	0	0
00.000,00.000	36.4	0	-200	0	4.5	4056.36	1859.04	1111.75	470.178	266.303	166.972	92.793	43.1494	25.1565	15.2505	5.77013	0	0	0	0	0	0	0	0	0	0
00.000,00.000	36.5	0	-200	0	4.5	4076.67	1871.28	1114.68	471.331	267.223	167.731	93.6857	43.9111	25.4587	15.4401	5.93219	0	0	0	0	0	0	0	0	0	0
00.000,00.000	36.6	0	-200	0	4.5	4096.81	1883.46	1117.6	472.461	268.113	168.45	94.5788	44.6467	25.7744	15.6355	6.09728	0	0	0	0	0	0	0	0	0	0
00.000,00.000	36.7	0	-200	0	4.5	4140.64	1910.2	1123.79	474.855	270.023	170	96.5065	46.251	26.4893	16.0707	6.45653	0	0	0	0	0	0	0	0	0	0
00.000,00.000	36.8	0	-200	0	4.5	4148.74	1915.25	1124.82	475.275	270.374	170.288	96.8728	46.55	26.6306	16.156	6.52604	0	0	0	0	0	0	0	0	0	0
00.000,00.000	36.9	0	-200	0	4.5	4152.87	1917.83	1125.35	475.48	270.554	170.431	97.0512	46.7044	26.704	16.1994	6.56009	0	0	0	0	0	0	0	0	0	0
00.000,00.000	37	0	-200	0	4.5	4180.26	1935.02	1128.85	476.825	271.772	171.364	98.218	47.7284	27.2036	16.4922	6.78455	0	0	0	0	0	0	0	0	0	0
00.000,00.000	37.1	0	-200	0	4.5	4203.03	1949.43	1131.67	477.911	272.797	172.104	99.1939	48.5781	27.6322	16.7405	6.97099	0	0	0	0	0	0	0	0	0	0
00.000,00.000	37.2	0	-200	0	4.5	4222.79	1962.1	1134.11	478.802	273.671	172.722	100.012	49.2924	28.0072	16.9545	7.12695	0	0	0	0	0	0	0	0	0	0
00.000,00.000	37.3	0	-200	0	4.5	4243.07	1975.15	1136.58	479.689	274.57	173.345	100.841	50.0287	28.4039	17.178	7.28499	0	0	0	0	0	0	0	0	0	0
00.000,00.000	37.4	0	-200	0	4.5	4263.33	1988.32	1138.96	480.541	275.474	173.958	101.669	50.7436	28.8114	17.4048	7.44076	0	0	0	0	0	0	0	0	0	0
00.000,00.000	37.5	0	-200	0	4.5	4283.51	2001.6	1141.29	481.287	276.382	174.563	102.487	51.4481	29.2299	17.6352	7.59434	0	0	0	0	0	0	0	0	0	0
00.000,00.000	37.6	0	-200	0	4.5	4303.83	2014.98	1143.62	482.009	277.302	175.167	103.26	52.2286	29.6369	17.8725	7.74871	0	0	0	0	0	0	0	0	0	0
00.000,00.000	37.7	0	-200	0	4.5	4328.87	2031.53	1146.45	482.892	278.441	175.903	104.018	53.3724	30.147	18.1697	7.9365	0	0	0	0	0	0	0	0	0	0
00.000,00.000	37.8	0	-200	0	4.5	4349.63	2045.27	1148.78	483.604	279.401	176.512	104.627	54.3268	30.5897	18.4214	8.09107	0	0	0	0	0	0	0	0	0	0
00.000,00.000	37.9	0	-200	0	4.5	4359.43	2051.77	1149.88	483.93	279.862	176.8	104.913	54.7717	30.804	18.5426	8.1635	0	0	0	0	0	0	0	0	0	0
00.000,00.000	38	0	-200	0	4.5	4381.84	2066.59	1152.39	484.659	280.922	177.46	105.546	55.7954	31.3264	18.8254	8.32671	0	0	0	0	0	0	0	0	0	0
00.000,00.000	38.1	0	-200	0	4.5	4403.18	2080.67	1154.78	485.336	281.947	178.113	106.127	56.7646	31.8509	19.1021	8.4822	0	0	0	0	0	0	0	0	0	0
00.000,00.000	38.2	0	-200	0	4.5	4422.73	2093.52	1156.92	485.942	282.91	178.726	106.666	57.6787	32.3671	19.3689	8.62738	0	0	0	0	0	0	0	0	0	0
00.000,00.000	38.3	0	-200	0	4.5	4441.38	2105.79	1158.94	486.503	283.833	179.315	107.176	58.5581	32.8668	19.6327	8.76654	0	0	0	0	0	0	0	0	0	0
00.000,00.000	38.4	0	-200	0	4.5	4459.73	2117.87	1160.89	487.034	284.745	179.898	107.674	59.4488	33.369	19.9028	8.90444	0	0	0	0	0	0	0	0	0	0
00.000,00.000	38.5	0	-200	0	4.5	4477.77	2129.72	1162.77	487.552	285.648	180.475	108.161	60.344	33.884	20.1794	9.04124	0	0	0	0	0	0	0	0	0	0
00.000,00.000	38.6	0	-200	0	4.5	4502.11	2145.46	1165.45	488.244	286.836	181.263	108.826	61.6077	34.6219	20.5743	9.23092	0	0	0	0	0	0	0	0	0	0
00.000,00.000	38.7	0	-200	0	4.5	4521.19	2156.99	1168.37	488.78	287.728	181.882	109.344	62.611	35.2168	20.8952	9.38001	0	0	0	0	0	0	0	0	0	0
00.000,00.000	38.8	0	-200	0	4.5	4525.83	2159.58	1169.29	488.909	287.942	182.033	109.468	62.8548	35.3628	20.9755	9.41626	0	0	0	0	0	0	0	0	0	0
00.000,00.000	38.9	0	-200	0	4.5	4542.73	2168.96	1172.69	489.37	288.73	182.575	109.912	63.7512	35.9143	21.2791	9.54713	0	0	0	0	0	0	0	0	0	0
00.000,00.000	39	0	-200	0	4.5	4561.86	2179.08	1177	489.893	289.619	183.199	110.413	64.773	36.5564	21.6383	9.69704	0	0	0	0	0	0	0	0	0	0
00.000,00.000	39.1	0	-200	0	4.5	4578.44	2187.63	1180.95	490.329	290.353	183.743	110.845	65.666	37.1314	21.9629	9.76875	0.0590863	0	0	0	0	0	0	0	0	0
00.000,00.000	39.2	0	-200	0	4.5	4594.27	2195.67	1184.83	490.737	291.06	184.264	111.251	66.522	37.6786	22.3013	9.76866	0.18462	0	0	0	0	0	0	0	0	0
00.000,00.000	39.3	0	-200	0	4.5	4609.77	2203.32	1188.85	491.135	291.752	184.767	111.632	67.364	38.2188	22.6556	9.76866	0.308465	0	0	0	0	0	0	0	0	0
00.000,00.000	39.4	0	-200	0	4.5	4625.02	2210.58	1193.07	491.52	292.431	185.253	111.999	68.1901	38.7643	23.0159	9.76866	0.430737	0	0	0	0	0	0	0	0	0
00.000,00.000	39.5	0	-200	0	4.5	4639.96	2217.09	1197.79	491.884	293.094	185.735	112.351	68.9997	39.3123	23.3275	9.82564	0.551463	0	0	0	0	0	0	0	0	0
00.000,00.000	39.6	0	-200	0	4.5	4654.63	2223.22	1202.63	492.236	293.759	186.208	112.691	69.8101	39.8744	23.5953	9.94003	0.673334	0	0	0	0	0	0	0	0	0
00.000,00.000	39.7	0	-200	0	4.5	4681.73	2234.37	1211.68	492.871	295.017	187.058	113.301	71.3187	40.9492	24.1285	10.1414	0.899939	0	0	0	0	0	0	0	0	0
00.000,00.000	39.8	0	-200	0	4.5	4686.86	2236.35	1213.51	492.994	295.262	187.21	113.404	71.6071	41.1558	24.2161	10.2046	0.943638	0	0	0	0	0	0	0	0	0
00.000,00.000	39.9	0	-200	0	4.5	4704.66	2243.25	1219.94	493.388	296.042	187.776	113.79	72.5748	41.8789	24.5982	10.3319	1.08998	0	0	0	0	0	0	0	0	0
00.000,00.000	40	0	-200	0	4.5	4721.05	2249.51	1225.92	493.748	296.753	188.304	114.136	73.4715	42.5589	24.963	10.4609	1.22652	0	0	0	0	0	0	0	0	0
00.000,00.000	40.1	0	-200	0	4.5	4734.23	2254.69	1230.47	494.04	297.338	188.755	114.424	74.191	43.1336	25.2817	10.5692	1.34051	0	0	0	0	0	0	0	0	0
00.000,00.000	40.2	0	-200	0	4.5	4746.91	2259.64	1234.87	494.315	297.893	189.199	114.699	74.865	43.6994	25.5991	10.6742	1.4507	0	0	0	0	0	0	0	0	0
00.000,00.000	40.3	0	-200	0	4.5	4759.31	2264.43	1239.23	494.582	298.428	189.643	114.967	75.521	44.2507	25.9295	10.7781	1.55913	0	0	0	0	0	0	0	0	0
00.000,00.000	40.4	0	-200	0	4.5	4771.51	2269.07	1243.56	494.839	298.946	190.089	115.228	76.163	44.7971	26.2686	10.8811	1.66606	0	0	0	0	0	0	0	0	0
00.000,00.000	40.5	0	-200	0	4.5	4783.46	2273.55	1247.85	495.084	299.445	190.541	115.483	76.779	45.344	26.6207	10.9849	1.77237	0	0	0	0	0	0	0	0	0
00.000,00.000	40.6	0	-200	0	4.5	4798.53	2279.16	1253.23	495.388	300.074	191.142	115.811	77.5336	46.0675	27.0939	11.1213	1.91098	0	0	0	0	0	0	0	0	0
00.000,00.000	40.7	0	-200	0	4.5	4811.32	2283.96	1257.66	495.647	300.605	191.675	116.09	78.1902	46.6981	27.5233	11.2411	2.03167	0	0	0	0	0	0	0	0	0
00.000,00.000	40.8	0	-200	0	4.5	4816.61	2285.93	1259.52	495.754	300.805	191.902	116.205	78.4581	46.9536	27.7081	11.2916	2.08209	0	0	0	0	0	0	0	0	0
00.000,00.000	40.9	0	-200	0	4.5	4823.53	2288.46	1261.99	495.891	301.059	192.208	116.354	78.8111	47.2859	27.964	11.3582	2.14764	0	0	0	0	0	0	0	0	0
00.000,00.000	41	0	-200	0	4.5	4836	2292.94	1266.48	496.139	301.505	192.778	116.622	79.4485	47.8897	28.4497	11.481	2.26708	0	0	0	0	0	0	0	0	0
00.000,00.000	41.1	0	-200	0	4.5	4846.42	2296.7	1270.13	496.354	301.874	193.287	116.852	79.9981	48.3794	28.8899	11.5891	2.37116	0	0	0	0	0	0	0	0	0
00.000,00.000	41.2	0	-200	0	4.5	4855.74	2299.94	1273.45	496.548	302.191	193.764	117.062	80.4944	48.8278	29.3031	11.6884	2.46586	0	0	0	0	0	0	0	0	0
00.000,00.000	41.3	0	-200	0	4.5	4864.76	2303.02	1276.7	496.737	302.491	194.246	117.268	80.9778	49.2448	29.7263	11.7872	2.55901	0	0	0	0	0	0	0	0	0
00.000,00.000	41.4	0	-200	0	4.5	4873.55	2305.96	1279.9	496.921	302.772	194.734	117.47	81.4485	49.6502	30.1611	11.8854	2.65058	0	0	0	0	0	0	0	0	0
00.000,00.000	41.5	0	-200	0	4.5	4882.09	2308.73	1283.07	497.098	303.036	195.215	117.669	81.9076	50.0467	30.6049	11.983	2.74056	0	0	0	0	0	0	0	0	0
00.000,00.000	41.6	0	-200	0	4.5	4890.3	2311.3	1286.13	497.27	303.283	195.685	117.867	82.3617	50.4195	31.0691	12.0823	2.83097	0	0	0	0	0	0	0	0	0
00.000,00.000	41.7	0	-200	0	4.5	4902.84	2315.28	1290.62	497.536	303.618	196.467	118.185	83.0783	51.0036	31.8357	12.2418	2.97389	0	0	0	0	0	0	0	0	0
00.000,00.000	41.8	0	-200	0	4.5	4905.3	2316.08	1291.53	497.589	303.645	196.63	118.248	83.2201	51.0859	31.9951	12.2746	3.00302	0	0	0	0	0	0	0	0	0
00.000,00.000	41.9	0	-200	0	4.5	4914.73	2318.92	1294.81	497.913	303.836	197.417	118.489	83.7434	51.5127	32.5978	12.3945	3.10713	0	0	0	0	0	0	0	0	0
00.000,00.000	42	0	-200	0	4.5	4922.92	2321.39	1296.87	498.792	303.983	198.24	118.708	84.211	51.8637	33.1572	12.504	3.20096	0	0	0	0	0	0	0	0	0