
label	time(d)	x	depth	z	radius	total	0-10	10-20	20-30	30-40	40-50	50-60	60-70	70-80	80-90	90-100	100-110	110-120	120-130	130-140	140-150	150-160	160-170	170-180	180-190	190-200
00.000,00.000	0	0	-200	0	4.5	0	0	0	0	0	0	0	0	0	0	0	0	0	0	0	0	0	0	0	0	0
00.000,00.000	0.1	0	-200	0	4.5	0.293975	0.293975	0	0	0	0	0	0	0	0	0	0	0	0	0	0	0	0	0	0	0
00.000,00.000	0.2	0	-200	0	4.5	0.590923	0.590923	0	0	0	0	0	0	0	0	0	0	0	0	0	0	0	0	0	0	0
00.000,00.000	0.3	0	-200	0	4.5	0.890002	0.890002	0	0	0	0	0	0	0	0	0	0	0	0	0	0	0	0	0	0	0
00.000,00.000	0.4	0	-200	0	4.5	1.19143	1.19143	0	0	0	0	0	0	0	0	0	0	0	0	0	0	0	0	0	0	0
00.000,00.000	0.5	0	-200	0	4.5	1.49521	1.49521	0	0	0	0	0	0	0	0	0	0	0	0	0	0	0	0	0	0	0
00.000,00.000	0.6	0	-200	0	4.5	1.80104	1.80104	0	0	0	0	0	0	0	0	0	0	0	0	0	0	0	0	0	0	0
00.000,00.000	0.7	0	-200	0	4.5	2.10883	2.10883	0	0	0	0	0	0	0	0	0	0	0	0	0	0	0	0	0	0	0
00.000,00.000	0.8	0	-200	0	4.5	2.41858	2.41858	0	0	0	0	0	0	0	0	0	0	0	0	0	0	0	0	0	0	0
00.000,00.000	0.9	0	-200	0	4.5	2.72975	2.72975	0	0	0	0	0	0	0	0	0	0	0	0	0	0	0	0	0	0	0
00.000,00.000	1	0	-200	0	4.5	3.04097	3.04097	0	0	0	0	0	0	0	0	0	0	0	0	0	0	0	0	0	0	0
00.000,00.000	1.1	0	-200	0	4.5	3.35479	3.35479	0	0	0	0	0	0	0	0	0	0	0	0	0	0	0	0	0	0	0
00.000,00.000	1.2	0	-200	0	4.5	3.67348	3.67348	0	0	0	0	0	0	0	0	0	0	0	0	0	0	0	0	0	0	0
00.000,00.000	1.3	0	-200	0	4.5	3.99861	3.99861	0	0	0	0	0	0	0	0	0	0	0	0	0	0	0	0	0	0	0
00.000,00.000	1.4	0	-200	0	4.5	4.33147	4.33147	0	0	0	0	0	0	0	0	0	0	0	0	0	0	0	0	0	0	0
00.000,00.000	1.5	0	-200	0	4.5	4.67314	4.67314	0	0	0	0	0	0	0	0	0	0	0	0	0	0	0	0	0	0	0
00.000,00.000	1.6	0	-200	0	4.5	5.02365	5.02365	0	0	0	0	0	0	0	0	0	0	0	0	0	0	0	0	0	0	0
00.000,00.000	1.7	0	-200	0	4.5	5.38293	5.38293	0	0	0	0	0	0	0	0	0	0	0	0	0	0	0	0	0	0	0
00.000,00.000	1.8	0	-200	0	4.5	5.75099	5.75099	0	0	0	0	0	0	0	0	0	0	0	0	0	0	0	0	0	0	0
00.000,00.000	1.9	0	-200	0	4.5	6.15185	6.15185	0	0	0	0	0	0	0	0	0	0	0	0	0	0	0	0	0	0	0
00.000,00.000	2	0	-200	0	4.5	6.58685	6.58685	0	0	0	0	0	0	0	0	0	0	0	0	0	0	0	0	0	0	0
00.000,00.000	2.1	0	-200	0	4.5	7.0751	7.0751	0	0	0	0	0	0	0	0	0	0	0	0	0	0	0	0	0	0	0
00.000,00.000	2.2	0	-200	0	4.5	7.67067	7.67067	0	0	0	0	0	0	0	0	0	0	0	0	0	0	0	0	0	0	0
00.000,00.000	2.3	0	-200	0	4.5	8.366	8.12257	0.243435	0	0	0	0	0	0	0	0	0	0	0	0	0	0	0	0	0	0
00.000,00.000	2.4	0	-200	0	4.5	9.14761	8.62403	0.523582	0	0	0	0	0	0	0	0	0	0	0	0	0	0	0	0	0	0
00.000,00.000	2.5	0	-200	0	4.5	9.99947	9.19565	0.803815	0	0	0	0	0	0	0	0	0	0	0	0	0	0	0	0	0	0
00.000,00.000	2.6	0	-200	0	4.5	10.918	9.83497	1.08299	0	0	0	0	0	0	0	0	0	0	0	0	0	0	0	0	0	0
00.000,00.000	2.7	0	-200	0	4.5	11.9079	10.5465	1.36147	0	0	0	0	0	0	0	0	0	0	0	0	0	0	0	0	0	0
00.000,00.000	2.8	0	-200	0	4.5	12.9868	11.3465	1.6403	0	0	0	0	0	0	0	0	0	0	0	0	0	0	0	0	0	0
00.000,00.000	2.9	0	-200	0	4.5	14.1793	12.2566	1.92263	0	0	0	0	0	0	0	0	0	0	0	0	0	0	0	0	0	0
00.000,00.000	3	0	-200	0	4.5	15.4722	13.2619	2.21033	0	0	0	0	0	0	0	0	0	0	0	0	0	0	0	0	0	0
00.000,00.000	3.1	0	-200	0	4.5	16.8191	14.3163	2.50285	0	0	0	0	0	0	0	0	0	0	0	0	0	0	0	0	0	0
00.000,00.000	3.2	0	-200	0	4.5	18.1392	15.3441	2.79512	0	0	0	0	0	0	0	0	0	0	0	0	0	0	0	0	0	0
00.000,00.000	3.3	0	-200	0	4.5	19.4508	16.3635	3.08725	0	0	0	0	0	0	0	0	0	0	0	0	0	0	0	0	0	0
00.000,00.000	3.4	0	-200	0	4.5	20.7487	17.3693	3.37943	0	0	0	0	0	0	0	0	0	0	0	0	0	0	0	0	0	0
00.000,00.000	3.5	0	-200	0	4.5	22.0203	18.35	3.6703	0	0	0	0	0	0	0	0	0	0	0	0	0	0	0	0	0	0
00.000,00.000	3.6	0	-200	0	4.5	23.2658	19.3065	3.95928	0	0	0	0	0	0	0	0	0	0	0	0	0	0	0	0	0	0
00.000,00.000	3.7	0	-200	0	4.5	24.4925	20.2458	4.24672	0	0	0	0	0	0	0	0	0	0	0	0	0	0	0	0	0	0
00.000,00.000	3.8	0	-200	0	4.5	25.7093	21.1763	4.53301	0	0	0	0	0	0	0	0	0	0	0	0	0	0	0	0	0	0
00.000,00.000	3.9	0	-200	0	4.5	26.924	22.106	4.81803	0	0	0	0	0	0	0	0	0	0	0	0	0	0	0	0	0	0
00.000,00.000	4	0	-200	0	4.5	28.1419	23.0391	5.1028	0	0	0	0	0	0	0	0	0	0	0	0	0	0	0	0	0	0
00.000,00.000	4.1	0	-200	0	4.5	29.3616	23.9736	5.38798	0	0	0	0	0	0	0	0	0	0	0	0	0	0	0	0	0	0
00.000,00.000	4.2	0	-200	0	4.5	30.5822	24.908	5.67416	0	0	0	0	0	0	0	0	0	0	0	0	0	0	0	0	0	0
00.000,00.000	4.3	0	-200	0	4.5	31.8028	25.8413	5.96151	0	0	0	0	0	0	0	0	0	0	0	0	0	0	0	0	0	0
00.000,00.000	4.4	0	-200	0	4.5	32.8389	26.5891	6.24982	0	0	0	0	0	0	0	0	0	0	0	0	0	0	0	0	0	0
00.000,00.000	4.5	0	-200	0	4.5	33.7316	27.1938	6.53778	0	0	0	0	0	0	0	0	0	0	0	0	0	0	0	0	0	0
00.000,00.000	4.6	0	-200	0	4.5	34.318	27.4933	6.82477	0	0	0	0	0	0	0	0	0	0	0	0	0	0	0	0	0	0
00.000,00.000	4.7	0	-200	0	4.5	34.9625	27.7716	7.1909	0	0	0	0	0	0	0	0	0	0	0	0	0	0	0	0	0	0
00.000,00.000	4.8	0	-200	0	4.5	35.5209	28.0449	7.476	0	0	0	0	0	0	0	0	0	0	0	0	0	0	0	0	0	0
00.000,00.000	4.9	0	-200	0	4.5	36.073	28.314	7.75894	0	0	0	0	0	0	0	0	0	0	0	0	0	0	0	0	0	0
00.000,00.000	5	0	-200	0	4.5	36.6197	28.3609	8.25876	0	0	0	0	0	0	0	0	0	0	0	0	0	0	0	0	0	0
00.000,00.000	5.1	0	-200	0	4.5	37.1026	28.3694	8.73315	0	0	0	0	0	0	0	0	0	0	0	0	0	0	0	0	0	0
00.000,00.000	5.2	0	-200	0	4.5	37.3962	28.3805	9.01576	0	0	0	0	0	0	0	0	0	0	0	0	0	0	0	0	0	0
00.000,00.000	5.3	0	-200	0	4.5	37.7044	28.394	9.31038	0	0	0	0	0	0	0	0	0	0	0	0	0	0	0	0	0	0
00.000,00.000	5.4	0	-200	0	4.5	38.0003	28.4109	9.58934	0	0	0	0	0	0	0	0	0	0	0	0	0	0	0	0	0	0
00.000,00.000	5.5	0	-200	0	4.5	38.298	28.4301	9.86782	0	0	0	0	0	0	0	0	0	0	0	0	0	0	0	0	0	0
00.000,00.000	5.6	0	-200	0	4.5	38.5984	28.4521	10.1462	0	0	0	0	0	0	0	0	0	0	0	0	0	0	0	0	0	0
00.000,00.000	5.7	0	-200	0	4.5	38.9011	28.4768	10.4243	0	0	0	0	0	0	0	0	0	0	0	0	0	0	0	0	0	0
00.000,00.000	5.8	0	-200	0	4.5	39.2067	28.5046	10.6583	0.0438563	0	0	0	0	0	0	0	0	0	0	0	0	0	0	0	0	0
00.000,00.000	5.9	0	-200	0	4.5	39.5152	28.5358	10.6583	0.321185	0	0	0	0	0	0	0	0	0	0	0	0	0	0	0	0	0
00.000,00.000	6	0	-200	0	4.5	39.8274	28.5715	10.6583	0.59756	0	0	0	0	0	0	0	0	0	0	0	0	0	0	0	0	0
00.000,00.000	6.1	0	-200	0	4.5	40.1442	28.6128	10.6583	0.873127	0	0	0	0	0	0	0	0	0	0	0	0	0	0	0	0	0
00.000,00.000	6.2	0	-200	0	4.5	40.4697	28.6616	10.6602	1.14795	0	0	0	0	0	0	0	0	0	0	0	0	0	0	0	0	0
00.000,00.000	6.3	0	-200	0	4.5	40.8054	28.7206	10.6627	1.42202	0	0	0	0	0	0	0	0	0	0	0	0	0	0	0	0	0
00.000,00.000	6.4	0	-200	0	4.5	41.1504	28.7884	10.6666	1.69544	0	0	0	0	0	0	0	0	0	0	0	0	0	0	0	0	0
00.000,00.000	6.5	0	-200	0	4.5	41.507	28.8664	10.6728	1.96771	0	0	0	0	0	0	0	0	0	0	0	0	0	0	0	0	0
00.000,00.000	6.6	0	-200	0	4.5	41.875	28.9547	10.6806	2.2398	0	0	0	0	0	0	0	0	0	0	0	0	0	0	0	0	0
00.000,00.000	6.7	0	-200	0	4.5	42.2534	29.0523	10.6902	2.51089	0	0	0	0	0	0	0	0	0	0	0	0	0	0	0	0	0
00.000,00.000	6.8	0	-200	0	4.5	42.6496	29.1656	10.7023	2.78162	0	0	0	0	0	0	0	0	0	0	0	0	0	0	0	0	0
00.000,00.000	6.9	0	-200	0	4.5	43.0624	29.2934	10.717	3.05198	0	0	0	0	0	0	0	0	0	0	0	0	0	0	0	0	0
00.000,00.000	7	0	-200	0	4.5	43.4938	29.4374	10.7348	3.32157	0	0	0	0	0	0	0	0	0	0	0	0	0	0	0	0	0
00.000,00.000	7.1	0	-200	0	4.5	43.9465	29.6004	10.7556	3.59046	0	0	0	0	0	0	0	0	0	0	0	0	0	0	0	0	0
00.000,00.000	7.2	0	-200	0	4.5	44.4226	29.7838	10.7802	3.85861	0	0	0	0	0	0	0	0	0	0	0	0	0	0	0	0	0
00.000,00.000	7.3	0	-200	0	4.5	44.9239	29.9903	10.8074	4.12611	0	0	0	0	0	0	0	0	0	0	0	0	0	0	0	0	0
00.000,00.000	7.4	0	-200	0	4.5	45.4506	30.2199	10.8377	4.39293	0	0	0	0	0	0	0	0	0	0	0	0	0	0	0	0	0
00.000,00.000	7.5	0	-200	0	4.5	45.9934	30.4639	10.871	4.65842	0	0	0	0	0	0	0	0	0	0	0	0	0	0	0	0	0
00.000,00.000	7.6	0	-200	0	4.5	46.5614	30.7303	10.9076	4.92348	0	0	0	0	0	0	0	0	0	0	0	0	0	0	0	0	0
00.000,00.000	7.7	0	-200	0	4.5	47.1532	31.0181	10.9471	5.18794	0	0	0	0	0	0	0	0	0	0	0	0	0	0	0	0	0
00.000,00.000	7.8	0	-200	0	4.5	47.7759	31.3336	10.9906	5.45176	0	0	0	0	0	0	0	0	0	0	0	0	0	0	0	0	0
00.000,00.000	7.9	0	-200	0	4.5	48.4308	31.6783	11.0373	5.71519	0	0	0	0	0	0	0	0	0	0	0	0	0	0	0	0	0
00.000,00.000	8	0	-200	0	4.5	49.1203	32.0549	11.0874	5.97803	0	0	0	0	0	0	0	0	0	0	0	0	0	0	0	0	0
00.000,00.000	8.1	0	-200	0	4.5	49.8478	32.4656	11.142	6.24023	0	0	0	0	0	0	0	0	0	0	0	0	0	0	0	0	0
00.000,00.000	8.2	0	-200	0	4.5	50.6227	32.9203	11.2006	6.50183	0	0	0	0	0	0	0	0	0	0	0	0	0	0	0	0	0
00.000,00.000	8.3	0	-200	0	4.5	51.4512	33.4235	11.2649	6.76283	0	0	0	0	0	0	0	0	0	0	0	0	0	0	0	0	0
00.000,00.000	8.4	0	-200	0	4.5	52.3255	33.9676	11.3346	7.02323	0	0	0	0	0	0	0	0	0	0	0	0	0	0	0	0	0
00.000,00.000	8.5	0	-200	0	4.5	53.2236	34.5322	11.4088	7.28261	0	0	0	0	0	0	0	0	0	0	0	0	0	0	0	0	0
00.000,00.000	8.6	0	-200	0	4.5	54.1506	35.1208	11.4885	7.54137	0	0	0	0	0	0	0	0	0	0	0	0	0	0	0	0	0
00.000,00.000	8.7	0	-200	0	4.5	55.1067	35.7343	11.5728	7.79962	0	0	0	0	0	0	0	0	0	0	0	0	0	0	0	0	0
00.000,00.000	8.8	0	-200	0	4.5	56.096	36.3766	11.662	8.05744	0	0	0	0	0	0	0	0	0	0	0	0	0	0	0	0	0
00.000,00.000	8.9	0	-200	0	4.5	57.1348	37.0623	11.7574	8.31504	0	0	0	0	0	0	0	0	0	0	0	0	0	0	0	0	0
00.000,00.000	9	0	-200	0	4.5	58.2257	37.7947	11.8588	8.57218	0	0	0	0	0	0	0	0	0	0	0	0	0	0	0	0	0
00.000,00.000	9.1	0	-200	0	4.5	59.3741	38.5782	11.967	8.8289	0	0	0	0	0	0	0	0	0	0	0	0	0	0	0	0	0
00.000,00.000	9.2	0	-200	0	4.5	60.5836	39.4148	12.0835	9.08519	0	0	0	0	0	0	0	0	0	0	0	0	0	0	0	0	0
00.000,00.000	9.3	0	-200	0	4.5	61.8538	40.3046	12.2082	9.341	0	0	0	0	0	0	0	0	0	0	0	0	0	0	0	0	0
00.000,00.000	9.4	0	-200	0	4.5	63.1801	41.2414	12.3423	9.59646	0	0	0	0	0	0	0	0	0	0	0	0	0	0	0	0	0
00.000,00.000	9.5	0	-200	0	4.5	64.5404	42.2048	12.4845	9.85115	0	0	0	0	0	0	0	0	0	0	0	0	0	0	0	0	0
00.000,00.000	9.6	0	-200	0	4.5	65.9368	43.1967	12.6344	10.0389	0.0667579	0	0	0	0	0	0	0	0	0	0	0	0	0	0	0	0
00.000,00.000	9.7	0	-200	0	4.5	67.3711	44.2193	12.7917	10.0389	0.321246	0	0	0	0	0	0	0	0	0	0	0	0	0	0	0	0
00.000,00.000	9.8	0	-200	0	4.5	68.8528	45.281	12.9572	10.0389	0.57569	0	0	0	0	0	0	0	0	0	0	0	0	0	0	0	0
00.000,00.000	9.9	0	-200	0	4.5	70.4056	46.405	13.1314	10.039	0.830268	0	0	0	0	0	0	0	0	0	0	0	0	0	0	0	0
00.000,00.000	10	0	-200	0	4.5	72.0327	47.5933	13.3158	10.039	1.0847	0	0	0	0	0	0	0	0	0	0	0	0	0	0	0	0
00.000,00.000	10.1	0	-200	0	4.5	73.7264	48.8377	13.5107	10.039	1.33897	0	0	0	0	0	0	0	0	0	0	0	0	0	0	0	0
00.000,00.000	10.2	0	-200	0	4.5	75.4879	50.1481	13.7075	10.0391	1.59319	0	0	0	0	0	0	0	0	0	0	0	0	0	0	0	0
00.000,00.000	10.3	0	-200	0	4.5	77.3359	51.5249	13.9237	10.04	1.84718	0	0	0	0	0	0	0	0	0	0	0	0	0	0	0	0
00.000,00.000	10.4	0	-200	0	4.5	79.2528	52.9572	14.1529	10.0416	2.10097	0	0	0	0	0	0	0	0	0	0	0	0	0	0	0	0
00.000,00.000	10.5	0	-200	0	4.5	81.2056	54.4185	14.3888	10.0439	2.35432	0	0	0	0	0	0	0	0	0	0	0	0	0	0	0	0
00.000,00.000	10.6	0	-200	0	4.5	83.1969	55.9121	14.6298	10.0473	2.60778	0	0	0	0	0	0	0	0	0	0	0	0	0	0	0	0
00.000,00.000	10.7	0	-200	0	4.5	85.2325	57.4431	14.8767	10.0515	2.86125	0	0	0	0	0	0	0	0	0	0	0	0	0	0	0	0
00.000,00.000	10.8	0	-200	0	4.5	87.3265	59.0236	15.1315	10.0569	3.11451	0	0	0	0	0	0	0	0	0	0	0	0	0	0	0	0
00.000,00.000	10.9	0	-200	0	4.5	89.5127	60.686	15.394	10.0647	3.36797	0	0	0	0	0	0	0	0	0	0	0	0	0	0	0	0
00.000,00.000	11	0	-200	0	4.5	91.7925	62.4313	15.6651	10.0745	3.62151	0	0	0	0	0	0	0	0	0	0	0	0	0	0	0	0
00.000,00.000	11.1	0	-200	0	4.5	94.1648	64.2567	15.9458	10.0874	3.87483	0	0	0	0	0	0	0	0	0	0	0	0	0	0	0	0
00.000,00.000	11.2	0	-200	0	4.5	96.6487	66.1799	16.2381	10.1029	4.12773	0	0	0	0	0	0	0	0	0	0	0	0	0	0	0	0
00.000,00.000	11.3	0	-200	0	4.5	99.2326	68.189	16.5421	10.1211	4.38045	0	0	0	0	0	0	0	0	0	0	0	0	0	0	0	0
00.000,00.000	11.4	0	-200	0	4.5	101.9	70.269	16.8558	10.1426	4.63315	0	0	0	0	0	0	0	0	0	0	0	0	0	0	0	0
00.000,00.000	11.5	0	-200	0	4.5	104.585	72.3559	17.1772	10.1669	4.88521	0	0	0	0	0	0	0	0	0	0	0	0	0	0	0	0
00.000,00.000	11.6	0	-200	0	4.5	107.302	74.4655	17.5054	10.1944	5.13705	0	0	0	0	0	0	0	0	0	0	0	0	0	0	0	0
00.000,00.000	11.7	0	-200	0	4.5	110.064	76.6086	17.8402	10.2266	5.38904	0	0	0	0	0	0	0	0	0	0	0	0	0	0	0	0
00.000,00.000	11.8	0	-200	0	4.5	112.897	78.8109	18.1824	10.2624	5.64137	0	0	0	0	0	0	0	0	0	0	0	0	0	0	0	0
00.000,00.000	11.9	0	-200	0	4.5	115.853	81.1228	18.5347	10.3018	5.89386	0	0	0	0	0	0	0	0	0	0	0	0	0	0	0	0
00.000,00.000	12	0	-200	0	4.5	119.002	83.5914	18.9087	10.3467	6.15552	0	0	0	0	0	0	0	0	0	0	0	0	0	0	0	0
00.000,00.000	12.1	0	-200	0	4.5	122.24	86.1357	19.2945	10.3955	6.41427	0	0	0	0	0	0	0	0	0	0	0	0	0	0	0	0
00.000,00.000	12.2	0	-200	0	4.5	125.453	88.6528	19.6834	10.4478	6.66908	0	0	0	0	0	0	0	0	0	0	0	0	0	0	0	0
00.000,00.000	12.3	0	-200	0	4.5	128.682	91.1544	20.1023	10.5038	6.92131	0	0	0	0	0	0	0	0	0	0	0	0	0	0	0	0
00.000,00.000	12.4	0	-200	0	4.5	131.933	93.6424	20.5535	10.5645	7.17275	0	0	0	0	0	0	0	0	0	0	0	0	0	0	0	0
00.000,00.000	12.5	0	-200	0	4.5	135.706	96.5021	21.0949	10.6408	7.46806	0	0	0	0	0	0	0	0	0	0	0	0	0	0	0	0
00.000,00.000	12.6	0	-200	0	4.5	139.511	99.3625	21.6601	10.7227	7.76615	0	0	0	0	0	0	0	0	0	0	0	0	0	0	0	0
00.000,00.000	12.7	0	-200	0	4.5	142.956	101.947	22.1726	10.8021	8.0348	0	0	0	0	0	0	0	0	0	0	0	0	0	0	0	0
00.000,00.000	12.8	0	-200	0	4.5	145.359	103.74	22.5372	10.8604	8.2208	0	0	0	0	0	0	0	0	0	0	0	0	0	0	0	0
00.000,00.000	12.9	0	-200	0	4.5	148.64	105.996	23.23	10.9433	8.47032	0	0	0	0	0	0	0	0	0	0	0	0	0	0	0	0
00.000,00.000	13	0	-200	0	4.5	152.336	108.212	24.334	11.0402	8.75026	0	0	0	0	0	0	0	0	0	0	0	0	0	0	0	0
00.000,00.000	13.1	0	-200	0	4.5	155.829	110.262	25.4253	11.1351	9.00671	0	0	0	0	0	0	0	0	0	0	0	0	0	0	0	0
00.000,00.000	13.2	0	-200	0	4.5	159.315	112.321	26.5053	11.2326	9.25641	0	0	0	0	0	0	0	0	0	0	0	0	0	0	0	0
00.000,00.000	13.3	0	-200	0	4.5	162.828	114.386	27.6001	11.3358	9.5058	0	0	0	0	0	0	0	0	0	0	0	0	0	0	0	0
00.000,00.000	13.4	0	-200	0	4.5	166.355	116.449	28.7062	11.4444	9.75514	0	0	0	0	0	0	0	0	0	0	0	0	0	0	0	0
00.000,00.000	13.5	0	-200	0	4.5	171.215	119.27	30.2446	11.6018	10.0358	0.0626062	0	0	0	0	0	0	0	0	0	0	0	0	0	0	0
00.000,00.000	13.6	0	-200	0	4.5	175.72	121.866	31.6829	11.7553	10.0226	0.393144	0	0	0	0	0	0	0	0	0	0	0	0	0	0	0
00.000,00.000	13.7	0	-200	0	4.5	179.421	123.989	32.8669	11.8878	10.0226	0.654695	0	0	0	0	0	0	0	0	0	0	0	0	0	0	0
00.000,00.000	13.8	0	-200	0	4.5	181.526	125.194	33.5399	11.9665	10.0226	0.802992	0	0	0	0	0	0	0	0	0	0	0	0	0	0	0
00.000,00.000	13.9	0	-200	0	4.5	184.298	126.779	34.427	12.0737	10.0226	0.995079	0	0	0	0	0	0	0	0	0	0	0	0	0	0	0
00.000,00.000	14	0	-200	0	4.5	188.714	129.301	35.8444	12.2489	10.0231	1.29635	0	0	0	0	0	0	0	0	0	0	0	0	0	0	0
00.000,00.000	14.1	0	-200	0	4.5	192.593	131.504	37.0961	12.4085	10.0249	1.55953	0	0	0	0	0	0	0	0	0	0	0	0	0	0	0
00.000,00.000	14.2	0	-200	0	4.5	196.181	133.517	38.2688	12.5633	10.0277	1.80398	0	0	0	0	0	0	0	0	0	0	0	0	0	0	0
00.000,00.000	14.3	0	-200	0	4.5	199.768	135.518	39.4462	12.724	10.0322	2.04761	0	0	0	0	0	0	0	0	0	0	0	0	0	0	0
00.000,00.000	14.4	0	-200	0	4.5	203.334	137.49	40.6243	12.8907	10.0383	2.2904	0	0	0	0	0	0	0	0	0	0	0	0	0	0	0
00.000,00.000	14.5	0	-200	0	4.5	209.472	140.805	42.7011	13.1995	10.0519	2.71512	0	0	0	0	0	0	0	0	0	0	0	0	0	0	0
00.000,00.000	14.6	0	-200	0	4.5	213.836	143.084	44.2232	13.4424	10.0653	3.02088	0	0	0	0	0	0	0	0	0	0	0	0	0	0	0
00.000,00.000	14.7	0	-200	0	4.5	217.689	145.069	45.5786	13.6665	10.0807	3.29465	0	0	0	0	0	0	0	0	0	0	0	0	0	0	0
00.000,00.000	14.8	0	-200	0	4.5	219.248	145.852	46.1401	13.7615	10.0883	3.40577	0	0	0	0	0	0	0	0	0	0	0	0	0	0	0
00.000,00.000	14.9	0	-200	0	4.5	221.551	147.002	46.9689	13.9056	10.1023	3.57147	0	0	0	0	0	0	0	0	0	0	0	0	0	0	0
00.000,00.000	15	0	-200	0	4.5	226.003	149.186	48.5884	14.1993	10.1336	3.89593	0	0	0	0	0	0	0	0	0	0	0	0	0	0	0
00.000,00.000	15.1	0	-200	0	4.5	229.57	150.89	49.9078	14.4483	10.1623	4.1615	0	0	0	0	0	0	0	0	0	0	0	0	0	0	0
00.000,00.000	15.2	0	-200	0	4.5	232.78	152.394	51.1274	14.6691	10.1916	4.39833	0	0	0	0	0	0	0	0	0	0	0	0	0	0	0
00.000,00.000	15.3	0	-200	0	4.5	235.893	153.866	52.2709	14.8964	10.2241	4.63503	0	0	0	0	0	0	0	0	0	0	0	0	0	0	0
00.000,00.000	15.4	0	-200	0	4.5	238.973	155.28	53.4283	15.1327	10.2603	4.87133	0	0	0	0	0	0	0	0	0	0	0	0	0	0	0
00.000,00.000	15.5	0	-200	0	4.5	248.193	159.414	56.9725	15.8753	10.3821	5.54975	0	0	0	0	0	0	0	0	0	0	0	0	0	0	0
00.000,00.000	15.6	0	-200	0	4.5	249.986	160.164	57.6761	16.0427	10.4079	5.69495	0	0	0	0	0	0	0	0	0	0	0	0	0	0	0
00.000,00.000	15.7	0	-200	0	4.5	252.984	161.45	58.8295	16.3089	10.4583	5.93655	0	0	0	0	0	0	0	0	0	0	0	0	0	0	0
00.000,00.000	15.8	0	-200	0	4.5	253.544	161.677	59.053	16.3624	10.4684	5.98301	0	0	0	0	0	0	0	0	0	0	0	0	0	0	0
00.000,00.000	15.9	0	-200	0	4.5	257.328	163.21	60.5493	16.7254	10.5461	6.29767	0	0	0	0	0	0	0	0	0	0	0	0	0	0	0
00.000,00.000	16	0	-200	0	4.5	262.243	165.145	62.5154	17.2192	10.6543	6.7095	0	0	0	0	0	0	0	0	0	0	0	0	0	0	0
00.000,00.000	16.1	0	-200	0	4.5	265.408	166.363	63.5555	17.782	10.7308	6.97641	0	0	0	0	0	0	0	0	0	0	0	0	0	0	0
00.000,00.000	16.2	0	-200	0	4.5	268.136	167.411	64.3889	18.3256	10.8026	7.20768	0	0	0	0	0	0	0	0	0	0	0	0	0	0	0
00.000,00.000	16.3	0	-200	0	4.5	270.84	168.44	65.0318	19.0502	10.88	7.43838	0	0	0	0	0	0	0	0	0	0	0	0	0	0	0
00.000,00.000	16.4	0	-200	0	4.5	273.537	169.457	65.5574	19.8893	10.9629	7.66973	0	0	0	0	0	0	0	0	0	0	0	0	0	0	0
00.000,00.000	16.5	0	-200	0	4.5	286.909	174.44	68.1505	24.1676	11.4091	8.742	0	0	0	0	0	0	0	0	0	0	0	0	0	0	0
00.000,00.000	16.6	0	-200	0	4.5	289.596	175.334	68.7642	25.024	11.501	8.97282	0	0	0	0	0	0	0	0	0	0	0	0	0	0	0
00.000,00.000	16.7	0	-200	0	4.5	311.086	182.658	73.0803	32.2394	12.3541	10.0033	0.750321	0	0	0	0	0	0	0	0	0	0	0	0	0	0
00.000,00.000	16.8	0	-200	0	4.5	316.2	184.353	74.1429	33.9356	12.5628	10.0038	1.20149	0	0	0	0	0	0	0	0	0	0	0	0	0	0
00.000,00.000	16.9	0	-200	0	4.5	327.572	188.288	76.3778	37.55	13.1088	10.0165	2.23069	0	0	0	0	0	0	0	0	0	0	0	0	0	0
00.000,00.000	17	0	-200	0	4.5	332.551	190.005	77.5375	38.8812	13.3782	10.0238	2.72528	0	0	0	0	0	0	0	0	0	0	0	0	0	0
00.000,00.000	17.1	0	-200	0	4.5	334.822	190.795	78.0674	39.4786	13.5073	10.0304	2.94357	0	0	0	0	0	0	0	0	0	0	0	0	0	0
00.000,00.000	17.2	0	-200	0	4.5	337.174	191.618	78.6092	40.0947	13.6468	10.0391	3.16598	0	0	0	0	0	0	0	0	0	0	0	0	0	0
00.000,00.000	17.3	0	-200	0	4.5	339.557	192.458	79.1527	40.7146	13.7935	10.0499	3.38879	0	0	0	0	0	0	0	0	0	0	0	0	0	0
00.000,00.000	17.4	0	-200	0	4.5	341.973	193.308	79.7055	41.3385	13.9474	10.063	3.61153	0	0	0	0	0	0	0	0	0	0	0	0	0	0
00.000,00.000	17.5	0	-200	0	4.5	358.195	199.007	83.463	45.1199	15.457	10.169	4.97881	0	0	0	0	0	0	0	0	0	0	0	0	0	0
00.000,00.000	17.6	0	-200	0	4.5	361.326	200.066	84.1626	45.6106	16.0186	10.1947	5.27362	0	0	0	0	0	0	0	0	0	0	0	0	0	0
00.000,00.000	17.7	0	-200	0	4.5	385.341	208.013	89.8278	49.0953	20.4902	10.5018	7.41276	0	0	0	0	0	0	0	0	0	0	0	0	0	0
00.000,00.000	17.8	0	-200	0	4.5	391.053	210.055	91.1532	49.7438	21.5579	10.5836	7.95904	0	0	0	0	0	0	0	0	0	0	0	0	0	0
00.000,00.000	17.9	0	-200	0	4.5	405.265	214.745	94.5449	51.331	24.0495	10.8472	9.23421	0.513035	0	0	0	0	0	0	0	0	0	0	0	0	0
00.000,00.000	18	0	-200	0	4.5	411.804	216.789	96.0176	52.004	25.1361	10.9721	9.83361	1.0514	0	0	0	0	0	0	0	0	0	0	0	0	0
00.000,00.000	18.1	0	-200	0	4.5	414.585	217.668	96.675	52.3092	25.5699	11.0332	10.0675	1.26185	0	0	0	0	0	0	0	0	0	0	0	0	0
00.000,00.000	18.2	0	-200	0	4.5	417.517	218.605	97.3664	52.6403	26.0188	11.1035	10.3059	1.47699	0	0	0	0	0	0	0	0	0	0	0	0	0
00.000,00.000	18.3	0	-200	0	4.5	420.544	219.581	98.081	52.9918	26.4724	11.1822	10.5441	1.69128	0	0	0	0	0	0	0	0	0	0	0	0	0
00.000,00.000	18.4	0	-200	0	4.5	423.677	220.598	98.8206	53.3665	26.933	11.2696	10.7828	1.90589	0	0	0	0	0	0	0	0	0	0	0	0	0
00.000,00.000	18.5	0	-200	0	4.5	446.3	226.58	105.59	56.1791	30.2327	11.9489	12.3882	3.38136	0	0	0	0	0	0	0	0	0	0	0	0	0
00.000,00.000	18.6	0	-200	0	4.5	450.925	227.726	107.064	56.7517	30.7847	12.1927	12.3906	4.01573	0	0	0	0	0	0	0	0	0	0	0	0	0
00.000,00.000	18.7	0	-200	0	4.5	487.428	235.737	119.395	61.6634	33.6779	15.6013	12.6038	8.74919	0	0	0	0	0	0	0	0	0	0	0	0	0
00.000,00.000	18.8	0	-200	0	4.5	496.996	237.478	122.816	62.8334	34.3019	16.4964	13.1624	9.90789	0	0	0	0	0	0	0	0	0	0	0	0	0
00.000,00.000	18.9	0	-200	0	4.5	519.032	241.411	130.61	65.7796	35.8254	18.5147	14.4433	12.4486	0	0	0	0	0	0	0	0	0	0	0	0	0
00.000,00.000	19	0	-200	0	4.5	528.981	243.277	134.104	67.0775	36.5154	19.4141	14.4957	14.0979	0	0	0	0	0	0	0	0	0	0	0	0	0
00.000,00.000	19.1	0	-200	0	4.5	532.99	244.009	135.534	67.6394	36.8003	19.7623	14.5213	14.7241	0	0	0	0	0	0	0	0	0	0	0	0	0
00.000,00.000	19.2	0	-200	0	4.5	537.211	244.778	137.027	68.2538	37.1077	20.1245	14.5519	15.3394	0.0276582	0	0	0	0	0	0	0	0	0	0	0	0
00.000,00.000	19.3	0	-200	0	4.5	541.447	245.564	138.536	68.9038	37.4288	20.4212	14.5872	15.7715	0.234981	0	0	0	0	0	0	0	0	0	0	0	0
00.000,00.000	19.4	0	-200	0	4.5	545.658	246.37	140.073	69.5962	37.7666	20.577	14.6278	16.2048	0.442255	0	0	0	0	0	0	0	0	0	0	0	0
00.000,00.000	19.5	0	-200	0	4.5	550.193	247.225	141.721	70.3672	38.1403	20.7392	14.6766	16.6616	0.661338	0	0	0	0	0	0	0	0	0	0	0	0
00.000,00.000	19.6	0	-200	0	4.5	554.405	248.006	143.104	71.2464	38.4963	20.8875	14.7254	17.0781	0.862191	0	0	0	0	0	0	0	0	0	0	0	0
00.000,00.000	19.7	0	-200	0	4.5	558.729	248.806	144.369	72.2928	38.8752	21.0432	14.7795	17.4991	1.0645	0	0	0	0	0	0	0	0	0	0	0	0
00.000,00.000	19.8	0	-200	0	4.5	563.226	249.631	145.634	73.4355	39.2782	21.2067	14.8392	17.9295	1.27136	0	0	0	0	0	0	0	0	0	0	0	0
00.000,00.000	19.9	0	-200	0	4.5	572.243	251.37	147.87	75.8254	40.1432	21.5531	14.9719	18.8133	1.6965	0	0	0	0	0	0	0	0	0	0	0	0
00.000,00.000	20	0	-200	0	4.5	574.437	251.822	148.39	76.3944	40.3581	21.6392	15.0059	19.0275	1.79948	0	0	0	0	0	0	0	0	0	0	0	0
00.000,00.000	20.1	0	-200	0	4.5	581.215	253.207	150.016	78.1564	41.0345	21.9084	15.1203	19.6651	2.10626	0	0	0	0	0	0	0	0	0	0	0	0
00.000,00.000	20.2	0	-200	0	4.5	586.721	254.367	151.336	79.5355	41.5975	22.1312	15.2192	20.1804	2.35414	0	0	0	0	0	0	0	0	0	0	0	0
00.000,00.000	20.3	0	-200	0	4.5	591.43	255.366	152.46	80.7153	42.0845	22.323	15.3107	20.61	2.56058	0	0	0	0	0	0	0	0	0	0	0	0
00.000,00.000	20.4	0	-200	0	4.5	599.007	256.982	154.263	82.6078	42.8802	22.6343	15.4672	21.1542	3.01871	0	0	0	0	0	0	0	0	0	0	0	0
00.000,00.000	20.5	0	-200	0	4.5	600.97	257.402	154.728	83.0899	43.0909	22.7162	15.5102	21.2369	3.19575	0	0	0	0	0	0	0	0	0	0	0	0
00.000,00.000	20.6	0	-200	0	4.5	623.694	262.189	160.073	88.7585	45.5707	23.6712	16.0572	22.181	5.193	0	0	0	0	0	0	0	0	0	0	0	0
00.000,00.000	20.7	0	-200	0	4.5	637.232	264.889	163.248	92.1552	47.1024	24.2551	16.4304	22.7538	6.39782	0	0	0	0	0	0	0	0	0	0	0	0
00.000,00.000	20.8	0	-200	0	4.5	638.005	265.044	163.429	92.3477	47.1906	24.2889	16.4547	22.786	6.46494	0	0	0	0	0	0	0	0	0	0	0	0
00.000,00.000	20.9	0	-200	0	4.5	638.404	265.126	163.52	92.4475	47.2363	24.3065	16.468	22.8021	6.49817	0	0	0	0	0	0	0	0	0	0	0	0
00.000,00.000	21	0	-200	0	4.5	648.219	267.179	165.703	94.8974	48.3759	24.7471	16.8242	23.1944	7.29894	0	0	0	0	0	0	0	0	0	0	0	0
00.000,00.000	21.1	0	-200	0	4.5	662.051	269.995	168.791	98.3238	50.0173	25.3829	17.3583	23.7554	8.42735	0	0	0	0	0	0	0	0	0	0	0	0
00.000,00.000	21.2	0	-200	0	4.5	669.265	271.503	170.402	100.076	50.8723	25.7162	17.6487	24.0465	9.00025	0	0	0	0	0	0	0	0	0	0	0	0
00.000,00.000	21.3	0	-200	0	4.5	674.83	272.688	171.647	101.412	51.5303	25.9751	17.8798	24.2701	9.42873	0	0	0	0	0	0	0	0	0	0	0	0
00.000,00.000	21.4	0	-200	0	4.5	696.072	277.241	176.416	106.483	54.0224	26.9726	18.7876	25.1247	11.0243	0	0	0	0	0	0	0	0	0	0	0	0
00.000,00.000	21.5	0	-200	0	4.5	700.588	278.076	177.56	107.579	54.5095	27.1931	18.9855	25.3139	11.3711	0	0	0	0	0	0	0	0	0	0	0	0
00.000,00.000	21.6	0	-200	0	4.5	714.894	280.976	180.892	111.037	56.1077	27.8972	19.6322	25.922	12.4311	0	0	0	0	0	0	0	0	0	0	0	0
00.000,00.000	21.7	0	-200	0	4.5	736.772	285.502	186.024	115.643	59.1009	28.9861	20.6467	26.8594	14.0101	0	0	0	0	0	0	0	0	0	0	0	0
00.000,00.000	21.8	0	-200	0	4.5	740.807	286.282	186.974	116.406	59.754	29.1964	20.8406	27.0425	14.311	0	0	0	0	0	0	0	0	0	0	0	0
00.000,00.000	21.9	0	-200	0	4.5	777.355	293.713	195.412	123.456	65.4169	31.1128	22.6273	28.0535	17.5635	0	0	0	0	0	0	0	0	0	0	0	0
00.000,00.000	22	0	-200	0	4.5	786.122	295.538	197.479	125.061	66.735	31.5847	23.0713	28.1809	18.4721	0	0	0	0	0	0	0	0	0	0	0	0
00.000,00.000	22.1	0	-200	0	4.5	806.405	300.058	202.09	128.796	69.7394	32.6672	24.1071	28.5376	20.0123	0.396726	0	0	0	0	0	0	0	0	0	0	0
00.000,00.000	22.2	0	-200	0	4.5	817.664	302.626	204.627	130.79	71.4008	33.2791	24.7131	28.7512	20.7315	0.745166	0	0	0	0	0	0	0	0	0	0	0
00.000,00.000	22.3	0	-200	0	4.5	824.461	304.239	206.152	131.983	72.3773	33.6478	25.0756	28.8966	21.1445	0.945384	0	0	0	0	0	0	0	0	0	0	0
00.000,00.000	22.4	0	-200	0	4.5	833.224	306.37	208.113	133.501	73.6078	34.1274	25.5469	29.1004	21.6617	1.196	0	0	0	0	0	0	0	0	0	0	0
00.000,00.000	22.5	0	-200	0	4.5	841.017	308.288	209.838	134.852	74.6999	34.5589	25.9539	29.2975	21.9336	1.59541	0	0	0	0	0	0	0	0	0	0	0
00.000,00.000	22.6	0	-200	0	4.5	848.278	310.062	211.393	136.129	75.7305	34.9704	26.3413	29.4986	22.1328	2.01971	0	0	0	0	0	0	0	0	0	0	0
00.000,00.000	22.7	0	-200	0	4.5	855.695	311.62	212.973	137.465	76.8811	35.4231	26.7618	29.7328	22.3499	2.4882	0	0	0	0	0	0	0	0	0	0	0
00.000,00.000	22.8	0	-200	0	4.5	875.583	317.363	216.903	140.617	79.6223	36.5086	27.8611	30.3311	22.8383	3.53838	0	0	0	0	0	0	0	0	0	0	0
00.000,00.000	22.9	0	-200	0	4.5	893.808	321.839	220.689	143.808	82.3577	37.6157	29.0003	30.9703	23.3313	4.19752	0	0	0	0	0	0	0	0	0	0	0
00.000,00.000	23	0	-200	0	4.5	896.698	322.639	221.264	144.283	82.7851	37.7891	29.1752	31.074	23.407	4.28191	0	0	0	0	0	0	0	0	0	0	0
00.000,00.000	23.1	0	-200	0	4.5	920.85	329.433	225.883	148.411	86.191	39.2394	30.7148	31.9937	24.0243	4.95896	0	0	0	0	0	0	0	0	0	0	0
00.000,00.000	23.2	0	-200	0	4.5	934.071	332.879	228.671	150.724	88.0016	39.992	31.5762	32.5238	24.3703	5.33296	0	0	0	0	0	0	0	0	0	0	0
00.000,00.000	23.3	0	-200	0	4.5	942.085	334.876	230.484	152.12	89.0817	40.4507	32.0887	32.8569	24.5777	5.55007	0	0	0	0	0	0	0	0	0	0	0
00.000,00.000	23.4	0	-200	0	4.5	977.733	343.141	239.33	158.35	93.8275	42.329	34.3445	34.4049	25.5079	6.49898	0	0	0	0	0	0	0	0	0	0	0
00.000,00.000	23.5	0	-200	0	4.5	985.175	344.864	241.27	159.605	94.567	42.9061	34.8044	34.7453	25.7117	6.70216	0	0	0	0	0	0	0	0	0	0	0
00.000,00.000	23.6	0	-200	0	4.5	1008.62	350.125	247.296	163.576	96.8768	44.8506	36.322	35.874	26.3797	7.32363	0	0	0	0	0	0	0	0	0	0	0
00.000,00.000	23.7	0	-200	0	4.5	1022.47	353.328	250.713	165.902	98.1207	46.101	37.2354	36.5789	26.7936	7.69722	0	0	0	0	0	0	0	0	0	0	0
00.000,00.000	23.8	0	-200	0	4.5	1033.63	355.863	253.336	167.763	99.2417	47.1097	38.0004	37.176	27.1445	7.99591	0	0	0	0	0	0	0	0	0	0	0
00.000,00.000	23.9	0	-200	0	4.5	1075.68	365.374	262.793	174.667	103.831	50.8477	41.0608	39.4721	28.5211	9.11646	0	0	0	0	0	0	0	0	0	0	0
00.000,00.000	24	0	-200	0	4.5	1084.25	367.438	264.718	175.911	104.817	51.5988	41.6856	39.931	28.8073	9.34164	0	0	0	0	0	0	0	0	0	0	0
00.000,00.000	24.1	0	-200	0	4.5	1115.51	375.159	271.551	180.466	108.314	54.3268	43.981	41.6976	29.891	10.1185	0	0	0	0	0	0	0	0	0	0	0
00.000,00.000	24.2	0	-200	0	4.5	1131.7	379.262	275.14	182.595	109.979	55.8708	45.1986	42.6426	30.2506	10.757	0	0	0	0	0	0	0	0	0	0	0
00.000,00.000	24.3	0	-200	0	4.5	1140.68	381.562	277.042	183.812	110.935	56.7046	45.8837	43.1796	30.4145	11.1444	0	0	0	0	0	0	0	0	0	0	0
00.000,00.000	24.4	0	-200	0	4.5	1217.52	401.202	293.159	194.257	119.07	63.831	51.6563	47.9974	31.8576	14.1425	0.34193	0	0	0	0	0	0	0	0	0	0
00.000,00.000	24.5	0	-200	0	4.5	1236.3	405.886	297.185	196.735	120.872	65.7311	53.0785	49.2461	32.2261	14.5416	0.802689	0	0	0	0	0	0	0	0	0	0
00.000,00.000	24.6	0	-200	0	4.5	1268.76	413.771	303.351	201.546	124.352	68.9684	55.6602	51.3819	32.9608	15.2034	1.56254	0	0	0	0	0	0	0	0	0	0
00.000,00.000	24.7	0	-200	0	4.5	1286	418.053	306.467	204.21	126.235	70.6096	57.0176	52.5197	33.3743	15.5528	1.96285	0	0	0	0	0	0	0	0	0	0
00.000,00.000	24.8	0	-200	0	4.5	1327.22	426.135	313.822	210.823	131.166	74.5528	61.1044	55.5585	34.5384	16.5035	3.02086	0	0	0	0	0	0	0	0	0	0
00.000,00.000	24.9	0	-200	0	4.5	1362.54	435.715	319.746	215.732	135.033	77.0929	64.7129	57.9689	35.5173	17.2188	3.80331	0	0	0	0	0	0	0	0	0	0
00.000,00.000	25	0	-200	0	4.5	1365.44	436.435	320.255	216.139	135.382	77.3051	64.9938	58.1735	35.605	17.2809	3.86869	0	0	0	0	0	0	0	0	0	0
00.000,00.000	25.1	0	-200	0	4.5	1416.94	449.188	328.891	223.496	141.546	81.2046	70.1848	61.8221	37.2636	18.3789	4.96124	0	0	0	0	0	0	0	0	0	0
00.000,00.000	25.2	0	-200	0	4.5	1441.53	455.612	332.806	227.002	144.61	83.0228	72.5209	63.5093	38.0697	18.9037	5.47073	0	0	0	0	0	0	0	0	0	0
00.000,00.000	25.3	0	-200	0	4.5	1452.82	458.572	334.671	228.58	145.995	83.8374	73.592	64.2817	38.4538	19.1468	5.69104	0	0	0	0	0	0	0	0	0	0
00.000,00.000	25.4	0	-200	0	4.5	1554.86	485.311	351.727	242.81	158.498	91.1929	83.1268	71.0791	42.0855	21.3986	7.62781	0	0	0	0	0	0	0	0	0	0
00.000,00.000	25.5	0	-200	0	4.5	1584.61	492.986	356.985	246.475	162.364	93.2958	85.8933	73.1157	43.2002	22.0898	8.20883	0	0	0	0	0	0	0	0	0	0
00.000,00.000	25.6	0	-200	0	4.5	1606.72	498.106	361.197	249.368	165.253	94.8783	87.9497	74.6384	44.0666	22.4722	8.66679	0.120756	0	0	0	0	0	0	0	0	0
00.000,00.000	25.7	0	-200	0	4.5	1622.21	501.17	364.453	251.48	167.325	95.9988	89.397	75.7284	44.7052	22.6188	8.90638	0.422837	0	0	0	0	0	0	0	0	0
00.000,00.000	25.8	0	-200	0	4.5	1634.66	503.552	366.953	253.251	169.015	96.9226	90.5751	76.6321	45.2426	22.7528	9.11341	0.651947	0	0	0	0	0	0	0	0	0
00.000,00.000	25.9	0	-200	0	4.5	1721.26	519.938	384.193	265.881	180.779	103.31	98.5529	82.9885	49.1058	23.7725	10.5104	2.23036	0	0	0	0	0	0	0	0	0
00.000,00.000	26	0	-200	0	4.5	1738.5	523.308	387.293	268.413	183.21	104.631	100.15	84.2561	49.9068	23.9888	10.7849	2.5532	0	0	0	0	0	0	0	0	0
00.000,00.000	26.1	0	-200	0	4.5	1795.3	534.175	397.881	277.301	191.121	108.732	104.66	88.8852	52.5808	24.782	11.6358	3.55037	0	0	0	0	0	0	0	0	0
00.000,00.000	26.2	0	-200	0	4.5	1823	539.365	402.979	281.727	195.084	110.649	106.718	91.2787	53.9171	25.1877	12.0525	4.03732	0	0	0	0	0	0	0	0	0
00.000,00.000	26.3	0	-200	0	4.5	1836.27	541.813	405.504	283.896	196.918	111.587	107.655	92.4364	54.5608	25.3939	12.2445	4.25979	0	0	0	0	0	0	0	0	0
00.000,00.000	26.4	0	-200	0	4.5	1983.36	568.655	433.221	308.542	217.604	121.913	117.819	104.933	61.8368	27.8188	14.3459	6.66937	0	0	0	0	0	0	0	0	0
00.000,00.000	26.5	0	-200	0	4.5	2027.32	576.718	441.113	316.039	224.113	125.007	120.642	108.519	64.1282	28.6017	15.0148	7.42171	0	0	0	0	0	0	0	0	0
00.000,00.000	26.6	0	-200	0	4.5	2027.62	576.772	441.169	316.092	224.157	125.028	120.661	108.544	64.1445	28.6075	15.0196	7.42694	0	0	0	0	0	0	0	0	0
00.000,00.000	26.7	0	-200	0	4.5	2165.22	601.092	466.795	341.008	243.119	134.472	130.048	119.402	71.2275	31.3472	17.1419	9.02019	0.544444	0	0	0	0	0	0	0	0
00.000,00.000	26.8	0	-200	0	4.5	2273.77	619.81	487.18	360.55	257.74	141.744	137.901	127.932	76.9449	33.6821	18.0016	9.96735	2.31611	0	0	0	0	0	0	0	0
00.000,00.000	26.9	0	-200	0	4.5	2286.42	621.999	489.527	362.84	259.442	142.612	138.839	128.758	77.7332	33.9726	18.0448	10.1359	2.5146	0	0	0	0	0	0	0	0
00.000,00.000	27	0	-200	0	4.5	2287.88	622.25	489.802	363.121	259.633	142.709	138.948	128.85	77.822	34.0064	18.051	10.1537	2.53531	0	0	0	0	0	0	0	0
00.000,00.000	27.1	0	-200	0	4.5	2345.88	632.265	500.622	374.571	266.882	146.588	143.334	132.29	81.4207	35.4019	18.3343	10.8407	3.32814	0	0	0	0	0	0	0	0
00.000,00.000	27.2	0	-200	0	4.5	2366.54	635.882	504.414	378.724	269.414	147.994	144.879	133.418	82.7425	35.924	18.4422	11.0903	3.6138	0	0	0	0	0	0	0	0
00.000,00.000	27.3	0	-200	0	4.5	2368.95	636.307	504.856	379.216	269.706	148.151	145.065	133.55	82.8908	35.9851	18.4562	11.1182	3.6447	0	0	0	0	0	0	0	0
00.000,00.000	27.4	0	-200	0	4.5	2369.62	636.428	504.979	379.356	269.787	148.195	145.118	133.585	82.9327	36.0029	18.4605	11.126	3.65326	0	0	0	0	0	0	0	0
00.000,00.000	27.5	0	-200	0	4.5	2433.28	647.848	516.393	392.623	277.339	152.195	150.197	136.874	86.923	37.7201	18.8889	11.852	4.42648	0	0	0	0	0	0	0	0
00.000,00.000	27.6	0	-200	0	4.5	2459.39	652.588	520.977	398.105	280.397	153.856	152.33	138.007	88.6892	38.4556	19.0729	12.1604	4.75273	0	0	0	0	0	0	0	0
00.000,00.000	27.7	0	-200	0	4.5	2460.68	652.823	521.201	398.372	280.551	153.935	152.438	138.074	88.772	38.4924	19.0825	12.1756	4.768	0	0	0	0	0	0	0	0
00.000,00.000	27.8	0	-200	0	4.5	2460.99	652.879	521.252	398.436	280.587	153.954	152.464	138.087	88.7929	38.5014	19.0849	12.1793	4.7717	0	0	0	0	0	0	0	0
00.000,00.000	27.9	0	-200	0	4.5	2539	667.459	534.353	414.401	289.852	158.545	158.837	142.1	94.0102	40.8802	19.726	13.1426	5.6921	0	0	0	0	0	0	0	0
00.000,00.000	28	0	-200	0	4.5	2567.37	672.823	539.016	420.144	293.225	160.257	161.198	143.394	96.0061	41.794	19.9721	13.5077	6.03602	0	0	0	0	0	0	0	0
00.000,00.000	28.1	0	-200	0	4.5	2569.5	673.23	539.371	420.564	293.476	160.383	161.372	143.502	96.151	41.8627	19.9913	13.5351	6.06072	0	0	0	0	0	0	0	0
00.000,00.000	28.2	0	-200	0	4.5	2571.47	673.61	539.696	420.948	293.709	160.5	161.532	143.603	96.2881	41.9283	20.0099	13.5611	6.08351	0	0	0	0	0	0	0	0
00.000,00.000	28.3	0	-200	0	4.5	2573.31	673.969	539.997	421.303	293.924	160.61	161.682	143.699	96.4186	41.9915	20.0281	13.5859	6.10471	0	0	0	0	0	0	0	0
00.000,00.000	28.4	0	-200	0	4.5	2573.6	674.026	540.043	421.358	293.958	160.628	161.706	143.713	96.4402	42.002	20.0311	13.5899	6.10814	0	0	0	0	0	0	0	0
00.000,00.000	28.5	0	-200	0	4.5	2586.26	676.576	542.022	423.7	295.414	161.389	162.726	144.347	97.4049	42.4809	20.172	13.7724	6.25584	0	0	0	0	0	0	0	0
00.000,00.000	28.6	0	-200	0	4.5	2706.34	700.782	560.955	446.009	309.241	168.656	171.918	150.756	106.401	46.9428	21.5113	15.5051	7.65853	0	0	0	0	0	0	0	0
00.000,00.000	28.7	0	-200	0	4.5	2737.03	707.118	565.525	451.694	312.761	170.598	174.262	152.311	108.704	48.1771	21.8775	15.9715	7.75709	0.271062	0	0	0	0	0	0	0
00.000,00.000	28.8	0	-200	0	4.5	2838.18	728.086	581.16	469.771	324.131	176.889	181.817	157.893	116.266	52.2843	23.1413	17.5316	7.83652	1.37615	0	0	0	0	0	0	0
00.000,00.000	28.9	0	-200	0	4.5	2860.87	732.846	584.745	473.68	326.64	178.335	183.519	159.13	117.891	53.2651	23.4422	17.8979	7.83652	1.64736	0	0	0	0	0	0	0
00.000,00.000	29	0	-200	0	4.5	2882.47	737.449	588.104	477.305	328.967	179.67	185.141	160.348	119.536	54.2104	23.7468	18.2568	7.83652	1.89692	0	0	0	0	0	0	0
00.000,00.000	29.1	0	-200	0	4.5	2921.48	745.853	594.227	483.743	333.049	182.065	188.046	162.59	122.54	55.938	24.3217	18.9231	7.83652	2.34708	0	0	0	0	0	0	0
00.000,00.000	29.2	0	-200	0	4.5	2945.58	751.051	597.96	487.635	335.566	183.567	189.823	164.001	124.431	57.0396	24.6974	19.35	7.83652	2.6259	0	0	0	0	0	0	0
00.000,00.000	29.3	0	-200	0	4.5	2965.03	755.291	600.932	490.722	337.573	184.776	191.268	165.127	125.988	57.9515	25.0149	19.6314	7.90794	2.84715	0	0	0	0	0	0	0
00.000,00.000	29.4	0	-200	0	4.5	3068.87	778.124	616.747	506.6	348.14	191.299	199.111	171.216	133.478	63.8555	26.7962	20.6541	8.83557	4.01492	0	0	0	0	0	0	0
00.000,00.000	29.5	0	-200	0	4.5	3137.37	793.475	627.129	516.726	355.039	195.603	204.59	175.213	138.19	67.7682	28.0256	21.3071	9.51892	4.78615	0	0	0	0	0	0	0
00.000,00.000	29.6	0	-200	0	4.5	3146.77	795.646	628.586	517.969	355.955	196.211	205.383	175.746	138.844	68.3154	28.2049	21.4021	9.61684	4.89412	0	0	0	0	0	0	0
00.000,00.000	29.7	0	-200	0	4.5	3147.66	795.851	628.716	518.09	356.039	196.265	205.456	175.799	138.908	68.3691	28.2223	21.4114	9.62575	4.90359	0	0	0	0	0	0	0
00.000,00.000	29.8	0	-200	0	4.5	3238.2	816.759	642.125	530.259	364.638	201.709	212.973	181.209	145.544	74.0212	30.1117	22.414	10.5625	5.8742	0	0	0	0	0	0	0
00.000,00.000	29.9	0	-200	0	4.5	3265.57	822.96	646.278	533.825	367.301	203.384	215.216	182.859	147.53	75.7248	30.7176	22.7367	10.8607	6.17797	0	0	0	0	0	0	0
00.000,00.000	30	0	-200	0	4.5	3267	823.287	646.492	534.009	367.434	203.469	215.336	182.946	147.638	75.8188	30.7504	22.7543	10.8763	6.19287	0	0	0	0	0	0	0
00.000,00.000	30.1	0	-200	0	4.5	3268.73	823.685	646.75	534.225	367.593	203.57	215.479	183.052	147.769	75.9338	30.7917	22.7763	10.8955	6.2107	0	0	0	0	0	0	0
00.000,00.000	30.2	0	-200	0	4.5	3270.31	824.051	646.984	534.418	367.735	203.661	215.614	183.149	147.89	76.04	30.8305	22.7971	10.9134	6.22668	0	0	0	0	0	0	0
00.000,00.000	30.3	0	-200	0	4.5	3271.76	824.389	647.199	534.591	367.864	203.744	215.737	183.239	148.003	76.139	30.8674	22.8169	10.9301	6.2411	0	0	0	0	0	0	0
00.000,00.000	30.4	0	-200	0	4.5	3271.99	824.443	647.233	534.617	367.884	203.756	215.756	183.253	148.021	76.1544	30.8734	22.8202	10.9328	6.2434	0	0	0	0	0	0	0
00.000,00.000	30.5	0	-200	0	4.5	3401.81	854.593	666.836	549.34	379.103	211.135	226.444	191.362	158.337	85.4321	34.4529	24.7536	12.5098	7.50856	0	0	0	0	0	0	0
00.000,00.000	30.6	0	-200	0	4.5	3490.41	872.152	681.804	559.469	386.949	216.406	234.234	196.971	165.309	91.9207	37.0127	26.1265	13.656	8.174	0.228538	0	0	0	0	0	0
00.000,00.000	30.7	0	-200	0	4.5	3502.2	874.47	683.716	560.792	387.987	217.091	235.392	197.724	166.17	92.8253	37.3705	26.3227	13.815	8.174	0.347942	0	0	0	0	0	0
00.000,00.000	30.8	0	-200	0	4.5	3582.6	890.365	696.617	569.6	394.977	221.685	243.151	202.912	172.457	99.042	39.8619	27.7002	14.9219	8.174	1.13443	0	0	0	0	0	0
00.000,00.000	30.9	0	-200	0	4.5	3599.87	893.782	699.18	571.522	396.552	222.62	244.88	204.037	173.814	100.372	40.4243	28.027	15.1793	8.174	1.31179	0	0	0	0	0	0
00.000,00.000	31	0	-200	0	4.5	3653.27	904.522	707.076	577.274	401.153	225.474	250.014	207.533	178.176	104.733	42.2376	29.0851	15.989	8.174	1.83128	0	0	0	0	0	0
00.000,00.000	31.1	0	-200	0	4.5	3683.19	910.45	711.481	580.518	403.78	226.957	252.53	209.855	180.677	107.195	43.2672	29.7122	16.4652	8.174	2.1276	0	0	0	0	0	0
00.000,00.000	31.2	0	-200	0	4.5	3700.81	914.076	714.066	582.373	405.251	227.856	253.934	211.254	182.145	108.561	43.9846	30.0934	16.7494	8.174	2.29547	0	0	0	0	0	0
00.000,00.000	31.3	0	-200	0	4.5	3718.64	917.794	716.687	584.216	406.737	228.758	255.335	212.673	183.571	109.885	44.8061	30.494	17.0443	8.174	2.46246	0	0	0	0	0	0
00.000,00.000	31.4	0	-200	0	4.5	3830.96	941.108	733.521	595.744	416.086	234.234	263.981	221.64	192.304	118.376	50.158	33.1522	18.9787	8.17521	3.50222	0	0	0	0	0	0
00.000,00.000	31.5	0	-200	0	4.5	3878.16	950.496	740.794	600.752	420.014	236.453	267.605	225.505	195.647	122.073	52.5118	34.3412	19.7269	8.29052	3.95129	0	0	0	0	0	0
00.000,00.000	31.6	0	-200	0	4.5	3895.51	954.034	743.462	602.56	421.393	237.279	268.899	226.882	196.941	123.432	53.3946	34.7863	19.9361	8.40274	4.10923	0	0	0	0	0	0
00.000,00.000	31.7	0	-200	0	4.5	3912.89	957.656	746.154	604.341	422.724	238.096	270.136	228.253	198.233	124.813	54.2909	35.2546	20.1451	8.52654	4.26475	0	0	0	0	0	0
00.000,00.000	31.8	0	-200	0	4.5	3931.51	961.605	749.039	606.217	424.123	238.947	271.419	229.712	199.638	126.307	55.2633	35.772	20.3701	8.66603	4.4287	0	0	0	0	0	0
00.000,00.000	31.9	0	-200	0	4.5	3935.27	962.407	749.637	606.594	424.408	239.089	271.668	230.004	199.925	126.62	55.4617	35.8828	20.4134	8.7001	4.4626	0	0	0	0	0	0
00.000,00.000	32	0	-200	0	4.5	3936.71	962.725	749.857	606.734	424.511	239.154	271.763	230.115	200.033	126.737	55.5395	35.9258	20.4305	8.71262	4.47476	0	0	0	0	0	0
00.000,00.000	32.1	0	-200	0	4.5	3938.43	963.109	750.116	606.899	424.631	239.231	271.872	230.247	200.161	126.879	55.6334	35.9789	20.4516	8.72757	4.48906	0	0	0	0	0	0
00.000,00.000	32.2	0	-200	0	4.5	3939.88	963.436	750.334	607.039	424.732	239.295	271.963	230.359	200.271	127.001	55.7157	36.0261	20.4705	8.74048	4.50121	0	0	0	0	0	0
00.000,00.000	32.3	0	-200	0	4.5	3941.11	963.715	750.515	607.155	424.815	239.349	272.038	230.454	200.363	127.105	55.7865	36.0674	20.4871	8.75142	4.51134	0	0	0	0	0	0
00.000,00.000	32.4	0	-200	0	4.5	3941.3	963.756	750.542	607.172	424.827	239.356	272.049	230.468	200.377	127.121	55.797	36.0739	20.4897	8.75311	4.51289	0	0	0	0	0	0
00.000,00.000	32.5	0	-200	0	4.5	3941.34	963.765	750.548	607.176	424.83	239.358	272.051	230.471	200.38	127.125	55.7995	36.0754	20.4903	8.75347	4.51321	0	0	0	0	0	0
00.000,00.000	32.6	0	-200	0	4.5	3941.35	963.768	750.549	607.177	424.831	239.358	272.052	230.472	200.381	127.126	55.8	36.0757	20.4905	8.75356	4.51329	0	0	0	0	0	0
00.000,00.000	32.7	0	-200	0	4.5	3941.53	963.81	750.574	607.193	424.842	239.366	272.062	230.486	200.394	127.141	55.8117	36.0828	20.4934	8.75521	4.51475	0	0	0	0	0	0
00.000,00.000	32.8	0	-200	0	4.5	4052.65	989.907	765.444	617.036	431.46	243.946	278.671	239.141	208.547	136.984	63.2706	40.6508	22.3786	9.79493	5.42081	0	0	0	0	0	0
00.000,00.000	32.9	0	-200	0	4.5	4087.32	997.698	770.213	620.1	433.596	245.201	280.781	241.935	211.056	140.119	65.612	42.1565	23.0009	10.1344	5.71259	0	0	0	0	0	0
00.000,00.000	33	0	-200	0	4.5	4088.93	998.081	770.426	620.239	433.691	245.261	280.875	242.061	211.173	140.262	65.724	42.2285	23.0309	10.1501	5.72552	0	0	0	0	0	0
00.000,00.000	33.1	0	-200	0	4.5	4091.47	998.689	770.758	620.457	433.839	245.347	281.024	242.259	211.354	140.488	65.9058	42.3475	23.0808	10.1755	5.74585	0	0	0	0	0	0
00.000,00.000	33.2	0	-200	0	4.5	4093.79	999.252	771.059	620.652	433.974	245.424	281.159	242.435	211.517	140.695	66.073	42.4583	23.1275	10.1988	5.76423	0	0	0	0	0	0
00.000,00.000	33.3	0	-200	0	4.5	4095.2	999.6	771.238	620.77	434.054	245.475	281.239	242.541	211.615	140.819	66.1756	42.527	23.1566	10.213	5.77505	0	0	0	0	0	0
00.000,00.000	33.4	0	-200	0	4.5	4095.41	999.653	771.266	620.788	434.066	245.481	281.252	242.557	211.63	140.838	66.1917	42.5379	23.1612	10.2153	5.77674	0	0	0	0	0	0
00.000,00.000	33.5	0	-200	0	4.5	4099.46	1000.67	771.772	621.117	434.291	245.612	281.478	242.856	211.903	141.191	66.4987	42.7539	23.2536	10.2583	5.80753	0	0	0	0	0	0
00.000,00.000	33.6	0	-200	0	4.5	4102.54	1001.44	772.154	621.371	434.461	245.711	281.646	243.084	212.11	141.464	66.7318	42.919	23.324	10.2914	5.83125	0	0	0	0	0	0
00.000,00.000	33.7	0	-200	0	4.5	4190.76	1023.87	782.858	628.42	439.271	249.05	286.304	249.565	218.122	148.893	73.4389	47.8163	25.4336	11.2411	6.48007	0	0	0	0	0	0
00.000,00.000	33.8	0	-200	0	4.5	4247.25	1038.01	789.665	632.957	442.253	251.23	289.17	253.952	221.991	153.615	77.7398	51.068	26.8337	11.8692	6.90168	0	0	0	0	0	0
00.000,00.000	33.9	0	-200	0	4.5	4254.19	1039.78	790.519	633.501	442.569	251.527	289.496	254.49	222.469	154.183	78.2474	51.487	27.0156	11.9494	6.95382	0	0	0	0	0	0
00.000,00.000	34	0	-200	0	4.5	4259.76	1041.22	791.193	633.926	442.835	251.754	289.758	254.92	222.848	154.626	78.6685	51.8344	27.1688	12.0147	6.99425	0	0	0	0	0	0
00.000,00.000	34.1	0	-200	0	4.5	4274.13	1044.96	792.946	634.966	443.521	252.336	290.419	256.028	223.816	155.75	79.7634	52.7577	27.5799	12.1867	7.09787	0	0	0	0	0	0
00.000,00.000	34.2	0	-200	0	4.5	4278.38	1046.08	793.49	635.239	443.709	252.524	290.603	256.36	224.101	156.084	80.0774	53.0428	27.7077	12.2394	7.12909	0	0	0	0	0	0
00.000,00.000	34.3	0	-200	0	4.5	4279.69	1046.42	793.647	635.328	443.771	252.577	290.66	256.461	224.188	156.183	80.1784	53.1325	27.7486	12.2559	7.13845	0	0	0	0	0	0
00.000,00.000	34.4	0	-200	0	4.5	4279.89	1046.47	793.672	635.34	443.779	252.586	290.668	256.477	224.201	156.198	80.1935	53.1466	27.7551	12.2585	7.1399	0	0	0	0	0	0
00.000,00.000	34.5	0	-200	0	4.5	4283.08	1047.33	794.052	635.538	443.918	252.725	290.792	256.695	224.443	156.426	80.4404	53.3848	27.8675	12.302	7.16284	0	0	0	0	0	0
00.000,00.000	34.6	0	-200	0	4.5	4285.41	1047.96	794.331	635.683	444.014	252.831	290.88	256.821	224.656	156.593	80.6201	53.5606	27.9503	12.3341	7.17984	0	0	0	0	0	0
00.000,00.000	34.7	0	-200	0	4.5	4287.27	1048.47	794.541	635.797	444.094	252.909	290.949	256.935	224.808	156.721	80.7653	53.7041	28.0201	12.3604	7.19287	0	0	0	0	0	0
00.000,00.000	34.8	0	-200	0	4.5	4348.4	1065.27	801.335	639.585	446.866	255.325	293.221	260.882	229.654	161.023	84.9338	59.0808	30.3706	13.2386	7.61893	0	0	0	0	0	0
00.000,00.000	34.9	0	-200	0	4.5	4366.46	1070.31	803.377	640.679	447.635	256.08	293.861	262.005	231.103	162.282	85.9278	60.8521	31.0963	13.5081	7.74646	0	0	0	0	0	0
00.000,00.000	35	0	-200	0	4.5	4372.54	1072.05	804.046	641.034	447.899	256.309	294.075	262.382	231.582	162.671	86.3082	61.4484	31.3541	13.6017	7.78792	0	0	0	0	0	0
00.000,00.000	35.1	0	-200	0	4.5	4388.32	1076.63	805.75	641.939	448.567	256.904	294.615	263.362	232.82	163.654	87.2627	63.0261	32.0496	13.8514	7.8947	0	0	0	0	0	0
00.000,00.000	35.2	0	-200	0	4.5	4392.71	1077.9	806.238	642.187	448.744	257.079	294.762	263.635	233.162	163.92	87.5107	63.4676	32.2502	13.9229	7.92457	0	0	0	0	0	0
00.000,00.000	35.3	0	-200	0	4.5	4393.79	1078.22	806.353	642.246	448.788	257.12	294.797	263.703	233.246	163.983	87.5755	63.5797	32.3018	13.941	7.93172	0	0	0	0	0	0
00.000,00.000	35.4	0	-200	0	4.5	4393.95	1078.27	806.371	642.255	448.795	257.127	294.803	263.713	233.259	163.991	87.5841	63.5968	32.3099	13.9439	7.93282	0	0	0	0	0	0
00.000,00.000	35.5	0	-200	0	4.5	4470.09	1101.68	813.844	646.179	451.687	259.964	297.104	268.234	239.126	168.189	92.0343	71.9993	36.3469	15.2863	8.41728	0	0	0	0	0	0
00.000,00.000	35.6	0	-200	0	4.5	4549.52	1125.61	821.418	650.289	454.692	263.018	299.529	272.823	245.447	172.461	96.6379	81.2294	40.7163	16.7158	8.43128	0.503614	0	0	0	0	0
00.000,00.000	35.7	0	-200	0	4.5	4561.14	1129.21	822.48	650.885	455.11	263.458	299.88	273.519	246.351	173.026	97.3191	82.6077	41.3521	16.9324	8.4299	0.579982	0	0	0	0	0
00.000,00.000	35.8	0	-200	0	4.5	4561.57	1129.35	822.518	650.906	455.125	263.475	299.891	273.543	246.384	173.046	97.3434	82.6585	41.3759	16.9404	8.42992	0.582531	0	0	0	0	0
00.000,00.000	35.9	0	-200	0	4.5	4562.33	1129.61	822.584	650.943	455.15	263.504	299.912	273.585	246.441	173.079	97.3859	82.7495	41.4199	16.9554	8.42995	0.586956	0	0	0	0	0
00.000,00.000	36	0	-200	0	4.5	4594.76	1140.67	825.296	652.46	456.182	264.728	300.763	275.365	248.893	174.431	99.1663	86.6312	43.36	17.6121	8.43089	0.770158	0	0	0	0	0
00.000,00.000	36.1	0	-200	0	4.5	4612.87	1146.98	826.707	653.259	456.734	265.412	301.236	276.366	250.268	175.157	100.158	88.8188	44.4826	17.9916	8.4305	0.873015	0	0	0	0	0
00.000,00.000	36.2	0	-200	0	4.5	4623.6	1150.79	827.56	653.721	457.049	265.804	301.501	276.951	251.073	175.568	100.73	90.1036	45.1617	18.222	8.4305	0.930719	0	0	0	0	0
00.000,00.000	36.3	0	-200	0	4.5	4634.28	1154.65	828.419	654.172	457.35	266.191	301.756	277.532	251.874	175.961	101.293	91.3873	45.8193	18.4591	8.4305	0.986625	0	0	0	0	0
00.000,00.000	36.4	0	-200	0	4.5	4645.01	1158.59	829.278	654.613	457.639	266.576	302.002	278.112	252.677	176.341	101.848	92.6753	46.4853	18.7042	8.4305	1.041	0	0	0	0	0
00.000,00.000	36.5	0	-200	0	4.5	4655.59	1162.55	830.117	655.035	457.911	266.953	302.226	278.68	253.44	176.704	102.384	93.9463	47.16	18.9535	8.4305	1.09301	0	0	0	0	0
00.000,00.000	36.6	0	-200	0	4.5	4712.61	1183.4	834.568	657.252	459.358	269.035	303.43	281.75	257.648	178.694	105.273	101.005	51.0391	20.3504	8.4305	1.37722	0	0	0	0	0
00.000,00.000	36.7	0	-200	0	4.5	4724.16	1187.81	835.474	657.679	459.63	269.457	303.654	282.298	258.425	179.072	105.789	102.423	51.8911	20.6956	8.4305	1.43298	0	0	0	0	0
00.000,00.000	36.8	0	-200	0	4.5	4770.16	1205.39	839.098	659.33	460.625	271.015	304.516	284.474	261.621	180.656	107.865	107.831	55.6673	22.0011	8.4305	1.64156	0	0	0	0	0
00.000,00.000	36.9	0	-200	0	4.5	4782.78	1210.32	840.084	659.775	460.833	271.451	304.742	284.965	262.232	181.32	108.405	109.141	56.9998	22.3918	8.4305	1.69883	0	0	0	0	0
00.000,00.000	37	0	-200	0	4.5	4801.46	1217.74	841.535	660.417	461.174	272.035	305.051	285.802	263.171	182.268	109.187	110.995	58.9046	22.9699	8.4305	1.77592	0	0	0	0	0
00.000,00.000	37.1	0	-200	0	4.5	4814.51	1222.95	842.558	660.861	461.394	272.442	305.258	286.363	263.804	182.933	109.72	112.256	60.295	23.4127	8.4305	1.82898	0	0	0	0	0
00.000,00.000	37.2	0	-200	0	4.5	4824.18	1226.88	843.309	661.179	461.556	272.731	305.4	286.776	264.273	183.422	110.103	113.185	61.3297	23.7448	8.4305	1.8663	0	0	0	0	0
00.000,00.000	37.3	0	-200	0	4.5	4833.79	1230.83	844.041	661.486	461.709	273.009	305.519	287.185	264.739	183.904	110.473	114.104	62.3664	24.0852	8.4305	1.90166	0	0	0	0	0
00.000,00.000	37.4	0	-200	0	4.5	4843.31	1234.81	844.745	661.782	461.852	273.276	305.628	287.591	265.202	184.379	110.831	115.011	63.4028	24.4336	8.4305	1.935	0	0	0	0	0
00.000,00.000	37.5	0	-200	0	4.5	4852.76	1238.77	845.438	662.068	461.986	273.532	305.729	287.996	265.664	184.854	111.183	115.907	64.4445	24.7909	8.4305	1.96647	0	0	0	0	0
00.000,00.000	37.6	0	-200	0	4.5	4862.14	1242.63	846.12	662.347	462.114	273.782	305.824	288.409	266.135	185.338	111.541	116.808	65.4645	25.201	8.4305	1.99661	0	0	0	0	0
00.000,00.000	37.7	0	-200	0	4.5	4870.91	1246.34	846.747	662.602	462.225	274.005	305.907	288.79	266.567	185.786	111.869	117.624	66.3873	25.6137	8.4305	2.02255	0	0	0	0	0
00.000,00.000	37.8	0	-200	0	4.5	4911.4	1263.63	849.657	663.76	462.706	275.006	306.289	290.617	268.613	187.463	113.423	121.416	70.8272	27.4244	8.4305	2.13549	0	0	0	0	0
00.000,00.000	37.9	0	-200	0	4.5	4919.11	1267	850.213	663.989	462.772	275.201	306.373	290.943	268.974	187.696	113.728	122.128	71.7024	27.8109	8.4305	2.15696	0	0	0	0	0
00.000,00.000	38	0	-200	0	4.5	4944.2	1278.15	852.044	664.672	463.005	275.852	306.666	292.069	270.208	188.478	114.676	124.286	74.2443	29.2095	8.4305	2.21599	0	0	0	0	0
00.000,00.000	38.1	0	-200	0	4.5	4958.61	1284.2	853.433	665.065	463.126	276.259	306.868	292.71	270.908	188.943	115.192	125.431	75.7757	30.0298	8.4305	2.24855	0	0	0	0	0
00.000,00.000	38.2	0	-200	0	4.5	4967.34	1287.72	854.445	665.289	463.194	276.49	306.995	293.102	271.334	189.23	115.516	126.132	76.6774	30.5229	8.4305	2.26571	0	0	0	0	0
00.000,00.000	38.3	0	-200	0	4.5	4975.98	1291.11	855.571	665.502	463.255	276.709	307.123	293.491	271.753	189.521	115.842	126.811	77.5649	31.0206	8.4305	2.28083	0	0	0	0	0
00.000,00.000	38.4	0	-200	0	4.5	4997.94	1299.4	858.818	666.021	463.394	277.239	307.455	294.473	272.811	190.283	116.682	128.514	79.8028	32.3081	8.4305	2.31387	0	0	0	0	0
00.000,00.000	38.5	0	-200	0	4.5	5010.73	1303.83	861.132	666.317	463.467	277.541	307.646	294.997	273.425	190.742	117.174	129.474	81.2738	32.9541	8.4305	2.33125	0	0	0	0	0
00.000,00.000	38.6	0	-200	0	4.5	5030.27	1309.85	864.623	666.77	463.571	278.003	307.984	295.904	274.445	191.53	118.03	131.096	83.6821	33.9994	8.4305	2.35418	0	0	0	0	0
00.000,00.000	38.7	0	-200	0	4.5	5039.56	1312.66	866.409	666.986	463.616	278.212	308.143	296.325	274.917	191.908	118.433	131.835	84.7979	34.5152	8.4305	2.3632	0	0	0	0	0
00.000,00.000	38.8	0	-200	0	4.5	5040.03	1312.8	866.505	666.997	463.618	278.223	308.151	296.348	274.942	191.929	118.455	131.873	84.8563	34.542	8.4305	2.36353	0	0	0	0	0
00.000,00.000	38.9	0	-200	0	4.5	5047.58	1315.15	868.032	667.153	463.644	278.37	308.286	296.69	275.309	192.229	118.79	132.439	85.7226	34.968	8.4305	2.36619	0	0	0	0	0
00.000,00.000	39	0	-200	0	4.5	5059.74	1318.81	870.563	667.4	463.684	278.602	308.51	297.253	275.903	192.724	119.342	133.347	87.1194	35.6785	8.4305	2.36781	0	0	0	0	0
00.000,00.000	39.1	0	-200	0	4.5	5068.26	1321.29	872.391	667.568	463.71	278.759	308.673	297.655	276.323	193.082	119.738	133.982	88.1007	36.1919	8.4305	2.36781	0	0	0	0	0
00.000,00.000	39.2	0	-200	0	4.5	5075.71	1323.51	874.001	667.705	463.728	278.888	308.806	298.007	276.683	193.402	120.086	134.519	88.9305	36.6445	8.4305	2.36781	0	0	0	0	0
00.000,00.000	39.3	0	-200	0	4.5	5083.03	1325.7	875.556	667.842	463.744	279.009	308.941	298.361	277.039	193.726	120.436	135.043	89.7324	37.0995	8.4305	2.36781	0	0	0	0	0
00.000,00.000	39.4	0	-200	0	4.5	5090.08	1327.83	876.96	667.974	463.757	279.123	309.079	298.716	277.391	194.056	120.788	135.544	90.5042	37.5572	8.4305	2.36781	0	0	0	0	0
00.000,00.000	39.5	0	-200	0	4.5	5096.97	1329.84	878.358	668.096	463.767	279.23	309.219	299.074	277.741	194.393	121.144	136.017	91.2691	38.0199	8.4305	2.36781	0	0	0	0	0
00.000,00.000	39.6	0	-200	0	4.5	5106.14	1332.21	880.261	668.251	463.778	279.37	309.421	299.588	278.24	194.883	121.657	136.676	92.3213	38.6804	8.4305	2.36781	0	0	0	0	0
00.000,00.000	39.7	0	-200	0	4.5	5122.89	1336.56	883.705	668.509	463.79	279.61	309.81	300.559	279.22	195.701	122.616	137.892	93.9837	40.1363	8.4305	2.36781	0	0	0	0	0
00.000,00.000	39.8	0	-200	0	4.5	5125.95	1337.36	884.349	668.561	463.792	279.653	309.92	300.739	279.412	195.788	122.787	138.105	94.2052	40.4786	8.4305	2.36781	0	0	0	0	0
00.000,00.000	39.9	0	-200	0	4.5	5133.43	1339.39	885.818	668.672	463.796	279.748	310.136	301.199	279.852	196.115	123.193	138.642	94.7546	41.3221	8.4305	2.36781	0	0	0	0	0
00.000,00.000	40	0	-200	0	4.5	5142.82	1341.94	887.632	668.809	463.8	279.862	310.442	301.795	280.399	196.528	123.691	139.292	95.4276	42.3981	8.4305	2.36781	0	0	0	0	0
00.000,00.000	40.1	0	-200	0	4.5	5149.52	1343.77	888.939	668.9	463.803	279.938	310.666	302.225	280.786	196.864	124.05	139.737	95.8867	43.1638	8.4305	2.36781	0	0	0	0	0
00.000,00.000	40.2	0	-200	0	4.5	5155.43	1345.3	890.104	668.968	463.805	280.076	310.86	302.591	281.126	197.173	124.374	140.128	96.2827	43.8401	8.4305	2.36781	0	0	0	0	0
00.000,00.000	40.3	0	-200	0	4.5	5161.36	1346.81	891.26	669.03	463.807	280.298	311.049	302.965	281.464	197.49	124.701	140.512	96.6662	44.5122	8.4305	2.36781	0	0	0	0	0
00.000,00.000	40.4	0	-200	0	4.5	5166.76	1348.28	891.937	669.086	463.808	280.518	311.242	303.346	281.797	197.809	125.029	140.893	97.0376	45.1767	8.4305	2.36781	0	0	0	0	0
00.000,00.000	40.5	0	-200	0	4.5	5172.02	1349.67	892.581	669.137	463.809	280.745	311.435	303.737	282.13	198.113	125.362	141.272	97.4004	45.8344	8.4305	2.36781	0	0	0	0	0
00.000,00.000	40.6	0	-200	0	4.5	5178.56	1351.05	893.399	669.195	463.811	281.057	311.693	304.28	282.581	198.495	125.827	141.77	97.8802	46.7242	8.4305	2.36781	0	0	0	0	0
00.000,00.000	40.7	0	-200	0	4.5	5185.39	1352.68	894.211	669.248	463.811	281.367	311.958	304.849	283.042	198.87	126.299	142.268	98.3625	47.6311	8.4305	2.36781	0	0	0	0	0
00.000,00.000	40.8	0	-200	0	4.5	5200.5	1355.7	896.069	669.359	463.812	282.065	312.567	306.21	284.105	199.76	127.426	143.432	99.4631	49.7338	8.4305	2.36781	0	0	0	0	0
00.000,00.000	40.9	0	-200	0	4.5	5203.09	1356.27	896.306	669.376	463.812	282.193	312.683	306.458	284.309	199.898	127.619	143.639	99.6313	50.0988	8.4305	2.36781	0	0	0	0	0
00.000,00.000	41	0	-200	0	4.5	5216.64	1359.6	897.428	669.457	463.812	282.806	313.245	307.689	285.26	200.708	128.672	144.705	100.525	51.9364	8.4305	2.36781	0	0	0	0	0
00.000,00.000	41.1	0	-200	0	4.5	5223.91	1361.27	897.998	669.496	463.812	283.154	313.562	308.364	285.791	201.155	129.229	145.31	100.99	52.9777	8.4305	2.36781	0	0	0	0	0
00.000,00.000	41.2	0	-200	0	4.5	5228.14	1362.21	898.318	669.517	463.812	283.352	313.729	308.784	286.102	201.424	129.563	145.668	101.274	53.5803	8.4305	2.36781	0	0	0	0	0
00.000,00.000	41.3	0	-200	0	4.5	5232.48	1363.22	898.63	669.535	463.812	283.548	313.898	309.219	286.42	201.699	129.909	146.03	101.573	54.1871	8.4305	2.36781	0	0	0	0	0
00.000,00.000	41.4	0	-200	0	4.5	5236.77	1364.21	898.911	669.551	463.812	283.741	314.057	309.663	286.735	201.975	130.26	146.392	101.871	54.7887	8.4305	2.36781	0	0	0	0	0
00.000,00.000	41.5	0	-200	0	4.5	5240.97	1365.13	899.176	669.563	463.812	283.929	314.212	310.142	287.024	202.254	130.616	146.754	102.167	55.388	8.4305	2.36781	0	0	0	0	0
00.000,00.000	41.6	0	-200	0	4.5	5244.95	1365.78	899.412	669.572	463.812	284.12	314.372	310.636	287.322	202.543	130.989	147.125	102.468	55.998	8.4305	2.36781	0	0	0	0	0
00.000,00.000	41.7	0	-200	0	4.5	5252.87	1367.03	899.848	669.588	463.812	284.496	314.712	311.644	287.93	203.126	131.725	147.897	103.053	57.2054	8.4305	2.36781	0	0	0	0	0
00.000,00.000	41.8	0	-200	0	4.5	5258.58	1368.12	900.12	669.598	463.812	284.757	314.961	312.35	288.356	203.536	132.226	148.473	103.432	58.0436	8.4305	2.36781	0	0	0	0	0
00.000,00.000	41.9	0	-200	0	4.5	5259.39	1368.27	900.158	669.599	463.812	284.794	314.995	312.457	288.413	203.594	132.294	148.559	103.484	58.1625	8.4305	2.36781	0	0	0	0	0
00.000,00.000	42	0	-200	0	4.5	5267.58	1369.68	900.555	669.611	463.812	285.17	315.341	313.532	289.049	204.165	133.049	149.392	104.092	59.3315	8.4305	2.36781	0	0	0	0	0