
label	time(d)	x	depth	z	radius	total	0-10	10-20	20-30	30-40	40-50	50-60	60-70	70-80	80-90	90-100	100-110	110-120	120-130	130-140	140-150	150-160	160-170	170-180	180-190	190-200
05.500,00.000	0	5.5	-200	0	4.5	0	0	0	0	0	0	0	0	0	0	0	0	0	0	0	0	0	0	0	0	0
05.500,00.000	0.1	5.5	-200	0	4.5	0	0	0	0	0	0	0	0	0	0	0	0	0	0	0	0	0	0	0	0	0
05.500,00.000	0.2	5.5	-200	0	4.5	0	0	0	0	0	0	0	0	0	0	0	0	0	0	0	0	0	0	0	0	0
05.500,00.000	0.3	5.5	-200	0	4.5	0	0	0	0	0	0	0	0	0	0	0	0	0	0	0	0	0	0	0	0	0
05.500,00.000	0.4	5.5	-200	0	4.5	0	0	0	0	0	0	0	0	0	0	0	0	0	0	0	0	0	0	0	0	0
05.500,00.000	0.5	5.5	-200	0	4.5	0	0	0	0	0	0	0	0	0	0	0	0	0	0	0	0	0	0	0	0	0
05.500,00.000	0.6	5.5	-200	0	4.5	0	0	0	0	0	0	0	0	0	0	0	0	0	0	0	0	0	0	0	0	0
05.500,00.000	0.7	5.5	-200	0	4.5	0	0	0	0	0	0	0	0	0	0	0	0	0	0	0	0	0	0	0	0	0
05.500,00.000	0.8	5.5	-200	0	4.5	0	0	0	0	0	0	0	0	0	0	0	0	0	0	0	0	0	0	0	0	0
05.500,00.000	0.9	5.5	-200	0	4.5	0	0	0	0	0	0	0	0	0	0	0	0	0	0	0	0	0	0	0	0	0
05.500,00.000	1	5.5	-200	0	4.5	0	0	0	0	0	0	0	0	0	0	0	0	0	0	0	0	0	0	0	0	0
05.500,00.000	1.1	5.5	-200	0	4.5	0	0	0	0	0	0	0	0	0	0	0	0	0	0	0	0	0	0	0	0	0
05.500,00.000	1.2	5.5	-200	0	4.5	0	0	0	0	0	0	0	0	0	0	0	0	0	0	0	0	0	0	0	0	0
05.500,00.000	1.3	5.5	-200	0	4.5	0	0	0	0	0	0	0	0	0	0	0	0	0	0	0	0	0	0	0	0	0
05.500,00.000	1.4	5.5	-200	0	4.5	0	0	0	0	0	0	0	0	0	0	0	0	0	0	0	0	0	0	0	0	0
05.500,00.000	1.5	5.5	-200	0	4.5	0	0	0	0	0	0	0	0	0	0	0	0	0	0	0	0	0	0	0	0	0
05.500,00.000	1.6	5.5	-200	0	4.5	0	0	0	0	0	0	0	0	0	0	0	0	0	0	0	0	0	0	0	0	0
05.500,00.000	1.7	5.5	-200	0	4.5	0	0	0	0	0	0	0	0	0	0	0	0	0	0	0	0	0	0	0	0	0
05.500,00.000	1.8	5.5	-200	0	4.5	0	0	0	0	0	0	0	0	0	0	0	0	0	0	0	0	0	0	0	0	0
05.500,00.000	1.9	5.5	-200	0	4.5	0	0	0	0	0	0	0	0	0	0	0	0	0	0	0	0	0	0	0	0	0
05.500,00.000	2	5.5	-200	0	4.5	0	0	0	0	0	0	0	0	0	0	0	0	0	0	0	0	0	0	0	0	0
05.500,00.000	2.1	5.5	-200	0	4.5	0	0	0	0	0	0	0	0	0	0	0	0	0	0	0	0	0	0	0	0	0
05.500,00.000	2.2	5.5	-200	0	4.5	0	0	0	0	0	0	0	0	0	0	0	0	0	0	0	0	0	0	0	0	0
05.500,00.000	2.3	5.5	-200	0	4.5	0	0	0	0	0	0	0	0	0	0	0	0	0	0	0	0	0	0	0	0	0
05.500,00.000	2.4	5.5	-200	0	4.5	0	0	0	0	0	0	0	0	0	0	0	0	0	0	0	0	0	0	0	0	0
05.500,00.000	2.5	5.5	-200	0	4.5	0	0	0	0	0	0	0	0	0	0	0	0	0	0	0	0	0	0	0	0	0
05.500,00.000	2.6	5.5	-200	0	4.5	0	0	0	0	0	0	0	0	0	0	0	0	0	0	0	0	0	0	0	0	0
05.500,00.000	2.7	5.5	-200	0	4.5	0	0	0	0	0	0	0	0	0	0	0	0	0	0	0	0	0	0	0	0	0
05.500,00.000	2.8	5.5	-200	0	4.5	0	0	0	0	0	0	0	0	0	0	0	0	0	0	0	0	0	0	0	0	0
05.500,00.000	2.9	5.5	-200	0	4.5	0	0	0	0	0	0	0	0	0	0	0	0	0	0	0	0	0	0	0	0	0
05.500,00.000	3	5.5	-200	0	4.5	0	0	0	0	0	0	0	0	0	0	0	0	0	0	0	0	0	0	0	0	0
05.500,00.000	3.1	5.5	-200	0	4.5	0	0	0	0	0	0	0	0	0	0	0	0	0	0	0	0	0	0	0	0	0
05.500,00.000	3.2	5.5	-200	0	4.5	0	0	0	0	0	0	0	0	0	0	0	0	0	0	0	0	0	0	0	0	0
05.500,00.000	3.3	5.5	-200	0	4.5	0	0	0	0	0	0	0	0	0	0	0	0	0	0	0	0	0	0	0	0	0
05.500,00.000	3.4	5.5	-200	0	4.5	0.135365	0.135365	0	0	0	0	0	0	0	0	0	0	0	0	0	0	0	0	0	0	0
05.500,00.000	3.5	5.5	-200	0	4.5	0.401472	0.401472	0	0	0	0	0	0	0	0	0	0	0	0	0	0	0	0	0	0	0
05.500,00.000	3.6	5.5	-200	0	4.5	0.66314	0.66314	0	0	0	0	0	0	0	0	0	0	0	0	0	0	0	0	0	0	0
05.500,00.000	3.7	5.5	-200	0	4.5	0.921625	0.921625	0	0	0	0	0	0	0	0	0	0	0	0	0	0	0	0	0	0	0
05.500,00.000	3.8	5.5	-200	0	4.5	1.17862	1.17862	0	0	0	0	0	0	0	0	0	0	0	0	0	0	0	0	0	0	0
05.500,00.000	3.9	5.5	-200	0	4.5	1.43631	1.43631	0	0	0	0	0	0	0	0	0	0	0	0	0	0	0	0	0	0	0
05.500,00.000	4	5.5	-200	0	4.5	1.69699	1.69699	0	0	0	0	0	0	0	0	0	0	0	0	0	0	0	0	0	0	0
05.500,00.000	4.1	5.5	-200	0	4.5	1.95974	1.95974	0	0	0	0	0	0	0	0	0	0	0	0	0	0	0	0	0	0	0
05.500,00.000	4.2	5.5	-200	0	4.5	2.22425	2.22425	0	0	0	0	0	0	0	0	0	0	0	0	0	0	0	0	0	0	0
05.500,00.000	4.3	5.5	-200	0	4.5	2.49021	2.49021	0	0	0	0	0	0	0	0	0	0	0	0	0	0	0	0	0	0	0
05.500,00.000	4.4	5.5	-200	0	4.5	2.75672	2.75672	0	0	0	0	0	0	0	0	0	0	0	0	0	0	0	0	0	0	0
05.500,00.000	4.5	5.5	-200	0	4.5	3.02094	3.02094	0	0	0	0	0	0	0	0	0	0	0	0	0	0	0	0	0	0	0
05.500,00.000	4.6	5.5	-200	0	4.5	3.28241	3.28241	0	0	0	0	0	0	0	0	0	0	0	0	0	0	0	0	0	0	0
05.500,00.000	4.7	5.5	-200	0	4.5	3.54141	3.54141	0	0	0	0	0	0	0	0	0	0	0	0	0	0	0	0	0	0	0
05.500,00.000	4.8	5.5	-200	0	4.5	3.79899	3.79899	0	0	0	0	0	0	0	0	0	0	0	0	0	0	0	0	0	0	0
05.500,00.000	4.9	5.5	-200	0	4.5	4.05604	4.05604	0	0	0	0	0	0	0	0	0	0	0	0	0	0	0	0	0	0	0
05.500,00.000	5	5.5	-200	0	4.5	4.3121	4.094	0.218098	0	0	0	0	0	0	0	0	0	0	0	0	0	0	0	0	0	0
05.500,00.000	5.1	5.5	-200	0	4.5	4.56745	4.094	0.473447	0	0	0	0	0	0	0	0	0	0	0	0	0	0	0	0	0	0
05.500,00.000	5.2	5.5	-200	0	4.5	4.82345	4.094	0.729446	0	0	0	0	0	0	0	0	0	0	0	0	0	0	0	0	0	0
05.500,00.000	5.3	5.5	-200	0	4.5	5.08057	4.094	0.986567	0	0	0	0	0	0	0	0	0	0	0	0	0	0	0	0	0	0
05.500,00.000	5.4	5.5	-200	0	4.5	5.33902	4.094	1.24502	0	0	0	0	0	0	0	0	0	0	0	0	0	0	0	0	0	0
05.500,00.000	5.5	5.5	-200	0	4.5	5.59705	4.094	1.50305	0	0	0	0	0	0	0	0	0	0	0	0	0	0	0	0	0	0
05.500,00.000	5.6	5.5	-200	0	4.5	5.85438	4.094	1.76038	0	0	0	0	0	0	0	0	0	0	0	0	0	0	0	0	0	0
05.500,00.000	5.7	5.5	-200	0	4.5	6.11028	4.094	2.01627	0	0	0	0	0	0	0	0	0	0	0	0	0	0	0	0	0	0
05.500,00.000	5.8	5.5	-200	0	4.5	6.36559	4.094	2.27159	0	0	0	0	0	0	0	0	0	0	0	0	0	0	0	0	0	0
05.500,00.000	5.9	5.5	-200	0	4.5	6.62025	4.094	2.52624	0	0	0	0	0	0	0	0	0	0	0	0	0	0	0	0	0	0
05.500,00.000	6	5.5	-200	0	4.5	6.87438	4.094	2.78038	0	0	0	0	0	0	0	0	0	0	0	0	0	0	0	0	0	0
05.500,00.000	6.1	5.5	-200	0	4.5	7.12889	4.094	3.03488	0	0	0	0	0	0	0	0	0	0	0	0	0	0	0	0	0	0
05.500,00.000	6.2	5.5	-200	0	4.5	7.32988	4.094	3.23588	0	0	0	0	0	0	0	0	0	0	0	0	0	0	0	0	0	0
05.500,00.000	6.3	5.5	-200	0	4.5	7.3544	4.094	3.2604	0	0	0	0	0	0	0	0	0	0	0	0	0	0	0	0	0	0
05.500,00.000	6.4	5.5	-200	0	4.5	7.3544	4.094	3.2604	0	0	0	0	0	0	0	0	0	0	0	0	0	0	0	0	0	0
05.500,00.000	6.5	5.5	-200	0	4.5	7.3544	4.094	3.2604	0	0	0	0	0	0	0	0	0	0	0	0	0	0	0	0	0	0
05.500,00.000	6.6	5.5	-200	0	4.5	7.3544	4.094	3.2604	0	0	0	0	0	0	0	0	0	0	0	0	0	0	0	0	0	0
05.500,00.000	6.7	5.5	-200	0	4.5	7.3544	4.094	3.2604	0	0	0	0	0	0	0	0	0	0	0	0	0	0	0	0	0	0
05.500,00.000	6.8	5.5	-200	0	4.5	7.3544	4.094	3.2604	0	0	0	0	0	0	0	0	0	0	0	0	0	0	0	0	0	0
05.500,00.000	6.9	5.5	-200	0	4.5	7.3544	4.094	3.2604	0	0	0	0	0	0	0	0	0	0	0	0	0	0	0	0	0	0
05.500,00.000	7	5.5	-200	0	4.5	7.3544	4.094	3.2604	0	0	0	0	0	0	0	0	0	0	0	0	0	0	0	0	0	0
05.500,00.000	7.1	5.5	-200	0	4.5	7.3544	4.094	3.2604	0	0	0	0	0	0	0	0	0	0	0	0	0	0	0	0	0	0
05.500,00.000	7.2	5.5	-200	0	4.5	7.3544	4.094	3.2604	0	0	0	0	0	0	0	0	0	0	0	0	0	0	0	0	0	0
05.500,00.000	7.3	5.5	-200	0	4.5	7.3544	4.094	3.2604	0	0	0	0	0	0	0	0	0	0	0	0	0	0	0	0	0	0
05.500,00.000	7.4	5.5	-200	0	4.5	7.3544	4.094	3.2604	0	0	0	0	0	0	0	0	0	0	0	0	0	0	0	0	0	0
05.500,00.000	7.5	5.5	-200	0	4.5	7.3544	4.094	3.2604	0	0	0	0	0	0	0	0	0	0	0	0	0	0	0	0	0	0
05.500,00.000	7.6	5.5	-200	0	4.5	7.3544	4.094	3.2604	0	0	0	0	0	0	0	0	0	0	0	0	0	0	0	0	0	0
05.500,00.000	7.7	5.5	-200	0	4.5	7.3546	4.0942	3.2604	0	0	0	0	0	0	0	0	0	0	0	0	0	0	0	0	0	0
05.500,00.000	7.8	5.5	-200	0	4.5	7.35674	4.09635	3.2604	0	0	0	0	0	0	0	0	0	0	0	0	0	0	0	0	0	0
05.500,00.000	7.9	5.5	-200	0	4.5	7.35979	4.09939	3.2604	0	0	0	0	0	0	0	0	0	0	0	0	0	0	0	0	0	0
05.500,00.000	8	5.5	-200	0	4.5	7.36501	4.10461	3.2604	0	0	0	0	0	0	0	0	0	0	0	0	0	0	0	0	0	0
05.500,00.000	8.1	5.5	-200	0	4.5	7.37239	4.11199	3.2604	0	0	0	0	0	0	0	0	0	0	0	0	0	0	0	0	0	0
05.500,00.000	8.2	5.5	-200	0	4.5	7.38343	4.12303	3.2604	0	0	0	0	0	0	0	0	0	0	0	0	0	0	0	0	0	0
05.500,00.000	8.3	5.5	-200	0	4.5	7.40095	4.14055	3.2604	0	0	0	0	0	0	0	0	0	0	0	0	0	0	0	0	0	0
05.500,00.000	8.4	5.5	-200	0	4.5	7.42654	4.16614	3.2604	0	0	0	0	0	0	0	0	0	0	0	0	0	0	0	0	0	0
05.500,00.000	8.5	5.5	-200	0	4.5	7.45396	4.19357	3.2604	0	0	0	0	0	0	0	0	0	0	0	0	0	0	0	0	0	0
05.500,00.000	8.6	5.5	-200	0	4.5	7.48083	4.22043	3.2604	0	0	0	0	0	0	0	0	0	0	0	0	0	0	0	0	0	0
05.500,00.000	8.7	5.5	-200	0	4.5	7.51234	4.25195	3.2604	0	0	0	0	0	0	0	0	0	0	0	0	0	0	0	0	0	0
05.500,00.000	8.8	5.5	-200	0	4.5	7.54879	4.28839	3.2604	0	0	0	0	0	0	0	0	0	0	0	0	0	0	0	0	0	0
05.500,00.000	8.9	5.5	-200	0	4.5	7.59172	4.33132	3.2604	0	0	0	0	0	0	0	0	0	0	0	0	0	0	0	0	0	0
05.500,00.000	9	5.5	-200	0	4.5	7.64194	4.38154	3.2604	0	0	0	0	0	0	0	0	0	0	0	0	0	0	0	0	0	0
05.500,00.000	9.1	5.5	-200	0	4.5	7.69868	4.43829	3.2604	0	0	0	0	0	0	0	0	0	0	0	0	0	0	0	0	0	0
05.500,00.000	9.2	5.5	-200	0	4.5	7.76311	4.50272	3.2604	0	0	0	0	0	0	0	0	0	0	0	0	0	0	0	0	0	0
05.500,00.000	9.3	5.5	-200	0	4.5	7.83548	4.57475	3.26073	0	0	0	0	0	0	0	0	0	0	0	0	0	0	0	0	0	0
05.500,00.000	9.4	5.5	-200	0	4.5	7.9164	4.65344	3.26297	0	0	0	0	0	0	0	0	0	0	0	0	0	0	0	0	0	0
05.500,00.000	9.5	5.5	-200	0	4.5	8.00614	4.73755	3.26859	0	0	0	0	0	0	0	0	0	0	0	0	0	0	0	0	0	0
05.500,00.000	9.6	5.5	-200	0	4.5	8.1047	4.82701	3.27769	0	0	0	0	0	0	0	0	0	0	0	0	0	0	0	0	0	0
05.500,00.000	9.7	5.5	-200	0	4.5	8.21208	4.92164	3.29044	0	0	0	0	0	0	0	0	0	0	0	0	0	0	0	0	0	0
05.500,00.000	9.8	5.5	-200	0	4.5	8.32946	5.02161	3.30785	0	0	0	0	0	0	0	0	0	0	0	0	0	0	0	0	0	0
05.500,00.000	9.9	5.5	-200	0	4.5	8.45933	5.12795	3.33138	0	0	0	0	0	0	0	0	0	0	0	0	0	0	0	0	0	0
05.500,00.000	10	5.5	-200	0	4.5	8.60124	5.24105	3.36019	0	0	0	0	0	0	0	0	0	0	0	0	0	0	0	0	0	0
05.500,00.000	10.1	5.5	-200	0	4.5	8.75684	5.36075	3.39609	0	0	0	0	0	0	0	0	0	0	0	0	0	0	0	0	0	0
05.500,00.000	10.2	5.5	-200	0	4.5	8.92566	5.49649	3.42917	0	0	0	0	0	0	0	0	0	0	0	0	0	0	0	0	0	0
05.500,00.000	10.3	5.5	-200	0	4.5	9.10692	5.63986	3.46706	0	0	0	0	0	0	0	0	0	0	0	0	0	0	0	0	0	0
05.500,00.000	10.4	5.5	-200	0	4.5	9.30136	5.78723	3.51413	0	0	0	0	0	0	0	0	0	0	0	0	0	0	0	0	0	0
05.500,00.000	10.5	5.5	-200	0	4.5	9.50492	5.93815	3.56677	0	0	0	0	0	0	0	0	0	0	0	0	0	0	0	0	0	0
05.500,00.000	10.6	5.5	-200	0	4.5	9.71769	6.09274	3.62495	0	0	0	0	0	0	0	0	0	0	0	0	0	0	0	0	0	0
05.500,00.000	10.7	5.5	-200	0	4.5	9.93951	6.25193	3.68757	0	0	0	0	0	0	0	0	0	0	0	0	0	0	0	0	0	0
05.500,00.000	10.8	5.5	-200	0	4.5	10.1711	6.41519	3.75589	0	0	0	0	0	0	0	0	0	0	0	0	0	0	0	0	0	0
05.500,00.000	10.9	5.5	-200	0	4.5	10.4155	6.5852	3.83035	0	0	0	0	0	0	0	0	0	0	0	0	0	0	0	0	0	0
05.500,00.000	11	5.5	-200	0	4.5	10.6765	6.76214	3.91433	0	0	0	0	0	0	0	0	0	0	0	0	0	0	0	0	0	0
05.500,00.000	11.1	5.5	-200	0	4.5	10.951	6.94745	4.00359	0	0	0	0	0	0	0	0	0	0	0	0	0	0	0	0	0	0
05.500,00.000	11.2	5.5	-200	0	4.5	11.2414	7.14197	4.09941	0	0	0	0	0	0	0	0	0	0	0	0	0	0	0	0	0	0
05.500,00.000	11.3	5.5	-200	0	4.5	11.5471	7.34542	4.20171	0	0	0	0	0	0	0	0	0	0	0	0	0	0	0	0	0	0
05.500,00.000	11.4	5.5	-200	0	4.5	11.8662	7.55769	4.30847	0	0	0	0	0	0	0	0	0	0	0	0	0	0	0	0	0	0
05.500,00.000	11.5	5.5	-200	0	4.5	12.1911	7.77345	4.41763	0	0	0	0	0	0	0	0	0	0	0	0	0	0	0	0	0	0
05.500,00.000	11.6	5.5	-200	0	4.5	12.521	7.99302	4.52797	0	0	0	0	0	0	0	0	0	0	0	0	0	0	0	0	0	0
05.500,00.000	11.7	5.5	-200	0	4.5	12.8674	8.22547	4.64194	0	0	0	0	0	0	0	0	0	0	0	0	0	0	0	0	0	0
05.500,00.000	11.8	5.5	-200	0	4.5	13.2125	8.4642	4.74828	0	0	0	0	0	0	0	0	0	0	0	0	0	0	0	0	0	0
05.500,00.000	11.9	5.5	-200	0	4.5	13.5585	8.71416	4.8443	0	0	0	0	0	0	0	0	0	0	0	0	0	0	0	0	0	0
05.500,00.000	12	5.5	-200	0	4.5	13.9289	8.98178	4.94714	0	0	0	0	0	0	0	0	0	0	0	0	0	0	0	0	0	0
05.500,00.000	12.1	5.5	-200	0	4.5	14.3677	9.30392	5.06377	0	0	0	0	0	0	0	0	0	0	0	0	0	0	0	0	0	0
05.500,00.000	12.2	5.5	-200	0	4.5	14.8098	9.62622	5.18358	0	0	0	0	0	0	0	0	0	0	0	0	0	0	0	0	0	0
05.500,00.000	12.3	5.5	-200	0	4.5	15.2511	9.95335	5.29779	0	0	0	0	0	0	0	0	0	0	0	0	0	0	0	0	0	0
05.500,00.000	12.4	5.5	-200	0	4.5	15.7601	10.2875	5.47263	0	0	0	0	0	0	0	0	0	0	0	0	0	0	0	0	0	0
05.500,00.000	12.5	5.5	-200	0	4.5	16.3786	10.6824	5.6962	0	0	0	0	0	0	0	0	0	0	0	0	0	0	0	0	0	0
05.500,00.000	12.6	5.5	-200	0	4.5	17.0027	11.0844	5.91834	0	0	0	0	0	0	0	0	0	0	0	0	0	0	0	0	0	0
05.500,00.000	12.7	5.5	-200	0	4.5	17.5719	11.4504	6.12145	0	0	0	0	0	0	0	0	0	0	0	0	0	0	0	0	0	0
05.500,00.000	12.8	5.5	-200	0	4.5	17.9645	11.7072	6.25731	0	0	0	0	0	0	0	0	0	0	0	0	0	0	0	0	0	0
05.500,00.000	12.9	5.5	-200	0	4.5	18.5075	12.0616	6.44597	0	0	0	0	0	0	0	0	0	0	0	0	0	0	0	0	0	0
05.500,00.000	13	5.5	-200	0	4.5	19.1143	12.4649	6.64937	0	0	0	0	0	0	0	0	0	0	0	0	0	0	0	0	0	0
05.500,00.000	13.1	5.5	-200	0	4.5	19.6948	12.8498	6.84494	0	0	0	0	0	0	0	0	0	0	0	0	0	0	0	0	0	0
05.500,00.000	13.2	5.5	-200	0	4.5	20.2803	13.2362	7.0441	0	0	0	0	0	0	0	0	0	0	0	0	0	0	0	0	0	0
05.500,00.000	13.3	5.5	-200	0	4.5	20.8782	13.6307	7.24752	0	0	0	0	0	0	0	0	0	0	0	0	0	0	0	0	0	0
05.500,00.000	13.4	5.5	-200	0	4.5	21.5267	14.07	7.45668	0	0	0	0	0	0	0	0	0	0	0	0	0	0	0	0	0	0
05.500,00.000	13.5	5.5	-200	0	4.5	22.4177	14.6668	7.7509	0	0	0	0	0	0	0	0	0	0	0	0	0	0	0	0	0	0
05.500,00.000	13.6	5.5	-200	0	4.5	23.2277	15.2049	8.02276	0	0	0	0	0	0	0	0	0	0	0	0	0	0	0	0	0	0
05.500,00.000	13.7	5.5	-200	0	4.5	23.975	15.7262	8.24879	0	0	0	0	0	0	0	0	0	0	0	0	0	0	0	0	0	0
05.500,00.000	13.8	5.5	-200	0	4.5	24.3801	16.0016	8.37856	0	0	0	0	0	0	0	0	0	0	0	0	0	0	0	0	0	0
05.500,00.000	13.9	5.5	-200	0	4.5	24.9417	16.391	8.5507	0	0	0	0	0	0	0	0	0	0	0	0	0	0	0	0	0	0
05.500,00.000	14	5.5	-200	0	4.5	25.8926	17.0641	8.82854	0	0	0	0	0	0	0	0	0	0	0	0	0	0	0	0	0	0
05.500,00.000	14.1	5.5	-200	0	4.5	26.7378	17.6616	9.07622	0	0	0	0	0	0	0	0	0	0	0	0	0	0	0	0	0	0
05.500,00.000	14.2	5.5	-200	0	4.5	27.5294	18.2158	9.31365	0	0	0	0	0	0	0	0	0	0	0	0	0	0	0	0	0	0
05.500,00.000	14.3	5.5	-200	0	4.5	28.3246	18.7696	9.55491	0	0	0	0	0	0	0	0	0	0	0	0	0	0	0	0	0	0
05.500,00.000	14.4	5.5	-200	0	4.5	29.1268	19.3202	9.80666	0	0	0	0	0	0	0	0	0	0	0	0	0	0	0	0	0	0
05.500,00.000	14.5	5.5	-200	0	4.5	30.5737	20.3239	10.2498	0	0	0	0	0	0	0	0	0	0	0	0	0	0	0	0	0	0
05.500,00.000	14.6	5.5	-200	0	4.5	31.5927	21.0234	10.5693	0	0	0	0	0	0	0	0	0	0	0	0	0	0	0	0	0	0
05.500,00.000	14.7	5.5	-200	0	4.5	32.4969	21.6388	10.8581	0	0	0	0	0	0	0	0	0	0	0	0	0	0	0	0	0	0
05.500,00.000	14.8	5.5	-200	0	4.5	32.8536	21.8771	10.9765	0	0	0	0	0	0	0	0	0	0	0	0	0	0	0	0	0	0
05.500,00.000	14.9	5.5	-200	0	4.5	33.3908	22.2352	11.1556	0	0	0	0	0	0	0	0	0	0	0	0	0	0	0	0	0	0
05.500,00.000	15	5.5	-200	0	4.5	34.4428	22.9345	11.5083	0	0	0	0	0	0	0	0	0	0	0	0	0	0	0	0	0	0
05.500,00.000	15.1	5.5	-200	0	4.5	35.2991	23.4985	11.8006	0	0	0	0	0	0	0	0	0	0	0	0	0	0	0	0	0	0
05.500,00.000	15.2	5.5	-200	0	4.5	36.0802	23.9982	12.082	0	0	0	0	0	0	0	0	0	0	0	0	0	0	0	0	0	0
05.500,00.000	15.3	5.5	-200	0	4.5	36.8745	24.4881	12.3864	0	0	0	0	0	0	0	0	0	0	0	0	0	0	0	0	0	0
05.500,00.000	15.4	5.5	-200	0	4.5	37.6773	24.9658	12.7115	0	0	0	0	0	0	0	0	0	0	0	0	0	0	0	0	0	0
05.500,00.000	15.5	5.5	-200	0	4.5	40.1287	26.4218	13.7069	0	0	0	0	0	0	0	0	0	0	0	0	0	0	0	0	0	0
05.500,00.000	15.6	5.5	-200	0	4.5	40.63	26.7023	13.9277	0	0	0	0	0	0	0	0	0	0	0	0	0	0	0	0	0	0
05.500,00.000	15.7	5.5	-200	0	4.5	41.4085	27.1669	14.2416	0	0	0	0	0	0	0	0	0	0	0	0	0	0	0	0	0	0
05.500,00.000	15.8	5.5	-200	0	4.5	41.5629	27.2638	14.299	0	0	0	0	0	0	0	0	0	0	0	0	0	0	0	0	0	0
05.500,00.000	15.9	5.5	-200	0	4.5	42.5522	27.8507	14.7015	0	0	0	0	0	0	0	0	0	0	0	0	0	0	0	0	0	0
05.500,00.000	16	5.5	-200	0	4.5	43.9097	28.605	15.3047	0	0	0	0	0	0	0	0	0	0	0	0	0	0	0	0	0	0
05.500,00.000	16.1	5.5	-200	0	4.5	44.7783	29.079	15.6993	0	0	0	0	0	0	0	0	0	0	0	0	0	0	0	0	0	0
05.500,00.000	16.2	5.5	-200	0	4.5	45.519	29.4694	16.0496	0	0	0	0	0	0	0	0	0	0	0	0	0	0	0	0	0	0
05.500,00.000	16.3	5.5	-200	0	4.5	46.2628	29.8438	16.4189	0	0	0	0	0	0	0	0	0	0	0	0	0	0	0	0	0	0
05.500,00.000	16.4	5.5	-200	0	4.5	47.0155	30.2034	16.8121	0	0	0	0	0	0	0	0	0	0	0	0	0	0	0	0	0	0
05.500,00.000	16.5	5.5	-200	0	4.5	50.8022	31.9127	18.8895	0	0	0	0	0	0	0	0	0	0	0	0	0	0	0	0	0	0
05.500,00.000	16.6	5.5	-200	0	4.5	51.5545	32.2539	19.3006	0	0	0	0	0	0	0	0	0	0	0	0	0	0	0	0	0	0
05.500,00.000	16.7	5.5	-200	0	4.5	57.5324	34.7462	22.7862	0	0	0	0	0	0	0	0	0	0	0	0	0	0	0	0	0	0
05.500,00.000	16.8	5.5	-200	0	4.5	58.9488	35.3306	23.6182	0	0	0	0	0	0	0	0	0	0	0	0	0	0	0	0	0	0
05.500,00.000	16.9	5.5	-200	0	4.5	62.1977	36.6192	25.5785	0	0	0	0	0	0	0	0	0	0	0	0	0	0	0	0	0	0
05.500,00.000	17	5.5	-200	0	4.5	63.7621	37.2445	26.5176	0	0	0	0	0	0	0	0	0	0	0	0	0	0	0	0	0	0
05.500,00.000	17.1	5.5	-200	0	4.5	64.4504	37.5009	26.9495	0	0	0	0	0	0	0	0	0	0	0	0	0	0	0	0	0	0
05.500,00.000	17.2	5.5	-200	0	4.5	65.1589	37.7491	27.4098	0	0	0	0	0	0	0	0	0	0	0	0	0	0	0	0	0	0
05.500,00.000	17.3	5.5	-200	0	4.5	65.866	37.9841	27.8819	0	0	0	0	0	0	0	0	0	0	0	0	0	0	0	0	0	0
05.500,00.000	17.4	5.5	-200	0	4.5	66.5869	38.2059	28.381	0	0	0	0	0	0	0	0	0	0	0	0	0	0	0	0	0	0
05.500,00.000	17.5	5.5	-200	0	4.5	71.3324	39.5808	31.6002	0.151467	0	0	0	0	0	0	0	0	0	0	0	0	0	0	0	0	0
05.500,00.000	17.6	5.5	-200	0	4.5	72.1782	39.8887	32.0777	0.211806	0	0	0	0	0	0	0	0	0	0	0	0	0	0	0	0	0
05.500,00.000	17.7	5.5	-200	0	4.5	79.6348	41.9736	36.6659	0.995301	0	0	0	0	0	0	0	0	0	0	0	0	0	0	0	0	0
05.500,00.000	17.8	5.5	-200	0	4.5	81.6414	42.5013	37.8346	1.30555	0	0	0	0	0	0	0	0	0	0	0	0	0	0	0	0	0
05.500,00.000	17.9	5.5	-200	0	4.5	86.0947	43.5964	40.7316	1.76663	0	0	0	0	0	0	0	0	0	0	0	0	0	0	0	0	0
05.500,00.000	18	5.5	-200	0	4.5	88.1222	44.0764	42.0709	1.97488	0	0	0	0	0	0	0	0	0	0	0	0	0	0	0	0	0
05.500,00.000	18.1	5.5	-200	0	4.5	88.9014	44.254	42.5875	2.05989	0	0	0	0	0	0	0	0	0	0	0	0	0	0	0	0	0
05.500,00.000	18.2	5.5	-200	0	4.5	89.7011	44.4325	43.1205	2.14806	0	0	0	0	0	0	0	0	0	0	0	0	0	0	0	0	0
05.500,00.000	18.3	5.5	-200	0	4.5	90.5033	44.6079	43.6573	2.23809	0	0	0	0	0	0	0	0	0	0	0	0	0	0	0	0	0
05.500,00.000	18.4	5.5	-200	0	4.5	91.3507	44.7811	44.2382	2.33137	0	0	0	0	0	0	0	0	0	0	0	0	0	0	0	0	0
05.500,00.000	18.5	5.5	-200	0	4.5	97.3427	45.9433	48.4001	2.99927	0	0	0	0	0	0	0	0	0	0	0	0	0	0	0	0	0
05.500,00.000	18.6	5.5	-200	0	4.5	98.5371	46.1343	49.2653	3.13743	0	0	0	0	0	0	0	0	0	0	0	0	0	0	0	0	0
05.500,00.000	18.7	5.5	-200	0	4.5	107.919	47.5681	56.0075	4.34381	0	0	0	0	0	0	0	0	0	0	0	0	0	0	0	0	0
05.500,00.000	18.8	5.5	-200	0	4.5	110.184	47.7997	57.7094	4.67467	0	0	0	0	0	0	0	0	0	0	0	0	0	0	0	0	0
05.500,00.000	18.9	5.5	-200	0	4.5	115.599	48.5232	61.5688	5.50733	0	0	0	0	0	0	0	0	0	0	0	0	0	0	0	0	0
05.500,00.000	19	5.5	-200	0	4.5	118.169	48.8688	63.3156	5.9843	0	0	0	0	0	0	0	0	0	0	0	0	0	0	0	0	0
05.500,00.000	19.1	5.5	-200	0	4.5	119.154	48.9933	64.0003	6.16053	0	0	0	0	0	0	0	0	0	0	0	0	0	0	0	0	0
05.500,00.000	19.2	5.5	-200	0	4.5	120.189	49.1167	64.725	6.34692	0	0	0	0	0	0	0	0	0	0	0	0	0	0	0	0	0
05.500,00.000	19.3	5.5	-200	0	4.5	121.254	49.2385	65.4786	6.53687	0	0	0	0	0	0	0	0	0	0	0	0	0	0	0	0	0
05.500,00.000	19.4	5.5	-200	0	4.5	122.35	49.36	66.2572	6.73284	0	0	0	0	0	0	0	0	0	0	0	0	0	0	0	0	0
05.500,00.000	19.5	5.5	-200	0	4.5	123.526	49.4857	67.096	6.94478	0	0	0	0	0	0	0	0	0	0	0	0	0	0	0	0	0
05.500,00.000	19.6	5.5	-200	0	4.5	124.616	49.5987	67.8755	7.14162	0	0	0	0	0	0	0	0	0	0	0	0	0	0	0	0	0
05.500,00.000	19.7	5.5	-200	0	4.5	125.725	49.7113	68.6712	7.3429	0	0	0	0	0	0	0	0	0	0	0	0	0	0	0	0	0
05.500,00.000	19.8	5.5	-200	0	4.5	126.856	49.8251	69.4801	7.55081	0	0	0	0	0	0	0	0	0	0	0	0	0	0	0	0	0
05.500,00.000	19.9	5.5	-200	0	4.5	129.173	50.0777	71.1123	7.98309	0	0	0	0	0	0	0	0	0	0	0	0	0	0	0	0	0
05.500,00.000	20	5.5	-200	0	4.5	129.748	50.1417	71.5119	8.09405	0	0	0	0	0	0	0	0	0	0	0	0	0	0	0	0	0
05.500,00.000	20.1	5.5	-200	0	4.5	131.42	50.3416	72.6642	8.41457	0	0	0	0	0	0	0	0	0	0	0	0	0	0	0	0	0
05.500,00.000	20.2	5.5	-200	0	4.5	132.774	50.5024	73.5905	8.68088	0	0	0	0	0	0	0	0	0	0	0	0	0	0	0	0	0
05.500,00.000	20.3	5.5	-200	0	4.5	133.895	50.6385	74.353	8.9031	0	0	0	0	0	0	0	0	0	0	0	0	0	0	0	0	0
05.500,00.000	20.4	5.5	-200	0	4.5	135.641	50.855	75.5308	9.25497	0	0	0	0	0	0	0	0	0	0	0	0	0	0	0	0	0
05.500,00.000	20.5	5.5	-200	0	4.5	136.087	50.9096	75.8277	9.34984	0	0	0	0	0	0	0	0	0	0	0	0	0	0	0	0	0
05.500,00.000	20.6	5.5	-200	0	4.5	141.243	51.5761	79.1056	10.4712	0.08961	0	0	0	0	0	0	0	0	0	0	0	0	0	0	0	0
05.500,00.000	20.7	5.5	-200	0	4.5	144.541	51.9932	81.0866	11.2629	0.198368	0	0	0	0	0	0	0	0	0	0	0	0	0	0	0	0
05.500,00.000	20.8	5.5	-200	0	4.5	144.725	52.0165	81.1981	11.3057	0.204606	0	0	0	0	0	0	0	0	0	0	0	0	0	0	0	0
05.500,00.000	20.9	5.5	-200	0	4.5	144.814	52.0285	81.2511	11.3269	0.207817	0	0	0	0	0	0	0	0	0	0	0	0	0	0	0	0
05.500,00.000	21	5.5	-200	0	4.5	146.889	52.3235	82.4391	11.8389	0.287723	0	0	0	0	0	0	0	0	0	0	0	0	0	0	0	0
05.500,00.000	21.1	5.5	-200	0	4.5	149.837	52.7446	84.0682	12.5605	0.464044	0	0	0	0	0	0	0	0	0	0	0	0	0	0	0	0
05.500,00.000	21.2	5.5	-200	0	4.5	151.377	52.9625	84.8851	12.9259	0.603898	0	0	0	0	0	0	0	0	0	0	0	0	0	0	0	0
05.500,00.000	21.3	5.5	-200	0	4.5	152.522	53.1298	85.4867	13.1978	0.707427	0	0	0	0	0	0	0	0	0	0	0	0	0	0	0	0
05.500,00.000	21.4	5.5	-200	0	4.5	156.907	53.7673	87.8361	14.205	1.09832	0	0	0	0	0	0	0	0	0	0	0	0	0	0	0	0
05.500,00.000	21.5	5.5	-200	0	4.5	157.938	53.9295	88.3905	14.4234	1.19429	0	0	0	0	0	0	0	0	0	0	0	0	0	0	0	0
05.500,00.000	21.6	5.5	-200	0	4.5	160.982	54.4489	89.9767	15.0856	1.47031	0	0	0	0	0	0	0	0	0	0	0	0	0	0	0	0
05.500,00.000	21.7	5.5	-200	0	4.5	165.655	55.3027	92.3903	16.0676	1.894	0	0	0	0	0	0	0	0	0	0	0	0	0	0	0	0
05.500,00.000	21.8	5.5	-200	0	4.5	166.56	55.4643	92.8614	16.2541	1.98026	0	0	0	0	0	0	0	0	0	0	0	0	0	0	0	0
05.500,00.000	21.9	5.5	-200	0	4.5	174.215	56.9484	96.6251	17.8422	2.79906	0	0	0	0	0	0	0	0	0	0	0	0	0	0	0	0
05.500,00.000	22	5.5	-200	0	4.5	176.145	57.3297	97.5576	18.2261	3.03189	0	0	0	0	0	0	0	0	0	0	0	0	0	0	0	0
05.500,00.000	22.1	5.5	-200	0	4.5	180.476	58.2755	99.5375	19.0551	3.52567	0	0	0	0.0821932	0	0	0	0	0	0	0	0	0	0	0	0
05.500,00.000	22.2	5.5	-200	0	4.5	183.292	58.8445	100.66	19.5124	3.85539	0	0	0	0.419589	0	0	0	0	0	0	0	0	0	0	0	0
05.500,00.000	22.3	5.5	-200	0	4.5	184.917	59.1821	101.296	19.7767	4.04865	0	0	0	0.613314	0	0	0	0	0	0	0	0	0	0	0	0
05.500,00.000	22.4	5.5	-200	0	4.5	186.977	59.6233	102.092	20.1098	4.29543	0	0	0	0.855895	0	0	0	0	0	0	0	0	0	0	0	0
05.500,00.000	22.5	5.5	-200	0	4.5	188.791	60.0185	102.785	20.4047	4.51468	0	0	0	1.06782	0	0	0	0	0	0	0	0	0	0	0	0
05.500,00.000	22.6	5.5	-200	0	4.5	190.497	60.3803	103.416	20.6793	4.75725	0	0	0	1.26457	0	0	0	0	0	0	0	0	0	0	0	0
05.500,00.000	22.7	5.5	-200	0	4.5	192.308	60.7323	104.087	20.9811	5.02708	0	0	0	1.48072	0	0	0	0	0	0	0	0	0	0	0	0
05.500,00.000	22.8	5.5	-200	0	4.5	196.692	61.7379	105.612	21.6605	5.71602	0	0	0	1.96503	0	0	0	0	0	0	0	0	0	0	0	0
05.500,00.000	22.9	5.5	-200	0	4.5	201.065	62.6284	107.188	22.3748	6.42085	0	0	0	2.45261	0	0	0	0	0	0	0	0	0	0	0	0
05.500,00.000	23	5.5	-200	0	4.5	201.766	62.7792	107.441	22.4893	6.52988	0	0	0	2.5271	0	0	0	0	0	0	0	0	0	0	0	0
05.500,00.000	23.1	5.5	-200	0	4.5	207.452	64.0597	109.377	23.4124	7.47831	0	0	0	3.12453	0	0	0	0	0	0	0	0	0	0	0	0
05.500,00.000	23.2	5.5	-200	0	4.5	210.71	64.8317	110.457	23.9305	8.03664	0	0	0	3.45462	0	0	0	0	0	0	0	0	0	0	0	0
05.500,00.000	23.3	5.5	-200	0	4.5	212.586	65.2555	111.065	24.2251	8.39422	0	0	0	3.64615	0	0	0	0	0	0	0	0	0	0	0	0
05.500,00.000	23.4	5.5	-200	0	4.5	221.017	67.0813	113.743	25.5942	10.1153	0	0	0	4.48347	0	0	0	0	0	0	0	0	0	0	0	0
05.500,00.000	23.5	5.5	-200	0	4.5	222.942	67.476	114.348	25.9417	10.5144	0	0	0	4.66269	0	0	0	0	0	0	0	0	0	0	0	0
05.500,00.000	23.6	5.5	-200	0	4.5	228.653	68.6108	116.087	26.9802	11.7644	0	0	0	5.21067	0	0	0	0	0	0	0	0	0	0	0	0
05.500,00.000	23.7	5.5	-200	0	4.5	232.1	69.2941	117.127	27.6183	12.5208	0	0	0	5.5398	0	0	0	0	0	0	0	0	0	0	0	0
05.500,00.000	23.8	5.5	-200	0	4.5	234.814	69.8198	117.921	28.1652	13.1063	0	0	0	5.8026	0	0	0	0	0	0	0	0	0	0	0	0
05.500,00.000	23.9	5.5	-200	0	4.5	244.944	71.7477	120.785	30.3463	15.1757	0.103968	0	0	6.78612	0	0	0	0	0	0	0	0	0	0	0	0
05.500,00.000	24	5.5	-200	0	4.5	247.105	72.1632	121.386	30.8494	15.5766	0.146336	0	0	6.98346	0	0	0	0	0	0	0	0	0	0	0	0
05.500,00.000	24.1	5.5	-200	0	4.5	254.603	73.6019	123.373	32.5539	17.1053	0.296147	0.0104947	0	7.66234	0	0	0	0	0	0	0	0	0	0	0	0
05.500,00.000	24.2	5.5	-200	0	4.5	258.749	74.387	124.482	33.4862	17.9002	0.375798	0.0989254	0	7.79005	0.229229	0	0	0	0	0	0	0	0	0	0	0
05.500,00.000	24.3	5.5	-200	0	4.5	260.925	74.8147	125.039	33.9833	18.3262	0.418982	0.134112	0	7.80948	0.399154	0	0	0	0	0	0	0	0	0	0	0
05.500,00.000	24.4	5.5	-200	0	4.5	279.312	78.1899	129.675	38.1892	22.0913	0.921832	0.450319	0	7.88188	1.91246	0	0	0	0	0	0	0	0	0	0	0
05.500,00.000	24.5	5.5	-200	0	4.5	284.165	78.9706	130.776	39.2888	23.2928	1.08184	0.561504	0	7.88188	2.31135	0	0	0	0	0	0	0	0	0	0	0
05.500,00.000	24.6	5.5	-200	0	4.5	292.088	80.2776	132.481	41.1333	25.3054	1.33651	0.706887	0	7.88188	2.96603	0	0	0	0	0	0	0	0	0	0	0
05.500,00.000	24.7	5.5	-200	0	4.5	296.387	80.9481	133.421	42.1358	26.4333	1.46802	0.789161	0	7.8821	3.31001	0	0	0	0	0	0	0	0	0	0	0
05.500,00.000	24.8	5.5	-200	0	4.5	307.587	82.5187	135.706	44.8045	29.3284	2.06318	1.06181	0	7.8885	4.21625	0	0	0	0	0	0	0	0	0	0	0
05.500,00.000	24.9	5.5	-200	0	4.5	317.076	84.2636	137.456	46.8188	31.6111	2.7893	1.35314	0	7.8989	4.88496	0	0	0	0	0	0	0	0	0	0	0
05.500,00.000	25	5.5	-200	0	4.5	317.955	84.4696	137.614	46.978	31.8234	2.84983	1.37912	0	7.90096	4.94078	0	0	0	0	0	0	0	0	0	0	0
05.500,00.000	25.1	5.5	-200	0	4.5	332.203	87.5704	140.111	49.7677	35.2488	3.84512	1.79271	0	7.99356	5.873	0	0	0	0	0	0	0	0	0	0	0
05.500,00.000	25.2	5.5	-200	0	4.5	339.147	89.1441	141.311	51.0549	36.9709	4.30529	1.98881	0	8.06465	6.30765	0	0	0	0	0	0	0	0	0	0	0
05.500,00.000	25.3	5.5	-200	0	4.5	342.209	89.871	141.811	51.6228	37.7357	4.50086	2.07224	0	8.09975	6.49556	0	0	0	0	0	0	0	0	0	0	0
05.500,00.000	25.4	5.5	-200	0	4.5	370.118	96.7338	146.237	56.5726	44.5442	6.45434	2.80617	0.143687	8.47893	8.14702	0	0	0	0	0	0	0	0	0	0	0
05.500,00.000	25.5	5.5	-200	0	4.5	379.21	98.8964	147.576	58.1556	46.7149	7.27604	3.02767	0.310711	8.61044	8.6422	0	0	0	0	0	0	0	0	0	0	0
05.500,00.000	25.6	5.5	-200	0	4.5	385.71	100.444	148.561	59.2765	48.2963	7.82672	3.18694	0.385227	8.73515	8.83697	0.160895	0	0	0	0	0	0	0	0	0	0
05.500,00.000	25.7	5.5	-200	0	4.5	390.172	101.069	149.567	60.0757	49.418	8.21524	3.29843	0.445715	8.83481	8.83697	0.409932	0	0	0	0	0	0	0	0	0	0
05.500,00.000	25.8	5.5	-200	0	4.5	393.696	101.501	150.357	60.7088	50.3268	8.51911	3.42	0.489588	8.92677	8.83697	0.610405	0	0	0	0	0	0	0	0	0	0
05.500,00.000	25.9	5.5	-200	0	4.5	416.177	104.364	154.196	64.938	56.5766	10.6037	4.24199	0.804304	9.638	8.83697	1.97778	0	0	0	0	0	0	0	0	0	0
05.500,00.000	26	5.5	-200	0	4.5	420.906	105.013	154.931	65.8338	57.8825	11.044	4.44555	0.873704	9.7927	8.83732	2.25219	0	0	0	0	0	0	0	0	0	0
05.500,00.000	26.1	5.5	-200	0	4.5	435.443	106.955	157.236	68.4562	61.9434	12.3808	5.0746	1.09506	10.3468	8.85583	3.09918	0	0	0	0	0	0	0	0	0	0
05.500,00.000	26.2	5.5	-200	0	4.5	442.689	107.954	158.359	69.7393	63.9523	13.1027	5.38161	1.20416	10.6162	8.86716	3.51267	0	0	0	0	0	0	0	0	0	0
05.500,00.000	26.3	5.5	-200	0	4.5	446.028	108.403	158.879	70.3169	64.8834	13.4062	5.55153	1.25524	10.7537	8.87682	3.70154	0	0	0	0	0	0	0	0	0	0
05.500,00.000	26.4	5.5	-200	0	4.5	482.989	113.304	164.492	76.575	75.3126	16.7834	7.43732	2.08007	12.233	9.02535	5.74619	0	0	0	0	0	0	0	0	0	0
05.500,00.000	26.5	5.5	-200	0	4.5	494.744	115.012	166.077	78.532	78.0127	18.1172	8.05652	2.53271	12.6333	9.08646	6.38418	0.300396	0	0	0	0	0	0	0	0	0
05.500,00.000	26.6	5.5	-200	0	4.5	494.829	115.023	166.088	78.5454	78.0324	18.1262	8.06068	2.53585	12.6362	9.08713	6.38861	0.305619	0	0	0	0	0	0	0	0	0
05.500,00.000	26.7	5.5	-200	0	4.5	531.111	119.922	171.046	84.1758	86.7726	21.4375	9.82055	3.68787	14.0859	9.52068	8.19843	1.89887	0.544444	0	0	0	0	0	0	0	0
05.500,00.000	26.8	5.5	-200	0	4.5	562.216	124.119	175.329	89.0471	93.9746	24.2775	11.4447	4.96296	15.2056	9.94404	8.74997	2.84486	2.31611	0	0	0	0	0	0	0	0
05.500,00.000	26.9	5.5	-200	0	4.5	565.829	124.643	175.778	89.6017	94.8143	24.5979	11.6429	5.14336	15.3282	10.003	8.74997	3.01256	2.5146	0	0	0	0	0	0	0	0
05.500,00.000	27	5.5	-200	0	4.5	566.215	124.697	175.828	89.6595	94.9053	24.6288	11.6642	5.1616	15.3437	10.0116	8.74997	3.03005	2.53531	0	0	0	0	0	0	0	0
05.500,00.000	27.1	5.5	-200	0	4.5	581.193	126.815	177.71	91.9364	98.4546	25.7606	12.5062	5.88281	15.9484	10.4008	8.74997	3.69952	3.32814	0	0	0	0	0	0	0	0
05.500,00.000	27.2	5.5	-200	0	4.5	586.725	127.608	178.348	92.7953	99.7536	26.1658	12.8734	6.17634	16.1507	10.5499	8.75002	3.94068	3.6138	0	0	0	0	0	0	0	0
05.500,00.000	27.3	5.5	-200	0	4.5	587.333	127.694	178.42	92.8844	99.8991	26.2063	12.9143	6.20746	16.1758	10.5693	8.75013	3.96676	3.6447	0	0	0	0	0	0	0	0
05.500,00.000	27.4	5.5	-200	0	4.5	587.504	127.719	178.44	92.9094	99.9404	26.2172	12.926	6.21653	16.1826	10.5752	8.75016	3.97399	3.65326	0	0	0	0	0	0	0	0
05.500,00.000	27.5	5.5	-200	0	4.5	603.132	130	180.282	95.0856	103.762	27.1242	14.0068	7.04053	16.8451	11.1776	8.75578	4.6265	4.42648	0	0	0	0	0	0	0	0
05.500,00.000	27.6	5.5	-200	0	4.5	609.883	131.016	181.076	96.0093	105.408	27.4653	14.5033	7.43671	17.1196	11.4357	8.75925	4.90174	4.75273	0	0	0	0	0	0	0	0
05.500,00.000	27.7	5.5	-200	0	4.5	610.201	131.063	181.111	96.0527	105.487	27.4807	14.5259	7.45523	17.1343	11.4493	8.75956	4.91461	4.768	0	0	0	0	0	0	0	0
05.500,00.000	27.8	5.5	-200	0	4.5	610.278	131.074	181.12	96.0633	105.506	27.484	14.5316	7.46013	17.1378	11.4527	8.75964	4.91772	4.7717	0	0	0	0	0	0	0	0
05.500,00.000	27.9	5.5	-200	0	4.5	629.352	133.904	183.158	98.5398	110.339	28.2885	15.8988	8.61285	18.0786	12.3574	8.78983	5.6928	5.6921	0	0	0	0	0	0	0	0
05.500,00.000	28	5.5	-200	0	4.5	636.539	134.906	183.958	99.4673	112.213	28.5628	16.4313	9.0716	18.4042	12.7036	8.8025	5.98242	6.03602	0	0	0	0	0	0	0	0
05.500,00.000	28.1	5.5	-200	0	4.5	637.054	134.983	184.013	99.5315	112.347	28.5818	16.4682	9.10309	18.4289	12.7301	8.80392	6.00322	6.06072	0	0	0	0	0	0	0	0
05.500,00.000	28.2	5.5	-200	0	4.5	637.525	135.053	184.063	99.5888	112.469	28.5981	16.5024	9.13243	18.4524	12.7556	8.8055	6.02241	6.08351	0	0	0	0	0	0	0	0
05.500,00.000	28.3	5.5	-200	0	4.5	637.96	135.118	184.108	99.6401	112.58	28.6122	16.5339	9.15995	18.475	12.7802	8.80724	6.04026	6.10471	0	0	0	0	0	0	0	0
05.500,00.000	28.4	5.5	-200	0	4.5	638.03	135.128	184.115	99.6485	112.599	28.6143	16.5391	9.16468	18.4784	12.7843	8.80754	6.04315	6.10814	0	0	0	0	0	0	0	0
05.500,00.000	28.5	5.5	-200	0	4.5	641.006	135.561	184.417	99.9775	113.355	28.6903	16.76	9.36644	18.6605	12.9706	8.82405	6.16751	6.25584	0	0	0	0	0	0	0	0
05.500,00.000	28.6	5.5	-200	0	4.5	670.056	139.757	187.784	103.052	120.283	29.4841	18.8457	11.6119	20.5076	14.7365	8.9879	7.3473	7.65853	0	0	0	0	0	0	0	0
05.500,00.000	28.7	5.5	-200	0	4.5	678.123	140.914	188.806	103.91	122.097	29.7464	19.3889	12.3002	21.0235	15.2146	9.03559	7.65816	7.75709	0.271062	0	0	0	0	0	0	0
05.500,00.000	28.8	5.5	-200	0	4.5	703.834	145.174	191.757	106.468	127.608	30.4159	21.132	14.4024	22.8689	16.8956	9.23817	8.66178	7.83652	1.37615	0	0	0	0	0	0	0
05.500,00.000	28.9	5.5	-200	0	4.5	710.279	146.277	192.611	107.122	128.871	30.6088	21.5287	14.91	23.2953	17.392	9.2881	8.89281	7.83652	1.64736	0	0	0	0	0	0	0
05.500,00.000	29	5.5	-200	0	4.5	716.095	147.33	193.325	107.671	129.982	30.7486	21.8938	15.3733	23.7333	17.8445	9.34801	9.11089	7.83652	1.89692	0	0	0	0	0	0	0
05.500,00.000	29.1	5.5	-200	0	4.5	726.594	149.207	194.652	108.641	131.94	30.9912	22.5486	16.2188	24.5454	18.6902	9.46766	9.50855	7.83652	2.34708	0	0	0	0	0	0	0
05.500,00.000	29.2	5.5	-200	0	4.5	733.13	150.369	195.463	109.231	133.139	31.1363	22.9513	16.7551	25.0771	19.2368	9.55049	9.75837	7.83652	2.6259	0	0	0	0	0	0	0
05.500,00.000	29.3	5.5	-200	0	4.5	738.36	151.314	196.099	109.687	134.09	31.2389	23.2704	17.1849	25.5199	19.6867	9.62512	9.88881	7.90794	2.84715	0	0	0	0	0	0	0
05.500,00.000	29.4	5.5	-200	0	4.5	766.499	156.308	199.523	112.22	139.006	31.877	24.9582	19.4681	28.0048	22.1685	10.061	10.0539	8.83557	4.01492	0	0	0	0	0	0	0
05.500,00.000	29.5	5.5	-200	0	4.5	785.693	159.809	201.886	114.001	142.295	32.4496	26.1263	21.0304	29.4368	23.8614	10.3725	10.1202	9.51892	4.78615	0	0	0	0	0	0	0
05.500,00.000	29.6	5.5	-200	0	4.5	788.412	160.286	202.203	114.26	142.751	32.5774	26.2897	21.2585	29.6208	24.104	10.4201	10.1313	9.61684	4.89412	0	0	0	0	0	0	0
05.500,00.000	29.7	5.5	-200	0	4.5	788.653	160.331	202.229	114.28	142.79	32.5856	26.3041	21.2797	29.6406	24.1266	10.4251	10.1325	9.62575	4.90359	0	0	0	0	0	0	0
05.500,00.000	29.8	5.5	-200	0	4.5	813.76	165.177	204.977	116.338	146.561	33.4456	27.7721	23.5444	31.7017	26.5483	10.986	10.2716	10.5625	5.8742	0	0	0	0	0	0	0
05.500,00.000	29.9	5.5	-200	0	4.5	821.864	166.69	205.988	117.061	147.705	33.7562	28.2156	24.2697	32.3277	27.3267	11.167	10.3192	10.8607	6.17797	0	0	0	0	0	0	0
05.500,00.000	30	5.5	-200	0	4.5	822.267	166.771	206.034	117.091	147.76	33.7694	28.2375	24.3072	32.3617	27.3675	11.1772	10.322	10.8763	6.19287	0	0	0	0	0	0	0
05.500,00.000	30.1	5.5	-200	0	4.5	822.753	166.87	206.089	117.126	147.823	33.7853	28.2633	24.3527	32.4034	27.4183	11.1904	10.3256	10.8955	6.2107	0	0	0	0	0	0	0
05.500,00.000	30.2	5.5	-200	0	4.5	823.192	166.96	206.137	117.157	147.877	33.7997	28.2861	24.3941	32.4422	27.4655	11.203	10.3292	10.9134	6.22668	0	0	0	0	0	0	0
05.500,00.000	30.3	5.5	-200	0	4.5	823.593	167.044	206.181	117.184	147.925	33.8127	28.3066	24.432	32.4783	27.5098	11.2151	10.3327	10.9301	6.2411	0	0	0	0	0	0	0
05.500,00.000	30.4	5.5	-200	0	4.5	823.657	167.057	206.188	117.189	147.932	33.8149	28.3097	24.4382	32.4839	27.5171	11.2171	10.3333	10.9328	6.2434	0	0	0	0	0	0	0
05.500,00.000	30.5	5.5	-200	0	4.5	859.903	175.004	210.074	119.383	151.766	34.956	30.0573	27.8514	35.8921	31.7755	12.4281	10.6959	12.5098	7.50856	0	0	0	0	0	0	0
05.500,00.000	30.6	5.5	-200	0	4.5	886.842	179.819	214.239	121.114	154.411	35.7695	31.4935	30.2712	38.3443	35.0613	13.2978	10.9637	13.656	8.174	0.228538	0	0	0	0	0	0
05.500,00.000	30.7	5.5	-200	0	4.5	890.494	180.467	214.859	121.355	154.756	35.8798	31.6859	30.5847	38.6825	35.4647	13.4194	11.0033	13.815	8.174	0.347942	0	0	0	0	0	0
05.500,00.000	30.8	5.5	-200	0	4.5	914.748	184.875	218.648	122.725	156.926	36.5716	32.9028	32.6976	40.9765	38.5548	14.2921	11.3479	14.9219	8.174	1.13443	0	0	0	0	0	0
05.500,00.000	30.9	5.5	-200	0	4.5	920.403	185.906	219.603	123.067	157.424	36.7341	33.1841	33.1642	41.5064	39.1979	14.5084	11.4436	15.1793	8.174	1.31179	0	0	0	0	0	0
05.500,00.000	31	5.5	-200	0	4.5	937.351	189.061	222.253	123.962	158.825	37.1887	34.0071	34.5518	43.1257	41.3986	15.2174	11.7674	15.989	8.174	1.83128	0	0	0	0	0	0
05.500,00.000	31.1	5.5	-200	0	4.5	947.064	190.904	223.844	124.472	159.631	37.4514	34.5178	35.3075	44.0679	42.509	15.6379	11.9613	16.459	8.174	2.1276	0	0	0	0	0	0
05.500,00.000	31.2	5.5	-200	0	4.5	952.705	192.007	224.716	124.75	160.061	37.5972	34.8002	35.7389	44.6284	43.2353	15.8903	12.0786	16.7331	8.174	2.29547	0	0	0	0	0	0
05.500,00.000	31.3	5.5	-200	0	4.5	958.431	193.14	225.617	125.04	160.465	37.742	35.0769	36.1634	45.2013	43.9732	16.1532	12.2049	17.0172	8.174	2.46246	0	0	0	0	0	0
05.500,00.000	31.4	5.5	-200	0	4.5	994.767	200.331	231.53	126.751	162.991	38.6414	36.7898	38.7701	48.8884	48.5123	17.9485	13.0576	18.8792	8.17521	3.50222	0	0	0	0	0	0
05.500,00.000	31.5	5.5	-200	0	4.5	1011.05	203.482	234.244	127.559	164.157	39.1597	37.5663	39.8624	50.5837	50.4221	18.7768	13.4211	19.5757	8.29052	3.95129	0	0	0	0	0	0
05.500,00.000	31.6	5.5	-200	0	4.5	1016.9	204.638	235.184	127.821	164.545	39.3525	37.851	40.2322	51.201	51.1299	19.0925	13.5701	19.7723	8.40274	4.10923	0	0	0	0	0	0
05.500,00.000	31.7	5.5	-200	0	4.5	1022.79	205.793	236.122	128.072	164.909	39.5449	38.1307	40.6336	51.828	51.8431	19.4209	13.7307	19.9683	8.52654	4.26475	0	0	0	0	0	0
05.500,00.000	31.8	5.5	-200	0	4.5	1029.27	207.017	237.118	128.367	165.274	39.7502	38.4221	41.232	52.4995	52.6167	19.783	13.9137	20.1782	8.66603	4.4287	0	0	0	0	0	0
05.500,00.000	31.9	5.5	-200	0	4.5	1030.65	207.267	237.336	128.443	165.351	39.7943	38.4876	41.3717	52.6344	52.7708	19.8618	13.9519	20.2166	8.7001	4.4626	0	0	0	0	0	0
05.500,00.000	32	5.5	-200	0	4.5	1031.15	207.363	237.414	128.47	165.375	39.8096	38.508	41.4133	52.6835	52.8332	19.8914	13.9678	20.2325	8.71262	4.47476	0	0	0	0	0	0
05.500,00.000	32.1	5.5	-200	0	4.5	1031.74	207.478	237.506	128.503	165.401	39.8276	38.5317	41.4627	52.7415	52.9066	19.9278	13.9875	20.2522	8.72757	4.48906	0	0	0	0	0	0
05.500,00.000	32.2	5.5	-200	0	4.5	1032.25	207.576	237.585	128.53	165.423	39.8429	38.5515	41.5043	52.791	52.9706	19.96	14.0052	20.2698	8.74048	4.50121	0	0	0	0	0	0
05.500,00.000	32.3	5.5	-200	0	4.5	1032.68	207.659	237.651	128.552	165.439	39.8558	38.5675	41.5375	52.8325	53.0255	19.9879	14.0208	20.2852	8.75142	4.51134	0	0	0	0	0	0
05.500,00.000	32.4	5.5	-200	0	4.5	1032.74	207.671	237.661	128.556	165.442	39.8579	38.5702	41.5434	52.8384	53.0333	19.9924	14.0231	20.2875	8.75311	4.51289	0	0	0	0	0	0
05.500,00.000	32.5	5.5	-200	0	4.5	1032.76	207.674	237.663	128.556	165.443	39.8583	38.5707	41.5444	52.8397	53.0352	19.9934	14.0237	20.288	8.75347	4.51321	0	0	0	0	0	0
05.500,00.000	32.6	5.5	-200	0	4.5	1032.76	207.675	237.664	128.556	165.443	39.8584	38.5708	41.5447	52.84	53.0356	19.9936	14.0238	20.2882	8.75356	4.51329	0	0	0	0	0	0
05.500,00.000	32.7	5.5	-200	0	4.5	1032.82	207.687	237.673	128.56	165.445	39.8601	38.5727	41.5491	52.8459	53.0444	19.9984	14.0266	20.2909	8.75521	4.51475	0	0	0	0	0	0
05.500,00.000	32.8	5.5	-200	0	4.5	1072.53	215.36	243.846	130.665	166.563	40.9079	39.7346	44.3175	56.5407	58.4974	23.0283	15.8198	22.0334	9.79493	5.42081	0	0	0	0	0	0
05.500,00.000	32.9	5.5	-200	0	4.5	1085.69	217.777	245.587	131.985	167.065	41.246	40.1496	45.1642	57.7286	60.1718	24.0128	16.373	22.5839	10.1344	5.71259	0	0	0	0	0	0
05.500,00.000	33	5.5	-200	0	4.5	1086.29	217.894	245.662	132.044	167.084	41.2604	40.1651	45.2027	57.7818	60.2515	24.0605	16.4013	22.6116	10.1501	5.72552	0	0	0	0	0	0
05.500,00.000	33.1	5.5	-200	0	4.5	1087.25	218.083	245.779	132.136	167.115	41.2825	40.1895	45.2606	57.8645	60.3779	24.1393	16.4476	22.6571	10.1755	5.74585	0	0	0	0	0	0
05.500,00.000	33.2	5.5	-200	0	4.5	1088.13	218.259	245.885	132.22	167.144	41.3021	40.2111	45.3127	57.9388	60.4945	24.2119	16.4903	22.6997	10.1988	5.76423	0	0	0	0	0	0
05.500,00.000	33.3	5.5	-200	0	4.5	1088.66	218.366	245.946	132.271	167.159	41.3133	40.2228	45.3438	57.9824	60.5653	24.2568	16.5176	22.7265	10.213	5.77505	0	0	0	0	0	0
05.500,00.000	33.4	5.5	-200	0	4.5	1088.74	218.384	245.955	132.279	167.162	41.3151	40.2248	45.3483	57.989	60.5762	24.264	16.5217	22.7307	10.2153	5.77674	0	0	0	0	0	0
05.500,00.000	33.5	5.5	-200	0	4.5	1090.28	218.706	246.121	132.429	167.208	41.3447	40.2573	45.4316	58.1096	60.7797	24.4041	16.6054	22.8143	10.2583	5.80753	0	0	0	0	0	0
05.500,00.000	33.6	5.5	-200	0	4.5	1091.45	218.955	246.241	132.546	167.242	41.3674	40.2833	45.4943	58.2011	60.9377	24.5099	16.6677	22.8768	10.2914	5.83125	0	0	0	0	0	0
05.500,00.000	33.7	5.5	-200	0	4.5	1125.31	225.91	250.112	135.882	168.083	41.9561	40.879	47.4442	60.7437	65.3836	27.6389	18.7538	24.8051	11.2411	6.48007	0	0	0	0	0	0
05.500,00.000	33.8	5.5	-200	0	4.5	1147.86	230.606	252.761	138.131	168.758	42.3306	41.2688	48.7848	62.3735	68.0785	29.8043	20.1484	26.043	11.8692	6.90168	0	0	0	0	0	0
05.500,00.000	33.9	5.5	-200	0	4.5	1150.69	231.203	253.097	138.41	168.845	42.3756	41.3167	48.9469	62.5721	68.3996	30.0839	20.3349	26.2022	11.9494	6.95382	0	0	0	0	0	0
05.500,00.000	34	5.5	-200	0	4.5	1152.92	231.67	253.355	138.627	168.908	42.4084	41.3487	49.0743	62.7241	68.6573	30.3055	20.4978	26.3394	12.0147	6.99425	0	0	0	0	0	0
05.500,00.000	34.1	5.5	-200	0	4.5	1158.69	232.869	254.015	139.182	169.071	42.4892	41.4266	49.399	63.1054	69.3122	30.8921	20.9351	26.7079	12.1867	7.09787	0	0	0	0	0	0
05.500,00.000	34.2	5.5	-200	0	4.5	1160.44	233.229	254.215	139.346	169.14	42.515	41.4504	49.4946	63.2149	69.5076	31.0694	21.0674	26.8207	12.2394	7.12909	0	0	0	0	0	0
05.500,00.000	34.3	5.5	-200	0	4.5	1160.97	233.336	254.274	139.396	169.161	42.5231	41.4567	49.5236	63.2473	69.5648	31.1262	21.1109	26.8575	12.2559	7.13845	0	0	0	0	0	0
05.500,00.000	34.4	5.5	-200	0	4.5	1161.05	233.353	254.284	139.404	169.165	42.5246	41.4577	49.528	63.252	69.5731	31.1354	21.1175	26.8632	12.2585	7.1399	0	0	0	0	0	0
05.500,00.000	34.5	5.5	-200	0	4.5	1162.38	233.614	254.428	139.526	169.22	42.5453	41.471	49.5647	63.3575	69.703	31.2877	21.2389	26.963	12.302	7.16284	0	0	0	0	0	0
05.500,00.000	34.6	5.5	-200	0	4.5	1163.37	233.805	254.534	139.618	169.26	42.5604	41.4811	49.5556	63.47	69.7979	31.4017	21.3328	27.0361	12.3341	7.17984	0	0	0	0	0	0
05.500,00.000	34.7	5.5	-200	0	4.5	1164.14	233.955	254.615	139.689	169.289	42.5703	41.4874	49.5633	63.5417	69.871	31.4923	21.4096	27.0985	12.3604	7.19287	0	0	0	0	0	0
05.500,00.000	34.8	5.5	-200	0	4.5	1188.58	238.798	257.403	141.295	170.204	42.825	41.6744	49.9754	65.6877	72.1937	34.389	24.0564	29.2226	13.2386	7.61893	0	0	0	0	0	0
05.500,00.000	34.9	5.5	-200	0	4.5	1195.92	240.265	258.352	141.692	170.504	42.9027	41.7323	50.0459	66.3361	72.8277	35.2762	24.8713	29.8595	13.5081	7.74646	0	0	0	0	0	0
05.500,00.000	35	5.5	-200	0	4.5	1198.34	240.749	258.654	141.808	170.593	42.9213	41.7483	50.0676	66.5525	73.0336	35.5937	25.15	30.0836	13.6017	7.78792	0	0	0	0	0	0
05.500,00.000	35.1	5.5	-200	0	4.5	1204.62	242.003	259.425	142.101	170.818	42.9681	41.7861	50.1202	67.1059	73.5494	36.4324	25.8783	30.6837	13.8514	7.8947	0	0	0	0	0	0
05.500,00.000	35.2	5.5	-200	0	4.5	1206.37	242.323	259.675	142.185	170.885	42.9844	41.7964	50.1341	67.2555	73.6846	36.6784	26.0715	30.8512	13.9229	7.92457	0	0	0	0	0	0
05.500,00.000	35.3	5.5	-200	0	4.5	1206.8	242.403	259.731	142.204	170.9	42.9874	41.7985	50.1371	67.292	73.7171	36.7376	26.1238	30.8957	13.941	7.93172	0	0	0	0	0	0
05.500,00.000	35.4	5.5	-200	0	4.5	1206.87	242.414	259.741	142.207	170.902	42.9879	41.7988	50.1376	67.2973	73.7212	36.7476	26.1317	30.9024	13.9439	7.93282	0	0	0	0	0	0
05.500,00.000	35.5	5.5	-200	0	4.5	1236.56	248.102	263.403	143.429	171.842	43.1718	41.9065	50.3068	69.7266	75.9206	40.8143	29.9834	34.2549	15.2863	8.41728	0	0	0	0	0	0
05.500,00.000	35.6	5.5	-200	0	4.5	1267.88	254.396	267.212	144.714	172.81	43.3622	42.0155	50.593	72.291	78.2186	44.9192	34.0791	37.6235	16.7158	8.43128	0.503614	0	0	0	0	0
05.500,00.000	35.7	5.5	-200	0	4.5	1272.6	255.417	267.841	144.901	172.947	43.4046	42.0308	50.6447	72.6552	78.5471	45.4797	34.7153	38.0733	16.9324	8.4299	0.579982	0	0	0	0	0
05.500,00.000	35.8	5.5	-200	0	4.5	1272.77	255.455	267.861	144.907	172.951	43.4058	42.0312	50.646	72.6679	78.5575	45.5009	34.7391	38.0913	16.9404	8.42992	0.582531	0	0	0	0	0
05.500,00.000	35.9	5.5	-200	0	4.5	1273.07	255.525	267.898	144.917	172.96	43.4077	42.0319	50.648	72.6897	78.575	45.5381	34.7825	38.1245	16.9554	8.42995	0.586956	0	0	0	0	0
05.500,00.000	36	5.5	-200	0	4.5	1285.78	258.633	269.416	145.327	173.311	43.482	42.0585	50.725	73.588	79.2612	47.0045	36.598	39.5625	17.6121	8.43089	0.770158	0	0	0	0	0
05.500,00.000	36.1	5.5	-200	0	4.5	1292.99	260.615	270.289	145.552	173.503	43.5245	42.0725	50.7742	74.0847	79.6328	47.7297	37.5814	40.3338	17.9916	8.4305	0.873015	0	0	0	0	0
05.500,00.000	36.2	5.5	-200	0	4.5	1297.21	261.779	270.789	145.673	173.612	43.5443	42.0796	50.7961	74.3656	79.8286	48.1681	38.188	40.8034	18.222	8.4305	0.930719	0	0	0	0	0
05.500,00.000	36.3	5.5	-200	0	4.5	1301.42	262.943	271.299	145.786	173.717	43.5616	42.0856	50.8155	74.6389	80.0082	48.5958	38.8056	41.2871	18.4591	8.4305	0.986625	0	0	0	0	0
05.500,00.000	36.4	5.5	-200	0	4.5	1305.64	264.123	271.813	145.892	173.82	43.576	42.0907	50.8324	74.9067	80.1725	49.0143	39.4329	41.7868	18.7042	8.4305	1.041	0	0	0	0	0
05.500,00.000	36.5	5.5	-200	0	4.5	1309.78	265.297	272.32	145.991	173.917	43.5882	42.0947	50.848	75.1672	80.316	49.4172	40.0587	42.2937	18.9535	8.4305	1.09301	0	0	0	0	0
05.500,00.000	36.6	5.5	-200	0	4.5	1332.25	271.476	275.054	146.509	174.438	43.6426	42.1126	50.9567	76.6316	81.022	51.5664	43.5535	45.1417	20.3356	8.4305	1.37722	0	0	0	0	0
05.500,00.000	36.7	5.5	-200	0	4.5	1336.76	272.768	275.626	146.613	174.538	43.656	42.1159	50.9981	76.9205	81.1546	51.9179	44.2602	45.6995	20.6249	8.4305	1.43298	0	0	0	0	0
05.500,00.000	36.8	5.5	-200	0	4.5	1354.89	278.061	277.841	147.011	174.989	43.7311	42.1246	51.1439	77.9523	81.6802	53.308	47.0964	48.0498	21.8252	8.4305	1.64156	0	0	0	0	0
05.500,00.000	36.9	5.5	-200	0	4.5	1360.27	279.827	278.544	147.124	175.128	43.8347	42.1405	51.1948	77.9998	82.0578	53.6049	47.8622	48.6542	22.1675	8.4305	1.69883	0	0	0	0	0
05.500,00.000	37	5.5	-200	0	4.5	1367.99	282.247	279.535	147.287	175.318	43.9386	42.1592	51.2829	78.064	82.5632	54.1071	49.0223	49.5691	22.6883	8.4305	1.77592	0	0	0	0	0
05.500,00.000	37.1	5.5	-200	0	4.5	1373.5	284	280.245	147.404	175.448	44.0222	42.1811	51.3551	78.108	82.9118	54.4279	49.8462	50.223	23.0671	8.4305	1.82898	0	0	0	0	0
05.500,00.000	37.2	5.5	-200	0	4.5	1377.62	285.321	280.767	147.495	175.54	44.0823	42.1945	51.4162	78.1393	83.1591	54.6663	50.4674	50.7172	23.3572	8.4305	1.8663	0	0	0	0	0
05.500,00.000	37.3	5.5	-200	0	4.5	1381.72	286.645	281.287	147.588	175.627	44.1438	42.2053	51.4852	78.1692	83.396	54.892	51.0914	51.206	23.6543	8.4305	1.90166	0	0	0	0	0
05.500,00.000	37.4	5.5	-200	0	4.5	1385.81	287.974	281.802	147.684	175.709	44.206	42.2137	51.5621	78.1975	83.6228	55.1063	51.7173	51.6913	23.9578	8.4305	1.935	0	0	0	0	0
05.500,00.000	37.5	5.5	-200	0	4.5	1389.9	289.308	282.315	147.784	175.786	44.2692	42.2198	51.6468	78.2246	83.8433	55.3123	52.3474	52.1817	24.2687	8.4305	1.96647	0	0	0	0	0
05.500,00.000	37.6	5.5	-200	0	4.5	1394.04	290.62	282.832	147.89	175.859	44.3688	42.2237	51.7407	78.2519	84.0646	55.5128	52.9882	52.6777	24.5883	8.4305	1.99661	0	0	0	0	0
05.500,00.000	37.7	5.5	-200	0	4.5	1397.95	291.892	283.307	147.99	175.922	44.4939	42.2252	51.834	78.2774	84.2651	55.6895	53.5745	53.1318	24.8918	8.4305	2.02255	0	0	0	0	0
05.500,00.000	37.8	5.5	-200	0	4.5	1416.31	298.066	285.532	148.443	176.193	45.236	42.226	52.3035	78.4011	85.2001	56.5082	56.1196	55.1585	26.3526	8.4305	2.13549	0	0	0	0	0
05.500,00.000	37.9	5.5	-200	0	4.5	1419.91	299.379	285.975	148.523	176.245	45.4134	42.226	52.4018	78.4259	85.3833	56.6607	56.5004	55.55	26.6435	8.4305	2.15696	0	0	0	0	0
05.500,00.000	38	5.5	-200	0	4.5	1431.69	303.583	287.396	148.827	176.386	45.9668	42.226	52.7284	78.5191	85.9646	57.1322	57.9284	56.7832	27.6002	8.4305	2.21599	0	0	0	0	0
05.500,00.000	38.1	5.5	-200	0	4.5	1438.53	306.025	288.328	149.015	176.464	46.289	42.226	52.9146	78.5764	86.3065	57.3999	58.63	57.5032	28.1711	8.4305	2.24855	0	0	0	0	0
05.500,00.000	38.2	5.5	-200	0	4.5	1442.66	307.303	289.084	149.136	176.506	46.4771	42.226	53.0321	78.6148	86.5119	57.555	59.0771	57.9213	28.5224	8.4305	2.26571	0	0	0	0	0
05.500,00.000	38.3	5.5	-200	0	4.5	1446.77	308.469	289.953	149.261	176.543	46.6595	42.226	53.1538	78.656	86.7167	57.7045	59.5125	58.3254	28.8796	8.4305	2.28083	0	0	0	0	0
05.500,00.000	38.4	5.5	-200	0	4.5	1457.3	311.151	292.531	149.594	176.63	47.1115	42.226	53.4778	78.7728	87.2413	58.0705	60.5986	59.3403	29.812	8.4305	2.31387	0	0	0	0	0
05.500,00.000	38.5	5.5	-200	0	4.5	1463.47	312.593	294.205	149.796	176.677	47.3736	42.226	53.6725	78.8479	87.553	58.2804	61.2133	59.9047	30.3706	8.4305	2.33125	0	0	0	0	0
05.500,00.000	38.6	5.5	-200	0	4.5	1473.07	314.684	296.573	150.148	176.749	47.7962	42.226	54.0171	78.989	88.0791	58.6172	62.2513	60.8637	31.2958	8.4305	2.35418	0	0	0	0	0
05.500,00.000	38.7	5.5	-200	0	4.5	1477.61	315.75	297.626	150.318	176.785	47.9906	42.226	54.1833	79.0604	88.3275	58.7709	62.7272	61.3087	31.7386	8.4305	2.3632	0	0	0	0	0
05.500,00.000	38.8	5.5	-200	0	4.5	1477.84	315.802	297.683	150.327	176.787	48.0005	42.226	54.1924	79.0645	88.3406	58.7786	62.7517	61.3319	31.7621	8.4305	2.36353	0	0	0	0	0
05.500,00.000	38.9	5.5	-200	0	4.5	1481.57	316.681	298.583	150.483	176.808	48.1453	42.226	54.3388	79.1333	88.5413	58.8882	63.1178	61.6941	32.1289	8.4305	2.36619	0	0	0	0	0
05.500,00.000	39	5.5	-200	0	4.5	1487.68	318.14	300.086	150.765	176.841	48.3765	42.226	54.5851	79.2539	88.8712	59.0591	63.707	62.2332	32.7351	8.4305	2.36781	0	0	0	0	0
05.500,00.000	39.1	5.5	-200	0	4.5	1492.04	319.132	301.206	150.979	176.862	48.5366	42.226	54.761	79.3465	89.107	59.1751	64.12	62.6147	33.1707	8.4305	2.36781	0	0	0	0	0
05.500,00.000	39.2	5.5	-200	0	4.5	1495.82	320.014	302.19	151.166	176.878	48.6701	42.226	54.9175	79.4337	89.3114	59.2698	64.4711	62.9491	33.5262	8.4305	2.36781	0	0	0	0	0
05.500,00.000	39.3	5.5	-200	0	4.5	1499.78	320.868	303.187	151.357	177.08	48.7988	42.226	55.0785	79.5277	89.5159	59.3591	64.8153	63.281	33.8862	8.4305	2.36781	0	0	0	0	0
05.500,00.000	39.4	5.5	-200	0	4.5	1503.71	321.67	304.201	151.552	177.293	48.9224	42.226	55.2442	79.628	89.7203	59.4428	65.1516	63.6103	34.2507	8.4305	2.36781	0	0	0	0	0
05.500,00.000	39.5	5.5	-200	0	4.5	1507.66	322.461	305.23	151.753	177.509	49.0418	42.226	55.4157	79.7351	89.9262	59.5209	65.4828	63.9401	34.6231	8.4305	2.36781	0	0	0	0	0
05.500,00.000	39.6	5.5	-200	0	4.5	1513.1	323.424	306.673	152.038	177.81	49.2059	42.226	55.6682	79.898	90.2229	59.6229	65.8465	64.5088	35.161	8.4305	2.36781	0	0	0	0	0
05.500,00.000	39.7	5.5	-200	0	4.5	1523.14	325.175	309.325	152.569	178.362	49.4992	42.226	56.1558	80.2204	90.7801	59.7989	66.5049	65.5495	36.1796	8.4305	2.36781	0	0	0	0	0
05.500,00.000	39.8	5.5	-200	0	4.5	1524.96	325.496	309.83	152.665	178.463	49.552	42.226	56.2415	80.2821	90.8828	59.8301	66.5781	65.7546	36.3598	8.4305	2.36781	0	0	0	0	0
05.500,00.000	39.9	5.5	-200	0	4.5	1529.59	326.295	311.12	152.9	178.653	49.7281	42.226	56.4787	80.4507	91.1353	59.9002	66.8359	66.2271	36.8363	8.4305	2.36781	0	0	0	0	0
05.500,00.000	40	5.5	-200	0	4.5	1535.44	327.27	312.794	153.194	178.656	50.1863	42.226	56.7871	80.6766	91.4582	59.9837	67.1426	66.8256	37.443	8.4305	2.36781	0	0	0	0	0
05.500,00.000	40.1	5.5	-200	0	4.5	1539.56	327.961	314.006	153.411	178.662	50.5035	42.226	57.0143	80.8465	91.4825	60.1723	67.3563	67.246	37.8783	8.4305	2.36781	0	0	0	0	0
05.500,00.000	40.2	5.5	-200	0	4.5	1543.12	328.543	315.095	153.612	178.665	50.7796	42.226	57.2236	81.0059	91.4877	60.2668	67.5433	67.611	38.267	8.4305	2.36781	0	0	0	0	0
05.500,00.000	40.3	5.5	-200	0	4.5	1546.6	329.106	316.189	153.817	178.668	51.0502	42.226	57.4389	81.1732	91.4861	60.3009	67.7237	67.9682	38.6558	8.4305	2.36781	0	0	0	0	0
05.500,00.000	40.4	5.5	-200	0	4.5	1550.07	329.655	317.292	154.027	178.669	51.3156	42.226	57.6604	81.3487	91.4861	60.3335	67.894	68.3234	39.0454	8.4305	2.36781	0	0	0	0	0
05.500,00.000	40.5	5.5	-200	0	4.5	1553.51	330.171	318.401	154.242	178.67	51.5767	42.226	57.8809	81.5338	91.4861	60.3638	68.0571	68.6783	39.4297	8.4305	2.36781	0	0	0	0	0
05.500,00.000	40.6	5.5	-200	0	4.5	1557.96	330.719	319.865	154.543	178.672	51.9238	42.226	58.1572	81.7974	91.4861	60.4028	68.2702	69.1565	39.9448	8.4305	2.36781	0	0	0	0	0
05.500,00.000	40.7	5.5	-200	0	4.5	1562.39	331.313	321.206	154.857	178.672	52.2707	42.226	58.445	82.0796	91.4862	60.4403	68.4779	69.6459	40.4732	8.4305	2.36781	0	0	0	0	0
05.500,00.000	40.8	5.5	-200	0	4.5	1572.13	332.47	323.939	155.609	178.673	53.055	42.226	59.1475	82.7663	91.4887	60.5254	68.938	70.7791	41.713	8.4305	2.36781	0	0	0	0	0
05.500,00.000	40.9	5.5	-200	0	4.5	1573.91	332.689	324.449	155.746	178.673	53.1995	42.226	59.2667	82.897	91.4898	60.5363	69.0153	70.9864	41.936	8.4305	2.36781	0	0	0	0	0
05.500,00.000	41	5.5	-200	0	4.5	1582.9	333.795	327.004	156.452	178.673	53.8835	42.226	59.9256	83.5815	91.5051	60.6031	69.3886	72.0052	43.0611	8.4305	2.36781	0	0	0	0	0
05.500,00.000	41.1	5.5	-200	0	4.5	1588.02	334.387	328.498	156.86	178.673	54.271	42.2325	60.3341	83.9852	91.5166	60.636	69.591	72.5409	43.7003	8.4305	2.36781	0	0	0	0	0
05.500,00.000	41.2	5.5	-200	0	4.5	1591.05	334.712	329.366	157.104	178.673	54.4892	42.2894	60.5773	84.2295	91.5269	60.6562	69.6935	72.8652	44.0729	8.4305	2.36781	0	0	0	0	0
05.500,00.000	41.3	5.5	-200	0	4.5	1594.12	335.037	330.245	157.356	178.673	54.7054	42.3567	60.8193	84.4856	91.5401	60.6758	69.7799	73.2032	44.4499	8.4305	2.36781	0	0	0	0	0
05.500,00.000	41.4	5.5	-200	0	4.5	1597.2	335.347	331.124	157.613	178.673	54.9159	42.4338	61.0671	84.749	91.5565	60.6945	69.861	73.5368	44.8254	8.4305	2.36781	0	0	0	0	0
05.500,00.000	41.5	5.5	-200	0	4.5	1600.22	335.633	332	157.875	178.673	55.1211	42.5107	61.3466	84.9936	91.5763	60.7121	69.9365	73.8429	45.2019	8.4305	2.36781	0	0	0	0	0
05.500,00.000	41.6	5.5	-200	0	4.5	1603.2	335.856	332.862	158.148	178.673	55.3263	42.5889	61.6372	85.2541	91.6005	60.729	70.0087	74.1373	45.5859	8.4305	2.36781	0	0	0	0	0
05.500,00.000	41.7	5.5	-200	0	4.5	1609.08	336.249	334.538	158.702	178.673	55.7218	42.7427	62.2294	85.7977	91.6568	60.7616	70.1747	74.6996	46.3395	8.4305	2.36781	0	0	0	0	0
05.500,00.000	41.8	5.5	-200	0	4.5	1613.19	336.552	335.366	159.377	178.673	55.9919	42.8519	62.67	86.1861	91.7021	60.7827	70.3162	75.0824	46.8456	8.4305	2.36781	0	0	0	0	0
05.500,00.000	41.9	5.5	-200	0	4.5	1613.78	336.591	335.475	159.483	178.673	56.0298	42.8684	62.7448	86.2391	91.7093	60.7851	70.3372	75.1326	46.9157	8.4305	2.36781	0	0	0	0	0
05.500,00.000	42	5.5	-200	0	4.5	1619.82	336.938	336.674	160.537	178.673	56.4079	43.0219	63.479	86.8366	91.7932	60.8118	70.5148	75.6909	47.6462	8.4305	2.36781	0	0	0	0	0