
label	time(d)	x	depth	z	radius	total	0-10	10-20	20-30	30-40	40-50	50-60	60-70	70-80	80-90	90-100	100-110	110-120	120-130	130-140	140-150	150-160	160-170	170-180	180-190	190-200
05.500,00.000	0	5.5	-200	0	4.5	0	0	0	0	0	0	0	0	0	0	0	0	0	0	0	0	0	0	0	0	0
05.500,00.000	0.1	5.5	-200	0	4.5	0	0	0	0	0	0	0	0	0	0	0	0	0	0	0	0	0	0	0	0	0
05.500,00.000	0.2	5.5	-200	0	4.5	0	0	0	0	0	0	0	0	0	0	0	0	0	0	0	0	0	0	0	0	0
05.500,00.000	0.3	5.5	-200	0	4.5	0	0	0	0	0	0	0	0	0	0	0	0	0	0	0	0	0	0	0	0	0
05.500,00.000	0.4	5.5	-200	0	4.5	0	0	0	0	0	0	0	0	0	0	0	0	0	0	0	0	0	0	0	0	0
05.500,00.000	0.5	5.5	-200	0	4.5	0	0	0	0	0	0	0	0	0	0	0	0	0	0	0	0	0	0	0	0	0
05.500,00.000	0.6	5.5	-200	0	4.5	0	0	0	0	0	0	0	0	0	0	0	0	0	0	0	0	0	0	0	0	0
05.500,00.000	0.7	5.5	-200	0	4.5	0	0	0	0	0	0	0	0	0	0	0	0	0	0	0	0	0	0	0	0	0
05.500,00.000	0.8	5.5	-200	0	4.5	0	0	0	0	0	0	0	0	0	0	0	0	0	0	0	0	0	0	0	0	0
05.500,00.000	0.9	5.5	-200	0	4.5	0	0	0	0	0	0	0	0	0	0	0	0	0	0	0	0	0	0	0	0	0
05.500,00.000	1	5.5	-200	0	4.5	0	0	0	0	0	0	0	0	0	0	0	0	0	0	0	0	0	0	0	0	0
05.500,00.000	1.1	5.5	-200	0	4.5	0	0	0	0	0	0	0	0	0	0	0	0	0	0	0	0	0	0	0	0	0
05.500,00.000	1.2	5.5	-200	0	4.5	0	0	0	0	0	0	0	0	0	0	0	0	0	0	0	0	0	0	0	0	0
05.500,00.000	1.3	5.5	-200	0	4.5	0	0	0	0	0	0	0	0	0	0	0	0	0	0	0	0	0	0	0	0	0
05.500,00.000	1.4	5.5	-200	0	4.5	0	0	0	0	0	0	0	0	0	0	0	0	0	0	0	0	0	0	0	0	0
05.500,00.000	1.5	5.5	-200	0	4.5	0	0	0	0	0	0	0	0	0	0	0	0	0	0	0	0	0	0	0	0	0
05.500,00.000	1.6	5.5	-200	0	4.5	0	0	0	0	0	0	0	0	0	0	0	0	0	0	0	0	0	0	0	0	0
05.500,00.000	1.7	5.5	-200	0	4.5	0	0	0	0	0	0	0	0	0	0	0	0	0	0	0	0	0	0	0	0	0
05.500,00.000	1.8	5.5	-200	0	4.5	0	0	0	0	0	0	0	0	0	0	0	0	0	0	0	0	0	0	0	0	0
05.500,00.000	1.9	5.5	-200	0	4.5	0	0	0	0	0	0	0	0	0	0	0	0	0	0	0	0	0	0	0	0	0
05.500,00.000	2	5.5	-200	0	4.5	0	0	0	0	0	0	0	0	0	0	0	0	0	0	0	0	0	0	0	0	0
05.500,00.000	2.1	5.5	-200	0	4.5	0	0	0	0	0	0	0	0	0	0	0	0	0	0	0	0	0	0	0	0	0
05.500,00.000	2.2	5.5	-200	0	4.5	0	0	0	0	0	0	0	0	0	0	0	0	0	0	0	0	0	0	0	0	0
05.500,00.000	2.3	5.5	-200	0	4.5	0	0	0	0	0	0	0	0	0	0	0	0	0	0	0	0	0	0	0	0	0
05.500,00.000	2.4	5.5	-200	0	4.5	0	0	0	0	0	0	0	0	0	0	0	0	0	0	0	0	0	0	0	0	0
05.500,00.000	2.5	5.5	-200	0	4.5	0	0	0	0	0	0	0	0	0	0	0	0	0	0	0	0	0	0	0	0	0
05.500,00.000	2.6	5.5	-200	0	4.5	0	0	0	0	0	0	0	0	0	0	0	0	0	0	0	0	0	0	0	0	0
05.500,00.000	2.7	5.5	-200	0	4.5	0	0	0	0	0	0	0	0	0	0	0	0	0	0	0	0	0	0	0	0	0
05.500,00.000	2.8	5.5	-200	0	4.5	0	0	0	0	0	0	0	0	0	0	0	0	0	0	0	0	0	0	0	0	0
05.500,00.000	2.9	5.5	-200	0	4.5	0	0	0	0	0	0	0	0	0	0	0	0	0	0	0	0	0	0	0	0	0
05.500,00.000	3	5.5	-200	0	4.5	0	0	0	0	0	0	0	0	0	0	0	0	0	0	0	0	0	0	0	0	0
05.500,00.000	3.1	5.5	-200	0	4.5	0.240763	0.240763	0	0	0	0	0	0	0	0	0	0	0	0	0	0	0	0	0	0	0
05.500,00.000	3.2	5.5	-200	0	4.5	0.515846	0.515846	0	0	0	0	0	0	0	0	0	0	0	0	0	0	0	0	0	0	0
05.500,00.000	3.3	5.5	-200	0	4.5	0.790218	0.790218	0	0	0	0	0	0	0	0	0	0	0	0	0	0	0	0	0	0	0
05.500,00.000	3.4	5.5	-200	0	4.5	1.0646	1.0646	0	0	0	0	0	0	0	0	0	0	0	0	0	0	0	0	0	0	0
05.500,00.000	3.5	5.5	-200	0	4.5	1.33346	1.33346	0	0	0	0	0	0	0	0	0	0	0	0	0	0	0	0	0	0	0
05.500,00.000	3.6	5.5	-200	0	4.5	1.59692	1.59692	0	0	0	0	0	0	0	0	0	0	0	0	0	0	0	0	0	0	0
05.500,00.000	3.7	5.5	-200	0	4.5	1.85695	1.85695	0	0	0	0	0	0	0	0	0	0	0	0	0	0	0	0	0	0	0
05.500,00.000	3.8	5.5	-200	0	4.5	2.11546	2.11546	0	0	0	0	0	0	0	0	0	0	0	0	0	0	0	0	0	0	0
05.500,00.000	3.9	5.5	-200	0	4.5	2.37547	2.37547	0	0	0	0	0	0	0	0	0	0	0	0	0	0	0	0	0	0	0
05.500,00.000	4	5.5	-200	0	4.5	2.63921	2.63921	0	0	0	0	0	0	0	0	0	0	0	0	0	0	0	0	0	0	0
05.500,00.000	4.1	5.5	-200	0	4.5	2.90521	2.90521	0	0	0	0	0	0	0	0	0	0	0	0	0	0	0	0	0	0	0
05.500,00.000	4.2	5.5	-200	0	4.5	3.17298	3.17298	0	0	0	0	0	0	0	0	0	0	0	0	0	0	0	0	0	0	0
05.500,00.000	4.3	5.5	-200	0	4.5	3.44219	3.44219	0	0	0	0	0	0	0	0	0	0	0	0	0	0	0	0	0	0	0
05.500,00.000	4.4	5.5	-200	0	4.5	3.71152	3.71152	0	0	0	0	0	0	0	0	0	0	0	0	0	0	0	0	0	0	0
05.500,00.000	4.5	5.5	-200	0	4.5	3.97722	3.97722	0	0	0	0	0	0	0	0	0	0	0	0	0	0	0	0	0	0	0
05.500,00.000	4.6	5.5	-200	0	4.5	4.2386	4.2386	0	0	0	0	0	0	0	0	0	0	0	0	0	0	0	0	0	0	0
05.500,00.000	4.7	5.5	-200	0	4.5	4.4969	4.4969	0	0	0	0	0	0	0	0	0	0	0	0	0	0	0	0	0	0	0
05.500,00.000	4.8	5.5	-200	0	4.5	4.75324	4.75324	0	0	0	0	0	0	0	0	0	0	0	0	0	0	0	0	0	0	0
05.500,00.000	4.9	5.5	-200	0	4.5	5.00833	5.00833	0	0	0	0	0	0	0	0	0	0	0	0	0	0	0	0	0	0	0
05.500,00.000	5	5.5	-200	0	4.5	5.2627	5.2627	0	0	0	0	0	0	0	0	0	0	0	0	0	0	0	0	0	0	0
05.500,00.000	5.1	5.5	-200	0	4.5	5.5173	5.5173	0	0	0	0	0	0	0	0	0	0	0	0	0	0	0	0	0	0	0
05.500,00.000	5.2	5.5	-200	0	4.5	5.77311	5.77311	0	0	0	0	0	0	0	0	0	0	0	0	0	0	0	0	0	0	0
05.500,00.000	5.3	5.5	-200	0	4.5	6.03084	6.03084	0	0	0	0	0	0	0	0	0	0	0	0	0	0	0	0	0	0	0
05.500,00.000	5.4	5.5	-200	0	4.5	6.0448	6.0448	0	0	0	0	0	0	0	0	0	0	0	0	0	0	0	0	0	0	0
05.500,00.000	5.5	5.5	-200	0	4.5	6.04069	6.04069	0	0	0	0	0	0	0	0	0	0	0	0	0	0	0	0	0	0	0
05.500,00.000	5.6	5.5	-200	0	4.5	6.04069	6.04069	0	0	0	0	0	0	0	0	0	0	0	0	0	0	0	0	0	0	0
05.500,00.000	5.7	5.5	-200	0	4.5	6.04069	6.04069	0	0	0	0	0	0	0	0	0	0	0	0	0	0	0	0	0	0	0
05.500,00.000	5.8	5.5	-200	0	4.5	6.04069	6.04069	0	0	0	0	0	0	0	0	0	0	0	0	0	0	0	0	0	0	0
05.500,00.000	5.9	5.5	-200	0	4.5	6.04069	6.04069	0	0	0	0	0	0	0	0	0	0	0	0	0	0	0	0	0	0	0
05.500,00.000	6	5.5	-200	0	4.5	6.04069	6.04069	0	0	0	0	0	0	0	0	0	0	0	0	0	0	0	0	0	0	0
05.500,00.000	6.1	5.5	-200	0	4.5	6.04069	6.04069	0	0	0	0	0	0	0	0	0	0	0	0	0	0	0	0	0	0	0
05.500,00.000	6.2	5.5	-200	0	4.5	6.04069	6.04069	0	0	0	0	0	0	0	0	0	0	0	0	0	0	0	0	0	0	0
05.500,00.000	6.3	5.5	-200	0	4.5	6.04069	6.04069	0	0	0	0	0	0	0	0	0	0	0	0	0	0	0	0	0	0	0
05.500,00.000	6.4	5.5	-200	0	4.5	6.04069	6.04069	0	0	0	0	0	0	0	0	0	0	0	0	0	0	0	0	0	0	0
05.500,00.000	6.5	5.5	-200	0	4.5	6.04069	6.04069	0	0	0	0	0	0	0	0	0	0	0	0	0	0	0	0	0	0	0
05.500,00.000	6.6	5.5	-200	0	4.5	6.04069	6.04069	0	0	0	0	0	0	0	0	0	0	0	0	0	0	0	0	0	0	0
05.500,00.000	6.7	5.5	-200	0	4.5	6.04069	6.04069	0	0	0	0	0	0	0	0	0	0	0	0	0	0	0	0	0	0	0
05.500,00.000	6.8	5.5	-200	0	4.5	6.04069	6.04069	0	0	0	0	0	0	0	0	0	0	0	0	0	0	0	0	0	0	0
05.500,00.000	6.9	5.5	-200	0	4.5	6.04069	6.04069	0	0	0	0	0	0	0	0	0	0	0	0	0	0	0	0	0	0	0
05.500,00.000	7	5.5	-200	0	4.5	6.04069	6.04069	0	0	0	0	0	0	0	0	0	0	0	0	0	0	0	0	0	0	0
05.500,00.000	7.1	5.5	-200	0	4.5	6.04069	6.04069	0	0	0	0	0	0	0	0	0	0	0	0	0	0	0	0	0	0	0
05.500,00.000	7.2	5.5	-200	0	4.5	6.04069	6.04069	0	0	0	0	0	0	0	0	0	0	0	0	0	0	0	0	0	0	0
05.500,00.000	7.3	5.5	-200	0	4.5	6.04116	6.04116	0	0	0	0	0	0	0	0	0	0	0	0	0	0	0	0	0	0	0
05.500,00.000	7.4	5.5	-200	0	4.5	6.04401	6.04401	0	0	0	0	0	0	0	0	0	0	0	0	0	0	0	0	0	0	0
05.500,00.000	7.5	5.5	-200	0	4.5	6.05206	6.05206	0	0	0	0	0	0	0	0	0	0	0	0	0	0	0	0	0	0	0
05.500,00.000	7.6	5.5	-200	0	4.5	6.06348	6.06348	0	0	0	0	0	0	0	0	0	0	0	0	0	0	0	0	0	0	0
05.500,00.000	7.7	5.5	-200	0	4.5	6.11733	6.08242	0	0.03491	0	0	0	0	0	0	0	0	0	0	0	0	0	0	0	0	0
05.500,00.000	7.8	5.5	-200	0	4.5	6.41462	6.10623	0	0.308389	0	0	0	0	0	0	0	0	0	0	0	0	0	0	0	0	0
05.500,00.000	7.9	5.5	-200	0	4.5	6.71357	6.13925	0	0.574319	0	0	0	0	0	0	0	0	0	0	0	0	0	0	0	0	0
05.500,00.000	8	5.5	-200	0	4.5	7.01257	6.17545	0	0.837125	0	0	0	0	0	0	0	0	0	0	0	0	0	0	0	0	0
05.500,00.000	8.1	5.5	-200	0	4.5	7.31604	6.21668	0	1.09936	0	0	0	0	0	0	0	0	0	0	0	0	0	0	0	0	0
05.500,00.000	8.2	5.5	-200	0	4.5	7.63067	6.26976	0	1.36091	0	0	0	0	0	0	0	0	0	0	0	0	0	0	0	0	0
05.500,00.000	8.3	5.5	-200	0	4.5	7.95803	6.33616	0	1.62187	0	0	0	0	0	0	0	0	0	0	0	0	0	0	0	0	0
05.500,00.000	8.4	5.5	-200	0	4.5	8.29584	6.41361	0	1.88223	0	0	0	0	0	0	0	0	0	0	0	0	0	0	0	0	0
05.500,00.000	8.5	5.5	-200	0	4.5	8.64559	6.50403	0	2.14156	0	0	0	0	0	0	0	0	0	0	0	0	0	0	0	0	0
05.500,00.000	8.6	5.5	-200	0	4.5	9.00965	6.60936	0	2.40028	0	0	0	0	0	0	0	0	0	0	0	0	0	0	0	0	0
05.500,00.000	8.7	5.5	-200	0	4.5	9.38726	6.72876	0	2.6585	0	0	0	0	0	0	0	0	0	0	0	0	0	0	0	0	0
05.500,00.000	8.8	5.5	-200	0	4.5	9.77948	6.86311	0	2.91637	0	0	0	0	0	0	0	0	0	0	0	0	0	0	0	0	0
05.500,00.000	8.9	5.5	-200	0	4.5	10.1903	7.01626	0	3.17402	0	0	0	0	0	0	0	0	0	0	0	0	0	0	0	0	0
05.500,00.000	9	5.5	-200	0	4.5	10.6216	7.19043	0	3.4312	0	0	0	0	0	0	0	0	0	0	0	0	0	0	0	0	0
05.500,00.000	9.1	5.5	-200	0	4.5	11.0775	7.38962	0	3.68788	0	0	0	0	0	0	0	0	0	0	0	0	0	0	0	0	0
05.500,00.000	9.2	5.5	-200	0	4.5	11.5616	7.61744	0	3.94413	0	0	0	0	0	0	0	0	0	0	0	0	0	0	0	0	0
05.500,00.000	9.3	5.5	-200	0	4.5	12.0666	7.86659	0	4.19998	0	0	0	0	0	0	0	0	0	0	0	0	0	0	0	0	0
05.500,00.000	9.4	5.5	-200	0	4.5	12.59	8.13448	0	4.45547	0	0	0	0	0	0	0	0	0	0	0	0	0	0	0	0	0
05.500,00.000	9.5	5.5	-200	0	4.5	13.1269	8.41675	0	4.71012	0	0	0	0	0	0	0	0	0	0	0	0	0	0	0	0	0
05.500,00.000	9.6	5.5	-200	0	4.5	13.6792	8.7145	0	4.91063	0.0540772	0	0	0	0	0	0	0	0	0	0	0	0	0	0	0	0
05.500,00.000	9.7	5.5	-200	0	4.5	14.246	9.02681	0	4.91104	0.30815	0	0	0	0	0	0	0	0	0	0	0	0	0	0	0	0
05.500,00.000	9.8	5.5	-200	0	4.5	14.8288	9.35505	0	4.91149	0.56221	0	0	0	0	0	0	0	0	0	0	0	0	0	0	0	0
05.500,00.000	9.9	5.5	-200	0	4.5	15.4348	9.70637	0	4.91163	0.816808	0	0	0	0	0	0	0	0	0	0	0	0	0	0	0	0
05.500,00.000	10	5.5	-200	0	4.5	16.0643	10.0813	0	4.91163	1.07141	0	0	0	0	0	0	0	0	0	0	0	0	0	0	0	0
05.500,00.000	10.1	5.5	-200	0	4.5	16.7539	10.5164	0	4.91163	1.32591	0	0	0	0	0	0	0	0	0	0	0	0	0	0	0	0
05.500,00.000	10.2	5.5	-200	0	4.5	17.4642	10.9724	0	4.91163	1.58018	0	0	0	0	0	0	0	0	0	0	0	0	0	0	0	0
05.500,00.000	10.3	5.5	-200	0	4.5	18.195	11.449	0	4.91163	1.83437	0	0	0	0	0	0	0	0	0	0	0	0	0	0	0	0
05.500,00.000	10.4	5.5	-200	0	4.5	18.9387	11.9387	0	4.91163	2.08837	0	0	0	0	0	0	0	0	0	0	0	0	0	0	0	0
05.500,00.000	10.5	5.5	-200	0	4.5	19.6895	12.4359	0	4.91163	2.34198	0	0	0	0	0	0	0	0	0	0	0	0	0	0	0	0
05.500,00.000	10.6	5.5	-200	0	4.5	20.4465	12.9392	0	4.91163	2.59568	0	0	0	0	0	0	0	0	0	0	0	0	0	0	0	0
05.500,00.000	10.7	5.5	-200	0	4.5	21.2126	13.4516	0	4.91163	2.84934	0	0	0	0	0	0	0	0	0	0	0	0	0	0	0	0
05.500,00.000	10.8	5.5	-200	0	4.5	21.9921	13.9775	0	4.91163	3.10301	0	0	0	0	0	0	0	0	0	0	0	0	0	0	0	0
05.500,00.000	10.9	5.5	-200	0	4.5	22.7975	14.5291	0	4.91163	3.35677	0	0	0	0	0	0	0	0	0	0	0	0	0	0	0	0
05.500,00.000	11	5.5	-200	0	4.5	23.6297	15.1075	0	4.91163	3.61059	0	0	0	0	0	0	0	0	0	0	0	0	0	0	0	0
05.500,00.000	11.1	5.5	-200	0	4.5	24.4864	15.7104	0	4.91163	3.86429	0	0	0	0	0	0	0	0	0	0	0	0	0	0	0	0
05.500,00.000	11.2	5.5	-200	0	4.5	25.3681	16.3389	0	4.91163	4.11754	0	0	0	0	0	0	0	0	0	0	0	0	0	0	0	0
05.500,00.000	11.3	5.5	-200	0	4.5	26.2976	17.0154	0	4.91163	4.37054	0	0	0	0	0	0	0	0	0	0	0	0	0	0	0	0
05.500,00.000	11.4	5.5	-200	0	4.5	27.2609	17.7257	0	4.91163	4.6235	0	0	0	0	0	0	0	0	0	0	0	0	0	0	0	0
05.500,00.000	11.5	5.5	-200	0	4.5	28.2332	18.4456	0	4.91163	4.87591	0	0	0	0	0	0	0	0	0	0	0	0	0	0	0	0
05.500,00.000	11.6	5.5	-200	0	4.5	29.2132	19.1734	0	4.91163	5.12819	0	0	0	0	0	0	0	0	0	0	0	0	0	0	0	0
05.500,00.000	11.7	5.5	-200	0	4.5	30.2036	19.9114	0	4.91163	5.38055	0	0	0	0	0	0	0	0	0	0	0	0	0	0	0	0
05.500,00.000	11.8	5.5	-200	0	4.5	31.2128	20.6681	0	4.91163	5.63313	0	0	0	0	0	0	0	0	0	0	0	0	0	0	0	0
05.500,00.000	11.9	5.5	-200	0	4.5	32.2474	21.4498	0	4.91163	5.88595	0	0	0	0	0	0	0	0	0	0	0	0	0	0	0	0
05.500,00.000	12	5.5	-200	0	4.5	33.3118	22.2552	0	4.91163	6.14489	0	0	0	0	0	0	0	0	0	0	0	0	0	0	0	0
05.500,00.000	12.1	5.5	-200	0	4.5	34.4295	23.1158	0	4.91183	6.40185	0	0	0	0	0	0	0	0	0	0	0	0	0	0	0	0
05.500,00.000	12.2	5.5	-200	0	4.5	35.5511	23.9806	0	4.91334	6.65712	0	0	0	0	0	0	0	0	0	0	0	0	0	0	0	0
05.500,00.000	12.3	5.5	-200	0	4.5	36.6763	24.8514	0	4.9161	6.9088	0	0	0	0	0	0	0	0	0	0	0	0	0	0	0	0
05.500,00.000	12.4	5.5	-200	0	4.5	37.8172	25.7361	0	4.92037	7.16066	0	0	0	0	0	0	0	0	0	0	0	0	0	0	0	0
05.500,00.000	12.5	5.5	-200	0	4.5	39.0489	26.6832	0	4.92922	7.43649	0	0	0	0	0	0	0	0	0	0	0	0	0	0	0	0
05.500,00.000	12.6	5.5	-200	0	4.5	40.3694	27.6494	0.0434666	4.94381	7.73276	0	0	0	0	0	0	0	0	0	0	0	0	0	0	0	0
05.500,00.000	12.7	5.5	-200	0	4.5	41.5529	28.5084	0.083223	4.96175	7.9996	0	0	0	0	0	0	0	0	0	0	0	0	0	0	0	0
05.500,00.000	12.8	5.5	-200	0	4.5	42.4573	29.149	0.133579	4.97831	8.19645	0	0	0	0	0	0	0	0	0	0	0	0	0	0	0	0
05.500,00.000	12.9	5.5	-200	0	4.5	43.7285	30.0463	0.217304	5.00602	8.45885	0	0	0	0	0	0	0	0	0	0	0	0	0	0	0	0
05.500,00.000	13	5.5	-200	0	4.5	45.2174	30.9761	0.472146	5.03957	8.7296	0	0	0	0	0	0	0	0	0	0	0	0	0	0	0	0
05.500,00.000	13.1	5.5	-200	0	4.5	46.7471	31.8321	0.85528	5.07678	8.98288	0	0	0	0	0	0	0	0	0	0	0	0	0	0	0	0
05.500,00.000	13.2	5.5	-200	0	4.5	48.3296	32.7064	1.27182	5.1193	9.2321	0	0	0	0	0	0	0	0	0	0	0	0	0	0	0	0
05.500,00.000	13.3	5.5	-200	0	4.5	49.9694	33.625	1.69423	5.16836	9.48178	0	0	0	0	0	0	0	0	0	0	0	0	0	0	0	0
05.500,00.000	13.4	5.5	-200	0	4.5	51.6583	34.5784	2.12399	5.2244	9.73145	0	0	0	0	0	0	0	0	0	0	0	0	0	0	0	0
05.500,00.000	13.5	5.5	-200	0	4.5	53.682	35.7057	2.63912	5.30612	10.0311	0	0	0	0	0	0	0	0	0	0	0	0	0	0	0	0
05.500,00.000	13.6	5.5	-200	0	4.5	55.7933	36.8708	3.17558	5.40037	10.127	0.219489	0	0	0	0	0	0	0	0	0	0	0	0	0	0	0
05.500,00.000	13.7	5.5	-200	0	4.5	57.5003	37.7851	3.62652	5.48201	10.127	0.479637	0	0	0	0	0	0	0	0	0	0	0	0	0	0	0
05.500,00.000	13.8	5.5	-200	0	4.5	58.6063	38.3584	3.93588	5.53968	10.127	0.645325	0	0	0	0	0	0	0	0	0	0	0	0	0	0	0
05.500,00.000	13.9	5.5	-200	0	4.5	60.176	39.1862	4.36313	5.62645	10.1271	0.873184	0	0	0	0	0	0	0	0	0	0	0	0	0	0	0
05.500,00.000	14	5.5	-200	0	4.5	62.1455	40.2259	4.89109	5.74482	10.1283	1.15545	0	0	0	0	0	0	0	0	0	0	0	0	0	0	0
05.500,00.000	14.1	5.5	-200	0	4.5	64.0133	41.1955	5.37619	5.9012	10.1302	1.41019	0	0	0	0	0	0	0	0	0	0	0	0	0	0	0
05.500,00.000	14.2	5.5	-200	0	4.5	65.8372	42.1428	5.84643	6.05833	10.1344	1.6552	0	0	0	0	0	0	0	0	0	0	0	0	0	0	0
05.500,00.000	14.3	5.5	-200	0	4.5	67.6625	43.0718	6.32468	6.22382	10.1427	1.89949	0	0	0	0	0	0	0	0	0	0	0	0	0	0	0
05.500,00.000	14.4	5.5	-200	0	4.5	69.5469	44.0192	6.8326	6.39505	10.1571	2.14301	0	0	0	0	0	0	0	0	0	0	0	0	0	0	0
05.500,00.000	14.5	5.5	-200	0	4.5	72.2405	45.3444	7.58678	6.64271	10.1849	2.4817	0	0	0	0	0	0	0	0	0	0	0	0	0	0	0
05.500,00.000	14.6	5.5	-200	0	4.5	74.7037	46.5254	8.2856	6.87929	10.2184	2.79497	0	0	0	0	0	0	0	0	0	0	0	0	0	0	0
05.500,00.000	14.7	5.5	-200	0	4.5	76.8134	47.5264	8.88136	7.08906	10.2545	3.06208	0	0	0	0	0	0	0	0	0	0	0	0	0	0	0
05.500,00.000	14.8	5.5	-200	0	4.5	77.8899	48.0295	9.18673	7.19825	10.2765	3.19883	0	0	0	0	0	0	0	0	0	0	0	0	0	0	0
05.500,00.000	14.9	5.5	-200	0	4.5	79.6784	48.8763	9.67923	7.38191	10.3199	3.42102	0	0	0	0	0	0	0	0	0	0	0	0	0	0	0
05.500,00.000	15	5.5	-200	0	4.5	82.0079	49.9617	10.3183	7.62927	10.3842	3.71444	0	0	0	0	0	0	0	0	0	0	0	0	0	0	0
05.500,00.000	15.1	5.5	-200	0	4.5	84.0677	50.9255	10.8759	7.85196	10.4478	3.96653	0	0	0	0	0	0	0	0	0	0	0	0	0	0	0
05.500,00.000	15.2	5.5	-200	0	4.5	86.0426	51.8503	11.4016	8.07075	10.5154	4.20448	0	0	0	0	0	0	0	0	0	0	0	0	0	0	0
05.500,00.000	15.3	5.5	-200	0	4.5	88.0213	52.7677	11.9257	8.29617	10.5896	4.44219	0	0	0	0	0	0	0	0	0	0	0	0	0	0	0
05.500,00.000	15.4	5.5	-200	0	4.5	90.0037	53.6757	12.4475	8.53023	10.6708	4.6794	0	0	0	0	0	0	0	0	0	0	0	0	0	0	0
05.500,00.000	15.5	5.5	-200	0	4.5	94.2899	55.5898	13.566	9.08419	10.8596	5.19034	0	0	0	0	0	0	0	0	0	0	0	0	0	0	0
05.500,00.000	15.6	5.5	-200	0	4.5	95.9168	56.3529	14.04	9.34435	10.9448	5.23481	0	0	0	0	0	0	0	0	0	0	0	0	0	0	0
05.500,00.000	15.7	5.5	-200	0	4.5	98.1293	57.3589	14.7085	9.73638	11.0798	5.2458	0	0	0	0	0	0	0	0	0	0	0	0	0	0	0
05.500,00.000	15.8	5.5	-200	0	4.5	100.368	58.3321	14.9599	10.6028	11.2309	5.24264	0	0	0	0	0	0	0	0	0	0	0	0	0	0	0
05.500,00.000	15.9	5.5	-200	0	4.5	100.835	58.5188	15.0198	10.7889	11.2653	5.24264	0	0	0	0	0	0	0	0	0	0	0	0	0	0	0
05.500,00.000	16	5.5	-200	0	4.5	103.222	59.5486	15.2949	11.6889	11.4473	5.24264	0	0	0	0	0	0	0	0	0	0	0	0	0	0	0
05.500,00.000	16.1	5.5	-200	0	4.5	105.298	60.4559	15.5533	12.44	11.6061	5.24264	0	0	0	0	0	0	0	0	0	0	0	0	0	0	0
05.500,00.000	16.2	5.5	-200	0	4.5	107.057	61.2458	15.7485	13.0727	11.7476	5.24264	0	0	0	0	0	0	0	0	0	0	0	0	0	0	0
05.500,00.000	16.3	5.5	-200	0	4.5	108.807	62.0142	15.9389	13.713	11.8981	5.24264	0	0	0	0	0	0	0	0	0	0	0	0	0	0	0
05.500,00.000	16.4	5.5	-200	0	4.5	110.567	62.7567	16.1208	14.3897	12.0572	5.24264	0	0	0	0	0	0	0	0	0	0	0	0	0	0	0
05.500,00.000	16.5	5.5	-200	0	4.5	116.338	65.1255	16.7064	16.6445	12.6186	5.24264	0	0	0	0	0	0	0	0	0	0	0	0	0	0	0
05.500,00.000	16.6	5.5	-200	0	4.5	117.456	65.5491	16.8417	17.0892	12.7335	5.24264	0	0	0	0	0	0	0	0	0	0	0	0	0	0	0
05.500,00.000	16.7	5.5	-200	0	4.5	124.027	67.9704	17.6511	19.6806	13.4825	5.24264	0	0	0	0	0	0	0	0	0	0	0	0	0	0	0
05.500,00.000	16.8	5.5	-200	0	4.5	125.457	68.474	17.8383	20.2416	13.6606	5.24264	0	0	0	0	0	0	0	0	0	0	0	0	0	0	0
05.500,00.000	16.9	5.5	-200	0	4.5	129.071	69.6727	18.318	21.6982	14.1399	5.24264	0	0	0	0	0	0	0	0	0	0	0	0	0	0	0
05.500,00.000	17	5.5	-200	0	4.5	131.974	70.6184	18.7113	22.8527	14.5488	5.24264	0	0	0	0	0	0	0	0	0	0	0	0	0	0	0
05.500,00.000	17.1	5.5	-200	0	4.5	133.775	71.1746	18.9561	23.5849	14.8169	5.24264	0	0	0	0	0	0	0	0	0	0	0	0	0	0	0
05.500,00.000	17.2	5.5	-200	0	4.5	135.436	71.6692	19.2325	24.2119	15.0796	5.24264	0	0	0	0	0	0	0	0	0	0	0	0	0	0	0
05.500,00.000	17.3	5.5	-200	0	4.5	137.105	72.146	19.5184	24.8397	15.3584	5.24264	0	0	0	0	0	0	0	0	0	0	0	0	0	0	0
05.500,00.000	17.4	5.5	-200	0	4.5	138.797	72.6069	19.8173	25.4778	15.6526	5.24275	0	0	0	0	0	0	0	0	0	0	0	0	0	0	0
05.500,00.000	17.5	5.5	-200	0	4.5	146.21	74.5214	21.089	28.3261	17.025	5.24845	0	0	0	0	0	0	0	0	0	0	0	0	0	0	0
05.500,00.000	17.6	5.5	-200	0	4.5	147.551	74.8806	21.2981	28.8192	17.3024	5.25099	0	0	0	0	0	0	0	0	0	0	0	0	0	0	0
05.500,00.000	17.7	5.5	-200	0	4.5	156.15	76.8429	23.0307	31.6461	19.3355	5.29438	0	0	0	0	0	0	0	0	0	0	0	0	0	0	0
05.500,00.000	17.8	5.5	-200	0	4.5	157.957	77.3071	23.3917	31.9321	20.0192	5.30675	0	0	0	0	0	0	0	0	0	0	0	0	0	0	0
05.500,00.000	17.9	5.5	-200	0	4.5	162.249	78.3782	24.2837	32.7327	21.5029	5.35148	0	0	0	0	0	0	0	0	0	0	0	0	0	0	0
05.500,00.000	18	5.5	-200	0	4.5	166.085	79.4581	25.0561	33.3933	22.7801	5.39774	0	0	0	0	0	0	0	0	0	0	0	0	0	0	0
05.500,00.000	18.1	5.5	-200	0	4.5	168.314	80.0681	25.5101	33.7868	23.5172	5.43219	0	0	0	0	0	0	0	0	0	0	0	0	0	0	0
05.500,00.000	18.2	5.5	-200	0	4.5	170.312	80.5974	25.9308	34.1463	24.1692	5.46848	0	0	0	0	0	0	0	0	0	0	0	0	0	0	0
05.500,00.000	18.3	5.5	-200	0	4.5	172.38	81.1482	26.3711	34.5145	24.834	5.51179	0	0	0	0	0	0	0	0	0	0	0	0	0	0	0
05.500,00.000	18.4	5.5	-200	0	4.5	174.498	81.7035	26.8281	34.8919	25.5116	5.56254	0	0	0	0	0	0	0	0	0	0	0	0	0	0	0
05.500,00.000	18.5	5.5	-200	0	4.5	184.943	84.3505	29.1373	36.7791	28.8329	5.84338	0	0	0	0	0	0	0	0	0	0	0	0	0	0	0
05.500,00.000	18.6	5.5	-200	0	4.5	186.977	84.8611	29.5752	37.1419	29.4965	5.90204	0	0	0	0	0	0	0	0	0	0	0	0	0	0	0
05.500,00.000	18.7	5.5	-200	0	4.5	199.467	87.8978	32.3468	39.4867	33.4453	6.29082	0	0	0	0	0	0	0	0	0	0	0	0	0	0	0
05.500,00.000	18.8	5.5	-200	0	4.5	202.018	88.259	32.9397	40.0473	34.3849	6.38687	0	0	0	0	0	0	0	0	0	0	0	0	0	0	0
05.500,00.000	18.9	5.5	-200	0	4.5	207.761	88.9795	34.3494	41.377	36.4401	6.61506	0	0	0	0	0	0	0	0	0	0	0	0	0	0	0
05.500,00.000	19	5.5	-200	0	4.5	212.099	89.5458	35.3755	42.4011	37.9834	6.7927	0	0	0	0	0	0	0	0	0	0	0	0	0	0	0
05.500,00.000	19.1	5.5	-200	0	4.5	214.493	89.8373	35.9613	42.982	38.8191	6.89285	0	0	0	0	0	0	0	0	0	0	0	0	0	0	0
05.500,00.000	19.2	5.5	-200	0	4.5	216.682	90.0886	36.4912	43.5324	39.5826	6.98752	0	0	0	0	0	0	0	0	0	0	0	0	0	0	0
05.500,00.000	19.3	5.5	-200	0	4.5	218.875	90.3297	36.9872	44.1133	40.3579	7.08639	0	0	0	0	0	0	0	0	0	0	0	0	0	0	0
05.500,00.000	19.4	5.5	-200	0	4.5	221.283	90.5723	37.4659	44.7243	41.0263	7.30829	0.185755	0	0	0	0	0	0	0	0	0	0	0	0	0	0
05.500,00.000	19.5	5.5	-200	0	4.5	223.881	90.808	37.9569	45.4078	41.5877	7.69272	0.428175	0	0	0	0	0	0	0	0	0	0	0	0	0	0
05.500,00.000	19.6	5.5	-200	0	4.5	226.748	91.0489	38.4956	46.1831	42.2135	8.11456	0.692782	0	0	0	0	0	0	0	0	0	0	0	0	0	0
05.500,00.000	19.7	5.5	-200	0	4.5	228.626	91.1971	38.8407	46.7031	42.6302	8.39074	0.86395	0	0	0	0	0	0	0	0	0	0	0	0	0	0
05.500,00.000	19.8	5.5	-200	0	4.5	239.532	92.0295	40.9568	49.717	45.0397	9.95537	1.83324	0	0	0	0	0	0	0	0	0	0	0	0	0	0
05.500,00.000	19.9	5.5	-200	0	4.5	241.819	92.2283	41.3292	50.3897	45.537	10.2939	2.04061	0	0	0	0	0	0	0	0	0	0	0	0	0	0
05.500,00.000	20	5.5	-200	0	4.5	246.615	92.6356	42.2265	51.7702	46.5555	10.9757	2.45094	0	0	0	0	0	0	0	0	0	0	0	0	0	0
05.500,00.000	20.1	5.5	-200	0	4.5	251.281	93.0965	43.0527	53.1339	47.5132	11.6392	2.84571	0	0	0	0	0	0	0	0	0	0	0	0	0	0
05.500,00.000	20.2	5.5	-200	0	4.5	254.358	93.3971	43.5933	54.0345	48.1562	12.0777	3.09904	0	0	0	0	0	0	0	0	0	0	0	0	0	0
05.500,00.000	20.3	5.5	-200	0	4.5	257.217	93.6718	44.1049	54.871	48.7639	12.478	3.32789	0	0	0	0	0	0	0	0	0	0	0	0	0	0
05.500,00.000	20.4	5.5	-200	0	4.5	260.141	93.9525	44.6333	55.7278	49.3875	12.8827	3.55721	0	0	0	0	0	0	0	0	0	0	0	0	0	0
05.500,00.000	20.5	5.5	-200	0	4.5	263.089	94.2341	45.1704	56.5953	50.0131	13.2902	3.78619	0	0	0	0	0	0	0	0	0	0	0	0	0	0
05.500,00.000	20.6	5.5	-200	0	4.5	266.032	94.5177	45.7162	57.4265	50.6584	13.699	4.01457	0	0	0	0	0	0	0	0	0	0	0	0	0	0
05.500,00.000	20.7	5.5	-200	0	4.5	269.021	94.8051	46.2664	58.2713	51.3264	14.1106	4.24134	0	0	0	0	0	0	0	0	0	0	0	0	0	0
05.500,00.000	20.8	5.5	-200	0	4.5	272.079	95.0988	46.8296	59.1322	52.0214	14.5283	4.46901	0	0	0	0	0	0	0	0	0	0	0	0	0	0
05.500,00.000	20.9	5.5	-200	0	4.5	279.576	95.8226	48.1956	61.3139	53.6609	15.5559	5.02759	0	0	0	0	0	0	0	0	0	0	0	0	0	0
05.500,00.000	21	5.5	-200	0	4.5	281.247	95.9934	48.4762	61.822	54.0061	15.7958	5.15338	0	0	0	0	0	0	0	0	0	0	0	0	0	0
05.500,00.000	21.1	5.5	-200	0	4.5	286.63	96.5648	49.454	63.3832	55.1629	16.5291	5.53566	0	0	0	0	0	0	0	0	0	0	0	0	0	0
05.500,00.000	21.2	5.5	-200	0	4.5	290.714	97.0079	50.1667	64.5764	56.0509	17.0891	5.82264	0	0	0	0	0	0	0	0	0	0	0	0	0	0
05.500,00.000	21.3	5.5	-200	0	4.5	293.997	97.3769	50.7357	65.5249	56.7744	17.5358	6.04883	0	0	0	0	0	0	0	0	0	0	0	0	0	0
05.500,00.000	21.4	5.5	-200	0	4.5	300.329	98.134	51.8453	67.3186	58.1732	18.384	6.47405	0	0	0	0	0	0	0	0	0	0	0	0	0	0
05.500,00.000	21.5	5.5	-200	0	4.5	301.784	98.3202	52.0701	67.7471	58.4967	18.5755	6.57417	0	0	0	0	0	0	0	0	0	0	0	0	0	0
05.500,00.000	21.6	5.5	-200	0	4.5	316.788	100.282	54.6445	71.9145	61.8964	20.4978	7.18063	0.371667	0	0	0	0	0	0	0	0	0	0	0	0	0
05.500,00.000	21.7	5.5	-200	0	4.5	325.988	101.53	56.1909	74.5318	63.8868	21.6851	7.18063	0.982938	0	0	0	0	0	0	0	0	0	0	0	0	0
05.500,00.000	21.8	5.5	-200	0	4.5	326.718	101.635	56.3147	74.7454	64.0306	21.7809	7.18063	1.03144	0	0	0	0	0	0	0	0	0	0	0	0	0
05.500,00.000	21.9	5.5	-200	0	4.5	326.93	101.665	56.3502	74.805	64.0766	21.8078	7.18063	1.04453	0	0	0	0	0	0	0	0	0	0	0	0	0
05.500,00.000	22	5.5	-200	0	4.5	332.109	102.46	57.2117	76.2679	65.169	22.4614	7.18063	1.35783	0	0	0	0	0	0	0	0	0	0	0	0	0
05.500,00.000	22.1	5.5	-200	0	4.5	341.644	104.082	58.771	78.9231	67.1663	23.4013	7.38211	1.91818	0	0	0	0	0	0	0	0	0	0	0	0	0
05.500,00.000	22.2	5.5	-200	0	4.5	346.895	105.052	59.6068	80.3729	68.2607	23.67	7.71388	2.21847	0	0	0	0	0	0	0	0	0	0	0	0	0
05.500,00.000	22.3	5.5	-200	0	4.5	350.93	105.792	60.2535	81.474	69.1426	23.8781	7.94843	2.4413	0	0	0	0	0	0	0	0	0	0	0	0	0
05.500,00.000	22.4	5.5	-200	0	4.5	373.094	109.851	63.7086	87.3757	73.8643	24.9732	9.21187	3.60446	0.505414	0	0	0	0	0	0	0	0	0	0	0	0
05.500,00.000	22.5	5.5	-200	0	4.5	379.104	110.918	64.5179	89.0721	75.083	25.2627	9.54544	3.91146	0.793731	0	0	0	0	0	0	0	0	0	0	0	0
05.500,00.000	22.6	5.5	-200	0	4.5	388.473	112.497	65.9144	91.5387	77.1378	25.7104	10.0611	4.37934	1.23408	0	0	0	0	0	0	0	0	0	0	0	0
05.500,00.000	22.7	5.5	-200	0	4.5	412.206	116.084	69.3498	97.8654	82.5465	26.9285	11.4185	5.61357	2.39941	0	0	0	0	0	0	0	0	0	0	0	0
05.500,00.000	22.8	5.5	-200	0	4.5	416.822	116.84	69.8928	99.1214	83.6091	27.2001	11.6852	5.85049	2.62294	0	0	0	0	0	0	0	0	0	0	0	0
05.500,00.000	22.9	5.5	-200	0	4.5	470.592	125.85	76.7062	113.475	95.736	30.7226	14.7285	8.37354	5.00025	0	0	0	0	0	0	0	0	0	0	0	0
05.500,00.000	23	5.5	-200	0	4.5	481.575	127.837	77.7562	116.143	98.4215	31.534	15.4259	8.93091	5.52543	0	0	0	0	0	0	0	0	0	0	0	0
05.500,00.000	23.1	5.5	-200	0	4.5	509.883	132.93	80.8066	122.684	105.309	33.7676	17.322	9.5049	7.55832	0	0	0	0	0	0	0	0	0	0	0	0
05.500,00.000	23.2	5.5	-200	0	4.5	521.711	134.518	82.56	125.28	108.223	34.7211	17.6326	10.0726	8.70314	0	0	0	0	0	0	0	0	0	0	0	0
05.500,00.000	23.3	5.5	-200	0	4.5	526.381	135.144	83.2706	126.322	109.346	35.13	17.747	10.3055	9.11582	0	0	0	0	0	0	0	0	0	0	0	0
05.500,00.000	23.4	5.5	-200	0	4.5	542.948	137.347	85.7234	130.031	113.338	36.6516	18.2193	11.1078	10.5138	0.0159611	0	0	0	0	0	0	0	0	0	0	0
05.500,00.000	23.5	5.5	-200	0	4.5	546.348	137.788	86.1799	130.813	114.157	36.9685	18.3308	11.2801	10.5801	0.250843	0	0	0	0	0	0	0	0	0	0	0
05.500,00.000	23.6	5.5	-200	0	4.5	577.443	141.641	90.6923	137.689	121.749	39.9904	19.4417	12.8056	12.0169	1.41882	0	0	0	0	0	0	0	0	0	0	0
05.500,00.000	23.7	5.5	-200	0	4.5	589.701	143.106	92.5078	140.217	124.868	41.1483	19.9118	13.4438	12.5632	1.93571	0	0	0	0	0	0	0	0	0	0	0
05.500,00.000	23.8	5.5	-200	0	4.5	599.66	144.349	93.953	142.213	127.36	42.1575	20.3503	13.9647	12.9805	2.33109	0	0	0	0	0	0	0	0	0	0	0
05.500,00.000	23.9	5.5	-200	0	4.5	600.704	144.492	94.0999	142.401	127.628	42.2658	20.3995	14.021	13.0247	2.37294	0	0	0	0	0	0	0	0	0	0	0
05.500,00.000	24	5.5	-200	0	4.5	603.199	144.84	94.4589	142.825	128.252	42.5441	20.5313	14.1581	13.1237	2.46664	0	0	0	0	0	0	0	0	0	0	0
05.500,00.000	24.1	5.5	-200	0	4.5	621.286	147.425	96.4881	146.182	132.871	44.6319	21.523	15.1794	13.8406	3.145	0	0	0	0	0	0	0	0	0	0	0
05.500,00.000	24.2	5.5	-200	0	4.5	630.52	148.774	97.4821	147.815	135.256	45.753	22.0413	15.7122	14.201	3.48536	0	0	0	0	0	0	0	0	0	0	0
05.500,00.000	24.3	5.5	-200	0	4.5	636.135	149.578	98.0838	148.809	136.695	46.4416	22.3821	16.0456	14.4147	3.68555	0	0	0	0	0	0	0	0	0	0	0
05.500,00.000	24.4	5.5	-200	0	4.5	669.121	154.249	101.629	154.467	145.099	50.5658	24.5509	18.0709	15.6526	4.83648	0	0	0	0	0	0	0	0	0	0	0
05.500,00.000	24.5	5.5	-200	0	4.5	678.632	155.865	102.593	155.981	147.405	51.8181	25.1548	18.6514	16.0087	5.15668	0	0	0	0	0	0	0	0	0	0	0
05.500,00.000	24.6	5.5	-200	0	4.5	715.082	160.83	106.468	162.126	156.487	56.2996	27.772	21.1668	17.3951	6.53661	0	0	0	0	0	0	0	0	0	0	0
05.500,00.000	24.7	5.5	-200	0	4.5	749.628	165.814	109.951	167.9	165.077	60.5064	30.3103	22.5567	18.5573	8.95519	0	0	0	0	0	0	0	0	0	0	0
05.500,00.000	24.8	5.5	-200	0	4.5	752.878	166.272	110.253	168.433	165.891	60.9151	30.5574	22.6662	18.7119	9.17875	0	0	0	0	0	0	0	0	0	0	0
05.500,00.000	24.9	5.5	-200	0	4.5	754.344	166.501	110.392	168.66	166.242	61.0973	30.677	22.723	18.7798	9.2718	0	0	0	0	0	0	0	0	0	0	0
05.500,00.000	25	5.5	-200	0	4.5	756.022	166.754	110.551	168.922	166.645	61.3103	30.8165	22.7892	18.8571	9.37732	0	0	0	0	0	0	0	0	0	0	0
05.500,00.000	25.1	5.5	-200	0	4.5	783.186	170.858	113.288	173.327	173.134	64.8426	33.266	23.9825	20.0817	10.4066	0	0	0	0	0	0	0	0	0	0	0
05.500,00.000	25.2	5.5	-200	0	4.5	796.705	173.005	114.649	175.547	176.25	66.5981	34.4925	24.6098	20.7264	10.8267	0	0	0	0	0	0	0	0	0	0	0
05.500,00.000	25.3	5.5	-200	0	4.5	803.873	174.174	115.398	176.708	177.886	67.5051	35.1512	24.9565	21.0583	11.0354	0	0	0	0	0	0	0	0	0	0	0
05.500,00.000	25.4	5.5	-200	0	4.5	831.849	178.808	118.346	181.153	184.166	71.0084	37.7785	26.3946	22.3699	11.8238	0	0	0	0	0	0	0	0	0	0	0
05.500,00.000	25.5	5.5	-200	0	4.5	845.033	181.08	119.741	183.237	187.023	72.6371	39.0108	27.0992	23.013	12.1911	0	0	0	0	0	0	0	0	0	0	0
05.500,00.000	25.6	5.5	-200	0	4.5	846.657	181.355	119.917	183.503	187.357	72.8348	39.1662	27.192	23.0962	12.2359	0	0	0	0	0	0	0	0	0	0	0
05.500,00.000	25.7	5.5	-200	0	4.5	859.186	183.441	121.291	185.563	189.934	74.3427	40.3952	27.919	23.7355	12.564	0	0	0	0	0	0	0	0	0	0	0
05.500,00.000	25.8	5.5	-200	0	4.5	869.152	185.1	122.385	187.206	191.908	75.5485	41.3908	28.5249	24.2619	12.826	0	0	0	0	0	0	0	0	0	0	0
05.500,00.000	25.9	5.5	-200	0	4.5	871.013	185.421	122.587	187.503	192.271	75.7687	41.5788	28.642	24.3661	12.8752	0	0	0	0	0	0	0	0	0	0	0
05.500,00.000	26	5.5	-200	0	4.5	871.738	185.548	122.667	187.618	192.408	75.8554	41.6535	28.6868	24.4073	12.8932	0	0	0	0	0	0	0	0	0	0	0
05.500,00.000	26.1	5.5	-200	0	4.5	872.614	185.703	122.764	187.756	192.57	75.96	41.7452	28.7424	24.4584	12.9147	0	0	0	0	0	0	0	0	0	0	0
05.500,00.000	26.2	5.5	-200	0	4.5	873.445	185.853	122.855	187.886	192.721	76.0586	41.8331	28.7962	24.5077	12.9347	0	0	0	0	0	0	0	0	0	0	0
05.500,00.000	26.3	5.5	-200	0	4.5	874.228	185.997	122.941	188.006	192.86	76.1514	41.9173	28.8481	24.555	12.9532	0	0	0	0	0	0	0	0	0	0	0
05.500,00.000	26.4	5.5	-200	0	4.5	874.353	186.02	122.955	188.024	192.881	76.166	41.9308	28.8565	24.563	12.9562	0	0	0	0	0	0	0	0	0	0	0
05.500,00.000	26.5	5.5	-200	0	4.5	875.37	186.209	123.067	188.172	193.055	76.2864	42.0447	28.928	24.628	12.9801	0	0	0	0	0	0	0	0	0	0	0
05.500,00.000	26.6	5.5	-200	0	4.5	876.193	186.364	123.158	188.289	193.193	76.3811	42.1374	28.9876	24.6819	12.9998	0	0	0	0	0	0	0	0	0	0	0
05.500,00.000	26.7	5.5	-200	0	4.5	912.642	193.097	127.252	193.337	199.251	80.6915	46.3778	31.7331	27.0504	13.8528	0	0	0	0	0	0	0	0	0	0	0
05.500,00.000	26.8	5.5	-200	0	4.5	947.182	199.659	131.304	198.061	204.532	84.7143	50.4113	34.4644	29.3505	14.6867	0	0	0	0	0	0	0	0	0	0	0
05.500,00.000	26.9	5.5	-200	0	4.5	952.524	200.717	131.946	198.79	205.262	85.3498	51.0294	34.9072	29.7044	14.8181	0	0	0	0	0	0	0	0	0	0	0
05.500,00.000	27	5.5	-200	0	4.5	953.329	200.873	132.037	198.898	205.379	85.4448	51.1267	34.974	29.7589	14.8372	0	0	0	0	0	0	0	0	0	0	0
05.500,00.000	27.1	5.5	-200	0	4.5	954.232	201.048	132.14	199.017	205.508	85.5513	51.2375	35.0511	29.8212	14.8587	0	0	0	0	0	0	0	0	0	0	0
05.500,00.000	27.2	5.5	-200	0	4.5	955.052	201.207	132.23	199.126	205.622	85.6476	51.3395	35.1229	29.8787	14.8782	0	0	0	0	0	0	0	0	0	0	0
05.500,00.000	27.3	5.5	-200	0	4.5	955.794	201.35	132.311	199.224	205.724	85.7344	51.4333	35.1895	29.9317	14.8959	0	0	0	0	0	0	0	0	0	0	0
05.500,00.000	27.4	5.5	-200	0	4.5	955.909	201.373	132.324	199.239	205.738	85.7481	51.4476	35.2004	29.94	14.8987	0	0	0	0	0	0	0	0	0	0	0
05.500,00.000	27.5	5.5	-200	0	4.5	962.767	202.718	133.063	200.155	206.549	86.5516	52.3362	35.8804	30.4493	15.0631	0	0	0	0	0	0	0	0	0	0	0
05.500,00.000	27.6	5.5	-200	0	4.5	968.547	203.664	133.718	200.966	207.248	87.2429	53.1131	36.4813	30.9083	15.2056	0	0	0	0	0	0	0	0	0	0	0
05.500,00.000	27.7	5.5	-200	0	4.5	973.513	204.479	134.256	201.644	207.857	87.8211	53.8007	37.0142	31.3136	15.3279	0	0	0	0	0	0	0	0	0	0	0
05.500,00.000	27.8	5.5	-200	0	4.5	1016.21	211.471	138.802	207.355	213.425	92.5035	59.7516	41.6453	34.8681	16.3923	0	0	0	0	0	0	0	0	0	0	0
05.500,00.000	27.9	5.5	-200	0	4.5	1026.8	213.231	139.929	208.737	214.701	93.7238	61.1905	42.8665	35.5736	16.7846	0.0629265	0	0	0	0	0	0	0	0	0	0
05.500,00.000	28	5.5	-200	0	4.5	1027.65	213.368	140.014	208.843	214.808	93.8219	61.3116	42.9644	35.631	16.8114	0.073193	0	0	0	0	0	0	0	0	0	0
05.500,00.000	28.1	5.5	-200	0	4.5	1028.59	213.521	140.108	208.959	214.925	93.9319	61.4488	43.0764	35.6966	16.8405	0.0856945	0	0	0	0	0	0	0	0	0	0
05.500,00.000	28.2	5.5	-200	0	4.5	1029.48	213.661	140.194	209.067	215.035	94.0365	61.5804	43.1846	35.7602	16.8677	0.0979223	0	0	0	0	0	0	0	0	0	0
05.500,00.000	28.3	5.5	-200	0	4.5	1030.33	213.791	140.274	209.166	215.137	94.1367	61.7075	43.2898	35.8224	16.8935	0.109704	0	0	0	0	0	0	0	0	0	0
05.500,00.000	28.4	5.5	-200	0	4.5	1030.46	213.812	140.287	209.182	215.152	94.1529	61.7276	43.3073	35.8322	16.8968	0.112808	0	0	0	0	0	0	0	0	0	0
05.500,00.000	28.5	5.5	-200	0	4.5	1099.11	224.254	146.521	216.72	223.14	102.175	72.44	52.4657	41.2246	18.871	1.29917	0	0	0	0	0	0	0	0	0	0
05.500,00.000	28.6	5.5	-200	0	4.5	1146.49	232.262	150.804	221.731	228.469	107.202	79.5062	58.8877	45.1562	20.1811	2.28716	0	0	0	0	0	0	0	0	0	0
05.500,00.000	28.7	5.5	-200	0	4.5	1161.42	234.928	152.104	223.29	230.073	108.734	81.7341	60.9236	46.4389	20.6014	2.59431	0	0	0	0	0	0	0	0	0	0
05.500,00.000	28.8	5.5	-200	0	4.5	1169.43	236.348	152.782	224.124	230.889	109.578	82.9484	62.0349	47.1408	20.8278	2.75508	0	0	0	0	0	0	0	0	0	0
05.500,00.000	28.9	5.5	-200	0	4.5	1170.57	236.555	152.876	224.238	230.991	109.695	83.1233	62.2009	47.2468	20.861	2.7783	0	0	0	0	0	0	0	0	0	0
05.500,00.000	29	5.5	-200	0	4.5	1200.98	242.087	155.315	227.226	233.717	112.857	87.9347	66.7368	49.9733	21.7576	3.37986	0	0	0	0	0	0	0	0	0	0
05.500,00.000	29.1	5.5	-200	0	4.5	1218.14	245.29	156.804	228.905	235.092	114.525	90.6118	69.3994	51.4972	22.2877	3.72705	0	0	0	0	0	0	0	0	0	0
05.500,00.000	29.2	5.5	-200	0	4.5	1228.88	247.283	157.711	229.922	235.938	115.592	92.3056	71.0617	52.5053	22.6234	3.93334	0	0	0	0	0	0	0	0	0	0
05.500,00.000	29.3	5.5	-200	0	4.5	1239.76	249.318	158.613	230.932	236.76	116.662	94.0257	72.776	53.559	22.973	4.13851	0	0	0	0	0	0	0	0	0	0
05.500,00.000	29.4	5.5	-200	0	4.5	1273.94	255.721	161.482	234.048	239.236	119.994	99.3912	78.1364	57.0395	24.1155	4.77158	0	0	0	0	0	0	0	0	0	0
05.500,00.000	29.5	5.5	-200	0	4.5	1292.36	259.155	163.068	235.691	240.507	121.747	102.281	81.0671	58.9739	24.7599	5.11532	0	0	0	0	0	0	0	0	0	0
05.500,00.000	29.6	5.5	-200	0	4.5	1312.62	262.991	164.798	237.463	241.907	123.683	105.38	84.2523	61.1558	25.5024	5.48799	0	0	0	0	0	0	0	0	0	0
05.500,00.000	29.7	5.5	-200	0	4.5	1354.11	270.704	168.41	240.973	244.678	127.568	111.824	90.9042	65.7212	27.0851	6.24198	0	0	0	0	0	0	0	0	0	0
05.500,00.000	29.8	5.5	-200	0	4.5	1361.01	271.975	169.041	241.541	245.14	128.197	112.895	91.9927	66.4901	27.3636	6.37169	0	0	0	0	0	0	0	0	0	0
05.500,00.000	29.9	5.5	-200	0	4.5	1361.57	272.083	169.088	241.584	245.175	128.247	112.982	92.0844	66.555	27.3865	6.38138	0	0	0	0	0	0	0	0	0	0
05.500,00.000	30	5.5	-200	0	4.5	1399.86	279.608	172.411	244.591	247.439	131.541	118.793	98.3963	71.0559	29.0035	7.02487	0	0	0	0	0	0	0	0	0	0
05.500,00.000	30.1	5.5	-200	0	4.5	1420.31	283.75	174.019	246.252	248.631	133.251	121.823	101.826	73.4802	29.9106	7.37152	0	0	0	0	0	0	0	0	0	0
05.500,00.000	30.2	5.5	-200	0	4.5	1431.6	286.047	174.884	247.102	249.268	134.16	123.526	103.745	74.8674	30.4381	7.55797	0	0	0	0	0	0	0	0	0	0
05.500,00.000	30.3	5.5	-200	0	4.5	1442.95	288.376	175.74	247.915	249.895	135.045	125.236	105.708	76.3036	30.9898	7.74312	0	0	0	0	0	0	0	0	0	0
05.500,00.000	30.4	5.5	-200	0	4.5	1454.28	290.722	176.584	248.696	250.508	135.883	126.928	107.679	77.7859	31.565	7.92619	0	0	0	0	0	0	0	0	0	0
05.500,00.000	30.5	5.5	-200	0	4.5	1465.6	293.081	177.417	249.44	251.109	136.672	128.638	109.66	79.3139	31.9567	8.31434	0	0	0	0	0	0	0	0	0	0
05.500,00.000	30.6	5.5	-200	0	4.5	1492.04	298.523	179.368	251.109	252.489	138.479	132.629	114.234	83.0415	32.9221	9.24837	0	0	0	0	0	0	0	0	0	0
05.500,00.000	30.7	5.5	-200	0	4.5	1510.3	302.342	180.703	252.212	253.413	139.689	135.368	117.325	85.7213	33.6195	9.91123	0	0	0	0	0	0	0	0	0	0
05.500,00.000	30.8	5.5	-200	0	4.5	1518.86	304.124	181.326	252.707	253.837	140.247	136.639	118.783	87.0085	33.9632	10.2207	0	0	0	0	0	0	0	0	0	0
05.500,00.000	30.9	5.5	-200	0	4.5	1519.87	304.342	181.399	252.762	253.886	140.31	136.789	118.951	87.1679	34.0065	10.2572	0	0	0	0	0	0	0	0	0	0
05.500,00.000	31	5.5	-200	0	4.5	1549.8	310.842	183.5	254.331	255.278	142.02	141.107	124.052	91.9918	35.3585	10.8931	0.426623	0	0	0	0	0	0	0	0	0
05.500,00.000	31.1	5.5	-200	0	4.5	1566.98	314.553	184.793	255.201	256.078	142.948	143.51	126.845	94.9092	36.1917	11.2468	0.700113	0	0	0	0	0	0	0	0	0
05.500,00.000	31.2	5.5	-200	0	4.5	1577.63	316.839	185.596	255.719	256.56	143.52	144.929	128.648	96.7596	36.7288	11.4647	0.866098	0	0	0	0	0	0	0	0	0
05.500,00.000	31.3	5.5	-200	0	4.5	1588.3	319.134	186.403	256.206	257.032	144.076	146.338	130.442	98.6643	37.2939	11.6839	1.03084	0	0	0	0	0	0	0	0	0
05.500,00.000	31.4	5.5	-200	0	4.5	1598.97	321.424	187.205	256.669	257.493	144.616	147.729	132.239	100.616	37.883	11.9032	1.19352	0	0	0	0	0	0	0	0	0
05.500,00.000	31.5	5.5	-200	0	4.5	1609.32	323.447	188.002	257.099	257.938	145.139	149.09	134.031	102.608	38.4921	12.1222	1.35387	0	0	0	0	0	0	0	0	0
05.500,00.000	31.6	5.5	-200	0	4.5	1623.84	326.1	189.193	257.679	258.535	145.875	150.96	136.589	105.498	39.3925	12.4396	1.58307	0	0	0	0	0	0	0	0	0
05.500,00.000	31.7	5.5	-200	0	4.5	1627.91	326.875	189.517	257.831	258.697	146.076	151.447	137.289	106.342	39.6568	12.5293	1.64734	0	0	0	0	0	0	0	0	0
05.500,00.000	31.8	5.5	-200	0	4.5	1657.76	332.215	191.846	258.948	259.866	147.502	155.134	142.62	112.58	41.7452	13.1938	2.114	0	0	0	0	0	0	0	0	0
05.500,00.000	31.9	5.5	-200	0	4.5	1664.72	333.511	192.423	259.18	260.126	147.842	155.935	143.822	114.047	42.2544	13.3516	2.22371	0	0	0	0	0	0	0	0	0
05.500,00.000	32	5.5	-200	0	4.5	1678.62	336.025	193.524	259.655	260.642	148.467	157.534	146.29	117.046	43.3369	13.6648	2.43481	0	0	0	0	0	0	0	0	0
05.500,00.000	32.1	5.5	-200	0	4.5	1692.5	338.421	194.65	260.106	261.148	149.096	159.099	148.758	120.118	44.4683	13.9868	2.64775	0	0	0	0	0	0	0	0	0
05.500,00.000	32.2	5.5	-200	0	4.5	1702.65	340.203	195.472	260.422	261.51	149.542	160.207	150.526	122.424	45.3122	14.2274	2.80251	0	0	0	0	0	0	0	0	0
05.500,00.000	32.3	5.5	-200	0	4.5	1712.15	341.886	196.233	260.706	261.84	149.943	161.215	152.167	124.621	46.1332	14.4581	2.94609	0	0	0	0	0	0	0	0	0
05.500,00.000	32.4	5.5	-200	0	4.5	1721.59	343.533	197	260.973	262.158	150.33	162.186	153.795	126.848	46.9856	14.6928	3.08789	0	0	0	0	0	0	0	0	0
05.500,00.000	32.5	5.5	-200	0	4.5	1730.9	345.151	197.759	261.222	262.462	150.7	163.112	155.382	129.084	47.868	14.9319	3.22756	0	0	0	0	0	0	0	0	0
05.500,00.000	32.6	5.5	-200	0	4.5	1741.51	346.883	198.625	261.488	262.794	151.111	164.141	157.216	131.713	48.9314	15.2213	3.3911	0	0	0	0	0	0	0	0	0
05.500,00.000	32.7	5.5	-200	0	4.5	1748.02	347.969	199.154	261.642	262.994	151.361	164.733	158.333	133.325	49.6158	15.4031	3.4907	0	0	0	0	0	0	0	0	0
05.500,00.000	32.8	5.5	-200	0	4.5	1767.81	351.272	200.681	262.078	263.577	152.082	166.481	161.744	138.259	51.8603	15.9791	3.79393	0	0	0	0	0	0	0	0	0
05.500,00.000	32.9	5.5	-200	0	4.5	1772.42	352.012	201.035	262.168	263.714	152.261	166.871	162.533	139.401	52.4345	16.1197	3.8664	0	0	0	0	0	0	0	0	0
05.500,00.000	33	5.5	-200	0	4.5	1785.4	354.274	201.992	262.418	264.084	152.705	167.9	164.721	142.66	54.0687	16.5146	4.05886	0	0	0	0	0	0	0	0	0
05.500,00.000	33.1	5.5	-200	0	4.5	1796.04	356.126	202.797	262.607	264.379	153.063	168.705	166.483	145.358	55.4559	16.8497	4.21727	0	0	0	0	0	0	0	0	0
05.500,00.000	33.2	5.5	-200	0	4.5	1804.71	357.624	203.456	262.753	264.614	153.344	169.329	167.913	147.584	56.6186	17.1318	4.34515	0	0	0	0	0	0	0	0	0
05.500,00.000	33.3	5.5	-200	0	4.5	1812.88	359.089	204.075	262.874	264.827	153.595	169.881	169.239	149.686	57.7503	17.4036	4.46392	0	0	0	0	0	0	0	0	0
05.500,00.000	33.4	5.5	-200	0	4.5	1833.97	362.965	205.674	263.152	265.359	154.176	171.215	172.611	155.156	60.7663	18.1303	4.76819	0	0	0	0	0	0	0	0	0
05.500,00.000	33.5	5.5	-200	0	4.5	1846.26	365.236	206.632	263.294	265.665	154.497	171.964	174.548	158.328	62.5711	18.5745	4.94873	0	0	0	0	0	0	0	0	0
05.500,00.000	33.6	5.5	-200	0	4.5	1868.34	368.937	208.399	263.524	266.161	154.991	173.23	178.106	164.213	66.0648	19.4305	5.27996	0	0	0	0	0	0	0	0	0
05.500,00.000	33.7	5.5	-200	0	4.5	1923.74	378.527	212.922	264.007	267.237	155.942	176.241	186.891	179.601	75.2715	20.493	6.60359	0	0	0	0	0	0	0	0	0
05.500,00.000	33.8	5.5	-200	0	4.5	1932.4	380.123	213.578	264.074	267.429	156.101	176.705	188.237	182.118	76.6828	20.6081	6.74286	0	0	0	0	0	0	0	0	0
05.500,00.000	33.9	5.5	-200	0	4.5	1932.71	380.178	213.602	264.076	267.436	156.107	176.72	188.285	182.207	76.7415	20.6131	6.74766	0	0	0	0	0	0	0	0	0
05.500,00.000	34	5.5	-200	0	4.5	1972.33	387.964	216.689	264.32	268.237	156.675	178.421	194.085	193.088	84.2244	21.2966	7.3243	0	0	0	0	0	0	0	0	0
05.500,00.000	34.1	5.5	-200	0	4.5	1990.96	391.507	218.226	264.421	268.62	156.967	179.202	196.788	198.129	87.8356	21.6605	7.60224	0	0	0	0	0	0	0	0	0
05.500,00.000	34.2	5.5	-200	0	4.5	1998.13	392.967	218.811	264.455	268.758	157.086	179.478	197.759	200.024	89.2582	21.8234	7.70547	0	0	0	0	0	0	0	0	0
05.500,00.000	34.3	5.5	-200	0	4.5	2004.66	394.326	219.336	264.482	268.875	157.181	179.708	198.621	201.745	90.5751	22.0173	7.79583	0	0	0	0	0	0	0	0	0
05.500,00.000	34.4	5.5	-200	0	4.5	2012.3	395.946	219.946	264.506	269.004	157.301	179.953	199.595	203.743	92.1389	22.2626	7.89878	0	0	0	0	0	0	0	0	0
05.500,00.000	34.5	5.5	-200	0	4.5	2019.8	397.561	220.543	264.525	269.122	157.416	180.175	200.524	205.702	93.7059	22.5245	7.99776	0	0	0	0	0	0	0	0	0
05.500,00.000	34.6	5.5	-200	0	4.5	2027.95	399.118	221.21	264.54	269.232	157.519	180.393	201.536	207.934	95.5167	22.8442	8.10875	0	0	0	0	0	0	0	0	0
05.500,00.000	34.7	5.5	-200	0	4.5	2109.74	415.019	228.006	264.637	269.865	158.115	182.298	211.183	230.909	114.074	26.3785	9.25826	0	0	0	0	0	0	0	0	0
05.500,00.000	34.8	5.5	-200	0	4.5	2122.89	417.745	229.231	264.651	270.03	158.246	182.648	212.703	234.089	117.066	27.0342	9.44759	0	0	0	0	0	0	0	0	0
05.500,00.000	34.9	5.5	-200	0	4.5	2156.68	424.919	232.146	264.68	270.377	158.542	183.341	216.506	242.654	124.752	28.882	9.88521	0	0	0	0	0	0	0	0	0
05.500,00.000	35	5.5	-200	0	4.5	2167.02	427.155	233.104	264.686	270.49	158.642	183.567	217.653	245.219	126.95	29.5246	10.0269	0	0	0	0	0	0	0	0	0
05.500,00.000	35.1	5.5	-200	0	4.5	2186.69	431.3	234.802	264.695	270.694	158.888	183.897	219.647	250.181	131.476	30.8366	10.129	0.147528	0	0	0	0	0	0	0	0
05.500,00.000	35.2	5.5	-200	0	4.5	2197.82	433.73	235.761	264.7	270.804	158.974	184.062	220.75	252.953	134.028	31.6392	10.129	0.286974	0	0	0	0	0	0	0	0
05.500,00.000	35.3	5.5	-200	0	4.5	2204.58	435.243	236.32	264.701	270.853	159.028	184.149	221.389	254.602	135.637	32.1625	10.129	0.367355	0	0	0	0	0	0	0	0
05.500,00.000	35.4	5.5	-200	0	4.5	2211.49	436.773	236.882	264.703	270.908	159.099	184.225	222.004	256.286	137.304	32.7335	10.129	0.447627	0	0	0	0	0	0	0	0
05.500,00.000	35.5	5.5	-200	0	4.5	2218.76	438.347	237.467	264.704	270.953	159.148	184.294	222.64	258.07	139.099	33.3828	10.129	0.529685	0	0	0	0	0	0	0	0
05.500,00.000	35.6	5.5	-200	0	4.5	2229.41	440.323	238.339	264.704	270.99	159.212	184.36	223.511	260.798	141.952	34.4339	10.1292	0.657702	0	0	0	0	0	0	0	0
05.500,00.000	35.7	5.5	-200	0	4.5	2267.46	448.152	241.434	264.705	271.185	159.405	184.642	226.466	269.955	151.98	38.3046	10.134	1.09405	0	0	0	0	0	0	0	0
05.500,00.000	35.8	5.5	-200	0	4.5	2291.45	453.2	243.429	264.705	271.305	159.521	184.814	228.337	275.636	158.172	40.829	10.1362	1.36597	0	0	0	0	0	0	0	0
05.500,00.000	35.9	5.5	-200	0	4.5	2292.25	453.37	243.495	264.705	271.309	159.525	184.819	228.399	275.832	158.378	40.9109	10.136	1.37522	0	0	0	0	0	0	0	0
05.500,00.000	36	5.5	-200	0	4.5	2342.11	464.26	247.369	264.705	271.474	159.863	185.127	231.907	287.553	171.375	46.4499	10.1398	1.88731	0	0	0	0	0	0	0	0
05.500,00.000	36.1	5.5	-200	0	4.5	2356.96	467.694	248.559	264.705	271.521	159.945	185.226	232.951	291.014	175.202	47.9566	10.1431	2.04775	0	0	0	0	0	0	0	0
05.500,00.000	36.2	5.5	-200	0	4.5	2364.88	469.475	249.162	264.705	271.541	159.973	185.262	233.508	292.818	177.286	48.8789	10.1521	2.12333	0	0	0	0	0	0	0	0
05.500,00.000	36.3	5.5	-200	0	4.5	2377.67	472.382	250.127	264.705	271.564	160.022	185.317	234.381	295.738	180.636	50.3831	10.1722	2.24294	0	0	0	0	0	0	0	0
05.500,00.000	36.4	5.5	-200	0	4.5	2402.33	478.058	252.023	264.705	271.612	160.127	185.448	235.834	301.308	187.139	53.3726	10.2345	2.46935	0	0	0	0	0	0	0	0
05.500,00.000	36.5	5.5	-200	0	4.5	2406.46	479.015	252.363	264.705	271.62	160.138	185.461	236.099	302.295	188.17	53.8351	10.2528	2.50846	0	0	0	0	0	0	0	0
05.500,00.000	36.6	5.5	-200	0	4.5	2440.36	486.403	254.969	264.705	271.662	160.246	185.63	237.758	310.092	197.482	58.1822	10.4126	2.82121	0	0	0	0	0	0	0	0
05.500,00.000	36.7	5.5	-200	0	4.5	2468.94	492.613	257.162	264.705	271.689	160.322	185.708	239.576	316.821	204.818	61.8828	10.5677	3.07093	0	0	0	0	0	0	0	0
05.500,00.000	36.8	5.5	-200	0	4.5	2471.17	493.136	257.338	264.705	271.692	160.328	185.718	239.689	317.349	205.36	62.1768	10.5846	3.09173	0	0	0	0	0	0	0	0
05.500,00.000	36.9	5.5	-200	0	4.5	2486.92	496.682	258.463	264.705	271.707	160.375	185.784	240.35	321.002	209.439	64.4636	10.7365	3.21396	0	0	0	0	0	0	0	0
05.500,00.000	37	5.5	-200	0	4.5	2495.76	498.72	259.08	264.705	271.714	160.397	185.807	240.812	323.098	211.627	65.6594	10.8534	3.28284	0	0	0	0	0	0	0	0
05.500,00.000	37.1	5.5	-200	0	4.5	2508.77	501.615	259.949	264.705	271.72	160.421	185.834	241.515	326.046	215.032	67.5367	11.0189	3.37469	0	0	0	0	0	0	0	0
05.500,00.000	37.2	5.5	-200	0	4.5	2518.71	503.904	260.591	264.705	271.724	160.44	185.868	241.867	328.228	217.709	69.0663	11.1658	3.44357	0	0	0	0	0	0	0	0
05.500,00.000	37.3	5.5	-200	0	4.5	2528.54	506.189	261.218	264.705	271.727	160.458	185.899	242.207	330.341	220.386	70.5919	11.314	3.50749	0	0	0	0	0	0	0	0
05.500,00.000	37.4	5.5	-200	0	4.5	2555.41	512.535	262.807	264.705	271.732	160.506	185.956	243.488	335.818	227.665	74.7715	11.7518	3.67012	0	0	0	0	0	0	0	0
05.500,00.000	37.5	5.5	-200	0	4.5	2559.53	513.553	263.062	264.705	271.732	160.513	185.969	243.632	336.691	228.722	75.4073	11.8473	3.69689	0	0	0	0	0	0	0	0
05.500,00.000	37.6	5.5	-200	0	4.5	2585.21	520.124	264.546	264.705	271.736	160.552	186.018	244.601	341.44	235.863	79.4587	12.3058	3.85924	0	0	0	0	0	0	0	0
05.500,00.000	37.7	5.5	-200	0	4.5	2605.53	525.145	265.713	264.705	271.738	160.579	186.066	245.246	345.442	241.401	82.828	12.6919	3.97326	0	0	0	0	0	0	0	0
05.500,00.000	37.8	5.5	-200	0	4.5	2607.37	525.595	265.812	264.705	271.738	160.581	186.071	245.308	345.781	241.915	83.1378	12.7467	3.98345	0	0	0	0	0	0	0	0
05.500,00.000	37.9	5.5	-200	0	4.5	2607.42	525.607	265.814	264.705	271.738	160.581	186.071	245.31	345.79	241.928	83.1464	12.7479	3.98366	0	0	0	0	0	0	0	0
05.500,00.000	38	5.5	-200	0	4.5	2629.92	531.353	266.92	264.705	271.739	160.604	186.108	245.867	350.235	247.875	87.1853	13.2506	4.07624	0	0	0	0	0	0	0	0
05.500,00.000	38.1	5.5	-200	0	4.5	2646.01	535.581	267.697	264.705	271.739	160.619	186.144	246.263	353.19	252.053	90.2001	13.6839	4.13954	0	0	0	0	0	0	0	0
05.500,00.000	38.2	5.5	-200	0	4.5	2648.79	536.323	267.821	264.705	271.739	160.622	186.15	246.344	353.629	252.784	90.743	13.7834	4.15003	0	0	0	0	0	0	0	0
05.500,00.000	38.3	5.5	-200	0	4.5	2654.25	537.772	268.066	264.705	271.739	160.625	186.157	246.513	354.539	254.224	91.7985	13.9479	4.1665	0	0	0	0	0	0	0	0
05.500,00.000	38.4	5.5	-200	0	4.5	2663.59	540.393	268.463	264.705	271.739	160.63	186.172	246.71	356.119	256.633	93.6423	14.1962	4.19164	0	0	0	0	0	0	0	0
05.500,00.000	38.5	5.5	-200	0	4.5	2665.08	540.792	268.521	264.705	271.739	160.631	186.174	246.744	356.373	257.007	93.944	14.2534	4.19544	0	0	0	0	0	0	0	0
05.500,00.000	38.6	5.5	-200	0	4.5	2675.51	543.89	268.936	264.705	271.739	160.636	186.186	246.959	357.948	259.693	96.0465	14.5591	4.2159	0	0	0	0	0	0	0	0
05.500,00.000	38.7	5.5	-200	0	4.5	2679.18	544.879	269.069	264.705	271.739	160.637	186.192	247.031	358.532	260.604	96.8616	14.7038	4.22195	0	0	0	0	0	0	0	0
05.500,00.000	38.8	5.5	-200	0	4.5	2680.41	545.237	269.113	264.705	271.739	160.637	186.194	247.057	358.727	260.91	97.1226	14.7411	4.22325	0	0	0	0	0	0	0	0
05.500,00.000	38.9	5.5	-200	0	4.5	2685.69	546.765	269.285	264.705	271.739	160.638	186.2	247.153	359.525	262.221	98.3117	14.927	4.22656	0	0	0	0	0	0	0	0
05.500,00.000	39	5.5	-200	0	4.5	2688.21	547.459	269.365	264.705	271.739	160.639	186.202	247.191	359.913	262.822	98.9123	15.0377	4.22731	0	0	0	0	0	0	0	0
05.500,00.000	39.1	5.5	-200	0	4.5	2692.99	548.832	269.506	264.705	271.739	160.639	186.206	247.263	360.561	263.973	100.088	15.2507	4.22731	0	0	0	0	0	0	0	0
05.500,00.000	39.2	5.5	-200	0	4.5	2701.58	551.467	269.775	264.705	271.739	160.641	186.213	247.402	361.769	265.989	102.068	15.5872	4.22731	0	0	0	0	0	0	0	0
05.500,00.000	39.3	5.5	-200	0	4.5	2705.54	552.647	269.886	264.705	271.739	160.641	186.217	247.459	362.291	266.929	103.041	15.7556	4.22731	0	0	0	0	0	0	0	0
05.500,00.000	39.4	5.5	-200	0	4.5	2711.59	554.446	270.049	264.705	271.739	160.641	186.221	247.551	363.131	268.269	104.567	16.0408	4.22731	0	0	0	0	0	0	0	0
05.500,00.000	39.5	5.5	-200	0	4.5	2714.55	555.316	270.128	264.705	271.739	160.642	186.223	247.589	363.522	268.978	105.308	16.175	4.22731	0	0	0	0	0	0	0	0
05.500,00.000	39.6	5.5	-200	0	4.5	2717.97	556.321	270.209	264.705	271.739	160.642	186.224	247.632	363.907	269.793	106.228	16.3437	4.22731	0	0	0	0	0	0	0	0
05.500,00.000	39.7	5.5	-200	0	4.5	2721.78	557.481	270.295	264.705	271.739	160.642	186.226	247.679	364.365	270.598	107.265	16.5584	4.22731	0	0	0	0	0	0	0	0
05.500,00.000	39.8	5.5	-200	0	4.5	2725.75	558.653	270.379	264.705	271.739	160.642	186.228	247.727	364.825	271.495	108.373	16.7617	4.22731	0	0	0	0	0	0	0	0
05.500,00.000	39.9	5.5	-200	0	4.5	2729.62	559.789	270.455	264.705	271.739	160.642	186.229	247.773	365.268	272.36	109.47	16.9689	4.22731	0	0	0	0	0	0	0	0
05.500,00.000	40	5.5	-200	0	4.5	2733.48	560.965	270.528	264.705	271.739	160.642	186.23	247.823	365.715	273.135	110.563	17.2077	4.22731	0	0	0	0	0	0	0	0
05.500,00.000	40.1	5.5	-200	0	4.5	2737.2	562.116	270.595	264.705	271.739	160.642	186.231	247.868	366.124	273.836	111.651	17.4631	4.22731	0	0	0	0	0	0	0	0
05.500,00.000	40.2	5.5	-200	0	4.5	2740.89	563.253	270.655	264.705	271.739	160.642	186.232	247.905	366.486	274.581	112.762	17.7012	4.22731	0	0	0	0	0	0	0	0
05.500,00.000	40.3	5.5	-200	0	4.5	2744.53	564.352	270.708	264.705	271.739	160.642	186.232	247.941	366.836	275.301	113.899	17.9513	4.22731	0	0	0	0	0	0	0	0
05.500,00.000	40.4	5.5	-200	0	4.5	2747.54	565.281	270.749	264.705	271.739	160.642	186.232	247.969	367.119	275.86	114.835	18.1816	4.22731	0	0	0	0	0	0	0	0
05.500,00.000	40.5	5.5	-200	0	4.5	2751.9	566.573	270.804	264.705	271.739	160.642	186.233	248.01	367.512	276.703	116.258	18.4953	4.22731	0	0	0	0	0	0	0	0
05.500,00.000	40.6	5.5	-200	0	4.5	2755.15	567.585	270.854	264.705	271.739	160.642	186.233	248.04	367.804	277.267	117.287	18.7704	4.22731	0	0	0	0	0	0	0	0
05.500,00.000	40.7	5.5	-200	0	4.5	2758.25	568.511	270.907	264.705	271.739	160.642	186.233	248.067	368.061	277.841	118.312	19.0072	4.22731	0	0	0	0	0	0	0	0
05.500,00.000	40.8	5.5	-200	0	4.5	2761.69	569.512	270.962	264.705	271.739	160.642	186.233	248.094	368.343	278.445	119.473	19.3211	4.22731	0	0	0	0	0	0	0	0
05.500,00.000	40.9	5.5	-200	0	4.5	2764.97	570.467	271.014	264.705	271.739	160.642	186.233	248.119	368.614	278.995	120.57	19.6449	4.22731	0	0	0	0	0	0	0	0
05.500,00.000	41	5.5	-200	0	4.5	2768.14	571.415	271.065	264.705	271.739	160.642	186.233	248.144	368.863	279.536	121.63	19.9405	4.22731	0	0	0	0	0	0	0	0
05.500,00.000	41.1	5.5	-200	0	4.5	2771.17	572.307	271.111	264.705	271.739	160.642	186.233	248.166	369.076	280.047	122.671	20.2427	4.22731	0	0	0	0	0	0	0	0
05.500,00.000	41.2	5.5	-200	0	4.5	2774.2	573.192	271.156	264.705	271.739	160.642	186.233	248.186	369.285	280.5	123.768	20.5692	4.22731	0	0	0	0	0	0	0	0
05.500,00.000	41.3	5.5	-200	0	4.5	2777.17	574.036	271.197	264.705	271.739	160.642	186.233	248.204	369.476	280.931	124.872	20.9103	4.22731	0	0	0	0	0	0	0	0
05.500,00.000	41.4	5.5	-200	0	4.5	2780.01	574.872	271.236	264.705	271.739	160.642	186.233	248.221	369.663	281.352	125.88	21.2439	4.22731	0	0	0	0	0	0	0	0
05.500,00.000	41.5	5.5	-200	0	4.5	2782.79	575.635	271.271	264.705	271.739	160.642	186.233	248.236	369.828	281.746	126.933	21.5961	4.22731	0	0	0	0	0	0	0	0
05.500,00.000	41.6	5.5	-200	0	4.5	2785.51	576.415	271.305	264.705	271.739	160.642	186.233	248.25	369.991	282.127	127.92	21.953	4.22731	0	0	0	0	0	0	0	0
05.500,00.000	41.7	5.5	-200	0	4.5	2788.06	577.112	271.335	264.705	271.739	160.642	186.233	248.262	370.131	282.472	128.894	22.3105	4.22731	0	0	0	0	0	0	0	0
05.500,00.000	41.8	5.5	-200	0	4.5	2790.73	577.731	271.446	264.705	271.739	160.642	186.233	248.273	370.268	282.825	129.944	22.703	4.22731	0	0	0	0	0	0	0	0
05.500,00.000	41.9	5.5	-200	0	4.5	2793.3	578.337	271.578	264.705	271.739	160.642	186.233	248.283	370.4	283.166	130.915	23.0743	4.22731	0	0	0	0	0	0	0	0
05.500,00.000	42	5.5	-200	0	4.5	2795.58	578.879	271.701	264.705	271.739	160.642	186.233	248.291	370.508	283.432	131.784	23.4374	4.22731	0	0	0	0	0	0	0	0