
label	time(d)	x	depth	z	radius	total	0-10	10-20	20-30	30-40	40-50	50-60	60-70	70-80	80-90	90-100	100-110	110-120	120-130	130-140	140-150	150-160	160-170	170-180	180-190	190-200
00.000,00.000	0	0	-200	0	4.5	0	0	0	0	0	0	0	0	0	0	0	0	0	0	0	0	0	0	0	0	0
00.000,00.000	0.1	0	-200	0	4.5	0.293975	0.293975	0	0	0	0	0	0	0	0	0	0	0	0	0	0	0	0	0	0	0
00.000,00.000	0.2	0	-200	0	4.5	0.590923	0.590923	0	0	0	0	0	0	0	0	0	0	0	0	0	0	0	0	0	0	0
00.000,00.000	0.3	0	-200	0	4.5	0.890001	0.890001	0	0	0	0	0	0	0	0	0	0	0	0	0	0	0	0	0	0	0
00.000,00.000	0.4	0	-200	0	4.5	1.19141	1.19141	0	0	0	0	0	0	0	0	0	0	0	0	0	0	0	0	0	0	0
00.000,00.000	0.5	0	-200	0	4.5	1.49517	1.49517	0	0	0	0	0	0	0	0	0	0	0	0	0	0	0	0	0	0	0
00.000,00.000	0.6	0	-200	0	4.5	1.801	1.801	0	0	0	0	0	0	0	0	0	0	0	0	0	0	0	0	0	0	0
00.000,00.000	0.7	0	-200	0	4.5	2.10884	2.10884	0	0	0	0	0	0	0	0	0	0	0	0	0	0	0	0	0	0	0
00.000,00.000	0.8	0	-200	0	4.5	2.41852	2.41852	0	0	0	0	0	0	0	0	0	0	0	0	0	0	0	0	0	0	0
00.000,00.000	0.9	0	-200	0	4.5	2.72945	2.72945	0	0	0	0	0	0	0	0	0	0	0	0	0	0	0	0	0	0	0
00.000,00.000	1	0	-200	0	4.5	3.04066	3.04066	0	0	0	0	0	0	0	0	0	0	0	0	0	0	0	0	0	0	0
00.000,00.000	1.1	0	-200	0	4.5	3.35401	3.35401	0	0	0	0	0	0	0	0	0	0	0	0	0	0	0	0	0	0	0
00.000,00.000	1.2	0	-200	0	4.5	3.67132	3.67132	0	0	0	0	0	0	0	0	0	0	0	0	0	0	0	0	0	0	0
00.000,00.000	1.3	0	-200	0	4.5	3.99411	3.99411	0	0	0	0	0	0	0	0	0	0	0	0	0	0	0	0	0	0	0
00.000,00.000	1.4	0	-200	0	4.5	4.32384	4.32384	0	0	0	0	0	0	0	0	0	0	0	0	0	0	0	0	0	0	0
00.000,00.000	1.5	0	-200	0	4.5	4.66162	4.66162	0	0	0	0	0	0	0	0	0	0	0	0	0	0	0	0	0	0	0
00.000,00.000	1.6	0	-200	0	4.5	5.00735	5.00735	0	0	0	0	0	0	0	0	0	0	0	0	0	0	0	0	0	0	0
00.000,00.000	1.7	0	-200	0	4.5	5.36085	5.36085	0	0	0	0	0	0	0	0	0	0	0	0	0	0	0	0	0	0	0
00.000,00.000	1.8	0	-200	0	4.5	5.72248	5.72248	0	0	0	0	0	0	0	0	0	0	0	0	0	0	0	0	0	0	0
00.000,00.000	1.9	0	-200	0	4.5	6.11621	6.11621	0	0	0	0	0	0	0	0	0	0	0	0	0	0	0	0	0	0	0
00.000,00.000	2	0	-200	0	4.5	6.54266	6.54266	0	0	0	0	0	0	0	0	0	0	0	0	0	0	0	0	0	0	0
00.000,00.000	2.1	0	-200	0	4.5	7.01586	7.01586	0	0	0	0	0	0	0	0	0	0	0	0	0	0	0	0	0	0	0
00.000,00.000	2.2	0	-200	0	4.5	7.58595	7.58595	0	0	0	0	0	0	0	0	0	0	0	0	0	0	0	0	0	0	0
00.000,00.000	2.3	0	-200	0	4.5	8.2458	8.01489	0.230911	0	0	0	0	0	0	0	0	0	0	0	0	0	0	0	0	0	0
00.000,00.000	2.4	0	-200	0	4.5	8.9831	8.4719	0.5112	0	0	0	0	0	0	0	0	0	0	0	0	0	0	0	0	0	0
00.000,00.000	2.5	0	-200	0	4.5	9.78167	8.99039	0.791286	0	0	0	0	0	0	0	0	0	0	0	0	0	0	0	0	0	0
00.000,00.000	2.6	0	-200	0	4.5	10.6384	9.56795	1.0704	0	0	0	0	0	0	0	0	0	0	0	0	0	0	0	0	0	0
00.000,00.000	2.7	0	-200	0	4.5	11.5577	10.2089	1.34883	0	0	0	0	0	0	0	0	0	0	0	0	0	0	0	0	0	0
00.000,00.000	2.8	0	-200	0	4.5	12.5568	10.9291	1.62771	0	0	0	0	0	0	0	0	0	0	0	0	0	0	0	0	0	0
00.000,00.000	2.9	0	-200	0	4.5	13.6589	11.7488	1.91014	0	0	0	0	0	0	0	0	0	0	0	0	0	0	0	0	0	0
00.000,00.000	3	0	-200	0	4.5	14.8494	12.6517	2.19765	0	0	0	0	0	0	0	0	0	0	0	0	0	0	0	0	0	0
00.000,00.000	3.1	0	-200	0	4.5	16.0877	13.5974	2.4903	0	0	0	0	0	0	0	0	0	0	0	0	0	0	0	0	0	0
00.000,00.000	3.2	0	-200	0	4.5	17.299	14.5164	2.7826	0	0	0	0	0	0	0	0	0	0	0	0	0	0	0	0	0	0
00.000,00.000	3.3	0	-200	0	4.5	18.5016	15.4269	3.07469	0	0	0	0	0	0	0	0	0	0	0	0	0	0	0	0	0	0
00.000,00.000	3.4	0	-200	0	4.5	19.6901	16.3232	3.36688	0	0	0	0	0	0	0	0	0	0	0	0	0	0	0	0	0	0
00.000,00.000	3.5	0	-200	0	4.5	20.8515	17.1936	3.65781	0	0	0	0	0	0	0	0	0	0	0	0	0	0	0	0	0	0
00.000,00.000	3.6	0	-200	0	4.5	21.986	18.0392	3.94684	0	0	0	0	0	0	0	0	0	0	0	0	0	0	0	0	0	0
00.000,00.000	3.7	0	-200	0	4.5	23.1017	18.8672	4.23451	0	0	0	0	0	0	0	0	0	0	0	0	0	0	0	0	0	0
00.000,00.000	3.8	0	-200	0	4.5	24.2081	19.6871	4.52092	0	0	0	0	0	0	0	0	0	0	0	0	0	0	0	0	0	0
00.000,00.000	3.9	0	-200	0	4.5	25.3144	20.5085	4.80593	0	0	0	0	0	0	0	0	0	0	0	0	0	0	0	0	0	0
00.000,00.000	4	0	-200	0	4.5	26.4256	21.3348	5.09075	0	0	0	0	0	0	0	0	0	0	0	0	0	0	0	0	0	0
00.000,00.000	4.1	0	-200	0	4.5	27.538	22.1621	5.37587	0	0	0	0	0	0	0	0	0	0	0	0	0	0	0	0	0	0
00.000,00.000	4.2	0	-200	0	4.5	28.5053	22.8432	5.6621	0	0	0	0	0	0	0	0	0	0	0	0	0	0	0	0	0	0
00.000,00.000	4.3	0	-200	0	4.5	29.0795	23.1301	5.94941	0	0	0	0	0	0	0	0	0	0	0	0	0	0	0	0	0	0
00.000,00.000	4.4	0	-200	0	4.5	29.6254	23.3879	6.23747	0	0	0	0	0	0	0	0	0	0	0	0	0	0	0	0	0	0
00.000,00.000	4.5	0	-200	0	4.5	30.1604	23.6349	6.52541	0	0	0	0	0	0	0	0	0	0	0	0	0	0	0	0	0	0
00.000,00.000	4.6	0	-200	0	4.5	30.6849	23.8725	6.81241	0	0	0	0	0	0	0	0	0	0	0	0	0	0	0	0	0	0
00.000,00.000	4.7	0	-200	0	4.5	31.2016	24.1035	7.09802	0	0	0	0	0	0	0	0	0	0	0	0	0	0	0	0	0	0
00.000,00.000	4.8	0	-200	0	4.5	31.5649	24.1826	7.38229	0	0	0	0	0	0	0	0	0	0	0	0	0	0	0	0	0	0
00.000,00.000	4.9	0	-200	0	4.5	31.8657	24.2004	7.66527	0	0	0	0	0	0	0	0	0	0	0	0	0	0	0	0	0	0
00.000,00.000	5	0	-200	0	4.5	32.1635	24.2164	7.94706	0	0	0	0	0	0	0	0	0	0	0	0	0	0	0	0	0	0
00.000,00.000	5.1	0	-200	0	4.5	32.4609	24.2329	8.22797	0	0	0	0	0	0	0	0	0	0	0	0	0	0	0	0	0	0
00.000,00.000	5.2	0	-200	0	4.5	32.7618	24.2538	8.50793	0	0	0	0	0	0	0	0	0	0	0	0	0	0	0	0	0	0
00.000,00.000	5.3	0	-200	0	4.5	33.068	24.2808	8.78723	0	0	0	0	0	0	0	0	0	0	0	0	0	0	0	0	0	0
00.000,00.000	5.4	0	-200	0	4.5	33.3805	24.3143	9.06628	0	0	0	0	0	0	0	0	0	0	0	0	0	0	0	0	0	0
00.000,00.000	5.5	0	-200	0	4.5	33.6971	24.3524	9.34473	0	0	0	0	0	0	0	0	0	0	0	0	0	0	0	0	0	0
00.000,00.000	5.6	0	-200	0	4.5	34.0199	24.3966	9.62332	0	0	0	0	0	0	0	0	0	0	0	0	0	0	0	0	0	0
00.000,00.000	5.7	0	-200	0	4.5	34.3488	24.4474	9.9014	0	0	0	0	0	0	0	0	0	0	0	0	0	0	0	0	0	0
00.000,00.000	5.8	0	-200	0	4.5	34.6835	24.5041	10.0237	0.155713	0	0	0	0	0	0	0	0	0	0	0	0	0	0	0	0	0
00.000,00.000	5.9	0	-200	0	4.5	35.0249	24.5683	10.0237	0.432899	0	0	0	0	0	0	0	0	0	0	0	0	0	0	0	0	0
00.000,00.000	6	0	-200	0	4.5	35.3737	24.641	10.0237	0.709044	0	0	0	0	0	0	0	0	0	0	0	0	0	0	0	0	0
00.000,00.000	6.1	0	-200	0	4.5	35.7298	24.7217	10.0237	0.984422	0	0	0	0	0	0	0	0	0	0	0	0	0	0	0	0	0
00.000,00.000	6.2	0	-200	0	4.5	36.0939	24.8111	10.0237	1.2591	0	0	0	0	0	0	0	0	0	0	0	0	0	0	0	0	0
00.000,00.000	6.3	0	-200	0	4.5	36.4657	24.9086	10.0241	1.533	0	0	0	0	0	0	0	0	0	0	0	0	0	0	0	0	0
00.000,00.000	6.4	0	-200	0	4.5	36.8452	25.0139	10.025	1.8063	0	0	0	0	0	0	0	0	0	0	0	0	0	0	0	0	0
00.000,00.000	6.5	0	-200	0	4.5	37.2357	25.1295	10.0276	2.07858	0	0	0	0	0	0	0	0	0	0	0	0	0	0	0	0	0
00.000,00.000	6.6	0	-200	0	4.5	37.6396	25.2571	10.032	2.35052	0	0	0	0	0	0	0	0	0	0	0	0	0	0	0	0	0
00.000,00.000	6.7	0	-200	0	4.5	38.0547	25.3944	10.0389	2.62145	0	0	0	0	0	0	0	0	0	0	0	0	0	0	0	0	0
00.000,00.000	6.8	0	-200	0	4.5	38.49	25.5492	10.0486	2.89216	0	0	0	0	0	0	0	0	0	0	0	0	0	0	0	0	0
00.000,00.000	6.9	0	-200	0	4.5	38.9447	25.7216	10.0608	3.16231	0	0	0	0	0	0	0	0	0	0	0	0	0	0	0	0	0
00.000,00.000	7	0	-200	0	4.5	39.4227	25.9147	10.0763	3.43175	0	0	0	0	0	0	0	0	0	0	0	0	0	0	0	0	0
00.000,00.000	7.1	0	-200	0	4.5	39.9262	26.1299	10.0958	3.70053	0	0	0	0	0	0	0	0	0	0	0	0	0	0	0	0	0
00.000,00.000	7.2	0	-200	0	4.5	40.4573	26.3693	10.1194	3.96855	0	0	0	0	0	0	0	0	0	0	0	0	0	0	0	0	0
00.000,00.000	7.3	0	-200	0	4.5	41.0206	26.6374	10.1474	4.23592	0	0	0	0	0	0	0	0	0	0	0	0	0	0	0	0	0
00.000,00.000	7.4	0	-200	0	4.5	41.6167	26.9347	10.1794	4.5026	0	0	0	0	0	0	0	0	0	0	0	0	0	0	0	0	0
00.000,00.000	7.5	0	-200	0	4.5	42.239	27.2553	10.2157	4.76806	0	0	0	0	0	0	0	0	0	0	0	0	0	0	0	0	0
00.000,00.000	7.6	0	-200	0	4.5	42.8946	27.6046	10.2569	5.03314	0	0	0	0	0	0	0	0	0	0	0	0	0	0	0	0	0
00.000,00.000	7.7	0	-200	0	4.5	43.5806	27.9809	10.3023	5.29737	0	0	0	0	0	0	0	0	0	0	0	0	0	0	0	0	0
00.000,00.000	7.8	0	-200	0	4.5	44.3068	28.3929	10.3527	5.56116	0	0	0	0	0	0	0	0	0	0	0	0	0	0	0	0	0
00.000,00.000	7.9	0	-200	0	4.5	45.0826	28.8488	10.4093	5.82455	0	0	0	0	0	0	0	0	0	0	0	0	0	0	0	0	0
00.000,00.000	8	0	-200	0	4.5	45.9035	29.3437	10.4724	6.08736	0	0	0	0	0	0	0	0	0	0	0	0	0	0	0	0	0
00.000,00.000	8.1	0	-200	0	4.5	46.7776	29.8855	10.5425	6.3496	0	0	0	0	0	0	0	0	0	0	0	0	0	0	0	0	0
00.000,00.000	8.2	0	-200	0	4.5	47.7198	30.4884	10.6202	6.61115	0	0	0	0	0	0	0	0	0	0	0	0	0	0	0	0	0
00.000,00.000	8.3	0	-200	0	4.5	48.7354	31.1579	10.7054	6.8721	0	0	0	0	0	0	0	0	0	0	0	0	0	0	0	0	0
00.000,00.000	8.4	0	-200	0	4.5	49.8171	31.8851	10.7996	7.13246	0	0	0	0	0	0	0	0	0	0	0	0	0	0	0	0	0
00.000,00.000	8.5	0	-200	0	4.5	50.9387	32.6462	10.9007	7.39179	0	0	0	0	0	0	0	0	0	0	0	0	0	0	0	0	0
00.000,00.000	8.6	0	-200	0	4.5	52.1109	33.4495	11.0108	7.65052	0	0	0	0	0	0	0	0	0	0	0	0	0	0	0	0	0
00.000,00.000	8.7	0	-200	0	4.5	53.3305	34.2921	11.1297	7.90874	0	0	0	0	0	0	0	0	0	0	0	0	0	0	0	0	0
00.000,00.000	8.8	0	-200	0	4.5	54.6049	35.1804	11.2579	8.16661	0	0	0	0	0	0	0	0	0	0	0	0	0	0	0	0	0
00.000,00.000	8.9	0	-200	0	4.5	55.9574	36.138	11.3951	8.42425	0	0	0	0	0	0	0	0	0	0	0	0	0	0	0	0	0
00.000,00.000	9	0	-200	0	4.5	57.3934	37.1701	11.5419	8.68143	0	0	0	0	0	0	0	0	0	0	0	0	0	0	0	0	0
00.000,00.000	9.1	0	-200	0	4.5	58.9176	38.2793	11.7002	8.93812	0	0	0	0	0	0	0	0	0	0	0	0	0	0	0	0	0
00.000,00.000	9.2	0	-200	0	4.5	60.5308	39.4668	11.8696	9.19437	0	0	0	0	0	0	0	0	0	0	0	0	0	0	0	0	0
00.000,00.000	9.3	0	-200	0	4.5	62.2347	40.7333	12.0511	9.45021	0	0	0	0	0	0	0	0	0	0	0	0	0	0	0	0	0
00.000,00.000	9.4	0	-200	0	4.5	64.0207	42.0693	12.2457	9.70571	0	0	0	0	0	0	0	0	0	0	0	0	0	0	0	0	0
00.000,00.000	9.5	0	-200	0	4.5	65.853	43.4426	12.4501	9.96035	0	0	0	0	0	0	0	0	0	0	0	0	0	0	0	0	0
00.000,00.000	9.6	0	-200	0	4.5	67.7388	44.8582	12.6657	10.1609	0.0540772	0	0	0	0	0	0	0	0	0	0	0	0	0	0	0	0
00.000,00.000	9.7	0	-200	0	4.5	69.6851	46.3235	12.8922	10.1613	0.30815	0	0	0	0	0	0	0	0	0	0	0	0	0	0	0	0
00.000,00.000	9.8	0	-200	0	4.5	71.7043	47.8512	13.1292	10.1617	0.56221	0	0	0	0	0	0	0	0	0	0	0	0	0	0	0	0
00.000,00.000	9.9	0	-200	0	4.5	73.8408	49.4827	13.3795	10.1619	0.816808	0	0	0	0	0	0	0	0	0	0	0	0	0	0	0	0
00.000,00.000	10	0	-200	0	4.5	76.0972	51.2194	13.6443	10.1621	1.07141	0	0	0	0	0	0	0	0	0	0	0	0	0	0	0	0
00.000,00.000	10.1	0	-200	0	4.5	78.4734	53.0588	13.9244	10.1643	1.32591	0	0	0	0	0	0	0	0	0	0	0	0	0	0	0	0
00.000,00.000	10.2	0	-200	0	4.5	80.9638	54.9945	14.22	10.1691	1.58018	0	0	0	0	0	0	0	0	0	0	0	0	0	0	0	0
00.000,00.000	10.3	0	-200	0	4.5	83.5701	57.0286	14.5309	10.1762	1.83437	0	0	0	0	0	0	0	0	0	0	0	0	0	0	0	0
00.000,00.000	10.4	0	-200	0	4.5	86.2796	59.1474	14.8567	10.1871	2.08837	0	0	0	0	0	0	0	0	0	0	0	0	0	0	0	0
00.000,00.000	10.5	0	-200	0	4.5	89.0428	61.3041	15.194	10.2027	2.34198	0	0	0	0	0	0	0	0	0	0	0	0	0	0	0	0
00.000,00.000	10.6	0	-200	0	4.5	91.8654	63.5039	15.543	10.2229	2.59568	0	0	0	0	0	0	0	0	0	0	0	0	0	0	0	0
00.000,00.000	10.7	0	-200	0	4.5	94.7544	65.7542	15.9025	10.2484	2.84934	0	0	0	0	0	0	0	0	0	0	0	0	0	0	0	0
00.000,00.000	10.8	0	-200	0	4.5	97.7333	68.0783	16.2726	10.2794	3.10301	0	0	0	0	0	0	0	0	0	0	0	0	0	0	0	0
00.000,00.000	10.9	0	-200	0	4.5	100.857	70.53	16.6547	10.3159	3.35677	0	0	0	0	0	0	0	0	0	0	0	0	0	0	0	0
00.000,00.000	11	0	-200	0	4.5	104.126	73.1068	17.0495	10.3591	3.61059	0	0	0	0	0	0	0	0	0	0	0	0	0	0	0	0
00.000,00.000	11.1	0	-200	0	4.5	107.531	75.7996	17.4585	10.4087	3.86429	0	0	0	0	0	0	0	0	0	0	0	0	0	0	0	0
00.000,00.000	11.2	0	-200	0	4.5	111.099	78.6327	17.8838	10.4646	4.11754	0	0	0	0	0	0	0	0	0	0	0	0	0	0	0	0
00.000,00.000	11.3	0	-200	0	4.5	114.799	81.5736	18.3264	10.5282	4.37054	0	0	0	0	0	0	0	0	0	0	0	0	0	0	0	0
00.000,00.000	11.4	0	-200	0	4.5	118.624	84.6157	18.7858	10.5994	4.6235	0	0	0	0	0	0	0	0	0	0	0	0	0	0	0	0
00.000,00.000	11.5	0	-200	0	4.5	122.497	87.6859	19.2574	10.6779	4.87591	0	0	0	0	0	0	0	0	0	0	0	0	0	0	0	0
00.000,00.000	11.6	0	-200	0	4.5	126.419	90.7858	19.7405	10.7644	5.12819	0	0	0	0	0	0	0	0	0	0	0	0	0	0	0	0
00.000,00.000	11.7	0	-200	0	4.5	130.407	93.9329	20.2344	10.8587	5.38055	0	0	0	0	0	0	0	0	0	0	0	0	0	0	0	0
00.000,00.000	11.8	0	-200	0	4.5	134.506	97.1714	20.7401	10.9612	5.63313	0	0	0	0	0	0	0	0	0	0	0	0	0	0	0	0
00.000,00.000	11.9	0	-200	0	4.5	138.805	100.586	21.2607	11.0723	5.88595	0	0	0	0	0	0	0	0	0	0	0	0	0	0	0	0
00.000,00.000	12	0	-200	0	4.5	143.367	104.22	21.8078	11.1939	6.14489	0	0	0	0	0	0	0	0	0	0	0	0	0	0	0	0
00.000,00.000	12.1	0	-200	0	4.5	148.071	107.97	22.3743	11.3253	6.40185	0	0	0	0	0	0	0	0	0	0	0	0	0	0	0	0
00.000,00.000	12.2	0	-200	0	4.5	152.788	111.711	22.9527	11.4664	6.65712	0	0	0	0	0	0	0	0	0	0	0	0	0	0	0	0
00.000,00.000	12.3	0	-200	0	4.5	157.556	115.494	23.5374	11.6154	6.9088	0	0	0	0	0	0	0	0	0	0	0	0	0	0	0	0
00.000,00.000	12.4	0	-200	0	4.5	162.392	119.32	24.1368	11.7743	7.16066	0	0	0	0	0	0	0	0	0	0	0	0	0	0	0	0
00.000,00.000	12.5	0	-200	0	4.5	167.675	123.473	24.8051	11.9606	7.43649	0	0	0	0	0	0	0	0	0	0	0	0	0	0	0	0
00.000,00.000	12.6	0	-200	0	4.5	173.352	127.909	25.5352	12.1741	7.73276	0	0	0	0	0	0	0	0	0	0	0	0	0	0	0	0
00.000,00.000	12.7	0	-200	0	4.5	178.504	131.692	26.4344	12.3782	7.9996	0	0	0	0	0	0	0	0	0	0	0	0	0	0	0	0
00.000,00.000	12.8	0	-200	0	4.5	182.363	134.451	27.1792	12.5368	8.19645	0	0	0	0	0	0	0	0	0	0	0	0	0	0	0	0
00.000,00.000	12.9	0	-200	0	4.5	187.604	138.212	28.1719	12.7607	8.45885	0	0	0	0	0	0	0	0	0	0	0	0	0	0	0	0
00.000,00.000	13	0	-200	0	4.5	193.005	142.008	29.2673	12.9994	8.7296	0	0	0	0	0	0	0	0	0	0	0	0	0	0	0	0
00.000,00.000	13.1	0	-200	0	4.5	198.249	145.467	30.5608	13.2381	8.98288	0	0	0	0	0	0	0	0	0	0	0	0	0	0	0	0
00.000,00.000	13.2	0	-200	0	4.5	203.562	148.984	31.8607	13.4856	9.2321	0	0	0	0	0	0	0	0	0	0	0	0	0	0	0	0
00.000,00.000	13.3	0	-200	0	4.5	209.021	152.605	33.187	13.7472	9.48178	0	0	0	0	0	0	0	0	0	0	0	0	0	0	0	0
00.000,00.000	13.4	0	-200	0	4.5	214.588	156.297	34.5355	14.0234	9.73145	0	0	0	0	0	0	0	0	0	0	0	0	0	0	0	0
00.000,00.000	13.5	0	-200	0	4.5	221.063	160.655	36.0045	14.3718	10.0311	0	0	0	0	0	0	0	0	0	0	0	0	0	0	0	0
00.000,00.000	13.6	0	-200	0	4.5	227.571	165.117	37.3494	14.7585	10.127	0.219489	0	0	0	0	0	0	0	0	0	0	0	0	0	0	0
00.000,00.000	13.7	0	-200	0	4.5	232.932	168.761	38.4712	15.0931	10.127	0.479637	0	0	0	0	0	0	0	0	0	0	0	0	0	0	0
00.000,00.000	13.8	0	-200	0	4.5	236.358	171.08	39.1902	15.3161	10.127	0.645325	0	0	0	0	0	0	0	0	0	0	0	0	0	0	0
00.000,00.000	13.9	0	-200	0	4.5	241.184	174.356	40.1889	15.6388	10.1271	0.873184	0	0	0	0	0	0	0	0	0	0	0	0	0	0	0
00.000,00.000	14	0	-200	0	4.5	247.213	178.451	41.4271	16.0513	10.1283	1.15545	0	0	0	0	0	0	0	0	0	0	0	0	0	0	0
00.000,00.000	14.1	0	-200	0	4.5	252.803	182.251	42.5688	16.443	10.1302	1.41019	0	0	0	0	0	0	0	0	0	0	0	0	0	0	0
00.000,00.000	14.2	0	-200	0	4.5	258.195	185.891	43.6789	16.8357	10.1344	1.6552	0	0	0	0	0	0	0	0	0	0	0	0	0	0	0
00.000,00.000	14.3	0	-200	0	4.5	263.584	189.5	44.7979	17.2438	10.1427	1.89949	0	0	0	0	0	0	0	0	0	0	0	0	0	0	0
00.000,00.000	14.4	0	-200	0	4.5	268.935	193.045	45.9237	17.667	10.1571	2.14301	0	0	0	0	0	0	0	0	0	0	0	0	0	0	0
00.000,00.000	14.5	0	-200	0	4.5	276.247	197.81	47.4939	18.2761	10.1849	2.4817	0	0	0	0	0	0	0	0	0	0	0	0	0	0	0
00.000,00.000	14.6	0	-200	0	4.5	282.864	202.041	48.9503	18.8594	10.2184	2.79497	0	0	0	0	0	0	0	0	0	0	0	0	0	0	0
00.000,00.000	14.7	0	-200	0	4.5	288.494	205.611	50.1927	19.3739	10.2545	3.06208	0	0	0	0	0	0	0	0	0	0	0	0	0	0	0
00.000,00.000	14.8	0	-200	0	4.5	291.371	207.423	50.8277	19.6449	10.2765	3.19883	0	0	0	0	0	0	0	0	0	0	0	0	0	0	0
00.000,00.000	14.9	0	-200	0	4.5	296.064	210.366	51.857	20.1005	10.3199	3.42102	0	0	0	0	0	0	0	0	0	0	0	0	0	0	0
00.000,00.000	15	0	-200	0	4.5	302.21	214.21	53.192	20.7088	10.3842	3.71444	0	0	0	0	0	0	0	0	0	0	0	0	0	0	0
00.000,00.000	15.1	0	-200	0	4.5	307.613	217.589	54.3551	21.2548	10.4478	3.96653	0	0	0	0	0	0	0	0	0	0	0	0	0	0	0
00.000,00.000	15.2	0	-200	0	4.5	312.751	220.793	55.4515	21.7858	10.5154	4.20448	0	0	0	0	0	0	0	0	0	0	0	0	0	0	0
00.000,00.000	15.3	0	-200	0	4.5	317.905	223.998	56.5438	22.3315	10.5896	4.44219	0	0	0	0	0	0	0	0	0	0	0	0	0	0	0
00.000,00.000	15.4	0	-200	0	4.5	323.054	227.181	57.631	22.8918	10.6708	4.6794	0	0	0	0	0	0	0	0	0	0	0	0	0	0	0
00.000,00.000	15.5	0	-200	0	4.5	333.981	233.847	59.9538	24.1297	10.8596	5.19034	0	0	0	0	0	0	0	0	0	0	0	0	0	0	0
00.000,00.000	15.6	0	-200	0	4.5	338.577	236.623	60.9368	24.6663	10.9448	5.40667	0	0	0	0	0	0	0	0	0	0	0	0	0	0	0
00.000,00.000	15.7	0	-200	0	4.5	345.067	240.472	62.3283	25.4697	11.0798	5.71739	0	0	0	0	0	0	0	0	0	0	0	0	0	0	0
00.000,00.000	15.8	0	-200	0	4.5	351.818	244.424	63.3435	26.7765	11.2309	6.04354	0	0	0	0	0	0	0	0	0	0	0	0	0	0	0
00.000,00.000	15.9	0	-200	0	4.5	353.286	245.244	63.6021	27.0598	11.2653	6.11481	0	0	0	0	0	0	0	0	0	0	0	0	0	0	0
00.000,00.000	16	0	-200	0	4.5	360.362	249.325	64.6956	28.4406	11.4473	6.45374	0	0	0	0	0	0	0	0	0	0	0	0	0	0	0
00.000,00.000	16.1	0	-200	0	4.5	366.204	252.669	65.6031	29.5929	11.6061	6.73355	0	0	0	0	0	0	0	0	0	0	0	0	0	0	0
00.000,00.000	16.2	0	-200	0	4.5	371.084	255.384	66.4163	30.5695	11.7476	6.96644	0	0	0	0	0	0	0	0	0	0	0	0	0	0	0
00.000,00.000	16.3	0	-200	0	4.5	375.978	258.087	67.2336	31.5606	11.8981	7.19893	0	0	0	0	0	0	0	0	0	0	0	0	0	0	0
00.000,00.000	16.4	0	-200	0	4.5	380.856	260.765	68.0364	32.566	12.0572	7.43131	0	0	0	0	0	0	0	0	0	0	0	0	0	0	0
00.000,00.000	16.5	0	-200	0	4.5	396.655	269.344	70.6159	35.9314	12.6186	8.14516	0	0	0	0	0	0	0	0	0	0	0	0	0	0	0
00.000,00.000	16.6	0	-200	0	4.5	399.705	270.946	71.1269	36.6023	12.7335	8.29676	0	0	0	0	0	0	0	0	0	0	0	0	0	0	0
00.000,00.000	16.7	0	-200	0	4.5	417.488	280.171	74.0689	40.647	13.4825	9.11913	0	0	0	0	0	0	0	0	0	0	0	0	0	0	0
00.000,00.000	16.8	0	-200	0	4.5	421.669	282.343	74.758	41.5835	13.6606	9.3244	0	0	0	0	0	0	0	0	0	0	0	0	0	0	0
00.000,00.000	16.9	0	-200	0	4.5	431.559	287.275	76.4305	43.9015	14.1399	9.81152	0	0	0	0	0	0	0	0	0	0	0	0	0	0	0
00.000,00.000	17	0	-200	0	4.5	439.69	291.324	77.7955	45.8081	14.5488	9.89692	0.317079	0	0	0	0	0	0	0	0	0	0	0	0	0	0
00.000,00.000	17.1	0	-200	0	4.5	444.707	293.813	78.6254	46.9916	14.8169	9.91729	0.542743	0	0	0	0	0	0	0	0	0	0	0	0	0	0
00.000,00.000	17.2	0	-200	0	4.5	449.39	296.137	79.3886	48.0975	15.0796	9.91729	0.769945	0	0	0	0	0	0	0	0	0	0	0	0	0	0
00.000,00.000	17.3	0	-200	0	4.5	454.12	298.482	80.1504	49.2148	15.3584	9.91729	0.997098	0	0	0	0	0	0	0	0	0	0	0	0	0	0
00.000,00.000	17.4	0	-200	0	4.5	458.965	300.847	80.9726	50.3512	15.6526	9.91741	1.22452	0	0	0	0	0	0	0	0	0	0	0	0	0	0
00.000,00.000	17.5	0	-200	0	4.5	480.198	311.076	84.5846	55.4352	17.025	9.92311	2.15491	0	0	0	0	0	0	0	0	0	0	0	0	0	0
00.000,00.000	17.6	0	-200	0	4.5	484.437	313.012	85.3856	56.4575	17.3024	9.92564	2.35365	0	0	0	0	0	0	0	0	0	0	0	0	0	0
00.000,00.000	17.7	0	-200	0	4.5	507.742	323.507	89.6759	61.7957	19.386	9.96903	3.4087	0	0	0	0	0	0	0	0	0	0	0	0	0	0
00.000,00.000	17.8	0	-200	0	4.5	513.245	326.048	90.7297	62.6886	20.124	9.9814	3.67352	0	0	0	0	0	0	0	0	0	0	0	0	0	0
00.000,00.000	17.9	0	-200	0	4.5	524.56	331.206	92.8079	64.651	21.6615	10.0261	4.20685	0	0	0	0	0	0	0	0	0	0	0	0	0	0
00.000,00.000	18	0	-200	0	4.5	534.585	335.888	94.5841	66.3779	22.9994	10.0724	4.66323	0	0	0	0	0	0	0	0	0	0	0	0	0	0
00.000,00.000	18.1	0	-200	0	4.5	540.267	338.554	95.561	67.3618	23.765	10.1068	4.91845	0	0	0	0	0	0	0	0	0	0	0	0	0	0
00.000,00.000	18.2	0	-200	0	4.5	545.301	340.92	96.4276	68.2279	24.4424	10.1431	5.14002	0	0	0	0	0	0	0	0	0	0	0	0	0	0
00.000,00.000	18.3	0	-200	0	4.5	550.425	343.327	97.3107	69.1062	25.1333	10.1864	5.36138	0	0	0	0	0	0	0	0	0	0	0	0	0	0
00.000,00.000	18.4	0	-200	0	4.5	555.633	345.768	98.2081	69.9986	25.8377	10.2372	5.58312	0	0	0	0	0	0	0	0	0	0	0	0	0	0
00.000,00.000	18.5	0	-200	0	4.5	580.806	357.483	102.57	74.3719	29.2918	10.5186	6.57015	0	0	0	0	0	0	0	0	0	0	0	0	0	0
00.000,00.000	18.6	0	-200	0	4.5	585.927	359.777	103.433	75.2506	29.982	10.7022	6.78219	0	0	0	0	0	0	0	0	0	0	0	0	0	0
00.000,00.000	18.7	0	-200	0	4.5	615.193	371.964	108.443	80.5828	33.9641	12.2722	7.96648	0	0	0	0	0	0	0	0	0	0	0	0	0	0
00.000,00.000	18.8	0	-200	0	4.5	621.967	374.685	109.633	81.8551	34.847	12.3771	8.56928	0	0	0	0	0	0	0	0	0	0	0	0	0	0
00.000,00.000	18.9	0	-200	0	4.5	636.919	380.734	112.182	84.7022	36.8081	12.6462	9.84571	0	0	0	0	0	0	0	0	0	0	0	0	0	0
00.000,00.000	19	0	-200	0	4.5	648.197	384.874	114.555	86.8366	38.2752	12.8622	10.4514	0.342245	0	0	0	0	0	0	0	0	0	0	0	0	0
00.000,00.000	19.1	0	-200	0	4.5	654.315	387.082	115.887	87.987	39.0706	12.9916	10.7118	0.584652	0	0	0	0	0	0	0	0	0	0	0	0	0
00.000,00.000	19.2	0	-200	0	4.5	659.901	389.093	117.096	89.048	39.7973	13.1192	10.9451	0.801998	0	0	0	0	0	0	0	0	0	0	0	0	0
00.000,00.000	19.3	0	-200	0	4.5	665.573	391.126	118.32	90.1368	40.535	13.2581	11.1781	1.01892	0	0	0	0	0	0	0	0	0	0	0	0	0
00.000,00.000	19.4	0	-200	0	4.5	671.327	393.172	119.562	91.2544	41.1647	13.527	11.4105	1.23561	0	0	0	0	0	0	0	0	0	0	0	0	0
00.000,00.000	19.5	0	-200	0	4.5	677.374	395.289	120.856	92.462	41.6841	13.9683	11.653	1.46196	0	0	0	0	0	0	0	0	0	0	0	0	0
00.000,00.000	19.6	0	-200	0	4.5	683.988	397.561	122.273	93.8033	42.2631	14.4604	11.9176	1.70951	0	0	0	0	0	0	0	0	0	0	0	0	0
00.000,00.000	19.7	0	-200	0	4.5	688.327	399.037	123.209	94.6858	42.6489	14.7874	12.0889	1.86947	0	0	0	0	0	0	0	0	0	0	0	0	0
00.000,00.000	19.8	0	-200	0	4.5	712.641	407.028	128.525	99.7013	44.8782	16.6623	13.0653	2.78078	0	0	0	0	0	0	0	0	0	0	0	0	0
00.000,00.000	19.9	0	-200	0	4.5	717.916	408.801	129.727	100.7	45.3657	17.0715	13.275	2.97504	0	0	0	0	0	0	0	0	0	0	0	0	0
00.000,00.000	20	0	-200	0	4.5	728.844	412.551	132.105	102.834	46.3877	17.9112	13.6972	3.35833	0	0	0	0	0	0	0	0	0	0	0	0	0
00.000,00.000	20.1	0	-200	0	4.5	739.395	416.204	134.446	104.783	47.3961	18.7309	14.1063	3.72752	0	0	0	0	0	0	0	0	0	0	0	0	0
00.000,00.000	20.2	0	-200	0	4.5	746.321	418.61	135.983	106.057	48.067	19.2663	14.3727	3.96414	0	0	0	0	0	0	0	0	0	0	0	0	0
00.000,00.000	20.3	0	-200	0	4.5	752.586	420.84	137.405	107.229	48.6986	19.6187	14.6178	4.17809	0	0	0	0	0	0	0	0	0	0	0	0	0
00.000,00.000	20.4	0	-200	0	4.5	758.884	423.121	138.862	108.419	49.3543	19.8687	14.8675	4.39243	0	0	0	0	0	0	0	0	0	0	0	0	0
00.000,00.000	20.5	0	-200	0	4.5	765.259	425.41	140.342	109.62	50.0326	20.1263	15.1208	4.60657	0	0	0	0	0	0	0	0	0	0	0	0	0
00.000,00.000	20.6	0	-200	0	4.5	771.672	427.687	141.837	110.827	50.732	20.39	15.3777	4.82042	0	0	0	0	0	0	0	0	0	0	0	0	0
00.000,00.000	20.7	0	-200	0	4.5	778.187	429.984	143.375	112.039	51.4562	20.6624	15.6374	5.03276	0	0	0	0	0	0	0	0	0	0	0	0	0
00.000,00.000	20.8	0	-200	0	4.5	784.822	432.311	144.946	113.262	52.2094	20.9447	15.9035	5.24598	0	0	0	0	0	0	0	0	0	0	0	0	0
00.000,00.000	20.9	0	-200	0	4.5	801.118	437.914	148.786	116.296	54.1331	21.6513	16.5675	5.77005	0	0	0	0	0	0	0	0	0	0	0	0	0
00.000,00.000	21	0	-200	0	4.5	804.911	439.247	149.661	116.981	54.5992	21.8164	16.7189	5.8879	0	0	0	0	0	0	0	0	0	0	0	0	0
00.000,00.000	21.1	0	-200	0	4.5	816.84	443.525	152.383	119.09	56.0571	22.3459	17.1927	6.24587	0	0	0	0	0	0	0	0	0	0	0	0	0
00.000,00.000	21.2	0	-200	0	4.5	825.8	446.779	154.439	120.674	57.0864	22.7535	17.5531	6.51469	0	0	0	0	0	0	0	0	0	0	0	0	0
00.000,00.000	21.3	0	-200	0	4.5	833.056	449.415	156.113	121.932	57.9398	23.0861	17.8435	6.72637	0	0	0	0	0	0	0	0	0	0	0	0	0
00.000,00.000	21.4	0	-200	0	4.5	846.988	454.471	159.352	124.299	59.6102	23.7318	18.3996	7.12441	0	0	0	0	0	0	0	0	0	0	0	0	0
00.000,00.000	21.5	0	-200	0	4.5	850.241	455.638	160.112	124.863	59.9916	23.8859	18.5322	7.2182	0	0	0	0	0	0	0	0	0	0	0	0	0
00.000,00.000	21.6	0	-200	0	4.5	882.513	466.89	167.845	130.293	64.0697	25.4203	19.4878	8.50749	0	0	0	0	0	0	0	0	0	0	0	0	0
00.000,00.000	21.7	0	-200	0	4.5	901.488	473.33	172.118	133.597	66.6541	26.3777	19.718	9.69338	0	0	0	0	0	0	0	0	0	0	0	0	0
00.000,00.000	21.8	0	-200	0	4.5	903.058	473.9	172.45	133.855	66.869	26.4581	19.7382	9.78745	0	0	0	0	0	0	0	0	0	0	0	0	0
00.000,00.000	21.9	0	-200	0	4.5	903.505	474.066	172.542	133.928	66.9304	26.4814	19.7444	9.81283	0	0	0	0	0	0	0	0	0	0	0	0	0
00.000,00.000	22	0	-200	0	4.5	914.525	478.194	174.791	135.682	68.4656	27.0668	19.9053	10.4202	0	0	0	0	0	0	0	0	0	0	0	0	0
00.000,00.000	22.1	0	-200	0	4.5	934.51	485.568	178.954	138.845	71.2849	28.1429	20.2094	11.4994	0.00689111	0	0	0	0	0	0	0	0	0	0	0	0
00.000,00.000	22.2	0	-200	0	4.5	945.366	489.502	181.263	140.543	72.8426	28.7399	20.3877	11.7822	0.306225	0	0	0	0	0	0	0	0	0	0	0	0
00.000,00.000	22.3	0	-200	0	4.5	953.593	492.44	183.034	141.822	74.0407	29.2013	20.5345	12.0051	0.515294	0	0	0	0	0	0	0	0	0	0	0	0
00.000,00.000	22.4	0	-200	0	4.5	997.385	507.885	192.568	148.609	80.4912	31.6791	21.3772	13.1682	1.60709	0	0	0	0	0	0	0	0	0	0	0	0
00.000,00.000	22.5	0	-200	0	4.5	1008.79	511.922	195.085	150.354	82.1109	32.3315	21.6136	13.4754	1.89541	0	0	0	0	0	0	0	0	0	0	0	0
00.000,00.000	22.6	0	-200	0	4.5	1026.34	517.753	199.065	153.084	84.7476	33.3693	22.0366	13.9466	2.33576	0	0	0	0	0	0	0	0	0	0	0	0
00.000,00.000	22.7	0	-200	0	4.5	1067.95	530.326	209.2	160.127	91.3504	35.9852	23.1285	14.3322	3.50109	0	0	0	0	0	0	0	0	0	0	0	0
00.000,00.000	22.8	0	-200	0	4.5	1076.37	533.062	211.247	161.501	92.6211	36.5245	23.3479	14.3367	3.72462	0	0	0	0	0	0	0	0	0	0	0	0
00.000,00.000	22.9	0	-200	0	4.5	1170.53	561.525	234.586	177.469	106.915	43.3244	26.1555	14.4478	6.10193	0	0	0	0	0	0	0	0	0	0	0	0
00.000,00.000	23	0	-200	0	4.5	1190.47	567.142	239.689	180.944	110.025	44.9126	26.6436	14.4822	6.62711	0	0	0	0	0	0	0	0	0	0	0	0
00.000,00.000	23.1	0	-200	0	4.5	1242.48	581.708	253.044	189.518	118.103	49.0242	28.5132	14.6747	7.89206	0	0	0	0	0	0	0	0	0	0	0	0
00.000,00.000	23.2	0	-200	0	4.5	1264.74	587.679	258.957	193.108	121.672	50.7895	29.2869	14.7987	8.44752	0	0	0	0	0	0	0	0	0	0	0	0
00.000,00.000	23.3	0	-200	0	4.5	1273.41	590.062	261.237	194.485	122.995	51.4756	29.6464	14.8577	8.64781	0	0	0	0	0	0	0	0	0	0	0	0
00.000,00.000	23.4	0	-200	0	4.5	1304.29	598.583	269.318	199.346	127.66	53.9187	31.0194	15.1067	9.31822	0.0159611	0	0	0	0	0	0	0	0	0	0	0
00.000,00.000	23.5	0	-200	0	4.5	1310.69	600.334	271.043	200.358	128.653	54.368	31.2875	15.1702	9.22958	0.250843	0	0	0	0	0	0	0	0	0	0	0
00.000,00.000	23.6	0	-200	0	4.5	1367.59	615.34	286.027	209.313	137.514	58.7673	34.0506	15.835	9.32729	1.41882	0	0	0	0	0	0	0	0	0	0	0
00.000,00.000	23.7	0	-200	0	4.5	1389.56	620.639	291.95	212.928	141.013	60.4799	35.1372	16.1537	9.32762	1.93571	0	0	0	0	0	0	0	0	0	0	0
00.000,00.000	23.8	0	-200	0	4.5	1408.22	625.891	296.61	215.764	143.786	61.9507	36.0949	16.4617	9.33171	2.33109	0	0	0	0	0	0	0	0	0	0	0
00.000,00.000	23.9	0	-200	0	4.5	1410.15	626.406	297.119	216.069	144.069	62.0934	36.1898	16.4983	9.33228	2.37294	0	0	0	0	0	0	0	0	0	0	0
00.000,00.000	24	0	-200	0	4.5	1414.95	627.849	298.333	216.753	144.722	62.4582	36.4314	16.6021	9.33504	2.46664	0	0	0	0	0	0	0	0	0	0	0
00.000,00.000	24.1	0	-200	0	4.5	1450.36	638.393	307.134	221.722	149.656	65.2782	38.2809	17.3938	9.35979	3.145	0	0	0	0	0	0	0	0	0	0	0
00.000,00.000	24.2	0	-200	0	4.5	1468.11	643.793	311.48	224.215	152.045	66.6984	39.1931	17.8262	9.37661	3.48536	0	0	0	0	0	0	0	0	0	0	0
00.000,00.000	24.3	0	-200	0	4.5	1479.03	647.176	314.113	225.706	153.509	67.5623	39.7802	18.1118	9.39109	3.68555	0	0	0	0	0	0	0	0	0	0	0
00.000,00.000	24.4	0	-200	0	4.5	1543.1	667.212	329.57	234.258	162.114	72.4088	43.2958	19.9099	9.49868	4.83648	0	0	0	0	0	0	0	0	0	0	0
00.000,00.000	24.5	0	-200	0	4.5	1560.27	672.539	333.846	236.547	164.503	73.5833	44.1708	20.393	9.5341	5.15668	0	0	0	0	0	0	0	0	0	0	0
00.000,00.000	24.6	0	-200	0	4.5	1624.06	688.339	350.574	245.635	174.122	78.7451	47.9638	22.4804	9.74376	6.45393	0	0	0	0	0	0	0	0	0	0	0
00.000,00.000	24.7	0	-200	0	4.5	1687	707.431	365.643	253.978	182.868	83.5448	51.5232	24.388	9.98255	7.63707	0	0	0	0	0	0	0	0	0	0	0
00.000,00.000	24.8	0	-200	0	4.5	1692.44	708.846	367.041	254.722	183.679	84.0011	51.8424	24.5524	10.0083	7.74651	0	0	0	0	0	0	0	0	0	0	0
00.000,00.000	24.9	0	-200	0	4.5	1695.2	709.826	367.664	255.046	184.032	84.2014	51.9889	24.6299	10.0237	7.79209	0	0	0	0	0	0	0	0	0	0	0
00.000,00.000	25	0	-200	0	4.5	1698.15	710.718	368.383	255.42	184.427	84.4328	52.1597	24.7203	10.0417	7.8438	0	0	0	0	0	0	0	0	0	0	0
00.000,00.000	25.1	0	-200	0	4.5	1747.66	725.592	380.417	261.793	191	88.2838	55.1412	26.3878	10.389	8.65579	0	0	0	0	0	0	0	0	0	0	0
00.000,00.000	25.2	0	-200	0	4.5	1772.9	733.702	386.486	264.921	194.175	90.2275	56.5603	27.1917	10.5766	9.06078	0	0	0	0	0	0	0	0	0	0	0
00.000,00.000	25.3	0	-200	0	4.5	1786.29	738.078	389.705	266.55	195.824	91.2303	57.3272	27.6275	10.6854	9.26247	0	0	0	0	0	0	0	0	0	0	0
00.000,00.000	25.4	0	-200	0	4.5	1838.56	755.305	402.243	272.842	202.145	95.1881	60.3144	29.3542	11.1458	9.543	0.481877	0	0	0	0	0	0	0	0	0	0
00.000,00.000	25.5	0	-200	0	4.5	1862.16	762.804	408.088	275.666	205.055	97.0553	61.5926	30.144	11.3739	9.543	0.837893	0	0	0	0	0	0	0	0	0	0
00.000,00.000	25.6	0	-200	0	4.5	1864.98	763.65	408.807	276.013	205.412	97.2838	61.7462	30.2403	11.4043	9.543	0.881407	0	0	0	0	0	0	0	0	0	0
00.000,00.000	25.7	0	-200	0	4.5	1886.47	770.16	414.21	278.599	208.105	98.9872	63.0033	31.0052	11.6531	9.543	1.20031	0	0	0	0	0	0	0	0	0	0
00.000,00.000	25.8	0	-200	0	4.5	1903.29	775.187	418.484	280.589	210.231	100.38	63.9619	31.6018	11.8611	9.54317	1.45478	0	0	0	0	0	0	0	0	0	0
00.000,00.000	25.9	0	-200	0	4.5	1906.38	776.121	419.272	280.94	210.629	100.631	64.1284	31.7099	11.9017	9.54337	1.50239	0	0	0	0	0	0	0	0	0	0
00.000,00.000	26	0	-200	0	4.5	1907.6	776.504	419.573	281.08	210.778	100.728	64.2014	31.7549	11.9179	9.54351	1.5198	0	0	0	0	0	0	0	0	0	0
00.000,00.000	26.1	0	-200	0	4.5	1909.07	776.964	419.935	281.245	210.955	100.845	64.2901	31.8099	11.9382	9.54375	1.54043	0	0	0	0	0	0	0	0	0	0
00.000,00.000	26.2	0	-200	0	4.5	1910.46	777.407	420.277	281.399	211.119	100.955	64.3745	31.8623	11.9579	9.54403	1.55961	0	0	0	0	0	0	0	0	0	0
00.000,00.000	26.3	0	-200	0	4.5	1911.76	777.828	420.599	281.542	211.271	101.057	64.4551	31.9125	11.9769	9.54434	1.57734	0	0	0	0	0	0	0	0	0	0
00.000,00.000	26.4	0	-200	0	4.5	1911.97	777.897	420.65	281.563	211.296	101.074	64.4664	31.92	11.9801	9.54439	1.58021	0	0	0	0	0	0	0	0	0	0
00.000,00.000	26.5	0	-200	0	4.5	1913.65	778.443	421.066	281.737	211.487	101.205	64.5719	31.9871	12.0065	9.54495	1.60282	0	0	0	0	0	0	0	0	0	0
00.000,00.000	26.6	0	-200	0	4.5	1915	778.885	421.402	281.875	211.64	101.31	64.6547	32.0412	12.0286	9.54544	1.62153	0	0	0	0	0	0	0	0	0	0
00.000,00.000	26.7	0	-200	0	4.5	1974.23	797.907	436.044	287.88	218.242	105.908	68.6119	34.6044	13.03	9.57087	2.42628	0	0	0	0	0	0	0	0	0	0
00.000,00.000	26.8	0	-200	0	4.5	2029.14	815.095	449.971	293.402	224.4	110.259	72.1178	37.0702	14.0178	9.60245	3.20673	0	0	0	0	0	0	0	0	0	0
00.000,00.000	26.9	0	-200	0	4.5	2037.44	817.732	452.1	294.198	225.321	110.958	72.5671	37.4509	14.1751	9.60896	3.32819	0	0	0	0	0	0	0	0	0	0
00.000,00.000	27	0	-200	0	4.5	2038.69	818.123	452.41	294.318	225.458	111.06	72.6502	37.5112	14.1987	9.6103	3.34546	0	0	0	0	0	0	0	0	0	0
00.000,00.000	27.1	0	-200	0	4.5	2040.07	818.561	452.753	294.451	225.609	111.174	72.7429	37.5797	14.2257	9.61208	3.36464	0	0	0	0	0	0	0	0	0	0
00.000,00.000	27.2	0	-200	0	4.5	2041.32	818.959	453.059	294.572	225.743	111.276	72.8273	37.6429	14.2507	9.61393	3.38183	0	0	0	0	0	0	0	0	0	0
00.000,00.000	27.3	0	-200	0	4.5	2042.45	819.318	453.33	294.681	225.863	111.366	72.9048	37.7011	14.2737	9.61583	3.3972	0	0	0	0	0	0	0	0	0	0
00.000,00.000	27.4	0	-200	0	4.5	2042.62	819.374	453.372	294.697	225.881	111.381	72.9144	37.71	14.2774	9.61615	3.39963	0	0	0	0	0	0	0	0	0	0
00.000,00.000	27.5	0	-200	0	4.5	2052.77	822.658	455.776	295.702	226.948	112.214	73.525	38.2591	14.5132	9.63357	3.54255	0	0	0	0	0	0	0	0	0	0
00.000,00.000	27.6	0	-200	0	4.5	2061.54	825.527	457.869	296.592	227.851	112.932	74.0172	38.7131	14.7268	9.64482	3.67021	0	0	0	0	0	0	0	0	0	0
00.000,00.000	27.7	0	-200	0	4.5	2068.92	827.945	459.566	297.341	228.616	113.521	74.4574	39.1284	14.9132	9.65895	3.77528	0	0	0	0	0	0	0	0	0	0
00.000,00.000	27.8	0	-200	0	4.5	2132.63	848.558	474.034	303.791	235.136	118.373	79.0291	42.742	16.4968	9.804	4.66929	0	0	0	0	0	0	0	0	0	0
00.000,00.000	27.9	0	-200	0	4.5	2147.98	853.697	477.526	305.359	236.653	119.62	79.9876	43.4994	16.9049	9.83733	4.89303	0	0	0	0	0	0	0	0	0	0
00.000,00.000	28	0	-200	0	4.5	2149.2	854.1	477.794	305.48	236.777	119.718	80.0778	43.5685	16.9371	9.84072	4.91003	0	0	0	0	0	0	0	0	0	0
00.000,00.000	28.1	0	-200	0	4.5	2150.56	854.548	478.085	305.611	236.914	119.828	80.1785	43.6459	16.974	9.84474	4.92875	0	0	0	0	0	0	0	0	0	0
00.000,00.000	28.2	0	-200	0	4.5	2151.81	854.959	478.351	305.733	237.043	119.93	80.2744	43.7199	17.0095	9.84879	4.94611	0	0	0	0	0	0	0	0	0	0
00.000,00.000	28.3	0	-200	0	4.5	2152.99	855.345	478.596	305.845	237.163	120.027	80.3664	43.7913	17.0439	9.8529	4.96229	0	0	0	0	0	0	0	0	0	0
00.000,00.000	28.4	0	-200	0	4.5	2153.18	855.407	478.634	305.863	237.182	120.043	80.3794	43.8012	17.0497	9.85352	4.96491	0	0	0	0	0	0	0	0	0	0
00.000,00.000	28.5	0	-200	0	4.5	2247.36	885.812	497.589	315.068	246.571	127.865	88.0369	49.9168	20.0119	10.239	6.24779	0	0	0	0	0	0	0	0	0	0
00.000,00.000	28.6	0	-200	0	4.5	2310.99	906.398	510.982	321.775	252.268	132.99	92.973	53.6583	22.265	10.5213	7.15724	0	0	0	0	0	0	0	0	0	0
00.000,00.000	28.7	0	-200	0	4.5	2331	912.819	515.033	323.915	254.064	134.615	94.639	54.8724	22.98	10.6215	7.43723	0	0	0	0	0	0	0	0	0	0
00.000,00.000	28.8	0	-200	0	4.5	2341.56	916.233	517.099	325.02	254.992	135.489	95.5487	55.5665	23.3542	10.68	7.58196	0	0	0	0	0	0	0	0	0	0
00.000,00.000	28.9	0	-200	0	4.5	2343.07	916.726	517.394	325.182	255.12	135.612	95.677	55.6602	23.4114	10.6888	7.60268	0	0	0	0	0	0	0	0	0	0
00.000,00.000	29	0	-200	0	4.5	2382.83	929.925	524.941	329.201	258.331	138.941	99.1819	58.3336	24.9012	10.9481	8.13165	0	0	0	0	0	0	0	0	0	0
00.000,00.000	29.1	0	-200	0	4.5	2405.52	937.392	529.334	331.503	260.099	140.84	101.211	59.8213	25.7847	11.1039	8.43565	0	0	0	0	0	0	0	0	0	0
00.000,00.000	29.2	0	-200	0	4.5	2419.29	941.931	531.937	332.875	261.153	142.002	102.469	60.7732	26.3267	11.2074	8.58856	0.027485	0	0	0	0	0	0	0	0	0
00.000,00.000	29.3	0	-200	0	4.5	2433.06	946.52	534.477	334.267	262.182	143.169	103.7	61.7463	26.8847	11.3184	8.60481	0.19048	0	0	0	0	0	0	0	0	0
00.000,00.000	29.4	0	-200	0	4.5	2475.92	960.953	542.175	338.577	265.263	146.854	107.535	64.8258	28.6932	11.6931	8.60481	0.742803	0	0	0	0	0	0	0	0	0
00.000,00.000	29.5	0	-200	0	4.5	2498.92	968.665	546.332	340.904	266.841	148.881	109.555	66.4794	29.7047	11.9073	8.60481	1.04238	0	0	0	0	0	0	0	0	0
00.000,00.000	29.6	0	-200	0	4.5	2523.73	977.012	550.687	343.404	268.522	151.061	111.835	68.2644	30.8174	12.1587	8.60481	1.36676	0	0	0	0	0	0	0	0	0
00.000,00.000	29.7	0	-200	0	4.5	2573.34	993.316	559.373	348.429	271.84	155.503	116.46	71.8897	33.1937	12.7069	8.60481	2.02216	0	0	0	0	0	0	0	0	0
00.000,00.000	29.8	0	-200	0	4.5	2581.12	995.5	560.802	349.273	272.406	156.262	117.208	72.4917	33.6365	12.8031	8.60481	2.13487	0	0	0	0	0	0	0	0	0
00.000,00.000	29.9	0	-200	0	4.5	2581.75	995.701	560.908	349.337	272.447	156.32	117.268	72.5416	33.6714	12.8114	8.60481	2.14326	0	0	0	0	0	0	0	0	0
00.000,00.000	30	0	-200	0	4.5	2623.39	1009.1	567.351	353.709	275.121	160.109	121.316	75.9041	36.0755	13.4042	8.60501	2.70021	0	0	0	0	0	0	0	0	0
00.000,00.000	30.1	0	-200	0	4.5	2644.53	1015.85	570.404	356.126	276.453	162.13	123.423	77.6489	37.3972	13.7352	8.60585	2.74883	0	0	0	0	0	0	0	0	0
00.000,00.000	30.2	0	-200	0	4.5	2656.08	1019.54	572.116	357.407	277.156	163.2	124.573	78.63	38.1362	13.9283	8.60783	2.7789	0	0	0	0	0	0	0	0	0
00.000,00.000	30.3	0	-200	0	4.5	2667.85	1023.25	573.772	358.977	277.842	164.244	125.708	79.6203	38.8933	14.1319	8.61065	2.80106	0	0	0	0	0	0	0	0	0
00.000,00.000	30.4	0	-200	0	4.5	2679.5	1026.98	575.367	360.519	278.51	165.254	126.831	80.6143	39.6651	14.3454	8.61463	2.80106	0	0	0	0	0	0	0	0	0
00.000,00.000	30.5	0	-200	0	4.5	2691	1030.72	576.901	362.015	279.161	166.229	127.945	81.5942	40.4523	14.5682	8.62032	2.80106	0	0	0	0	0	0	0	0	0
00.000,00.000	30.6	0	-200	0	4.5	2717.24	1038.97	580.355	365.44	280.664	168.44	130.542	83.8883	42.3867	15.1171	8.63758	2.80106	0	0	0	0	0	0	0	0	0
00.000,00.000	30.7	0	-200	0	4.5	2735.47	1044.74	582.794	367.751	281.694	169.934	132.368	85.4481	43.7747	15.5139	8.65314	2.80106	0	0	0	0	0	0	0	0	0
00.000,00.000	30.8	0	-200	0	4.5	2743.88	1047.38	583.934	368.808	282.18	170.589	133.204	86.1858	44.4295	15.707	8.66257	2.80106	0	0	0	0	0	0	0	0	0
00.000,00.000	30.9	0	-200	0	4.5	2744.89	1047.71	584.068	368.929	282.237	170.664	133.302	86.2705	44.5094	15.7307	8.6639	2.80106	0	0	0	0	0	0	0	0	0
00.000,00.000	31	0	-200	0	4.5	2774.06	1057.49	587.877	372.444	283.847	172.776	136.035	88.791	46.8332	16.455	8.71186	2.80106	0	0	0	0	0	0	0	0	0
00.000,00.000	31.1	0	-200	0	4.5	2790.87	1063.17	590.114	374.486	284.756	174.004	137.561	90.2329	48.103	16.8927	8.74372	2.80106	0	0	0	0	0	0	0	0	0
00.000,00.000	31.2	0	-200	0	4.5	2801.1	1066.75	591.447	375.703	285.304	174.732	138.487	91.0306	48.9025	17.1725	8.76732	2.80106	0	0	0	0	0	0	0	0	0
00.000,00.000	31.3	0	-200	0	4.5	2811.33	1070.36	592.755	376.888	285.842	175.439	139.39	91.8841	49.7115	17.4621	8.7941	2.80106	0	0	0	0	0	0	0	0	0
00.000,00.000	31.4	0	-200	0	4.5	2821.47	1073.99	594.019	378.054	286.368	176.124	140.268	92.7372	50.5258	17.7603	8.82436	2.80106	0	0	0	0	0	0	0	0	0
00.000,00.000	31.5	0	-200	0	4.5	2831.44	1077.59	595.234	379.195	286.877	176.786	141.123	93.5604	51.3418	18.066	8.85778	2.80106	0	0	0	0	0	0	0	0	0
00.000,00.000	31.6	0	-200	0	4.5	2844.95	1082.22	596.912	380.763	287.555	177.707	142.314	94.7224	52.5241	18.5151	8.91116	2.80106	0	0	0	0	0	0	0	0	0
00.000,00.000	31.7	0	-200	0	4.5	2848.82	1083.65	597.372	381.205	287.742	177.969	142.641	95.038	52.8324	18.646	8.92726	2.80106	0	0	0	0	0	0	0	0	0
00.000,00.000	31.8	0	-200	0	4.5	2876.08	1093.23	600.688	384.263	289.07	179.75	144.988	97.3965	55.1866	19.6461	9.05948	2.80106	0	0	0	0	0	0	0	0	0
00.000,00.000	31.9	0	-200	0	4.5	2882.6	1095.66	601.426	384.976	289.359	180.18	145.551	97.9265	55.7447	19.8872	9.09248	2.80106	0	0	0	0	0	0	0	0	0
00.000,00.000	32	0	-200	0	4.5	2895.68	1100.83	602.935	386.304	289.923	180.953	146.584	98.9773	56.818	20.3838	9.16762	2.80106	0	0	0	0	0	0	0	0	0
00.000,00.000	32.1	0	-200	0	4.5	2908.76	1105.98	604.442	387.617	290.471	181.735	147.65	100.008	57.9079	20.9015	9.24896	2.80106	0	0	0	0	0	0	0	0	0
00.000,00.000	32.2	0	-200	0	4.5	2918.4	1109.91	605.541	388.549	290.859	182.295	148.412	100.718	58.7	21.2937	9.31341	2.80106	0	0	0	0	0	0	0	0	0
00.000,00.000	32.3	0	-200	0	4.5	2927.37	1113.68	606.548	389.396	291.21	182.786	149.097	101.367	59.4319	21.6759	9.37614	2.80106	0	0	0	0	0	0	0	0	0
00.000,00.000	32.4	0	-200	0	4.5	2936.25	1117.46	607.557	390.214	291.545	183.257	149.75	101.996	60.1511	22.0686	9.44339	2.80106	0	0	0	0	0	0	0	0	0
00.000,00.000	32.5	0	-200	0	4.5	2945	1121.25	608.536	391.018	291.863	183.708	150.364	102.601	60.8739	22.4707	9.51463	2.80106	0	0	0	0	0	0	0	0	0
00.000,00.000	32.6	0	-200	0	4.5	2954.36	1124.97	609.618	391.939	292.207	184.213	151.011	103.32	61.7165	22.9537	9.60468	2.80106	0	0	0	0	0	0	0	0	0
00.000,00.000	32.7	0	-200	0	4.5	2960.49	1127.7	610.273	392.488	292.413	184.522	151.384	103.753	62.2272	23.2617	9.66344	2.80106	0	0	0	0	0	0	0	0	0
00.000,00.000	32.8	0	-200	0	4.5	2978.49	1135.7	612.166	394.096	293.009	185.403	152.475	104.997	63.7122	24.2706	9.85741	2.80106	0	0	0	0	0	0	0	0	0
00.000,00.000	32.9	0	-200	0	4.5	2982.75	1137.54	612.634	394.476	293.147	185.619	152.72	105.333	64.0172	24.5558	9.90478	2.80106	0	0	0	0	0	0	0	0	0
00.000,00.000	33	0	-200	0	4.5	2995.06	1143.52	613.819	395.497	293.518	186.157	153.348	106.171	64.9048	25.2857	10.0474	2.80106	0	0	0	0	0	0	0	0	0
00.000,00.000	33.1	0	-200	0	4.5	3005.03	1148.36	614.779	396.326	293.81	186.585	153.823	106.841	65.6211	25.9141	10.1703	2.80106	0	0	0	0	0	0	0	0	0
00.000,00.000	33.2	0	-200	0	4.5	3012.78	1152.04	615.54	396.982	294.042	186.921	154.183	107.361	66.1953	26.4313	10.2778	2.80106	0	0	0	0	0	0	0	0	0
00.000,00.000	33.3	0	-200	0	4.5	3020.44	1156.02	616.227	397.577	294.249	187.219	154.498	107.821	66.7117	26.9287	10.384	2.80106	0	0	0	0	0	0	0	0	0
00.000,00.000	33.4	0	-200	0	4.5	3040.23	1166.54	617.926	399.067	294.76	187.938	155.24	109.008	68.0183	28.2514	10.6781	2.80106	0	0	0	0	0	0	0	0	0
00.000,00.000	33.5	0	-200	0	4.5	3051.86	1172.73	618.949	399.569	295.429	188.35	155.65	109.689	68.7727	29.0626	10.8625	2.80106	0	0	0	0	0	0	0	0	0
00.000,00.000	33.6	0	-200	0	4.5	3068.24	1180.13	620.627	400.326	296.147	188.962	156.316	110.896	70.2315	30.5845	11.2153	2.80106	0	0	0	0	0	0	0	0	0
00.000,00.000	33.7	0	-200	0	4.5	3113.52	1204.14	624.511	402.108	297.163	190.169	157.841	113.976	74.0593	34.568	12.1883	2.80106	0	0	0	0	0	0	0	0	0
00.000,00.000	33.8	0	-200	0	4.5	3120.3	1207.49	625.156	402.384	297.36	190.42	158.074	114.462	74.5956	35.2116	12.3514	2.80106	0	0	0	0	0	0	0	0	0
00.000,00.000	33.9	0	-200	0	4.5	3120.53	1207.59	625.178	402.394	297.367	190.428	158.082	114.478	74.6157	35.2349	12.3577	2.80106	0	0	0	0	0	0	0	0	0
00.000,00.000	34	0	-200	0	4.5	3155.41	1228.3	627.848	403.673	298.173	191.226	158.923	116.248	77.0463	37.9987	13.1756	2.80106	0	0	0	0	0	0	0	0	0
00.000,00.000	34.1	0	-200	0	4.5	3169.8	1235.56	629.128	404.307	298.559	191.69	159.306	117.14	78.4416	39.2838	13.5902	2.80106	0	0	0	0	0	0	0	0	0
00.000,00.000	34.2	0	-200	0	4.5	3175.68	1238.76	629.599	404.563	298.699	191.87	159.441	117.454	78.9522	39.7911	13.7525	2.80106	0	0	0	0	0	0	0	0	0
00.000,00.000	34.3	0	-200	0	4.5	3181.18	1241.91	630.003	404.803	298.818	192.01	159.555	117.718	79.398	40.2474	13.9105	2.80106	0	0	0	0	0	0	0	0	0
00.000,00.000	34.4	0	-200	0	4.5	3187.69	1245.74	630.455	405.09	298.949	192.185	159.679	118.003	79.906	40.7838	14.1021	2.80106	0	0	0	0	0	0	0	0	0
00.000,00.000	34.5	0	-200	0	4.5	3194.18	1249.64	630.879	405.381	299.069	192.35	159.791	118.263	80.3936	41.3149	14.2981	2.80106	0	0	0	0	0	0	0	0	0
00.000,00.000	34.6	0	-200	0	4.5	3199.65	1252.35	631.296	405.707	299.181	192.497	159.897	118.533	80.9309	41.9319	14.5231	2.80106	0	0	0	0	0	0	0	0	0
00.000,00.000	34.7	0	-200	0	4.5	3261.48	1287.48	634.608	408.833	300.233	193.343	160.776	120.993	86.7619	48.6993	16.9508	2.80289	0	0	0	0	0	0	0	0	0
00.000,00.000	34.8	0	-200	0	4.5	3271.7	1292.72	635.2	409.399	300.644	193.597	160.955	121.439	87.6307	49.9903	17.3263	2.8051	0	0	0	0	0	0	0	0	0
00.000,00.000	34.9	0	-200	0	4.5	3298.66	1307.77	636.577	411.064	301.42	194.024	161.295	122.548	89.781	52.9941	18.3615	2.82501	0	0	0	0	0	0	0	0	0
00.000,00.000	35	0	-200	0	4.5	3307.28	1312.45	637.023	411.615	301.655	194.201	161.409	122.898	90.4471	54.0665	18.6787	2.8326	0	0	0	0	0	0	0	0	0
00.000,00.000	35.1	0	-200	0	4.5	3323.3	1321.32	637.773	412.687	302.11	194.532	161.584	123.464	91.6726	55.969	19.3301	2.85738	0	0	0	0	0	0	0	0	0
00.000,00.000	35.2	0	-200	0	4.5	3332.34	1326.35	638.179	413.334	302.353	194.669	161.665	123.787	92.3627	57.0808	19.6901	2.87401	0	0	0	0	0	0	0	0	0
00.000,00.000	35.3	0	-200	0	4.5	3338	1329.62	638.419	413.753	302.486	194.741	161.708	123.971	92.7599	57.7349	19.9214	2.88668	0	0	0	0	0	0	0	0	0
00.000,00.000	35.4	0	-200	0	4.5	3343.69	1332.84	638.645	414.193	302.624	194.836	161.745	124.145	93.1556	58.4391	20.1655	2.90194	0	0	0	0	0	0	0	0	0
00.000,00.000	35.5	0	-200	0	4.5	3349.41	1335.99	638.879	414.688	302.756	194.9	161.777	124.335	93.564	59.1667	20.4306	2.9205	0	0	0	0	0	0	0	0	0
00.000,00.000	35.6	0	-200	0	4.5	3356.94	1339.91	639.12	415.29	302.932	194.985	161.806	124.583	94.2219	60.2828	20.8578	2.9534	0	0	0	0	0	0	0	0	0
00.000,00.000	35.7	0	-200	0	4.5	3385.3	1354.87	640.101	417.838	303.587	195.222	161.916	125.45	96.4383	64.3686	22.4245	3.08619	0	0	0	0	0	0	0	0	0
00.000,00.000	35.8	0	-200	0	4.5	3403.79	1364.53	640.706	419.549	304.017	195.37	161.983	126.043	97.9958	66.9749	23.4445	3.17861	0	0	0	0	0	0	0	0	0
00.000,00.000	35.9	0	-200	0	4.5	3404.44	1364.86	640.726	419.605	304.032	195.376	161.985	126.063	98.0558	67.0708	23.4795	3.18205	0	0	0	0	0	0	0	0	0
00.000,00.000	36	0	-200	0	4.5	3443.29	1385.55	641.819	423.224	304.797	195.809	162.114	127.193	101.203	72.473	25.7027	3.41181	0	0	0	0	0	0	0	0	0
00.000,00.000	36.1	0	-200	0	4.5	3455.24	1391.99	642.168	424.281	305.034	195.939	162.151	127.526	102.142	74.1211	26.4022	3.48705	0	0	0	0	0	0	0	0	0
00.000,00.000	36.2	0	-200	0	4.5	3461.39	1395.36	642.309	424.869	305.147	195.974	162.163	127.702	102.593	74.9782	26.7686	3.5311	0	0	0	0	0	0	0	0	0
00.000,00.000	36.3	0	-200	0	4.5	3471.35	1400.87	642.527	425.844	305.32	196.038	162.186	127.972	103.302	76.3636	27.3194	3.6076	0	0	0	0	0	0	0	0	0
00.000,00.000	36.4	0	-200	0	4.5	3490.61	1411.8	642.939	427.573	305.649	196.171	162.233	128.375	104.64	79.0254	28.4328	3.76928	0	0	0	0	0	0	0	0	0
00.000,00.000	36.5	0	-200	0	4.5	3493.94	1413.66	643.029	427.873	305.707	196.189	162.239	128.447	104.876	79.4943	28.6268	3.79878	0	0	0	0	0	0	0	0	0
00.000,00.000	36.6	0	-200	0	4.5	3519.55	1427.65	643.524	430.049	306.273	196.319	162.294	128.848	106.662	83.5269	30.3362	4.06539	0	0	0	0	0	0	0	0	0
00.000,00.000	36.7	0	-200	0	4.5	3541.42	1439.26	643.998	432.089	306.79	196.415	162.328	129.37	108.218	86.8791	31.7679	4.30065	0	0	0	0	0	0	0	0	0
00.000,00.000	36.8	0	-200	0	4.5	3543.29	1440.25	644.041	432.257	306.839	196.457	162.331	129.401	108.353	87.1637	31.8671	4.32168	0	0	0	0	0	0	0	0	0
00.000,00.000	36.9	0	-200	0	4.5	3555.24	1446.64	644.285	433.429	307.104	196.617	162.352	129.556	109.21	88.9544	32.6194	4.47021	0	0	0	0	0	0	0	0	0
00.000,00.000	37	0	-200	0	4.5	3562.25	1450.37	644.427	434.155	307.192	196.726	162.362	129.679	109.718	90.0359	33.0312	4.55741	0	0	0	0	0	0	0	0	0
00.000,00.000	37.1	0	-200	0	4.5	3572.08	1455.63	644.611	435.147	307.315	196.819	162.371	129.85	110.418	91.5497	33.6806	4.68837	0	0	0	0	0	0	0	0	0
00.000,00.000	37.2	0	-200	0	4.5	3579.75	1459.84	644.75	435.894	307.423	196.883	162.379	129.925	110.947	92.7216	34.1944	4.79388	0	0	0	0	0	0	0	0	0
00.000,00.000	37.3	0	-200	0	4.5	3587.28	1463.88	644.897	436.726	307.516	196.944	162.385	129.992	111.462	93.8549	34.7158	4.89883	0	0	0	0	0	0	0	0	0
00.000,00.000	37.4	0	-200	0	4.5	3607.74	1475.21	645.306	438.722	307.735	197.112	162.405	130.227	112.833	96.8805	36.147	5.16464	0	0	0	0	0	0	0	0	0
00.000,00.000	37.5	0	-200	0	4.5	3611.13	1477.08	645.376	439.085	307.761	197.142	162.409	130.247	113.083	97.3837	36.3673	5.18809	0	0	0	0	0	0	0	0	0
00.000,00.000	37.6	0	-200	0	4.5	3632.85	1489.36	645.806	441.299	307.886	197.319	162.422	130.369	114.427	100.573	37.9616	5.4305	0	0	0	0	0	0	0	0	0
00.000,00.000	37.7	0	-200	0	4.5	3649.39	1498.49	646.132	443.205	308.033	197.444	162.432	130.453	115.549	102.947	39.1141	5.58606	0	0	0	0	0	0	0	0	0
00.000,00.000	37.8	0	-200	0	4.5	3650.91	1499.32	646.172	443.37	308.041	197.455	162.434	130.459	115.651	103.195	39.2092	5.60153	0	0	0	0	0	0	0	0	0
00.000,00.000	37.9	0	-200	0	4.5	3650.94	1499.34	646.173	443.374	308.041	197.455	162.434	130.459	115.653	103.201	39.2119	5.60206	0	0	0	0	0	0	0	0	0
00.000,00.000	38	0	-200	0	4.5	3669.66	1509.32	646.52	445.601	308.21	197.56	162.922	130.532	116.865	105.827	40.47	5.83374	0	0	0	0	0	0	0	0	0
00.000,00.000	38.1	0	-200	0	4.5	3683.71	1516.65	646.786	447.182	308.387	197.633	163.637	130.575	117.713	107.767	41.3796	6.00321	0	0	0	0	0	0	0	0	0
00.000,00.000	38.2	0	-200	0	4.5	3686.24	1517.98	646.833	447.458	308.406	197.646	163.767	130.582	117.851	108.135	41.5462	6.0322	0	0	0	0	0	0	0	0	0
00.000,00.000	38.3	0	-200	0	4.5	3691.08	1520.53	646.913	448.024	308.444	197.666	164.009	130.601	118.125	108.797	41.8758	6.09567	0	0	0	0	0	0	0	0	0
00.000,00.000	38.4	0	-200	0	4.5	3699.49	1524.98	647.053	449.035	308.54	197.697	164.43	130.622	118.564	109.905	42.4494	6.20997	0	0	0	0	0	0	0	0	0
00.000,00.000	38.5	0	-200	0	4.5	3700.84	1525.69	647.079	449.198	308.552	197.702	164.5	130.623	118.641	110.092	42.5352	6.22662	0	0	0	0	0	0	0	0	0
00.000,00.000	38.6	0	-200	0	4.5	3710.89	1531.08	647.241	450.488	308.638	197.734	165.02	130.644	119.103	111.35	43.2398	6.36132	0	0	0	0	0	0	0	0	0
00.000,00.000	38.7	0	-200	0	4.5	3714.26	1532.82	647.3	450.919	308.678	197.743	165.191	130.648	119.278	111.813	43.4635	6.40892	0	0	0	0	0	0	0	0	0
00.000,00.000	38.8	0	-200	0	4.5	3715.41	1533.43	647.318	451.074	308.688	197.746	165.25	130.65	119.333	111.949	43.546	6.42682	0	0	0	0	0	0	0	0	0
00.000,00.000	38.9	0	-200	0	4.5	3720.25	1535.98	647.394	451.744	308.734	197.756	165.499	130.657	119.544	112.528	43.902	6.51058	0	0	0	0	0	0	0	0	0
00.000,00.000	39	0	-200	0	4.5	3722.56	1537.17	647.432	452.075	308.766	197.76	165.503	130.773	119.652	112.817	44.0633	6.54756	0	0	0	0	0	0	0	0	0
00.000,00.000	39.1	0	-200	0	4.5	3726.87	1539.38	647.499	452.705	308.834	197.767	165.523	130.983	119.852	113.327	44.3805	6.61988	0	0	0	0	0	0	0	0	0
00.000,00.000	39.2	0	-200	0	4.5	3734.78	1543.55	647.626	453.84	308.923	197.777	165.536	131.412	120.17	114.173	44.9977	6.77253	0	0	0	0	0	0	0	0	0
00.000,00.000	39.3	0	-200	0	4.5	3738.37	1545.42	647.685	454.375	308.965	197.78	165.537	131.613	120.307	114.569	45.2747	6.84399	0	0	0	0	0	0	0	0	0
00.000,00.000	39.4	0	-200	0	4.5	3743.74	1548.19	647.768	455.226	309.051	197.783	165.537	131.915	120.524	115.111	45.6855	6.94263	0	0	0	0	0	0	0	0	0
00.000,00.000	39.5	0	-200	0	4.5	3746.47	1549.59	647.812	455.676	309.097	197.784	165.537	132.07	120.628	115.385	45.8943	6.99622	0	0	0	0	0	0	0	0	0
00.000,00.000	39.6	0	-200	0	4.5	3749.67	1551.25	647.864	456.201	309.14	197.785	165.538	132.257	120.728	115.69	46.1494	7.06908	0	0	0	0	0	0	0	0	0
00.000,00.000	39.7	0	-200	0	4.5	3753.14	1553	647.922	456.818	309.199	197.785	165.538	132.465	120.845	116.007	46.4288	7.13602	0	0	0	0	0	0	0	0	0
00.000,00.000	39.8	0	-200	0	4.5	3756.65	1554.73	647.98	457.462	309.26	197.785	165.538	132.674	120.962	116.334	46.7077	7.22144	0	0	0	0	0	0	0	0	0
00.000,00.000	39.9	0	-200	0	4.5	3760.02	1556.37	648.036	458.092	309.311	197.785	165.538	132.88	121.076	116.629	46.9892	7.31292	0	0	0	0	0	0	0	0	0
00.000,00.000	40	0	-200	0	4.5	3763.43	1558.05	648.093	458.771	309.372	197.785	165.538	133.093	121.181	116.894	47.2704	7.38309	0	0	0	0	0	0	0	0	0
00.000,00.000	40.1	0	-200	0	4.5	3766.75	1559.67	648.148	459.45	309.438	197.785	165.538	133.303	121.286	117.14	47.5333	7.45795	0	0	0	0	0	0	0	0	0
00.000,00.000	40.2	0	-200	0	4.5	3770.08	1561.24	648.202	460.144	309.519	197.785	165.538	133.511	121.381	117.384	47.8219	7.55593	0	0	0	0	0	0	0	0	0
00.000,00.000	40.3	0	-200	0	4.5	3773.31	1562.75	648.254	460.838	309.588	197.785	165.538	133.715	121.464	117.609	48.1104	7.65951	0	0	0	0	0	0	0	0	0
00.000,00.000	40.4	0	-200	0	4.5	3775.96	1563.99	648.296	461.444	309.66	197.785	165.538	133.888	121.537	117.775	48.3316	7.71966	0	0	0	0	0	0	0	0	0
00.000,00.000	40.5	0	-200	0	4.5	3779.82	1565.76	648.356	462.295	309.767	197.785	165.538	134.14	121.637	118.023	48.671	7.85042	0	0	0	0	0	0	0	0	0
00.000,00.000	40.6	0	-200	0	4.5	3782.74	1567.12	648.401	462.989	309.859	197.785	165.538	134.339	121.71	118.182	48.9051	7.9127	0	0	0	0	0	0	0	0	0
00.000,00.000	40.7	0	-200	0	4.5	3785.6	1568.36	648.442	463.658	309.943	197.785	165.538	134.52	121.775	118.344	49.2176	8.01323	0	0	0	0	0	0	0	0	0
00.000,00.000	40.8	0	-200	0	4.5	3788.76	1569.69	648.486	464.399	310.043	197.785	165.538	134.72	121.849	118.5	49.6737	8.0808	0	0	0	0	0	0	0	0	0
00.000,00.000	40.9	0	-200	0	4.5	3791.81	1570.95	648.527	465.121	310.133	197.785	165.538	134.918	121.916	118.636	50.1237	8.16078	0	0	0	0	0	0	0	0	0
00.000,00.000	41	0	-200	0	4.5	3794.82	1572.13	648.568	465.843	310.217	197.785	165.538	135.116	121.975	118.777	50.5913	8.27511	0	0	0	0	0	0	0	0	0
00.000,00.000	41.1	0	-200	0	4.5	3797.57	1573.13	648.607	466.529	310.314	197.785	165.538	135.31	122.031	118.906	51.0309	8.38879	0	0	0	0	0	0	0	0	0
00.000,00.000	41.2	0	-200	0	4.5	3800.23	1574.1	648.645	467.231	310.42	197.785	165.538	135.509	122.088	119.015	51.4365	8.46076	0	0	0	0	0	0	0	0	0
00.000,00.000	41.3	0	-200	0	4.5	3802.8	1575.01	648.681	467.913	310.525	197.785	165.538	135.704	122.142	119.117	51.8413	8.5433	0	0	0	0	0	0	0	0	0
00.000,00.000	41.4	0	-200	0	4.5	3805.4	1575.89	648.716	468.603	310.637	197.785	165.538	135.899	122.192	119.214	52.258	8.66	0	0	0	0	0	0	0	0	0
00.000,00.000	41.5	0	-200	0	4.5	3807.74	1576.71	648.749	469.229	310.746	197.785	165.538	136.085	122.239	119.305	52.6233	8.734	0	0	0	0	0	0	0	0	0
00.000,00.000	41.6	0	-200	0	4.5	3810.21	1577.52	648.783	469.885	310.881	197.785	165.538	136.285	122.285	119.386	53.0295	8.83613	0	0	0	0	0	0	0	0	0
00.000,00.000	41.7	0	-200	0	4.5	3812.4	1578.23	648.813	470.489	311.016	197.785	165.538	136.468	122.325	119.461	53.373	8.90217	0	0	0	0	0	0	0	0	0
00.000,00.000	41.8	0	-200	0	4.5	3814.56	1578.85	648.932	471.087	311.136	197.785	165.538	136.654	122.365	119.535	53.7145	8.97202	0	0	0	0	0	0	0	0	0
00.000,00.000	41.9	0	-200	0	4.5	3816.82	1579.43	649.08	471.704	311.269	197.785	165.538	136.85	122.404	119.601	54.0929	9.07386	0	0	0	0	0	0	0	0	0
00.000,00.000	42	0	-200	0	4.5	3818.86	1579.94	649.217	472.257	311.39	197.785	165.538	137.033	122.435	119.656	54.4455	9.17108	0	0	0	0	0	0	0	0	0