
label	time(d)	x	depth	z	radius	total	0-10	10-20	20-30	30-40	40-50	50-60	60-70	70-80	80-90	90-100	100-110	110-120	120-130	130-140	140-150	150-160	160-170	170-180	180-190	190-200
00.000,00.000	0	0	-200	0	4.5	0	0	0	0	0	0	0	0	0	0	0	0	0	0	0	0	0	0	0	0	0
00.000,00.000	0.1	0	-200	0	4.5	0.293975	0.293975	0	0	0	0	0	0	0	0	0	0	0	0	0	0	0	0	0	0	0
00.000,00.000	0.2	0	-200	0	4.5	0.590923	0.590923	0	0	0	0	0	0	0	0	0	0	0	0	0	0	0	0	0	0	0
00.000,00.000	0.3	0	-200	0	4.5	0.890001	0.890001	0	0	0	0	0	0	0	0	0	0	0	0	0	0	0	0	0	0	0
00.000,00.000	0.4	0	-200	0	4.5	1.19141	1.19141	0	0	0	0	0	0	0	0	0	0	0	0	0	0	0	0	0	0	0
00.000,00.000	0.5	0	-200	0	4.5	1.49517	1.49517	0	0	0	0	0	0	0	0	0	0	0	0	0	0	0	0	0	0	0
00.000,00.000	0.6	0	-200	0	4.5	1.801	1.801	0	0	0	0	0	0	0	0	0	0	0	0	0	0	0	0	0	0	0
00.000,00.000	0.7	0	-200	0	4.5	2.10884	2.10884	0	0	0	0	0	0	0	0	0	0	0	0	0	0	0	0	0	0	0
00.000,00.000	0.8	0	-200	0	4.5	2.41852	2.41852	0	0	0	0	0	0	0	0	0	0	0	0	0	0	0	0	0	0	0
00.000,00.000	0.9	0	-200	0	4.5	2.72945	2.72945	0	0	0	0	0	0	0	0	0	0	0	0	0	0	0	0	0	0	0
00.000,00.000	1	0	-200	0	4.5	3.04066	3.04066	0	0	0	0	0	0	0	0	0	0	0	0	0	0	0	0	0	0	0
00.000,00.000	1.1	0	-200	0	4.5	3.35739	3.35739	0	0	0	0	0	0	0	0	0	0	0	0	0	0	0	0	0	0	0
00.000,00.000	1.2	0	-200	0	4.5	3.68279	3.68279	0	0	0	0	0	0	0	0	0	0	0	0	0	0	0	0	0	0	0
00.000,00.000	1.3	0	-200	0	4.5	4.01834	4.01834	0	0	0	0	0	0	0	0	0	0	0	0	0	0	0	0	0	0	0
00.000,00.000	1.4	0	-200	0	4.5	4.36555	4.36555	0	0	0	0	0	0	0	0	0	0	0	0	0	0	0	0	0	0	0
00.000,00.000	1.5	0	-200	0	4.5	4.72571	4.72571	0	0	0	0	0	0	0	0	0	0	0	0	0	0	0	0	0	0	0
00.000,00.000	1.6	0	-200	0	4.5	5.09886	5.09886	0	0	0	0	0	0	0	0	0	0	0	0	0	0	0	0	0	0	0
00.000,00.000	1.7	0	-200	0	4.5	5.48469	5.48469	0	0	0	0	0	0	0	0	0	0	0	0	0	0	0	0	0	0	0
00.000,00.000	1.8	0	-200	0	4.5	5.88357	5.88357	0	0	0	0	0	0	0	0	0	0	0	0	0	0	0	0	0	0	0
00.000,00.000	1.9	0	-200	0	4.5	6.32223	6.32223	0	0	0	0	0	0	0	0	0	0	0	0	0	0	0	0	0	0	0
00.000,00.000	2	0	-200	0	4.5	6.80814	6.80814	0	0	0	0	0	0	0	0	0	0	0	0	0	0	0	0	0	0	0
00.000,00.000	2.1	0	-200	0	4.5	7.37201	7.37201	0	0	0	0	0	0	0	0	0	0	0	0	0	0	0	0	0	0	0
00.000,00.000	2.2	0	-200	0	4.5	8.08817	8.08817	0	0	0	0	0	0	0	0	0	0	0	0	0	0	0	0	0	0	0
00.000,00.000	2.3	0	-200	0	4.5	8.95043	8.72424	0.226186	0	0	0	0	0	0	0	0	0	0	0	0	0	0	0	0	0	0
00.000,00.000	2.4	0	-200	0	4.5	9.94487	9.43838	0.50649	0	0	0	0	0	0	0	0	0	0	0	0	0	0	0	0	0	0
00.000,00.000	2.5	0	-200	0	4.5	11.0506	10.264	0.786639	0	0	0	0	0	0	0	0	0	0	0	0	0	0	0	0	0	0
00.000,00.000	2.6	0	-200	0	4.5	12.2628	11.197	1.06581	0	0	0	0	0	0	0	0	0	0	0	0	0	0	0	0	0	0
00.000,00.000	2.7	0	-200	0	4.5	13.5877	12.2434	1.34431	0	0	0	0	0	0	0	0	0	0	0	0	0	0	0	0	0	0
00.000,00.000	2.8	0	-200	0	4.5	15.0497	13.4266	1.62317	0	0	0	0	0	0	0	0	0	0	0	0	0	0	0	0	0	0
00.000,00.000	2.9	0	-200	0	4.5	16.6845	14.7789	1.90556	0	0	0	0	0	0	0	0	0	0	0	0	0	0	0	0	0	0
00.000,00.000	3	0	-200	0	4.5	18.4728	16.2794	2.19342	0	0	0	0	0	0	0	0	0	0	0	0	0	0	0	0	0	0
00.000,00.000	3.1	0	-200	0	4.5	20.3447	17.8586	2.48602	0	0	0	0	0	0	0	0	0	0	0	0	0	0	0	0	0	0
00.000,00.000	3.2	0	-200	0	4.5	22.1803	19.4021	2.77821	0	0	0	0	0	0	0	0	0	0	0	0	0	0	0	0	0	0
00.000,00.000	3.3	0	-200	0	4.5	24.0066	20.9362	3.07036	0	0	0	0	0	0	0	0	0	0	0	0	0	0	0	0	0	0
00.000,00.000	3.4	0	-200	0	4.5	25.8166	22.454	3.36259	0	0	0	0	0	0	0	0	0	0	0	0	0	0	0	0	0	0
00.000,00.000	3.5	0	-200	0	4.5	27.5918	23.9383	3.65351	0	0	0	0	0	0	0	0	0	0	0	0	0	0	0	0	0	0
00.000,00.000	3.6	0	-200	0	4.5	29.3323	25.3898	3.94257	0	0	0	0	0	0	0	0	0	0	0	0	0	0	0	0	0	0
00.000,00.000	3.7	0	-200	0	4.5	31.0499	26.8198	4.23009	0	0	0	0	0	0	0	0	0	0	0	0	0	0	0	0	0	0
00.000,00.000	3.8	0	-200	0	4.5	32.7557	28.2392	4.51643	0	0	0	0	0	0	0	0	0	0	0	0	0	0	0	0	0	0
00.000,00.000	3.9	0	-200	0	4.5	34.4582	29.6566	4.80158	0	0	0	0	0	0	0	0	0	0	0	0	0	0	0	0	0	0
00.000,00.000	4	0	-200	0	4.5	36.1695	31.0831	5.08638	0	0	0	0	0	0	0	0	0	0	0	0	0	0	0	0	0	0
00.000,00.000	4.1	0	-200	0	4.5	37.8864	32.5148	5.37156	0	0	0	0	0	0	0	0	0	0	0	0	0	0	0	0	0	0
00.000,00.000	4.2	0	-200	0	4.5	39.6073	33.9496	5.65774	0	0	0	0	0	0	0	0	0	0	0	0	0	0	0	0	0	0
00.000,00.000	4.3	0	-200	0	4.5	41.3312	35.3861	5.94508	0	0	0	0	0	0	0	0	0	0	0	0	0	0	0	0	0	0
00.000,00.000	4.4	0	-200	0	4.5	42.7997	36.5664	6.23331	0	0	0	0	0	0	0	0	0	0	0	0	0	0	0	0	0	0
00.000,00.000	4.5	0	-200	0	4.5	44.1706	37.6493	6.52128	0	0	0	0	0	0	0	0	0	0	0	0	0	0	0	0	0	0
00.000,00.000	4.6	0	-200	0	4.5	45.5226	38.6093	6.91325	0	0	0	0	0	0	0	0	0	0	0	0	0	0	0	0	0	0
00.000,00.000	4.7	0	-200	0	4.5	46.8594	39.1035	7.75593	0	0	0	0	0	0	0	0	0	0	0	0	0	0	0	0	0	0
00.000,00.000	4.8	0	-200	0	4.5	48.1846	39.5891	8.59556	0	0	0	0	0	0	0	0	0	0	0	0	0	0	0	0	0	0
00.000,00.000	4.9	0	-200	0	4.5	49.3758	39.9457	9.43003	0	0	0	0	0	0	0	0	0	0	0	0	0	0	0	0	0	0
00.000,00.000	5	0	-200	0	4.5	50.4265	40.1653	10.2612	0	0	0	0	0	0	0	0	0	0	0	0	0	0	0	0	0	0
00.000,00.000	5.1	0	-200	0	4.5	51.2722	40.3848	10.8874	0	0	0	0	0	0	0	0	0	0	0	0	0	0	0	0	0	0
00.000,00.000	5.2	0	-200	0	4.5	52.0419	40.609	11.4329	0	0	0	0	0	0	0	0	0	0	0	0	0	0	0	0	0	0
00.000,00.000	5.3	0	-200	0	4.5	52.8167	40.6625	12.1542	0	0	0	0	0	0	0	0	0	0	0	0	0	0	0	0	0	0
00.000,00.000	5.4	0	-200	0	4.5	53.5982	40.6853	12.9129	0	0	0	0	0	0	0	0	0	0	0	0	0	0	0	0	0	0
00.000,00.000	5.5	0	-200	0	4.5	54.214	40.7114	13.5026	0	0	0	0	0	0	0	0	0	0	0	0	0	0	0	0	0	0
00.000,00.000	5.6	0	-200	0	4.5	54.7335	40.7415	13.992	0	0	0	0	0	0	0	0	0	0	0	0	0	0	0	0	0	0
00.000,00.000	5.7	0	-200	0	4.5	55.2567	40.7765	14.4802	0	0	0	0	0	0	0	0	0	0	0	0	0	0	0	0	0	0
00.000,00.000	5.8	0	-200	0	4.5	55.7825	40.8153	14.9343	0.0328739	0	0	0	0	0	0	0	0	0	0	0	0	0	0	0	0	0
00.000,00.000	5.9	0	-200	0	4.5	56.3117	40.8586	15.1429	0.310132	0	0	0	0	0	0	0	0	0	0	0	0	0	0	0	0	0
00.000,00.000	6	0	-200	0	4.5	56.847	40.9092	15.3513	0.586513	0	0	0	0	0	0	0	0	0	0	0	0	0	0	0	0	0
00.000,00.000	6.1	0	-200	0	4.5	57.3892	40.9668	15.5603	0.862087	0	0	0	0	0	0	0	0	0	0	0	0	0	0	0	0	0
00.000,00.000	6.2	0	-200	0	4.5	57.939	41.0319	15.7703	1.13686	0	0	0	0	0	0	0	0	0	0	0	0	0	0	0	0	0
00.000,00.000	6.3	0	-200	0	4.5	58.4972	41.1049	15.9813	1.411	0	0	0	0	0	0	0	0	0	0	0	0	0	0	0	0	0
00.000,00.000	6.4	0	-200	0	4.5	59.0647	41.1871	16.1932	1.68454	0	0	0	0	0	0	0	0	0	0	0	0	0	0	0	0	0
00.000,00.000	6.5	0	-200	0	4.5	59.6393	41.277	16.4051	1.9571	0	0	0	0	0	0	0	0	0	0	0	0	0	0	0	0	0
00.000,00.000	6.6	0	-200	0	4.5	60.1522	41.3794	16.5435	2.22924	0	0	0	0	0	0	0	0	0	0	0	0	0	0	0	0	0
00.000,00.000	6.7	0	-200	0	4.5	60.5425	41.496	16.5457	2.50075	0	0	0	0	0	0	0	0	0	0	0	0	0	0	0	0	0
00.000,00.000	6.8	0	-200	0	4.5	60.9529	41.6271	16.5542	2.7715	0	0	0	0	0	0	0	0	0	0	0	0	0	0	0	0	0
00.000,00.000	6.9	0	-200	0	4.5	61.3776	41.7756	16.5602	3.04186	0	0	0	0	0	0	0	0	0	0	0	0	0	0	0	0	0
00.000,00.000	7	0	-200	0	4.5	61.8234	41.9436	16.5683	3.31154	0	0	0	0	0	0	0	0	0	0	0	0	0	0	0	0	0
00.000,00.000	7.1	0	-200	0	4.5	62.294	42.1357	16.5778	3.58043	0	0	0	0	0	0	0	0	0	0	0	0	0	0	0	0	0
00.000,00.000	7.2	0	-200	0	4.5	62.7898	42.352	16.5892	3.84863	0	0	0	0	0	0	0	0	0	0	0	0	0	0	0	0	0
00.000,00.000	7.3	0	-200	0	4.5	63.3121	42.5931	16.6028	4.11621	0	0	0	0	0	0	0	0	0	0	0	0	0	0	0	0	0
00.000,00.000	7.4	0	-200	0	4.5	63.862	42.8604	16.6185	4.38304	0	0	0	0	0	0	0	0	0	0	0	0	0	0	0	0	0
00.000,00.000	7.5	0	-200	0	4.5	64.4297	43.1439	16.637	4.64875	0	0	0	0	0	0	0	0	0	0	0	0	0	0	0	0	0
00.000,00.000	7.6	0	-200	0	4.5	65.0259	43.4543	16.6577	4.91388	0	0	0	0	0	0	0	0	0	0	0	0	0	0	0	0	0
00.000,00.000	7.7	0	-200	0	4.5	65.6514	43.7921	16.6809	5.17845	0	0	0	0	0	0	0	0	0	0	0	0	0	0	0	0	0
00.000,00.000	7.8	0	-200	0	4.5	66.3086	44.1593	16.7069	5.4424	0	0	0	0	0	0	0	0	0	0	0	0	0	0	0	0	0
00.000,00.000	7.9	0	-200	0	4.5	67.0063	44.5647	16.7356	5.70591	0	0	0	0	0	0	0	0	0	0	0	0	0	0	0	0	0
00.000,00.000	8	0	-200	0	4.5	67.7427	45.0063	16.7675	5.96881	0	0	0	0	0	0	0	0	0	0	0	0	0	0	0	0	0
00.000,00.000	8.1	0	-200	0	4.5	68.5208	45.4876	16.802	6.23117	0	0	0	0	0	0	0	0	0	0	0	0	0	0	0	0	0
00.000,00.000	8.2	0	-200	0	4.5	69.354	46.0204	16.8407	6.49284	0	0	0	0	0	0	0	0	0	0	0	0	0	0	0	0	0
00.000,00.000	8.3	0	-200	0	4.5	70.2484	46.6119	16.8827	6.75389	0	0	0	0	0	0	0	0	0	0	0	0	0	0	0	0	0
00.000,00.000	8.4	0	-200	0	4.5	71.1996	47.2566	16.9287	7.01435	0	0	0	0	0	0	0	0	0	0	0	0	0	0	0	0	0
00.000,00.000	8.5	0	-200	0	4.5	72.1877	47.9352	16.9786	7.27388	0	0	0	0	0	0	0	0	0	0	0	0	0	0	0	0	0
00.000,00.000	8.6	0	-200	0	4.5	73.2187	48.6534	17.0325	7.53291	0	0	0	0	0	0	0	0	0	0	0	0	0	0	0	0	0
00.000,00.000	8.7	0	-200	0	4.5	74.2938	49.4102	17.0922	7.7914	0	0	0	0	0	0	0	0	0	0	0	0	0	0	0	0	0
00.000,00.000	8.8	0	-200	0	4.5	75.4143	50.2084	17.1565	8.04944	0	0	0	0	0	0	0	0	0	0	0	0	0	0	0	0	0
00.000,00.000	8.9	0	-200	0	4.5	76.6026	51.0671	17.2283	8.30721	0	0	0	0	0	0	0	0	0	0	0	0	0	0	0	0	0
00.000,00.000	9	0	-200	0	4.5	77.8667	51.992	17.3102	8.56452	0	0	0	0	0	0	0	0	0	0	0	0	0	0	0	0	0
00.000,00.000	9.1	0	-200	0	4.5	79.216	52.9919	17.4027	8.8214	0	0	0	0	0	0	0	0	0	0	0	0	0	0	0	0	0
00.000,00.000	9.2	0	-200	0	4.5	80.6551	54.0693	17.5079	9.07785	0	0	0	0	0	0	0	0	0	0	0	0	0	0	0	0	0
00.000,00.000	9.3	0	-200	0	4.5	82.1831	55.2244	17.6249	9.33382	0	0	0	0	0	0	0	0	0	0	0	0	0	0	0	0	0
00.000,00.000	9.4	0	-200	0	4.5	83.7941	56.4491	17.7556	9.58944	0	0	0	0	0	0	0	0	0	0	0	0	0	0	0	0	0
00.000,00.000	9.5	0	-200	0	4.5	85.4581	57.7143	17.8994	9.84445	0	0	0	0	0	0	0	0	0	0	0	0	0	0	0	0	0
00.000,00.000	9.6	0	-200	0	4.5	87.1906	59.0339	18.0573	10.0993	0	0	0	0	0	0	0	0	0	0	0	0	0	0	0	0	0
00.000,00.000	9.7	0	-200	0	4.5	88.9909	60.4084	18.2284	10.1428	0.21122	0	0	0	0	0	0	0	0	0	0	0	0	0	0	0	0
00.000,00.000	9.8	0	-200	0	4.5	90.863	61.8409	18.4133	10.1435	0.465251	0	0	0	0	0	0	0	0	0	0	0	0	0	0	0	0
00.000,00.000	9.9	0	-200	0	4.5	92.8384	63.3629	18.6119	10.1435	0.720075	0	0	0	0	0	0	0	0	0	0	0	0	0	0	0	0
00.000,00.000	10	0	-200	0	4.5	94.9204	64.9775	18.8246	10.1435	0.974755	0	0	0	0	0	0	0	0	0	0	0	0	0	0	0	0
00.000,00.000	10.1	0	-200	0	4.5	97.1139	66.6883	19.0528	10.1435	1.22928	0	0	0	0	0	0	0	0	0	0	0	0	0	0	0	0
00.000,00.000	10.2	0	-200	0	4.5	99.4171	68.494	19.2958	10.1435	1.48375	0	0	0	0	0	0	0	0	0	0	0	0	0	0	0	0
00.000,00.000	10.3	0	-200	0	4.5	101.831	70.396	19.5533	10.1436	1.73819	0	0	0	0	0	0	0	0	0	0	0	0	0	0	0	0
00.000,00.000	10.4	0	-200	0	4.5	104.346	72.3842	19.8246	10.1447	1.99232	0	0	0	0	0	0	0	0	0	0	0	0	0	0	0	0
00.000,00.000	10.5	0	-200	0	4.5	106.917	74.4182	20.1066	10.1465	2.24597	0	0	0	0	0	0	0	0	0	0	0	0	0	0	0	0
00.000,00.000	10.6	0	-200	0	4.5	109.551	76.5032	20.3986	10.1498	2.49982	0	0	0	0	0	0	0	0	0	0	0	0	0	0	0	0
00.000,00.000	10.7	0	-200	0	4.5	112.252	78.6442	20.7	10.1544	2.75387	0	0	0	0	0	0	0	0	0	0	0	0	0	0	0	0
00.000,00.000	10.8	0	-200	0	4.5	115.04	80.8603	21.0121	10.1603	3.00776	0	0	0	0	0	0	0	0	0	0	0	0	0	0	0	0
00.000,00.000	10.9	0	-200	0	4.5	117.962	83.1966	21.3356	10.1681	3.26158	0	0	0	0	0	0	0	0	0	0	0	0	0	0	0	0
00.000,00.000	11	0	-200	0	4.5	121.022	85.65	21.6769	10.1797	3.51551	0	0	0	0	0	0	0	0	0	0	0	0	0	0	0	0
00.000,00.000	11.1	0	-200	0	4.5	124.216	88.2011	22.0518	10.1942	3.76937	0	0	0	0	0	0	0	0	0	0	0	0	0	0	0	0
00.000,00.000	11.2	0	-200	0	4.5	127.558	90.8795	22.4438	10.212	4.02284	0	0	0	0	0	0	0	0	0	0	0	0	0	0	0	0
00.000,00.000	11.3	0	-200	0	4.5	131.048	93.677	22.861	10.2343	4.27597	0	0	0	0	0	0	0	0	0	0	0	0	0	0	0	0
00.000,00.000	11.4	0	-200	0	4.5	134.666	96.5734	23.3032	10.2605	4.52897	0	0	0	0	0	0	0	0	0	0	0	0	0	0	0	0
00.000,00.000	11.5	0	-200	0	4.5	138.344	99.5088	23.7625	10.2906	4.78169	0	0	0	0	0	0	0	0	0	0	0	0	0	0	0	0
00.000,00.000	11.6	0	-200	0	4.5	142.056	102.456	24.2395	10.3261	5.03431	0	0	0	0	0	0	0	0	0	0	0	0	0	0	0	0
00.000,00.000	11.7	0	-200	0	4.5	145.671	105.452	24.7712	10.3659	5.08132	0	0	0	0	0	0	0	0	0	0	0	0	0	0	0	0
00.000,00.000	11.8	0	-200	0	4.5	149.36	108.538	25.3239	10.4104	5.08778	0	0	0	0	0	0	0	0	0	0	0	0	0	0	0	0
00.000,00.000	11.9	0	-200	0	4.5	153.231	111.782	25.8934	10.4659	5.08965	0	0	0	0	0	0	0	0	0	0	0	0	0	0	0	0
00.000,00.000	12	0	-200	0	4.5	157.268	115.169	26.4747	10.5345	5.08965	0	0	0	0	0	0	0	0	0	0	0	0	0	0	0	0
00.000,00.000	12.1	0	-200	0	4.5	161.439	118.65	27.084	10.6154	5.08965	0	0	0	0	0	0	0	0	0	0	0	0	0	0	0	0
00.000,00.000	12.2	0	-200	0	4.5	165.658	122.151	27.7152	10.7021	5.08965	0	0	0	0	0	0	0	0	0	0	0	0	0	0	0	0
00.000,00.000	12.3	0	-200	0	4.5	169.908	125.663	28.3626	10.7919	5.08965	0	0	0	0	0	0	0	0	0	0	0	0	0	0	0	0
00.000,00.000	12.4	0	-200	0	4.5	174.211	129.204	29.0283	10.8896	5.08965	0	0	0	0	0	0	0	0	0	0	0	0	0	0	0	0
00.000,00.000	12.5	0	-200	0	4.5	178.53	132.636	29.8132	10.9916	5.08965	0	0	0	0	0	0	0	0	0	0	0	0	0	0	0	0
00.000,00.000	12.6	0	-200	0	4.5	182.963	135.89	30.8808	11.1025	5.08965	0	0	0	0	0	0	0	0	0	0	0	0	0	0	0	0
00.000,00.000	12.7	0	-200	0	4.5	187.398	139.13	31.961	11.2169	5.08965	0	0	0	0	0	0	0	0	0	0	0	0	0	0	0	0
00.000,00.000	12.8	0	-200	0	4.5	191.73	142.288	33.0195	11.333	5.08965	0	0	0	0	0	0	0	0	0	0	0	0	0	0	0	0
00.000,00.000	12.9	0	-200	0	4.5	196.131	145.48	34.1061	11.4553	5.08965	0	0	0	0	0	0	0	0	0	0	0	0	0	0	0	0
00.000,00.000	13	0	-200	0	4.5	200.567	148.477	35.417	11.5832	5.08965	0	0	0	0	0	0	0	0	0	0	0	0	0	0	0	0
00.000,00.000	13.1	0	-200	0	4.5	205.037	151.343	36.8874	11.7167	5.08965	0	0	0	0	0	0	0	0	0	0	0	0	0	0	0	0
00.000,00.000	13.2	0	-200	0	4.5	209.621	154.104	38.5726	11.8549	5.08965	0	0	0	0	0	0	0	0	0	0	0	0	0	0	0	0
00.000,00.000	13.3	0	-200	0	4.5	214.314	156.937	40.2884	11.9996	5.08965	0	0	0	0	0	0	0	0	0	0	0	0	0	0	0	0
00.000,00.000	13.4	0	-200	0	4.5	219.103	159.827	42.0334	12.1534	5.08965	0	0	0	0	0	0	0	0	0	0	0	0	0	0	0	0
00.000,00.000	13.5	0	-200	0	4.5	223.925	162.718	43.8015	12.3158	5.08965	0	0	0	0	0	0	0	0	0	0	0	0	0	0	0	0
00.000,00.000	13.6	0	-200	0	4.5	229.39	165.975	45.8168	12.5092	5.08965	0	0	0	0	0	0	0	0	0	0	0	0	0	0	0	0
00.000,00.000	13.7	0	-200	0	4.5	234.593	169.048	47.7528	12.7027	5.08965	0	0	0	0	0	0	0	0	0	0	0	0	0	0	0	0
00.000,00.000	13.8	0	-200	0	4.5	238.702	171.463	49.2878	12.8617	5.08965	0	0	0	0	0	0	0	0	0	0	0	0	0	0	0	0
00.000,00.000	13.9	0	-200	0	4.5	243.848	174.498	51.1932	13.0667	5.08965	0	0	0	0	0	0	0	0	0	0	0	0	0	0	0	0
00.000,00.000	14	0	-200	0	4.5	248.944	177.503	53.0754	13.2758	5.08965	0	0	0	0	0	0	0	0	0	0	0	0	0	0	0	0
00.000,00.000	14.1	0	-200	0	4.5	253.977	180.467	54.9325	13.4878	5.08984	0	0	0	0	0	0	0	0	0	0	0	0	0	0	0	0
00.000,00.000	14.2	0	-200	0	4.5	259.061	183.405	56.8554	13.7091	5.09151	0	0	0	0	0	0	0	0	0	0	0	0	0	0	0	0
00.000,00.000	14.3	0	-200	0	4.5	264.185	186.337	58.8141	13.9395	5.09422	0	0	0	0	0	0	0	0	0	0	0	0	0	0	0	0
00.000,00.000	14.4	0	-200	0	4.5	269.324	189.256	60.7914	14.1779	5.09797	0	0	0	0	0	0	0	0	0	0	0	0	0	0	0	0
00.000,00.000	14.5	0	-200	0	4.5	274.408	192.094	62.7858	14.4254	5.10293	0	0	0	0	0	0	0	0	0	0	0	0	0	0	0	0
00.000,00.000	14.6	0	-200	0	4.5	280.87	195.637	65.3656	14.7556	5.11155	0	0	0	0	0	0	0	0	0	0	0	0	0	0	0	0
00.000,00.000	14.7	0	-200	0	4.5	286.428	198.652	67.6051	15.05	5.12054	0	0	0	0	0	0	0	0	0	0	0	0	0	0	0	0
00.000,00.000	14.8	0	-200	0	4.5	290.053	200.607	69.0671	15.2505	5.12814	0	0	0	0	0	0	0	0	0	0	0	0	0	0	0	0
00.000,00.000	14.9	0	-200	0	4.5	295.495	203.518	71.2738	15.5609	5.14198	0	0	0	0	0	0	0	0	0	0	0	0	0	0	0	0
00.000,00.000	15	0	-200	0	4.5	300.594	206.193	73.3805	15.8634	5.15734	0	0	0	0	0	0	0	0	0	0	0	0	0	0	0	0
00.000,00.000	15.1	0	-200	0	4.5	305.491	208.715	75.443	16.1581	5.17511	0	0	0	0	0	0	0	0	0	0	0	0	0	0	0	0
00.000,00.000	15.2	0	-200	0	4.5	310.401	211.21	77.5348	16.4605	5.19542	0	0	0	0	0	0	0	0	0	0	0	0	0	0	0	0
00.000,00.000	15.3	0	-200	0	4.5	315.302	213.67	79.6424	16.7714	5.21824	0	0	0	0	0	0	0	0	0	0	0	0	0	0	0	0
00.000,00.000	15.4	0	-200	0	4.5	320.162	216.085	81.7408	17.0905	5.24498	0	0	0	0	0	0	0	0	0	0	0	0	0	0	0	0
00.000,00.000	15.5	0	-200	0	4.5	326.796	219.328	84.1993	17.9822	5.28692	0	0	0	0	0	0	0	0	0	0	0	0	0	0	0	0
00.000,00.000	15.6	0	-200	0	4.5	333.383	222.421	86.6902	18.9368	5.33445	0	0	0	0	0	0	0	0	0	0	0	0	0	0	0	0
00.000,00.000	15.7	0	-200	0	4.5	338.591	224.788	88.7234	19.7023	5.3768	0	0	0	0	0	0	0	0	0	0	0	0	0	0	0	0
00.000,00.000	15.8	0	-200	0	4.5	341.216	225.951	89.7627	20.1014	5.40076	0	0	0	0	0	0	0	0	0	0	0	0	0	0	0	0
00.000,00.000	15.9	0	-200	0	4.5	345.329	227.745	91.4096	20.7327	5.44197	0	0	0	0	0	0	0	0	0	0	0	0	0	0	0	0
00.000,00.000	16	0	-200	0	4.5	350.888	230.115	93.6777	21.5926	5.50254	0	0	0	0	0	0	0	0	0	0	0	0	0	0	0	0
00.000,00.000	16.1	0	-200	0	4.5	355.63	232.114	95.6194	22.3381	5.55824	0	0	0	0	0	0	0	0	0	0	0	0	0	0	0	0
00.000,00.000	16.2	0	-200	0	4.5	360.066	233.958	97.4428	23.0503	5.61468	0	0	0	0	0	0	0	0	0	0	0	0	0	0	0	0
00.000,00.000	16.3	0	-200	0	4.5	364.491	235.785	99.26	23.7714	5.67488	0	0	0	0	0	0	0	0	0	0	0	0	0	0	0	0
00.000,00.000	16.4	0	-200	0	4.5	368.877	237.583	101.055	24.5005	5.73846	0	0	0	0	0	0	0	0	0	0	0	0	0	0	0	0
00.000,00.000	16.5	0	-200	0	4.5	378.417	241.415	104.851	26.2647	5.88569	0	0	0	0	0	0	0	0	0	0	0	0	0	0	0	0
00.000,00.000	16.6	0	-200	0	4.5	383.448	243.365	106.646	27.4686	5.96833	0	0	0	0	0	0	0	0	0	0	0	0	0	0	0	0
00.000,00.000	16.7	0	-200	0	4.5	383.851	243.516	106.791	27.5684	5.97538	0	0	0	0	0	0	0	0	0	0	0	0	0	0	0	0
00.000,00.000	16.8	0	-200	0	4.5	387.326	244.835	108.001	28.4488	6.04056	0	0	0	0	0	0	0	0	0	0	0	0	0	0	0	0
00.000,00.000	16.9	0	-200	0	4.5	388.331	245.217	108.347	28.7062	6.06074	0	0	0	0	0	0	0	0	0	0	0	0	0	0	0	0
00.000,00.000	17	0	-200	0	4.5	394.41	247.55	110.33	30.3458	6.18436	0	0	0	0	0	0	0	0	0	0	0	0	0	0	0	0
00.000,00.000	17.1	0	-200	0	4.5	399.216	249.388	111.68	31.8616	6.28592	0	0	0	0	0	0	0	0	0	0	0	0	0	0	0	0
00.000,00.000	17.2	0	-200	0	4.5	403.165	250.929	112.762	33.1018	6.37207	0	0	0	0	0	0	0	0	0	0	0	0	0	0	0	0
00.000,00.000	17.3	0	-200	0	4.5	407.128	252.477	113.838	34.352	6.46128	0	0	0	0	0	0	0	0	0	0	0	0	0	0	0	0
00.000,00.000	17.4	0	-200	0	4.5	411.093	254.032	114.958	35.5498	6.55346	0	0	0	0	0	0	0	0	0	0	0	0	0	0	0	0
00.000,00.000	17.5	0	-200	0	4.5	423.644	258.92	118.582	39.2864	6.85446	0	0	0	0	0	0	0	0	0	0	0	0	0	0	0	0
00.000,00.000	17.6	0	-200	0	4.5	426.1	259.841	119.356	39.988	6.91545	0	0	0	0	0	0	0	0	0	0	0	0	0	0	0	0
00.000,00.000	17.7	0	-200	0	4.5	431.158	261.773	120.848	41.4899	7.04733	0	0	0	0	0	0	0	0	0	0	0	0	0	0	0	0
00.000,00.000	17.8	0	-200	0	4.5	432.253	262.185	121.187	41.8033	7.07674	0	0	0	0	0	0	0	0	0	0	0	0	0	0	0	0
00.000,00.000	17.9	0	-200	0	4.5	433.03	262.494	121.416	42.022	7.09821	0	0	0	0	0	0	0	0	0	0	0	0	0	0	0	0
00.000,00.000	18	0	-200	0	4.5	440.245	265.497	123.346	44.1023	7.30012	0	0	0	0	0	0	0	0	0	0	0	0	0	0	0	0
00.000,00.000	18.1	0	-200	0	4.5	445.3	267.61	124.683	45.5611	7.44574	0	0	0	0	0	0	0	0	0	0	0	0	0	0	0	0
00.000,00.000	18.2	0	-200	0	4.5	449.273	269.298	125.753	46.5587	7.66353	0	0	0	0	0	0	0	0	0	0	0	0	0	0	0	0
00.000,00.000	18.3	0	-200	0	4.5	453.281	271.029	126.813	47.3816	8.05726	0	0	0	0	0	0	0	0	0	0	0	0	0	0	0	0
00.000,00.000	18.4	0	-200	0	4.5	457.323	272.813	127.848	48.2078	8.45394	0	0	0	0	0	0	0	0	0	0	0	0	0	0	0	0
00.000,00.000	18.5	0	-200	0	4.5	472.532	279.545	131.78	51.2325	9.97442	0	0	0	0	0	0	0	0	0	0	0	0	0	0	0	0
00.000,00.000	18.6	0	-200	0	4.5	475.454	280.869	132.546	51.7633	10.2764	0	0	0	0	0	0	0	0	0	0	0	0	0	0	0	0
00.000,00.000	18.7	0	-200	0	4.5	484.633	284.947	134.991	53.47	11.2246	0	0	0	0	0	0	0	0	0	0	0	0	0	0	0	0
00.000,00.000	18.8	0	-200	0	4.5	486.769	285.925	135.552	53.8472	11.4446	0	0	0	0	0	0	0	0	0	0	0	0	0	0	0	0
00.000,00.000	18.9	0	-200	0	4.5	491	287.921	136.612	54.5978	11.8699	0	0	0	0	0	0	0	0	0	0	0	0	0	0	0	0
00.000,00.000	19	0	-200	0	4.5	498.924	291.736	138.563	55.9752	12.6501	0	0	0	0	0	0	0	0	0	0	0	0	0	0	0	0
00.000,00.000	19.1	0	-200	0	4.5	504.08	294.233	139.813	56.8654	13.1687	0	0	0	0	0	0	0	0	0	0	0	0	0	0	0	0
00.000,00.000	19.2	0	-200	0	4.5	508.412	296.316	140.887	57.6119	13.5972	0	0	0	0	0	0	0	0	0	0	0	0	0	0	0	0
00.000,00.000	19.3	0	-200	0	4.5	512.76	298.369	142.006	58.36	14.0258	0	0	0	0	0	0	0	0	0	0	0	0	0	0	0	0
00.000,00.000	19.4	0	-200	0	4.5	517.142	299.959	143.614	59.1132	14.4561	0	0	0	0	0	0	0	0	0	0	0	0	0	0	0	0
00.000,00.000	19.5	0	-200	0	4.5	521.521	301.299	145.464	59.8686	14.8889	0	0	0	0	0	0	0	0	0	0	0	0	0	0	0	0
00.000,00.000	19.6	0	-200	0	4.5	529.531	303.399	149.166	61.1901	15.7757	0	0	0	0	0	0	0	0	0	0	0	0	0	0	0	0
00.000,00.000	19.7	0	-200	0	4.5	531.344	303.819	150.063	61.3612	16.1009	0	0	0	0	0	0	0	0	0	0	0	0	0	0	0	0
00.000,00.000	19.8	0	-200	0	4.5	543.003	306.257	156.039	62.7994	17.9075	0	0	0	0	0	0	0	0	0	0	0	0	0	0	0	0
00.000,00.000	19.9	0	-200	0	4.5	545.985	306.877	157.592	63.1301	18.3862	0	0	0	0	0	0	0	0	0	0	0	0	0	0	0	0
00.000,00.000	20	0	-200	0	4.5	552.34	308.227	160.874	63.8811	19.3583	0	0	0	0	0	0	0	0	0	0	0	0	0	0	0	0
00.000,00.000	20.1	0	-200	0	4.5	558.201	309.491	163.892	64.3933	20.4247	0	0	0	0	0	0	0	0	0	0	0	0	0	0	0	0
00.000,00.000	20.2	0	-200	0	4.5	562.981	310.548	166.334	64.7199	21.3781	0	0	0	0	0	0	0	0	0	0	0	0	0	0	0	0
00.000,00.000	20.3	0	-200	0	4.5	567.721	311.624	168.74	65.0495	22.3082	0	0	0	0	0	0	0	0	0	0	0	0	0	0	0	0
00.000,00.000	20.4	0	-200	0	4.5	572.565	312.743	171.184	65.3941	23.2438	0	0	0	0	0	0	0	0	0	0	0	0	0	0	0	0
00.000,00.000	20.5	0	-200	0	4.5	577.538	313.904	173.668	65.7608	24.2061	0	0	0	0	0	0	0	0	0	0	0	0	0	0	0	0
00.000,00.000	20.6	0	-200	0	4.5	586.963	315.878	178.461	66.4859	26.1383	0	0	0	0	0	0	0	0	0	0	0	0	0	0	0	0
00.000,00.000	20.7	0	-200	0	4.5	611.51	321.399	190.757	68.405	29.5422	1.40704	0	0	0	0	0	0	0	0	0	0	0	0	0	0	0
00.000,00.000	20.8	0	-200	0	4.5	615.656	322.315	192.88	68.7364	30.0613	1.66296	0	0	0	0	0	0	0	0	0	0	0	0	0	0	0
00.000,00.000	20.9	0	-200	0	4.5	616.009	322.404	193.052	68.7657	30.105	1.6826	0	0	0	0	0	0	0	0	0	0	0	0	0	0	0
00.000,00.000	21	0	-200	0	4.5	621.884	323.95	195.869	69.2601	30.8061	1.99875	0	0	0	0	0	0	0	0	0	0	0	0	0	0	0
00.000,00.000	21.1	0	-200	0	4.5	632.789	326.855	201.07	70.1974	32.0927	2.57445	0	0	0	0	0	0	0	0	0	0	0	0	0	0	0
00.000,00.000	21.2	0	-200	0	4.5	639.537	328.695	204.272	70.7719	32.8781	2.9201	0	0	0	0	0	0	0	0	0	0	0	0	0	0	0
00.000,00.000	21.3	0	-200	0	4.5	645.117	330.259	206.892	71.2575	33.5134	3.19463	0	0	0	0	0	0	0	0	0	0	0	0	0	0	0
00.000,00.000	21.4	0	-200	0	4.5	653.65	332.721	210.846	72.0177	34.4639	3.60159	0	0	0	0	0	0	0	0	0	0	0	0	0	0	0
00.000,00.000	21.5	0	-200	0	4.5	655.835	333.345	211.867	72.213	34.7037	3.70558	0	0	0	0	0	0	0	0	0	0	0	0	0	0	0
00.000,00.000	21.6	0	-200	0	4.5	662.555	335.307	214.925	72.8526	35.4509	4.01885	0	0	0	0	0	0	0	0	0	0	0	0	0	0	0
00.000,00.000	21.7	0	-200	0	4.5	668.982	337.222	217.748	73.551	36.1495	4.3113	0	0	0	0	0	0	0	0	0	0	0	0	0	0	0
00.000,00.000	21.8	0	-200	0	4.5	675.059	339.067	220.07	74.5313	36.8086	4.58228	0	0	0	0	0	0	0	0	0	0	0	0	0	0	0
00.000,00.000	21.9	0	-200	0	4.5	690.468	343.948	225.718	77.0134	38.641	5.14701	0	0	0	0	0	0	0	0	0	0	0	0	0	0	0
00.000,00.000	22	0	-200	0	4.5	693.949	345.243	226.811	77.751	39.0466	5.09723	0	0	0	0	0	0	0	0	0	0	0	0	0	0	0
00.000,00.000	22.1	0	-200	0	4.5	705.98	349.79	230.604	80.0901	40.3716	5.12418	0	0	0	0	0	0	0	0	0	0	0	0	0	0	0
00.000,00.000	22.2	0	-200	0	4.5	714.064	352.86	233.114	81.7081	41.2577	5.12418	0	0	0	0	0	0	0	0	0	0	0	0	0	0	0
00.000,00.000	22.3	0	-200	0	4.5	720.232	355.311	234.929	82.9417	41.926	5.12418	0	0	0	0	0	0	0	0	0	0	0	0	0	0	0
00.000,00.000	22.4	0	-200	0	4.5	726.64	357.94	236.711	84.2412	42.6241	5.12418	0	0	0	0	0	0	0	0	0	0	0	0	0	0	0
00.000,00.000	22.5	0	-200	0	4.5	733.137	360.595	238.523	85.5642	43.331	5.12418	0	0	0	0	0	0	0	0	0	0	0	0	0	0	0
00.000,00.000	22.6	0	-200	0	4.5	761.212	371.344	246.546	91.6176	45.8994	5.80494	0	0	0	0	0	0	0	0	0	0	0	0	0	0	0
00.000,00.000	22.7	0	-200	0	4.5	774.875	375.785	250.73	94.9378	47.0403	6.38203	0	0	0	0	0	0	0	0	0	0	0	0	0	0	0
00.000,00.000	22.8	0	-200	0	4.5	781.509	378.86	252.377	96.2092	47.4667	6.59602	0	0	0	0	0	0	0	0	0	0	0	0	0	0	0
00.000,00.000	22.9	0	-200	0	4.5	781.719	378.941	252.439	96.2542	47.4803	6.6033	0	0	0	0	0	0	0	0	0	0	0	0	0	0	0
00.000,00.000	23	0	-200	0	4.5	808.937	391.678	259.526	101.32	49.0136	7.4001	0	0	0	0	0	0	0	0	0	0	0	0	0	0	0
00.000,00.000	23.1	0	-200	0	4.5	827.882	399.747	264.815	105.105	49.6403	8.57431	0	0	0	0	0	0	0	0	0	0	0	0	0	0	0
00.000,00.000	23.2	0	-200	0	4.5	836.342	403.304	267.216	106.79	49.9625	9.07037	0	0	0	0	0	0	0	0	0	0	0	0	0	0	0
00.000,00.000	23.3	0	-200	0	4.5	843.727	406.429	269.319	108.244	50.2468	9.48868	0	0	0	0	0	0	0	0	0	0	0	0	0	0	0
00.000,00.000	23.4	0	-200	0	4.5	870.048	416.121	278.274	113.416	51.291	10.9465	0	0	0	0	0	0	0	0	0	0	0	0	0	0	0
00.000,00.000	23.5	0	-200	0	4.5	876.399	417.732	281.12	114.674	51.5734	11.3	0	0	0	0	0	0	0	0	0	0	0	0	0	0	0
00.000,00.000	23.6	0	-200	0	4.5	917.546	427.288	299.56	122.755	54.1874	13.7558	0	0	0	0	0	0	0	0	0	0	0	0	0	0	0
00.000,00.000	23.7	0	-200	0	4.5	938.566	431.508	309.404	126.233	56.2543	15.1666	0	0	0	0	0	0	0	0	0	0	0	0	0	0	0
00.000,00.000	23.8	0	-200	0	4.5	956.723	436.701	317.177	128.727	57.8704	16.2478	0	0	0	0	0	0	0	0	0	0	0	0	0	0	0
00.000,00.000	23.9	0	-200	0	4.5	958.248	437.054	317.886	128.95	58.0155	16.3416	0	0	0	0	0	0	0	0	0	0	0	0	0	0	0
00.000,00.000	24	0	-200	0	4.5	1013.88	452.434	342.253	136.891	62.8597	19.4435	0	0	0	0	0	0	0	0	0	0	0	0	0	0	0
00.000,00.000	24.1	0	-200	0	4.5	1035.55	458.444	351.396	140.396	64.9299	20.382	0	0	0	0	0	0	0	0	0	0	0	0	0	0	0
00.000,00.000	24.2	0	-200	0	4.5	1043.11	460.466	354.681	141.642	65.6757	20.6443	0	0	0	0	0	0	0	0	0	0	0	0	0	0	0
00.000,00.000	24.3	0	-200	0	4.5	1051.22	462.783	358.113	142.948	66.457	20.9175	0	0	0	0	0	0	0	0	0	0	0	0	0	0	0
00.000,00.000	24.4	0	-200	0	4.5	1113.7	481.472	383.044	153.402	72.7084	23.0749	0	0	0	0	0	0	0	0	0	0	0	0	0	0	0
00.000,00.000	24.5	0	-200	0	4.5	1130.94	486.893	389.35	156.384	74.5828	23.7285	0	0	0	0	0	0	0	0	0	0	0	0	0	0	0
00.000,00.000	24.6	0	-200	0	4.5	1154.24	491.834	398.217	161.598	77.7729	24.6897	0.131557	0	0	0	0	0	0	0	0	0	0	0	0	0	0
00.000,00.000	24.7	0	-200	0	4.5	1177.66	499.737	405.744	166.268	79.6715	25.5289	0.714456	0	0	0	0	0	0	0	0	0	0	0	0	0	0
00.000,00.000	24.8	0	-200	0	4.5	1219.37	508.696	420.98	176.371	83.7103	27.7078	1.90816	0	0	0	0	0	0	0	0	0	0	0	0	0	0
00.000,00.000	24.9	0	-200	0	4.5	1227.28	510.953	423.696	178.053	84.3912	28.0857	2.10501	0	0	0	0	0	0	0	0	0	0	0	0	0	0
00.000,00.000	25	0	-200	0	4.5	1232.28	512.421	425.447	179.079	84.8111	28.3051	2.21361	0	0	0	0	0	0	0	0	0	0	0	0	0	0
00.000,00.000	25.1	0	-200	0	4.5	1263.03	521.505	436.399	185.579	87.478	29.1858	2.88312	0	0	0	0	0	0	0	0	0	0	0	0	0	0
00.000,00.000	25.2	0	-200	0	4.5	1278.59	526.452	441.877	188.86	88.7896	29.4059	3.20581	0	0	0	0	0	0	0	0	0	0	0	0	0	0
00.000,00.000	25.3	0	-200	0	4.5	1288.74	529.793	445.432	190.929	89.6207	29.5666	3.40242	0	0	0	0	0	0	0	0	0	0	0	0	0	0
00.000,00.000	25.4	0	-200	0	4.5	1347.93	549.767	465.891	202.791	94.448	30.5359	4.49501	0	0	0	0	0	0	0	0	0	0	0	0	0	0
00.000,00.000	25.5	0	-200	0	4.5	1374.68	558.965	474.919	208.203	96.6459	30.9576	4.98715	0	0	0	0	0	0	0	0	0	0	0	0	0	0
00.000,00.000	25.6	0	-200	0	4.5	1385.24	562.371	478.6	210.356	97.5679	31.1589	5.1863	0	0	0	0	0	0	0	0	0	0	0	0	0	0
00.000,00.000	25.7	0	-200	0	4.5	1393.99	564.706	481.635	212.406	98.4826	31.367	5.3923	0	0	0	0	0	0	0	0	0	0	0	0	0	0
00.000,00.000	25.8	0	-200	0	4.5	1478.36	594.897	510.315	227.804	105.545	33.0288	6.76488	0	0	0	0	0	0	0	0	0	0	0	0	0	0
00.000,00.000	25.9	0	-200	0	4.5	1492.09	598.523	515.638	230.59	107.012	33.298	7.02418	0	0	0	0	0	0	0	0	0	0	0	0	0	0
00.000,00.000	26	0	-200	0	4.5	1492.93	598.76	515.971	230.75	107.092	33.3169	7.03785	0	0	0	0	0	0	0	0	0	0	0	0	0	0
00.000,00.000	26.1	0	-200	0	4.5	1530.02	609.089	530.757	237.355	111.072	34.1313	7.61955	0	0	0	0	0	0	0	0	0	0	0	0	0	0
00.000,00.000	26.2	0	-200	0	4.5	1551.04	614.747	539.288	240.938	113.556	34.5616	7.94633	0	0	0	0	0	0	0	0	0	0	0	0	0	0
00.000,00.000	26.3	0	-200	0	4.5	1564.02	618.143	544.729	243.101	115.025	34.8845	8.1375	0	0	0	0	0	0	0	0	0	0	0	0	0	0
00.000,00.000	26.4	0	-200	0	4.5	1646.32	639.875	578.172	257.343	124.426	37.1601	9.19164	0.152574	0	0	0	0	0	0	0	0	0	0	0	0	0
00.000,00.000	26.5	0	-200	0	4.5	1680.5	649.283	591.585	263.624	127.935	38.1995	9.19164	0.68147	0	0	0	0	0	0	0	0	0	0	0	0	0
00.000,00.000	26.6	0	-200	0	4.5	1693.35	652.801	596.729	265.922	129.226	38.603	9.19164	0.879868	0	0	0	0	0	0	0	0	0	0	0	0	0
00.000,00.000	26.7	0	-200	0	4.5	1706.07	656.321	601.798	268.209	130.483	39.0094	9.19164	1.06357	0	0	0	0	0	0	0	0	0	0	0	0	0
00.000,00.000	26.8	0	-200	0	4.5	1756.54	670.362	621.903	277.241	135.377	40.6788	9.19164	1.78239	0	0	0	0	0	0	0	0	0	0	0	0	0
00.000,00.000	26.9	0	-200	0	4.5	1768.28	673.715	626.498	279.361	136.493	41.071	9.19164	1.9454	0	0	0	0	0	0	0	0	0	0	0	0	0
00.000,00.000	27	0	-200	0	4.5	1769.25	673.988	626.883	279.542	136.587	41.1039	9.19164	1.95806	0	0	0	0	0	0	0	0	0	0	0	0	0
00.000,00.000	27.1	0	-200	0	4.5	1812	686.022	643.542	287.5	140.653	42.5965	9.19204	2.49084	0	0	0	0	0	0	0	0	0	0	0	0	0
00.000,00.000	27.2	0	-200	0	4.5	1828.51	690.803	650.001	290.452	142.197	43.1692	9.19256	2.6982	0	0	0	0	0	0	0	0	0	0	0	0	0
00.000,00.000	27.3	0	-200	0	4.5	1830.24	691.308	650.659	290.776	142.357	43.2312	9.19271	2.71866	0	0	0	0	0	0	0	0	0	0	0	0	0
00.000,00.000	27.4	0	-200	0	4.5	1830.7	691.444	650.832	290.861	142.4	43.2474	9.19277	2.72398	0	0	0	0	0	0	0	0	0	0	0	0	0
00.000,00.000	27.5	0	-200	0	4.5	1928.45	720.295	686.816	309.856	151.547	46.9173	9.21052	3.81155	0	0	0	0	0	0	0	0	0	0	0	0	0
00.000,00.000	27.6	0	-200	0	4.5	1957.72	729.057	697.79	315.122	154.337	48.0403	9.21798	4.15501	0	0	0	0	0	0	0	0	0	0	0	0	0
00.000,00.000	27.7	0	-200	0	4.5	2012.4	745.596	717.479	325.522	159.689	50.1232	9.24564	4.74821	0	0	0	0	0	0	0	0	0	0	0	0	0
00.000,00.000	27.8	0	-200	0	4.5	2082.55	767.239	742.187	339.041	166.604	52.6845	9.29026	5.50783	0	0	0	0	0	0	0	0	0	0	0	0	0
00.000,00.000	27.9	0	-200	0	4.5	2098.21	772.119	747.704	341.961	168.194	53.2521	9.30262	5.67471	0	0	0	0	0	0	0	0	0	0	0	0	0
00.000,00.000	28	0	-200	0	4.5	2099.35	772.484	748.097	342.178	168.31	53.2957	9.30384	5.68624	0	0	0	0	0	0	0	0	0	0	0	0	0
00.000,00.000	28.1	0	-200	0	4.5	2101.83	773.289	748.927	342.643	168.563	53.3892	9.30704	5.71044	0	0	0	0	0	0	0	0	0	0	0	0	0
00.000,00.000	28.2	0	-200	0	4.5	2104.2	774.056	749.721	343.088	168.811	53.4796	9.3104	5.73357	0	0	0	0	0	0	0	0	0	0	0	0	0
00.000,00.000	28.3	0	-200	0	4.5	2105.62	774.52	750.188	343.359	168.961	53.5364	9.31271	5.74709	0	0	0	0	0	0	0	0	0	0	0	0	0
00.000,00.000	28.4	0	-200	0	4.5	2105.85	774.596	750.263	343.402	168.985	53.5455	9.3131	5.74928	0	0	0	0	0	0	0	0	0	0	0	0	0
00.000,00.000	28.5	0	-200	0	4.5	2220.11	812.219	786.611	365.297	181.205	58.4327	9.54027	6.80441	0	0	0	0	0	0	0	0	0	0	0	0	0
00.000,00.000	28.6	0	-200	0	4.5	2273.44	829.595	803.768	375.837	186.739	60.5233	9.6579	7.31772	0	0	0	0	0	0	0	0	0	0	0	0	0
00.000,00.000	28.7	0	-200	0	4.5	2323.64	846.182	819.761	385.718	191.778	62.6319	9.78118	7.78748	0	0	0	0	0	0	0	0	0	0	0	0	0
00.000,00.000	28.8	0	-200	0	4.5	2355.15	856.643	829.69	391.926	194.941	63.9483	9.92515	8.08148	0	0	0	0	0	0	0	0	0	0	0	0	0
00.000,00.000	28.9	0	-200	0	4.5	2358.03	857.616	830.591	392.495	195.21	64.068	9.93912	8.10828	0	0	0	0	0	0	0	0	0	0	0	0	0
00.000,00.000	29	0	-200	0	4.5	2374.92	863.382	835.792	395.766	196.873	64.8241	10.0258	8.25942	0	0	0	0	0	0	0	0	0	0	0	0	0
00.000,00.000	29.1	0	-200	0	4.5	2411.91	876.134	847.058	402.902	200.521	66.4789	10.2242	8.51749	0.0702256	0	0	0	0	0	0	0	0	0	0	0	0
00.000,00.000	29.2	0	-200	0	4.5	2437.26	885.028	854.717	407.785	202.979	67.569	10.3678	8.51408	0.297832	0	0	0	0	0	0	0	0	0	0	0	0
00.000,00.000	29.3	0	-200	0	4.5	2458.58	892.556	861.053	411.919	205.034	68.5267	10.4946	8.51938	0.477701	0	0	0	0	0	0	0	0	0	0	0	0
00.000,00.000	29.4	0	-200	0	4.5	2532.15	918.857	882.636	426.072	211.939	71.8685	11.1543	8.53281	1.09546	0	0	0	0	0	0	0	0	0	0	0	0
00.000,00.000	29.5	0	-200	0	4.5	2570.21	932.708	893.611	433.467	215.349	73.5778	11.5384	8.53281	1.42828	0	0	0	0	0	0	0	0	0	0	0	0
00.000,00.000	29.6	0	-200	0	4.5	2591.96	940.428	899.853	437.684	217.419	74.6566	11.7648	8.53281	1.61945	0	0	0	0	0	0	0	0	0	0	0	0
00.000,00.000	29.7	0	-200	0	4.5	2612.73	948.06	905.672	441.648	219.352	75.6799	11.9858	8.53281	1.79614	0	0	0	0	0	0	0	0	0	0	0	0
00.000,00.000	29.8	0	-200	0	4.5	2687.5	975.294	926.572	455.874	226.445	79.5166	12.8282	8.53281	2.44215	0	0	0	0	0	0	0	0	0	0	0	0
00.000,00.000	29.9	0	-200	0	4.5	2702.34	981.025	930.616	458.587	227.732	80.2641	13.0079	8.53284	2.57313	0	0	0	0	0	0	0	0	0	0	0	0
00.000,00.000	30	0	-200	0	4.5	2704	981.666	931.063	458.896	227.881	80.3492	13.0279	8.53289	2.5869	0	0	0	0	0	0	0	0	0	0	0	0
00.000,00.000	30.1	0	-200	0	4.5	2743.74	997.003	941.545	466.367	231.442	82.4157	13.52	8.53501	2.91279	0	0	0	0	0	0	0	0	0	0	0	0
00.000,00.000	30.2	0	-200	0	4.5	2772.53	1008.32	948.952	471.796	233.975	83.9077	13.8935	8.53841	3.15157	0	0	0	0	0	0	0	0	0	0	0	0
00.000,00.000	30.3	0	-200	0	4.5	2795.08	1017.19	954.737	476.04	235.95	85.0945	14.1919	8.54327	3.33489	0	0	0	0	0	0	0	0	0	0	0	0
00.000,00.000	30.4	0	-200	0	4.5	2882.45	1051.91	976.533	492.672	243.555	89.763	15.3991	8.57129	4.04629	0	0	0	0	0	0	0	0	0	0	0	0
00.000,00.000	30.5	0	-200	0	4.5	2924.2	1068.28	986.823	500.823	247.231	92.0124	16.0323	8.58979	4.40505	0	0	0	0	0	0	0	0	0	0	0	0
00.000,00.000	30.6	0	-200	0	4.5	2966.65	1083.04	998.258	509.472	251.236	94.5155	16.7271	8.61813	4.78255	0	0	0	0	0	0	0	0	0	0	0	0
00.000,00.000	30.7	0	-200	0	4.5	3026.94	1103.1	1014.99	521.792	257.006	98.1315	17.9202	8.66847	5.32796	0	0	0	0	0	0	0	0	0	0	0	0
00.000,00.000	30.8	0	-200	0	4.5	3036.27	1106.15	1017.68	523.716	257.867	98.6418	18.1255	8.67736	5.41262	0	0	0	0	0	0	0	0	0	0	0	0
00.000,00.000	30.9	0	-200	0	4.5	3037.42	1106.55	1018	523.941	257.972	98.7072	18.1477	8.67868	5.42217	0	0	0	0	0	0	0	0	0	0	0	0
00.000,00.000	31	0	-200	0	4.5	3090.81	1125.46	1032.54	534.433	262.72	101.838	19.202	8.74968	5.86347	0	0	0	0	0	0	0	0	0	0	0	0
00.000,00.000	31.1	0	-200	0	4.5	3123.19	1136.95	1041.17	540.866	265.598	103.781	19.8869	8.79877	6.13916	0	0	0	0	0	0	0	0	0	0	0	0
00.000,00.000	31.2	0	-200	0	4.5	3144.7	1144.62	1046.79	545.142	267.54	105.118	20.3389	8.83693	6.32048	0	0	0	0	0	0	0	0	0	0	0	0
00.000,00.000	31.3	0	-200	0	4.5	3166.26	1152.34	1052.29	549.43	269.501	106.48	20.8412	8.87934	6.50251	0	0	0	0	0	0	0	0	0	0	0	0
00.000,00.000	31.4	0	-200	0	4.5	3187.97	1160.11	1057.84	553.719	271.477	107.859	21.3525	8.92596	6.6845	0	0	0	0	0	0	0	0	0	0	0	0
00.000,00.000	31.5	0	-200	0	4.5	3209.49	1167.79	1063.37	557.941	273.454	109.231	21.8678	8.97722	6.86641	0	0	0	0	0	0	0	0	0	0	0	0
00.000,00.000	31.6	0	-200	0	4.5	3239.47	1177.39	1071.32	564.093	276.473	111.332	22.6482	9.06229	7.14767	0	0	0	0	0	0	0	0	0	0	0	0
00.000,00.000	31.7	0	-200	0	4.5	3247.26	1180.16	1073.3	565.612	277.189	111.847	22.8509	9.08464	7.21734	0	0	0	0	0	0	0	0	0	0	0	0
00.000,00.000	31.8	0	-200	0	4.5	3290.94	1195.33	1084.34	574.121	281.45	114.876	23.978	9.2268	7.61783	0	0	0	0	0	0	0	0	0	0	0	0
00.000,00.000	31.9	0	-200	0	4.5	3301.16	1198.84	1086.84	576.193	282.447	115.602	24.2657	9.26271	7.71505	0	0	0	0	0	0	0	0	0	0	0	0
00.000,00.000	32	0	-200	0	4.5	3331.13	1209.98	1093.88	582.05	285.208	117.632	25.025	9.37269	7.97944	0	0	0	0	0	0	0	0	0	0	0	0
00.000,00.000	32.1	0	-200	0	4.5	3355.61	1218.96	1099.74	586.781	287.446	119.333	25.6719	9.46959	8.20164	0	0	0	0	0	0	0	0	0	0	0	0
00.000,00.000	32.2	0	-200	0	4.5	3375.21	1225.92	1104.59	590.57	289.246	120.726	26.2199	9.5544	8.38363	0	0	0	0	0	0	0	0	0	0	0	0
00.000,00.000	32.3	0	-200	0	4.5	3394.74	1233.22	1109.21	594.283	290.969	122.091	26.7596	9.64367	8.56231	0	0	0	0	0	0	0	0	0	0	0	0
00.000,00.000	32.4	0	-200	0	4.5	3429.42	1246.18	1117.49	600.817	293.979	124.531	27.7223	9.81363	8.88203	0	0	0	0	0	0	0	0	0	0	0	0
00.000,00.000	32.5	0	-200	0	4.5	3453.74	1255.07	1123.33	605.401	296.085	126.344	28.4571	9.94094	9.11057	0	0	0	0	0	0	0	0	0	0	0	0
00.000,00.000	32.6	0	-200	0	4.5	3476.44	1262.07	1129.04	610.043	298.325	128.272	29.2505	10.0872	9.27668	0.0804598	0	0	0	0	0	0	0	0	0	0	0
00.000,00.000	32.7	0	-200	0	4.5	3488.21	1266.42	1131.74	612.241	299.363	129.175	29.6305	10.1598	9.26184	0.211727	0	0	0	0	0	0	0	0	0	0	0
00.000,00.000	32.8	0	-200	0	4.5	3510.25	1272.93	1137.38	616.79	301.561	131.091	30.4539	10.3245	9.27352	0.448161	0	0	0	0	0	0	0	0	0	0	0
00.000,00.000	32.9	0	-200	0	4.5	3532.98	1281.68	1142.39	620.864	303.553	132.814	31.2414	10.4837	9.26984	0.681436	0	0	0	0	0	0	0	0	0	0	0
00.000,00.000	33	0	-200	0	4.5	3541.27	1284.63	1144.33	622.405	304.303	133.466	31.547	10.547	9.26984	0.768564	0	0	0	0	0	0	0	0	0	0	0
00.000,00.000	33.1	0	-200	0	4.5	3558.4	1290.75	1148.35	625.551	305.845	134.813	32.1859	10.6861	9.26984	0.949423	0	0	0	0	0	0	0	0	0	0	0
00.000,00.000	33.2	0	-200	0	4.5	3577.14	1297.94	1152.53	628.864	307.458	136.223	32.8762	10.8414	9.26984	1.14243	0	0	0	0	0	0	0	0	0	0	0
00.000,00.000	33.3	0	-200	0	4.5	3595.24	1304.94	1156.53	632.032	308.987	137.566	33.5862	10.9985	9.26984	1.32884	0	0	0	0	0	0	0	0	0	0	0
00.000,00.000	33.4	0	-200	0	4.5	3687.59	1340.15	1177.01	648.321	316.811	144.48	37.3818	11.8655	9.27162	2.3011	0	0	0	0	0	0	0	0	0	0	0
00.000,00.000	33.5	0	-200	0	4.5	3729	1355.94	1185.82	655.885	320.259	147.573	39.2329	12.2715	9.27644	2.74507	0	0	0	0	0	0	0	0	0	0	0
00.000,00.000	33.6	0	-200	0	4.5	3767.3	1367.37	1194.3	663.873	324.11	151.028	41.3016	12.7652	9.29327	3.26114	0	0	0	0	0	0	0	0	0	0	0
00.000,00.000	33.7	0	-200	0	4.5	3786.59	1372.61	1198.24	668.103	326.268	152.927	42.4851	13.0937	9.3073	3.554	0	0	0	0	0	0	0	0	0	0	0
00.000,00.000	33.8	0	-200	0	4.5	3826.42	1387.37	1206.07	675.288	330.002	156.061	44.5406	13.6841	9.34376	4.05435	0	0	0	0	0	0	0	0	0	0	0
00.000,00.000	33.9	0	-200	0	4.5	3832.07	1389.17	1207.24	676.413	330.565	156.547	44.8721	13.7797	9.35077	4.13373	0	0	0	0	0	0	0	0	0	0	0
00.000,00.000	34	0	-200	0	4.5	3832.81	1389.4	1207.39	676.558	330.64	156.606	44.9149	13.7925	9.35214	4.14378	0	0	0	0	0	0	0	0	0	0	0
00.000,00.000	34.1	0	-200	0	4.5	3878.4	1404.94	1217.46	684.822	334.968	159.937	47.4408	14.6505	9.45055	4.73459	0	0	0	0	0	0	0	0	0	0	0
00.000,00.000	34.2	0	-200	0	4.5	3902.15	1413.3	1222.47	689.041	337.127	161.701	48.8291	15.1137	9.51092	5.05796	0	0	0	0	0	0	0	0	0	0	0
00.000,00.000	34.3	0	-200	0	4.5	3915.01	1417.72	1225.23	691.299	338.397	162.635	49.5861	15.3648	9.55133	5.23412	0	0	0	0	0	0	0	0	0	0	0
00.000,00.000	34.4	0	-200	0	4.5	3955.45	1432.23	1234.24	697.916	342.262	165.288	51.9156	16.1434	9.69308	5.76728	0	0	0	0	0	0	0	0	0	0	0
00.000,00.000	34.5	0	-200	0	4.5	3977.4	1439.98	1239.2	701.533	344.35	166.629	53.2578	16.6131	9.7785	6.06372	0	0	0	0	0	0	0	0	0	0	0
00.000,00.000	34.6	0	-200	0	4.5	3988.67	1443.34	1241.65	703.522	345.569	167.455	54.1115	16.9214	9.83928	6.25294	0	0	0	0	0	0	0	0	0	0	0
00.000,00.000	34.7	0	-200	0	4.5	4002.2	1448.15	1244.24	705.459	346.784	168.474	55.2826	17.358	9.9301	6.51986	0	0	0	0	0	0	0	0	0	0	0
00.000,00.000	34.8	0	-200	0	4.5	4091.08	1478.19	1262.7	718.944	355.978	174.551	62.139	19.9992	10.5249	8.06133	0	0	0	0	0	0	0	0	0	0	0
00.000,00.000	34.9	0	-200	0	4.5	4107.04	1483.62	1266.02	721.294	357.337	175.766	63.5074	20.501	10.6437	8.35284	0	0	0	0	0	0	0	0	0	0	0
00.000,00.000	35	0	-200	0	4.5	4111.19	1485.13	1266.84	721.843	357.718	176.066	63.8494	20.6375	10.6811	8.42803	0	0	0	0	0	0	0	0	0	0	0
00.000,00.000	35.1	0	-200	0	4.5	4144.52	1496.88	1273.89	726.383	360.835	178.337	66.4551	21.7284	10.9902	9.02108	0	0	0	0	0	0	0	0	0	0	0
00.000,00.000	35.2	0	-200	0	4.5	4160.57	1502.86	1277.15	728.469	362.199	179.355	67.7786	22.2827	11.1548	9.25977	0.0578584	0	0	0	0	0	0	0	0	0	0
00.000,00.000	35.3	0	-200	0	4.5	4170.19	1506.53	1279.13	729.614	363.052	179.946	68.5348	22.6195	11.2611	9.2957	0.196183	0	0	0	0	0	0	0	0	0	0
00.000,00.000	35.4	0	-200	0	4.5	4228.63	1528.42	1291.44	736.551	368.106	183.323	73.0117	24.6697	12.5756	9.38193	1.15166	0	0	0	0	0	0	0	0	0	0
00.000,00.000	35.5	0	-200	0	4.5	4246.36	1534.98	1295.35	738.58	369.466	184.32	74.4179	25.2466	13.1497	9.38194	1.47402	0	0	0	0	0	0	0	0	0	0
00.000,00.000	35.6	0	-200	0	4.5	4246.68	1535.08	1295.42	738.615	369.492	184.339	74.4477	25.2607	13.1631	9.38196	1.48128	0	0	0	0	0	0	0	0	0	0
00.000,00.000	35.7	0	-200	0	4.5	4287.74	1550.64	1303.3	742.876	371.886	186.48	78.3682	27.2369	14.2974	10.1565	2.5043	0	0	0	0	0	0	0	0	0	0
00.000,00.000	35.8	0	-200	0	4.5	4341.82	1570.8	1314.11	748.198	375.778	189.5	83.2033	29.8592	15.3524	11.5545	3.47504	0	0	0	0	0	0	0	0	0	0
00.000,00.000	35.9	0	-200	0	4.5	4348.77	1573.43	1315.55	748.926	376.231	189.884	83.8095	30.2334	15.4987	11.7425	3.47504	0	0	0	0	0	0	0	0	0	0
00.000,00.000	36	0	-200	0	4.5	4388.98	1590.17	1323.32	752.375	379.012	191.853	87.1606	32.4058	16.3879	12.8167	3.47504	0	0	0	0	0	0	0	0	0	0
00.000,00.000	36.1	0	-200	0	4.5	4407.58	1597.72	1327.04	753.99	380.277	192.823	88.6408	33.4623	16.8155	13.3304	3.47504	0	0	0	0	0	0	0	0	0	0
00.000,00.000	36.2	0	-200	0	4.5	4414.7	1600.8	1328.41	754.533	380.733	193.18	89.2017	33.8513	16.9861	13.5315	3.47504	0	0	0	0	0	0	0	0	0	0
00.000,00.000	36.3	0	-200	0	4.5	4422.59	1604.18	1329.92	755.143	381.253	193.561	89.8145	34.2941	17.1865	13.7617	3.47504	0	0	0	0	0	0	0	0	0	0
00.000,00.000	36.4	0	-200	0	4.5	4476.23	1627.5	1340.17	759.323	384.68	196.044	93.7749	37.3819	18.5258	15.355	3.47504	0	0	0	0	0	0	0	0	0	0
00.000,00.000	36.5	0	-200	0	4.5	4491.34	1633.9	1343.27	760.593	385.641	196.812	94.8649	38.2345	18.8598	15.696	3.47504	0	0	0	0	0	0	0	0	0	0
00.000,00.000	36.6	0	-200	0	4.5	4513.8	1643.96	1347.59	762.427	386.897	197.774	96.5654	39.6719	19.4704	15.9654	3.47504	0	0	0	0	0	0	0	0	0	0
00.000,00.000	36.7	0	-200	0	4.5	4556.9	1663.06	1355.82	765.924	389.142	199.517	99.7564	42.3522	20.812	17.0487	3.47504	0	0	0	0	0	0	0	0	0	0
00.000,00.000	36.8	0	-200	0	4.5	4563.37	1665.83	1357.06	766.468	389.508	199.785	100.23	42.7422	20.9803	17.2944	3.47504	0	0	0	0	0	0	0	0	0	0
00.000,00.000	36.9	0	-200	0	4.5	4584.86	1675.79	1360.71	768.116	390.558	200.62	101.838	44.0037	21.6103	18.1407	3.47504	0	0	0	0	0	0	0	0	0	0
00.000,00.000	37	0	-200	0	4.5	4592.32	1679.3	1361.95	768.69	390.936	200.897	102.381	44.4323	21.8231	18.4434	3.47504	0	0	0	0	0	0	0	0	0	0
00.000,00.000	37.1	0	-200	0	4.5	4600.66	1683.38	1363.23	769.285	391.306	201.189	102.978	44.9266	22.0858	18.796	3.47504	0	0	0	0	0	0	0	0	0	0
00.000,00.000	37.2	0	-200	0	4.5	4608.32	1687.22	1364.37	769.81	391.644	201.457	103.517	45.3735	22.3316	19.1283	3.47504	0	0	0	0	0	0	0	0	0	0
00.000,00.000	37.3	0	-200	0	4.5	4619.63	1692.95	1366	770.571	392.124	201.822	104.254	46.0652	22.7193	19.6462	3.47504	0	0	0	0	0	0	0	0	0	0
00.000,00.000	37.4	0	-200	0	4.5	4674.25	1720.46	1373.88	774.241	394.499	203.519	107.79	49.3731	24.7404	22.2733	3.47626	0	0	0	0	0	0	0	0	0	0
00.000,00.000	37.5	0	-200	0	4.5	4687.67	1727.14	1375.74	775.145	395.112	203.957	108.637	50.1599	25.3543	22.9434	3.47824	0	0	0	0	0	0	0	0	0	0
00.000,00.000	37.6	0	-200	0	4.5	4717.21	1742.27	1379.79	776.945	396.33	204.841	110.36	52.0301	26.6327	24.5069	3.50106	0	0	0	0	0	0	0	0	0	0
00.000,00.000	37.7	0	-200	0	4.5	4738.18	1753.16	1382.55	778.189	397.187	205.469	111.488	53.4394	27.5485	25.6248	3.5228	0	0	0	0	0	0	0	0	0	0
00.000,00.000	37.8	0	-200	0	4.5	4739.79	1754.01	1382.74	778.284	397.252	205.517	111.571	53.5434	27.6273	25.7166	3.52523	0	0	0	0	0	0	0	0	0	0
00.000,00.000	37.9	0	-200	0	4.5	4739.84	1754.04	1382.75	778.286	397.253	205.518	111.573	53.5468	27.6298	25.7196	3.52535	0	0	0	0	0	0	0	0	0	0
00.000,00.000	38	0	-200	0	4.5	4758.76	1764.41	1384.99	779.221	397.901	206.024	112.453	54.7518	28.5715	26.8509	3.57936	0	0	0	0	0	0	0	0	0	0
00.000,00.000	38.1	0	-200	0	4.5	4777.4	1774.68	1387.16	780.144	398.508	206.483	113.27	55.9336	29.5927	27.9881	3.6394	0	0	0	0	0	0	0	0	0	0
00.000,00.000	38.2	0	-200	0	4.5	4779.95	1776.09	1387.44	780.274	398.589	206.542	113.377	56.0946	29.7454	28.1472	3.64836	0	0	0	0	0	0	0	0	0	0
00.000,00.000	38.3	0	-200	0	4.5	4784.66	1778.75	1387.96	780.47	398.725	206.65	113.572	56.3961	30.0159	28.452	3.66867	0	0	0	0	0	0	0	0	0	0
00.000,00.000	38.4	0	-200	0	4.5	4797.41	1786.02	1389.33	780.975	399.075	206.922	114.101	57.2026	30.7604	29.2922	3.72923	0	0	0	0	0	0	0	0	0	0
00.000,00.000	38.5	0	-200	0	4.5	4800.31	1787.7	1389.64	781.097	399.156	206.984	114.219	57.3607	30.9302	29.4903	3.74378	0	0	0	0	0	0	0	0	0	0
00.000,00.000	38.6	0	-200	0	4.5	4800.3	1787.7	1389.63	781.098	399.156	206.983	114.217	57.3574	30.93	29.4903	3.74378	0	0	0	0	0	0	0	0	0	0
00.000,00.000	38.7	0	-200	0	4.5	4800.29	1787.69	1389.63	781.099	399.156	206.983	114.216	57.3543	30.9298	29.4903	3.74378	0	0	0	0	0	0	0	0	0	0
00.000,00.000	38.8	0	-200	0	4.5	4807.74	1792.13	1390.37	781.349	399.327	207.118	114.475	57.7612	31.3884	30.0291	3.78785	0	0	0	0	0	0	0	0	0	0
00.000,00.000	38.9	0	-200	0	4.5	4810.62	1793.84	1390.66	781.447	399.39	207.168	114.573	57.9087	31.5749	30.2516	3.80679	0	0	0	0	0	0	0	0	0	0
00.000,00.000	39	0	-200	0	4.5	4815.56	1796.8	1391.13	781.596	399.491	207.251	114.728	58.1794	31.9055	30.5409	3.93705	0	0	0	0	0	0	0	0	0	0
00.000,00.000	39.1	0	-200	0	4.5	4824.04	1801.98	1391.94	781.847	399.659	207.39	114.966	58.6201	32.4576	30.9004	4.28053	0	0	0	0	0	0	0	0	0	0
00.000,00.000	39.2	0	-200	0	4.5	4832.84	1807.4	1392.75	782.097	399.826	207.528	115.209	59.0512	33.0457	31.2738	4.66053	0	0	0	0	0	0	0	0	0	0
00.000,00.000	39.3	0	-200	0	4.5	4836.1	1809.41	1393.04	782.186	399.885	207.576	115.296	59.2126	33.2783	31.4222	4.80255	0	0	0	0	0	0	0	0	0	0
00.000,00.000	39.4	0	-200	0	4.5	4843.81	1814.26	1393.71	782.377	400.012	207.686	115.49	59.5724	33.8025	31.7511	5.14892	0	0	0	0	0	0	0	0	0	0
00.000,00.000	39.5	0	-200	0	4.5	4849.69	1817.96	1394.2	782.518	400.104	207.765	115.615	59.8523	34.2303	32.025	5.41181	0	0	0	0	0	0	0	0	0	0
00.000,00.000	39.6	0	-200	0	4.5	4850.43	1818.43	1394.26	782.536	400.116	207.774	115.629	59.8865	34.285	32.0606	5.44572	0	0	0	0	0	0	0	0	0	0
00.000,00.000	39.7	0	-200	0	4.5	4850.42	1818.43	1394.26	782.536	400.116	207.774	115.629	59.8853	34.2848	32.0602	5.44572	0	0	0	0	0	0	0	0	0	0
00.000,00.000	39.8	0	-200	0	4.5	4856.95	1822.64	1394.78	782.669	400.196	207.845	115.755	60.1831	34.7682	32.3763	5.73653	0	0	0	0	0	0	0	0	0	0
00.000,00.000	39.9	0	-200	0	4.5	4862.59	1826.24	1395.22	782.779	400.262	207.901	115.861	60.4227	35.2111	32.689	6.00097	0	0	0	0	0	0	0	0	0	0
00.000,00.000	40	0	-200	0	4.5	4865.51	1828.13	1395.45	782.834	400.294	207.928	115.913	60.5351	35.4336	32.8452	6.14775	0	0	0	0	0	0	0	0	0	0
00.000,00.000	40.1	0	-200	0	4.5	4873	1832.98	1396.04	782.969	400.368	207.996	116.05	60.8245	36.0135	33.2457	6.51836	0	0	0	0	0	0	0	0	0	0
00.000,00.000	40.2	0	-200	0	4.5	4877.27	1835.74	1396.36	783.058	400.408	208.031	116.124	60.9874	36.3554	33.4819	6.71983	0	0	0	0	0	0	0	0	0	0
00.000,00.000	40.3	0	-200	0	4.5	4881.53	1838.48	1396.69	783.138	400.444	208.066	116.186	61.1439	36.7191	33.733	6.92913	0	0	0	0	0	0	0	0	0	0
00.000,00.000	40.4	0	-200	0	4.5	4888.45	1842.99	1397.23	783.264	400.499	208.118	116.295	61.3809	37.2745	34.1165	7.28868	0	0	0	0	0	0	0	0	0	0
00.000,00.000	40.5	0	-200	0	4.5	4889.98	1843.98	1397.34	783.292	400.511	208.129	116.319	61.4346	37.4049	34.2017	7.36631	0	0	0	0	0	0	0	0	0	0
00.000,00.000	40.6	0	-200	0	4.5	4889.97	1843.97	1397.34	783.293	400.511	208.129	116.319	61.4347	37.4041	34.1998	7.36631	0	0	0	0	0	0	0	0	0	0
00.000,00.000	40.7	0	-200	0	4.5	4893.94	1846.54	1397.63	783.351	400.537	208.153	116.374	61.5568	37.7628	34.4538	7.57463	0	0	0	0	0	0	0	0	0	0
00.000,00.000	40.8	0	-200	0	4.5	4899.08	1849.8	1398.07	783.423	400.569	208.181	116.447	61.7091	38.2122	34.8106	7.86327	0	0	0	0	0	0	0	0	0	0
00.000,00.000	40.9	0	-200	0	4.5	4903.3	1852.2	1398.69	783.478	400.594	208.202	116.51	61.8213	38.548	35.1362	8.11564	0	0	0	0	0	0	0	0	0	0
00.000,00.000	41	0	-200	0	4.5	4907.3	1854.4	1399.38	783.528	400.615	208.221	116.57	61.9283	38.8846	35.4295	8.34591	0	0	0	0	0	0	0	0	0	0
00.000,00.000	41.1	0	-200	0	4.5	4911.19	1856.45	1400.12	783.572	400.635	208.238	116.628	62.0223	39.224	35.7238	8.57507	0	0	0	0	0	0	0	0	0	0
00.000,00.000	41.2	0	-200	0	4.5	4915.03	1858.42	1400.91	783.613	400.653	208.252	116.682	62.1059	39.5411	36.0309	8.81866	0	0	0	0	0	0	0	0	0	0
00.000,00.000	41.3	0	-200	0	4.5	4918.74	1860.29	1401.69	783.647	400.67	208.265	116.73	62.183	39.8449	36.3615	9.06295	0	0	0	0	0	0	0	0	0	0
00.000,00.000	41.4	0	-200	0	4.5	4922.37	1862.01	1402.57	783.678	400.686	208.277	116.778	62.258	40.1495	36.665	9.29255	0	0	0	0	0	0	0	0	0	0
00.000,00.000	41.5	0	-200	0	4.5	4925.98	1863.67	1403.45	783.705	400.7	208.287	116.823	62.325	40.4767	36.999	9.53735	0	0	0	0	0	0	0	0	0	0
00.000,00.000	41.6	0	-200	0	4.5	4929.51	1865.24	1404.36	783.728	400.714	208.295	116.864	62.3836	40.7867	37.3536	9.78794	0	0	0	0	0	0	0	0	0	0
00.000,00.000	41.7	0	-200	0	4.5	4932.87	1866.67	1405.29	783.748	400.726	208.303	116.902	62.4403	41.0969	37.6721	10.0201	0	0	0	0	0	0	0	0	0	0
00.000,00.000	41.8	0	-200	0	4.5	4936.05	1868.02	1406.13	783.765	400.738	208.308	116.937	62.4934	41.407	38.0013	10.2525	0	0	0	0	0	0	0	0	0	0
00.000,00.000	41.9	0	-200	0	4.5	4939.29	1869.36	1406.99	783.779	400.748	208.313	116.973	62.5454	41.72	38.3583	10.5054	0	0	0	0	0	0	0	0	0	0
00.000,00.000	42	0	-200	0	4.5	4942.43	1870.54	1407.92	783.792	400.758	208.317	117.004	62.5938	42.0267	38.7176	10.7566	0	0	0	0	0	0	0	0	0	0