
label	time(d)	x	depth	z	radius	total	0-10	10-20	20-30	30-40	40-50	50-60	60-70	70-80	80-90	90-100	100-110	110-120	120-130	130-140	140-150	150-160	160-170	170-180	180-190	190-200
05.500,00.000	0	5.5	-200	0	4.5	0	0	0	0	0	0	0	0	0	0	0	0	0	0	0	0	0	0	0	0	0
05.500,00.000	0.1	5.5	-200	0	4.5	0	0	0	0	0	0	0	0	0	0	0	0	0	0	0	0	0	0	0	0	0
05.500,00.000	0.2	5.5	-200	0	4.5	0	0	0	0	0	0	0	0	0	0	0	0	0	0	0	0	0	0	0	0	0
05.500,00.000	0.3	5.5	-200	0	4.5	0	0	0	0	0	0	0	0	0	0	0	0	0	0	0	0	0	0	0	0	0
05.500,00.000	0.4	5.5	-200	0	4.5	0	0	0	0	0	0	0	0	0	0	0	0	0	0	0	0	0	0	0	0	0
05.500,00.000	0.5	5.5	-200	0	4.5	0	0	0	0	0	0	0	0	0	0	0	0	0	0	0	0	0	0	0	0	0
05.500,00.000	0.6	5.5	-200	0	4.5	0	0	0	0	0	0	0	0	0	0	0	0	0	0	0	0	0	0	0	0	0
05.500,00.000	0.7	5.5	-200	0	4.5	0	0	0	0	0	0	0	0	0	0	0	0	0	0	0	0	0	0	0	0	0
05.500,00.000	0.8	5.5	-200	0	4.5	0	0	0	0	0	0	0	0	0	0	0	0	0	0	0	0	0	0	0	0	0
05.500,00.000	0.9	5.5	-200	0	4.5	0	0	0	0	0	0	0	0	0	0	0	0	0	0	0	0	0	0	0	0	0
05.500,00.000	1	5.5	-200	0	4.5	0	0	0	0	0	0	0	0	0	0	0	0	0	0	0	0	0	0	0	0	0
05.500,00.000	1.1	5.5	-200	0	4.5	0	0	0	0	0	0	0	0	0	0	0	0	0	0	0	0	0	0	0	0	0
05.500,00.000	1.2	5.5	-200	0	4.5	0	0	0	0	0	0	0	0	0	0	0	0	0	0	0	0	0	0	0	0	0
05.500,00.000	1.3	5.5	-200	0	4.5	0	0	0	0	0	0	0	0	0	0	0	0	0	0	0	0	0	0	0	0	0
05.500,00.000	1.4	5.5	-200	0	4.5	0	0	0	0	0	0	0	0	0	0	0	0	0	0	0	0	0	0	0	0	0
05.500,00.000	1.5	5.5	-200	0	4.5	0	0	0	0	0	0	0	0	0	0	0	0	0	0	0	0	0	0	0	0	0
05.500,00.000	1.6	5.5	-200	0	4.5	0	0	0	0	0	0	0	0	0	0	0	0	0	0	0	0	0	0	0	0	0
05.500,00.000	1.7	5.5	-200	0	4.5	0	0	0	0	0	0	0	0	0	0	0	0	0	0	0	0	0	0	0	0	0
05.500,00.000	1.8	5.5	-200	0	4.5	0	0	0	0	0	0	0	0	0	0	0	0	0	0	0	0	0	0	0	0	0
05.500,00.000	1.9	5.5	-200	0	4.5	0	0	0	0	0	0	0	0	0	0	0	0	0	0	0	0	0	0	0	0	0
05.500,00.000	2	5.5	-200	0	4.5	0	0	0	0	0	0	0	0	0	0	0	0	0	0	0	0	0	0	0	0	0
05.500,00.000	2.1	5.5	-200	0	4.5	0	0	0	0	0	0	0	0	0	0	0	0	0	0	0	0	0	0	0	0	0
05.500,00.000	2.2	5.5	-200	0	4.5	0	0	0	0	0	0	0	0	0	0	0	0	0	0	0	0	0	0	0	0	0
05.500,00.000	2.3	5.5	-200	0	4.5	0	0	0	0	0	0	0	0	0	0	0	0	0	0	0	0	0	0	0	0	0
05.500,00.000	2.4	5.5	-200	0	4.5	0	0	0	0	0	0	0	0	0	0	0	0	0	0	0	0	0	0	0	0	0
05.500,00.000	2.5	5.5	-200	0	4.5	0	0	0	0	0	0	0	0	0	0	0	0	0	0	0	0	0	0	0	0	0
05.500,00.000	2.6	5.5	-200	0	4.5	0	0	0	0	0	0	0	0	0	0	0	0	0	0	0	0	0	0	0	0	0
05.500,00.000	2.7	5.5	-200	0	4.5	0	0	0	0	0	0	0	0	0	0	0	0	0	0	0	0	0	0	0	0	0
05.500,00.000	2.8	5.5	-200	0	4.5	0	0	0	0	0	0	0	0	0	0	0	0	0	0	0	0	0	0	0	0	0
05.500,00.000	2.9	5.5	-200	0	4.5	0	0	0	0	0	0	0	0	0	0	0	0	0	0	0	0	0	0	0	0	0
05.500,00.000	3	5.5	-200	0	4.5	3.77476e-15	3.77476e-15	0	0	0	0	0	0	0	0	0	0	0	0	0	0	0	0	0	0	0
05.500,00.000	3.1	5.5	-200	0	4.5	0.282258	0.282258	0	0	0	0	0	0	0	0	0	0	0	0	0	0	0	0	0	0	0
05.500,00.000	3.2	5.5	-200	0	4.5	0.559747	0.559747	0	0	0	0	0	0	0	0	0	0	0	0	0	0	0	0	0	0	0
05.500,00.000	3.3	5.5	-200	0	4.5	0.83673	0.83673	0	0	0	0	0	0	0	0	0	0	0	0	0	0	0	0	0	0	0
05.500,00.000	3.4	5.5	-200	0	4.5	1.11199	1.11199	0	0	0	0	0	0	0	0	0	0	0	0	0	0	0	0	0	0	0
05.500,00.000	3.5	5.5	-200	0	4.5	1.38268	1.38268	0	0	0	0	0	0	0	0	0	0	0	0	0	0	0	0	0	0	0
05.500,00.000	3.6	5.5	-200	0	4.5	1.64867	1.64867	0	0	0	0	0	0	0	0	0	0	0	0	0	0	0	0	0	0	0
05.500,00.000	3.7	5.5	-200	0	4.5	1.91166	1.91166	0	0	0	0	0	0	0	0	0	0	0	0	0	0	0	0	0	0	0
05.500,00.000	3.8	5.5	-200	0	4.5	2.33421	2.33421	0	0	0	0	0	0	0	0	0	0	0	0	0	0	0	0	0	0	0
05.500,00.000	3.9	5.5	-200	0	4.5	2.79466	2.79466	0	0	0	0	0	0	0	0	0	0	0	0	0	0	0	0	0	0	0
05.500,00.000	4	5.5	-200	0	4.5	3.24623	3.24623	0	0	0	0	0	0	0	0	0	0	0	0	0	0	0	0	0	0	0
05.500,00.000	4.1	5.5	-200	0	4.5	3.72973	3.72973	0	0	0	0	0	0	0	0	0	0	0	0	0	0	0	0	0	0	0
05.500,00.000	4.2	5.5	-200	0	4.5	4.21643	4.21643	0	0	0	0	0	0	0	0	0	0	0	0	0	0	0	0	0	0	0
05.500,00.000	4.3	5.5	-200	0	4.5	4.70584	4.70584	0	0	0	0	0	0	0	0	0	0	0	0	0	0	0	0	0	0	0
05.500,00.000	4.4	5.5	-200	0	4.5	5.19618	5.19618	0	0	0	0	0	0	0	0	0	0	0	0	0	0	0	0	0	0	0
05.500,00.000	4.5	5.5	-200	0	4.5	5.68199	5.68199	0	0	0	0	0	0	0	0	0	0	0	0	0	0	0	0	0	0	0
05.500,00.000	4.6	5.5	-200	0	4.5	6.16243	6.16243	0	0	0	0	0	0	0	0	0	0	0	0	0	0	0	0	0	0	0
05.500,00.000	4.7	5.5	-200	0	4.5	6.63859	6.63859	0	0	0	0	0	0	0	0	0	0	0	0	0	0	0	0	0	0	0
05.500,00.000	4.8	5.5	-200	0	4.5	7.11194	7.11194	0	0	0	0	0	0	0	0	0	0	0	0	0	0	0	0	0	0	0
05.500,00.000	4.9	5.5	-200	0	4.5	7.58358	7.58358	0	0	0	0	0	0	0	0	0	0	0	0	0	0	0	0	0	0	0
05.500,00.000	5	5.5	-200	0	4.5	8.05357	7.952	0.101569	0	0	0	0	0	0	0	0	0	0	0	0	0	0	0	0	0	0
05.500,00.000	5.1	5.5	-200	0	4.5	8.52271	8.15624	0.366461	0	0	0	0	0	0	0	0	0	0	0	0	0	0	0	0	0	0
05.500,00.000	5.2	5.5	-200	0	4.5	8.9929	8.3637	0.629203	0	0	0	0	0	0	0	0	0	0	0	0	0	0	0	0	0	0
05.500,00.000	5.3	5.5	-200	0	4.5	9.46544	8.39927	1.06618	0	0	0	0	0	0	0	0	0	0	0	0	0	0	0	0	0	0
05.500,00.000	5.4	5.5	-200	0	4.5	9.94026	8.39923	1.54103	0	0	0	0	0	0	0	0	0	0	0	0	0	0	0	0	0	0
05.500,00.000	5.5	5.5	-200	0	4.5	10.4145	8.39921	2.01528	0	0	0	0	0	0	0	0	0	0	0	0	0	0	0	0	0	0
05.500,00.000	5.6	5.5	-200	0	4.5	10.8869	8.39917	2.4877	0	0	0	0	0	0	0	0	0	0	0	0	0	0	0	0	0	0
05.500,00.000	5.7	5.5	-200	0	4.5	11.357	8.39917	2.95784	0	0	0	0	0	0	0	0	0	0	0	0	0	0	0	0	0	0
05.500,00.000	5.8	5.5	-200	0	4.5	11.8253	8.39917	3.4261	0	0	0	0	0	0	0	0	0	0	0	0	0	0	0	0	0	0
05.500,00.000	5.9	5.5	-200	0	4.5	12.2923	8.39917	3.89313	0	0	0	0	0	0	0	0	0	0	0	0	0	0	0	0	0	0
05.500,00.000	6	5.5	-200	0	4.5	12.7589	8.39917	4.35968	0	0	0	0	0	0	0	0	0	0	0	0	0	0	0	0	0	0
05.500,00.000	6.1	5.5	-200	0	4.5	13.2266	8.39917	4.82741	0	0	0	0	0	0	0	0	0	0	0	0	0	0	0	0	0	0
05.500,00.000	6.2	5.5	-200	0	4.5	13.6957	8.39917	5.29652	0	0	0	0	0	0	0	0	0	0	0	0	0	0	0	0	0	0
05.500,00.000	6.3	5.5	-200	0	4.5	14.166	8.39917	5.76684	0	0	0	0	0	0	0	0	0	0	0	0	0	0	0	0	0	0
05.500,00.000	6.4	5.5	-200	0	4.5	14.491	8.39917	6.0918	0	0	0	0	0	0	0	0	0	0	0	0	0	0	0	0	0	0
05.500,00.000	6.5	5.5	-200	0	4.5	14.7511	8.39917	6.35191	0	0	0	0	0	0	0	0	0	0	0	0	0	0	0	0	0	0
05.500,00.000	6.6	5.5	-200	0	4.5	15.0107	8.39917	6.61148	0	0	0	0	0	0	0	0	0	0	0	0	0	0	0	0	0	0
05.500,00.000	6.7	5.5	-200	0	4.5	15.2696	8.39917	6.87043	0	0	0	0	0	0	0	0	0	0	0	0	0	0	0	0	0	0
05.500,00.000	6.8	5.5	-200	0	4.5	15.5279	8.39917	7.1287	0	0	0	0	0	0	0	0	0	0	0	0	0	0	0	0	0	0
05.500,00.000	6.9	5.5	-200	0	4.5	15.7857	8.39917	7.38651	0	0	0	0	0	0	0	0	0	0	0	0	0	0	0	0	0	0
05.500,00.000	7	5.5	-200	0	4.5	16.043	8.39917	7.64382	0	0	0	0	0	0	0	0	0	0	0	0	0	0	0	0	0	0
05.500,00.000	7.1	5.5	-200	0	4.5	16.2999	8.39918	7.90072	0	0	0	0	0	0	0	0	0	0	0	0	0	0	0	0	0	0
05.500,00.000	7.2	5.5	-200	0	4.5	16.558	8.40035	8.15765	0	0	0	0	0	0	0	0	0	0	0	0	0	0	0	0	0	0
05.500,00.000	7.3	5.5	-200	0	4.5	16.8164	8.40181	8.41456	0	0	0	0	0	0	0	0	0	0	0	0	0	0	0	0	0	0
05.500,00.000	7.4	5.5	-200	0	4.5	17.076	8.40471	8.67127	0	0	0	0	0	0	0	0	0	0	0	0	0	0	0	0	0	0
05.500,00.000	7.5	5.5	-200	0	4.5	17.336	8.40862	8.92741	0	0	0	0	0	0	0	0	0	0	0	0	0	0	0	0	0	0
05.500,00.000	7.6	5.5	-200	0	4.5	17.5998	8.41585	9.1839	0	0	0	0	0	0	0	0	0	0	0	0	0	0	0	0	0	0
05.500,00.000	7.7	5.5	-200	0	4.5	17.8663	8.42612	9.44023	0	0	0	0	0	0	0	0	0	0	0	0	0	0	0	0	0	0
05.500,00.000	7.8	5.5	-200	0	4.5	18.1365	8.44026	9.69627	0	0	0	0	0	0	0	0	0	0	0	0	0	0	0	0	0	0
05.500,00.000	7.9	5.5	-200	0	4.5	18.4099	8.45764	9.95229	0	0	0	0	0	0	0	0	0	0	0	0	0	0	0	0	0	0
05.500,00.000	8	5.5	-200	0	4.5	18.6874	8.47932	10.2081	0	0	0	0	0	0	0	0	0	0	0	0	0	0	0	0	0	0
05.500,00.000	8.1	5.5	-200	0	4.5	18.9694	8.50553	10.4639	0	0	0	0	0	0	0	0	0	0	0	0	0	0	0	0	0	0
05.500,00.000	8.2	5.5	-200	0	4.5	19.2575	8.53805	10.7195	0	0	0	0	0	0	0	0	0	0	0	0	0	0	0	0	0	0
05.500,00.000	8.3	5.5	-200	0	4.5	19.5525	8.57757	10.9749	0	0	0	0	0	0	0	0	0	0	0	0	0	0	0	0	0	0
05.500,00.000	8.4	5.5	-200	0	4.5	19.8552	8.62433	11.2308	0	0	0	0	0	0	0	0	0	0	0	0	0	0	0	0	0	0
05.500,00.000	8.5	5.5	-200	0	4.5	20.1633	8.6762	11.4871	0	0	0	0	0	0	0	0	0	0	0	0	0	0	0	0	0	0
05.500,00.000	8.6	5.5	-200	0	4.5	20.4786	8.73433	11.7442	0	0	0	0	0	0	0	0	0	0	0	0	0	0	0	0	0	0
05.500,00.000	8.7	5.5	-200	0	4.5	20.8015	8.79963	12.0019	0	0	0	0	0	0	0	0	0	0	0	0	0	0	0	0	0	0
05.500,00.000	8.8	5.5	-200	0	4.5	21.1647	8.90473	12.2599	0	0	0	0	0	0	0	0	0	0	0	0	0	0	0	0	0	0
05.500,00.000	8.9	5.5	-200	0	4.5	21.5629	9.04438	12.5185	0	0	0	0	0	0	0	0	0	0	0	0	0	0	0	0	0	0
05.500,00.000	9	5.5	-200	0	4.5	21.9754	9.19813	12.7773	0	0	0	0	0	0	0	0	0	0	0	0	0	0	0	0	0	0
05.500,00.000	9.1	5.5	-200	0	4.5	22.4026	9.36585	13.0367	0	0	0	0	0	0	0	0	0	0	0	0	0	0	0	0	0	0
05.500,00.000	9.2	5.5	-200	0	4.5	22.8461	9.5489	13.2972	0	0	0	0	0	0	0	0	0	0	0	0	0	0	0	0	0	0
05.500,00.000	9.3	5.5	-200	0	4.5	23.3062	9.74695	13.5593	0	0	0	0	0	0	0	0	0	0	0	0	0	0	0	0	0	0
05.500,00.000	9.4	5.5	-200	0	4.5	23.7824	9.95816	13.5619	0.262331	0	0	0	0	0	0	0	0	0	0	0	0	0	0	0	0	0
05.500,00.000	9.5	5.5	-200	0	4.5	24.2712	10.1781	13.5656	0.527432	0	0	0	0	0	0	0	0	0	0	0	0	0	0	0	0	0
05.500,00.000	9.6	5.5	-200	0	4.5	24.7747	10.4092	13.572	0.793459	0	0	0	0	0	0	0	0	0	0	0	0	0	0	0	0	0
05.500,00.000	9.7	5.5	-200	0	4.5	25.0967	10.6498	13.582	0.864893	0	0	0	0	0	0	0	0	0	0	0	0	0	0	0	0	0
05.500,00.000	9.8	5.5	-200	0	4.5	25.3609	10.9007	13.5953	0.864893	0	0	0	0	0	0	0	0	0	0	0	0	0	0	0	0	0
05.500,00.000	9.9	5.5	-200	0	4.5	25.6644	11.186	13.6135	0.864893	0	0	0	0	0	0	0	0	0	0	0	0	0	0	0	0	0
05.500,00.000	10	5.5	-200	0	4.5	26.0102	11.5095	13.6358	0.864893	0	0	0	0	0	0	0	0	0	0	0	0	0	0	0	0	0
05.500,00.000	10.1	5.5	-200	0	4.5	26.3795	11.8515	13.6631	0.864893	0	0	0	0	0	0	0	0	0	0	0	0	0	0	0	0	0
05.500,00.000	10.2	5.5	-200	0	4.5	26.7714	12.2105	13.696	0.864893	0	0	0	0	0	0	0	0	0	0	0	0	0	0	0	0	0
05.500,00.000	10.3	5.5	-200	0	4.5	27.1861	12.5866	13.7346	0.864893	0	0	0	0	0	0	0	0	0	0	0	0	0	0	0	0	0
05.500,00.000	10.4	5.5	-200	0	4.5	27.6215	12.9783	13.7782	0.864893	0	0	0	0	0	0	0	0	0	0	0	0	0	0	0	0	0
05.500,00.000	10.5	5.5	-200	0	4.5	28.0707	13.3787	13.8271	0.864893	0	0	0	0	0	0	0	0	0	0	0	0	0	0	0	0	0
05.500,00.000	10.6	5.5	-200	0	4.5	28.5339	13.7888	13.8803	0.864893	0	0	0	0	0	0	0	0	0	0	0	0	0	0	0	0	0
05.500,00.000	10.7	5.5	-200	0	4.5	29.013	14.2088	13.9392	0.864893	0	0	0	0	0	0	0	0	0	0	0	0	0	0	0	0	0
05.500,00.000	10.8	5.5	-200	0	4.5	29.5128	14.6416	14.0063	0.864893	0	0	0	0	0	0	0	0	0	0	0	0	0	0	0	0	0
05.500,00.000	10.9	5.5	-200	0	4.5	30.04	15.0903	14.0848	0.864893	0	0	0	0	0	0	0	0	0	0	0	0	0	0	0	0	0
05.500,00.000	11	5.5	-200	0	4.5	30.598	15.5562	14.1768	0.864893	0	0	0	0	0	0	0	0	0	0	0	0	0	0	0	0	0
05.500,00.000	11.1	5.5	-200	0	4.5	31.1884	16.0418	14.2817	0.864893	0	0	0	0	0	0	0	0	0	0	0	0	0	0	0	0	0
05.500,00.000	11.2	5.5	-200	0	4.5	31.8202	16.5563	14.3991	0.864893	0	0	0	0	0	0	0	0	0	0	0	0	0	0	0	0	0
05.500,00.000	11.3	5.5	-200	0	4.5	32.5074	17.1064	14.5361	0.864893	0	0	0	0	0	0	0	0	0	0	0	0	0	0	0	0	0
05.500,00.000	11.4	5.5	-200	0	4.5	33.2306	17.6728	14.6929	0.864893	0	0	0	0	0	0	0	0	0	0	0	0	0	0	0	0	0
05.500,00.000	11.5	5.5	-200	0	4.5	33.975	18.2448	14.8653	0.864893	0	0	0	0	0	0	0	0	0	0	0	0	0	0	0	0	0
05.500,00.000	11.6	5.5	-200	0	4.5	34.7417	18.8226	15.0542	0.864893	0	0	0	0	0	0	0	0	0	0	0	0	0	0	0	0	0
05.500,00.000	11.7	5.5	-200	0	4.5	35.5307	19.4081	15.2578	0.864893	0	0	0	0	0	0	0	0	0	0	0	0	0	0	0	0	0
05.500,00.000	11.8	5.5	-200	0	4.5	36.3485	20.0065	15.4771	0.864893	0	0	0	0	0	0	0	0	0	0	0	0	0	0	0	0	0
05.500,00.000	11.9	5.5	-200	0	4.5	37.2079	20.6291	15.7139	0.864893	0	0	0	0	0	0	0	0	0	0	0	0	0	0	0	0	0
05.500,00.000	12	5.5	-200	0	4.5	38.1092	21.2722	15.9721	0.864893	0	0	0	0	0	0	0	0	0	0	0	0	0	0	0	0	0
05.500,00.000	12.1	5.5	-200	0	4.5	39.053	21.9363	16.2519	0.864893	0	0	0	0	0	0	0	0	0	0	0	0	0	0	0	0	0
05.500,00.000	12.2	5.5	-200	0	4.5	40.0219	22.6063	16.5507	0.864893	0	0	0	0	0	0	0	0	0	0	0	0	0	0	0	0	0
05.500,00.000	12.3	5.5	-200	0	4.5	40.9988	23.2695	16.8644	0.864893	0	0	0	0	0	0	0	0	0	0	0	0	0	0	0	0	0
05.500,00.000	12.4	5.5	-200	0	4.5	42.0013	23.9413	17.1951	0.864893	0	0	0	0	0	0	0	0	0	0	0	0	0	0	0	0	0
05.500,00.000	12.5	5.5	-200	0	4.5	43.0266	24.617	17.5447	0.864893	0	0	0	0	0	0	0	0	0	0	0	0	0	0	0	0	0
05.500,00.000	12.6	5.5	-200	0	4.5	44.0938	25.311	17.918	0.864893	0	0	0	0	0	0	0	0	0	0	0	0	0	0	0	0	0
05.500,00.000	12.7	5.5	-200	0	4.5	45.1749	26.004	18.306	0.864893	0	0	0	0	0	0	0	0	0	0	0	0	0	0	0	0	0
05.500,00.000	12.8	5.5	-200	0	4.5	46.2309	26.668	18.698	0.864893	0	0	0	0	0	0	0	0	0	0	0	0	0	0	0	0	0
05.500,00.000	12.9	5.5	-200	0	4.5	47.3393	27.3609	19.1135	0.864893	0	0	0	0	0	0	0	0	0	0	0	0	0	0	0	0	0
05.500,00.000	13	5.5	-200	0	4.5	48.4832	28.0675	19.5508	0.864893	0	0	0	0	0	0	0	0	0	0	0	0	0	0	0	0	0
05.500,00.000	13.1	5.5	-200	0	4.5	49.7754	28.7862	20.0103	0.864893	0.114024	0	0	0	0	0	0	0	0	0	0	0	0	0	0	0	0
05.500,00.000	13.2	5.5	-200	0	4.5	51.2337	29.525	20.4924	0.864893	0.351417	0	0	0	0	0	0	0	0	0	0	0	0	0	0	0	0
05.500,00.000	13.3	5.5	-200	0	4.5	52.7387	30.3031	20.9771	0.864893	0.593594	0	0	0	0	0	0	0	0	0	0	0	0	0	0	0	0
05.500,00.000	13.4	5.5	-200	0	4.5	54.3024	31.1022	21.4914	0.864893	0.843843	0	0	0	0	0	0	0	0	0	0	0	0	0	0	0	0
05.500,00.000	13.5	5.5	-200	0	4.5	55.8994	31.907	22.0322	0.865032	1.09519	0	0	0	0	0	0	0	0	0	0	0	0	0	0	0	0
05.500,00.000	13.6	5.5	-200	0	4.5	57.7174	32.8187	22.6535	0.866218	1.37908	0	0	0	0	0	0	0	0	0	0	0	0	0	0	0	0
05.500,00.000	13.7	5.5	-200	0	4.5	59.4741	33.6926	23.2611	0.871155	1.5542	0.0950807	0	0	0	0	0	0	0	0	0	0	0	0	0	0	0
05.500,00.000	13.8	5.5	-200	0	4.5	60.8686	34.3886	23.7412	0.876996	1.55074	0.311025	0	0	0	0	0	0	0	0	0	0	0	0	0	0	0
05.500,00.000	13.9	5.5	-200	0	4.5	62.6011	35.2413	24.3501	0.88713	1.55467	0.567798	0	0	0	0	0	0	0	0	0	0	0	0	0	0	0
05.500,00.000	14	5.5	-200	0	4.5	64.3802	36.1148	24.9865	0.89962	1.55377	0.825565	0	0	0	0	0	0	0	0	0	0	0	0	0	0	0
05.500,00.000	14.1	5.5	-200	0	4.5	66.385	36.9782	25.8672	0.91448	1.55377	1.07129	0	0	0	0	0	0	0	0	0	0	0	0	0	0	0
05.500,00.000	14.2	5.5	-200	0	4.5	68.4627	37.873	26.7868	0.932062	1.55377	1.317	0	0	0	0	0	0	0	0	0	0	0	0	0	0	0
05.500,00.000	14.3	5.5	-200	0	4.5	70.5808	38.7815	27.731	0.952371	1.55377	1.56227	0	0	0	0	0	0	0	0	0	0	0	0	0	0	0
05.500,00.000	14.4	5.5	-200	0	4.5	72.7289	39.6943	28.6985	0.975419	1.55377	1.8069	0	0	0	0	0	0	0	0	0	0	0	0	0	0	0
05.500,00.000	14.5	5.5	-200	0	4.5	74.8966	40.603	29.6869	1.00113	1.55377	2.05189	0	0	0	0	0	0	0	0	0	0	0	0	0	0	0
05.500,00.000	14.6	5.5	-200	0	4.5	77.7012	41.7687	30.9746	1.03737	1.55377	2.36674	0	0	0	0	0	0	0	0	0	0	0	0	0	0	0
05.500,00.000	14.7	5.5	-200	0	4.5	80.1322	42.7669	32.1026	1.07056	1.55377	2.63833	0	0	0	0	0	0	0	0	0	0	0	0	0	0	0
05.500,00.000	14.8	5.5	-200	0	4.5	81.7662	43.4453	32.8578	1.09205	1.55377	2.81726	0	0	0	0	0	0	0	0	0	0	0	0	0	0	0
05.500,00.000	14.9	5.5	-200	0	4.5	84.2417	44.4566	34.0239	1.12225	1.55377	3.08523	0	0	0	0	0	0	0	0	0	0	0	0	0	0	0
05.500,00.000	15	5.5	-200	0	4.5	86.6086	45.4093	35.1465	1.15353	1.55377	3.34544	0	0	0	0	0	0	0	0	0	0	0	0	0	0	0
05.500,00.000	15.1	5.5	-200	0	4.5	88.8781	46.3189	36.2355	1.18431	1.55377	3.58563	0	0	0	0	0	0	0	0	0	0	0	0	0	0	0
05.500,00.000	15.2	5.5	-200	0	4.5	91.1704	47.2266	37.3468	1.21812	1.55377	3.82511	0	0	0	0	0	0	0	0	0	0	0	0	0	0	0
05.500,00.000	15.3	5.5	-200	0	4.5	93.4866	48.1321	38.4835	1.25311	1.55377	4.06416	0	0	0	0	0	0	0	0	0	0	0	0	0	0	0
05.500,00.000	15.4	5.5	-200	0	4.5	95.8094	49.019	39.6476	1.28634	1.55377	4.30264	0	0	0	0	0	0	0	0	0	0	0	0	0	0	0
05.500,00.000	15.5	5.5	-200	0	4.5	99.0212	50.1904	41.307	1.33442	1.55377	4.63557	0	0	0	0	0	0	0	0	0	0	0	0	0	0	0
05.500,00.000	15.6	5.5	-200	0	4.5	102.323	51.3869	43.0281	1.38417	1.55377	4.96983	0	0	0	0	0	0	0	0	0	0	0	0	0	0	0
05.500,00.000	15.7	5.5	-200	0	4.5	104.936	52.3126	44.408	1.42464	1.55377	5.23722	0	0	0	0	0	0	0	0	0	0	0	0	0	0	0
05.500,00.000	15.8	5.5	-200	0	4.5	106.269	52.7705	45.1251	1.44472	1.55377	5.37468	0	0	0	0	0	0	0	0	0	0	0	0	0	0	0
05.500,00.000	15.9	5.5	-200	0	4.5	108.384	53.4864	46.2724	1.48225	1.55377	5.58903	0	0	0	0	0	0	0	0	0	0	0	0	0	0	0
05.500,00.000	16	5.5	-200	0	4.5	111.26	54.4437	47.8396	1.54054	1.55377	5.88236	0	0	0	0	0	0	0	0	0	0	0	0	0	0	0
05.500,00.000	16.1	5.5	-200	0	4.5	113.73	55.2497	49.204	1.59247	1.55377	6.13024	0	0	0	0	0	0	0	0	0	0	0	0	0	0	0
05.500,00.000	16.2	5.5	-200	0	4.5	116.08	56.0004	50.5197	1.64259	1.55377	6.3637	0	0	0	0	0	0	0	0	0	0	0	0	0	0	0
05.500,00.000	16.3	5.5	-200	0	4.5	118.438	56.7344	51.8585	1.69444	1.55377	6.59726	0	0	0	0	0	0	0	0	0	0	0	0	0	0	0
05.500,00.000	16.4	5.5	-200	0	4.5	120.802	57.4532	53.2178	1.74591	1.55377	6.83082	0	0	0	0	0	0	0	0	0	0	0	0	0	0	0
05.500,00.000	16.5	5.5	-200	0	4.5	126.043	58.9973	56.1159	2.03118	1.55377	7.34492	0	0	0	0	0	0	0	0	0	0	0	0	0	0	0
05.500,00.000	16.6	5.5	-200	0	4.5	128.853	59.8034	57.4485	2.42423	1.55377	7.62314	0	0	0	0	0	0	0	0	0	0	0	0	0	0	0
05.500,00.000	16.7	5.5	-200	0	4.5	129.083	59.8671	57.5587	2.45716	1.55377	7.64601	0	0	0	0	0	0	0	0	0	0	0	0	0	0	0
05.500,00.000	16.8	5.5	-200	0	4.5	131.07	60.3898	58.5387	2.74086	1.55377	7.84644	0	0	0	0	0	0	0	0	0	0	0	0	0	0	0
05.500,00.000	16.9	5.5	-200	0	4.5	131.671	60.5452	58.8357	2.82909	1.55377	7.90714	0	0	0	0	0	0	0	0	0	0	0	0	0	0	0
05.500,00.000	17	5.5	-200	0	4.5	135.148	61.4169	60.6034	3.333	1.55377	8.24097	0	0	0	0	0	0	0	0	0	0	0	0	0	0	0
05.500,00.000	17.1	5.5	-200	0	4.5	137.94	62.0973	62.0264	3.74003	1.55377	8.5229	0	0	0	0	0	0	0	0	0	0	0	0	0	0	0
05.500,00.000	17.2	5.5	-200	0	4.5	140.22	62.6334	63.2045	4.07557	1.55377	8.75318	0	0	0	0	0	0	0	0	0	0	0	0	0	0	0
05.500,00.000	17.3	5.5	-200	0	4.5	142.502	63.1517	64.3992	4.41374	1.55377	8.98345	0	0	0	0	0	0	0	0	0	0	0	0	0	0	0
05.500,00.000	17.4	5.5	-200	0	4.5	144.782	63.6497	65.61	4.75416	1.55377	9.21393	0	0	0	0	0	0	0	0	0	0	0	0	0	0	0
05.500,00.000	17.5	5.5	-200	0	4.5	151.91	65.1303	69.5	5.83293	1.55403	9.89303	0	0	0	0	0	0	0	0	0	0	0	0	0	0	0
05.500,00.000	17.6	5.5	-200	0	4.5	153.194	65.4149	70.241	6.05445	1.55432	9.92919	0	0	0	0	0	0	0	0	0	0	0	0	0	0	0
05.500,00.000	17.7	5.5	-200	0	4.5	155.896	65.9482	71.8579	6.50536	1.55583	10.0291	0	0	0	0	0	0	0	0	0	0	0	0	0	0	0
05.500,00.000	17.8	5.5	-200	0	4.5	156.453	66.0616	72.1986	6.60727	1.55625	10.0291	0	0	0	0	0	0	0	0	0	0	0	0	0	0	0
05.500,00.000	17.9	5.5	-200	0	4.5	156.834	66.1328	72.4376	6.67748	1.55697	10.0291	0	0	0	0	0	0	0	0	0	0	0	0	0	0	0
05.500,00.000	18	5.5	-200	0	4.5	160.381	66.7724	74.6972	7.31794	1.56449	10.0291	0	0	0	0	0	0	0	0	0	0	0	0	0	0	0
05.500,00.000	18.1	5.5	-200	0	4.5	162.942	67.2051	76.3649	7.77213	1.57083	10.0291	0	0	0	0	0	0	0	0	0	0	0	0	0	0	0
05.500,00.000	18.2	5.5	-200	0	4.5	165.135	67.5228	77.6523	8.12739	1.57685	10.0293	0.226414	0	0	0	0	0	0	0	0	0	0	0	0	0	0
05.500,00.000	18.3	5.5	-200	0	4.5	167.319	67.8231	78.9444	8.48433	1.58385	10.0305	0.453014	0	0	0	0	0	0	0	0	0	0	0	0	0	0
05.500,00.000	18.4	5.5	-200	0	4.5	169.503	68.106	80.2483	8.84519	1.59187	10.032	0.680084	0	0	0	0	0	0	0	0	0	0	0	0	0	0
05.500,00.000	18.5	5.5	-200	0	4.5	177.564	69.0813	85.1382	10.2077	1.62573	10.0403	1.47056	0	0	0	0	0	0	0	0	0	0	0	0	0	0
05.500,00.000	18.6	5.5	-200	0	4.5	179.177	69.2686	86.1211	10.4783	1.62548	10.0428	1.64079	0	0	0	0	0	0	0	0	0	0	0	0	0	0
05.500,00.000	18.7	5.5	-200	0	4.5	184.071	69.7713	89.2523	11.2218	1.64388	10.0565	2.12523	0	0	0	0	0	0	0	0	0	0	0	0	0	0
05.500,00.000	18.8	5.5	-200	0	4.5	185.13	69.8843	89.9541	11.3333	1.65076	10.0603	2.2478	0	0	0	0	0	0	0	0	0	0	0	0	0	0
05.500,00.000	18.9	5.5	-200	0	4.5	187.201	70.0702	91.3019	11.6125	1.66347	10.0708	2.48181	0	0	0	0	0	0	0	0	0	0	0	0	0	0
05.500,00.000	19	5.5	-200	0	4.5	191.039	70.3883	93.7288	12.2312	1.68753	10.0936	2.90962	0	0	0	0	0	0	0	0	0	0	0	0	0	0
05.500,00.000	19.1	5.5	-200	0	4.5	193.466	70.5769	95.2537	12.6365	1.70355	10.1113	3.18387	0	0	0	0	0	0	0	0	0	0	0	0	0	0
05.500,00.000	19.2	5.5	-200	0	4.5	195.511	70.716	96.529	13.0117	1.71703	10.1282	3.40947	0	0	0	0	0	0	0	0	0	0	0	0	0	0
05.500,00.000	19.3	5.5	-200	0	4.5	197.52	70.8404	97.7749	13.3926	1.73093	10.1476	3.6339	0	0	0	0	0	0	0	0	0	0	0	0	0	0
05.500,00.000	19.4	5.5	-200	0	4.5	199.506	70.9513	98.9931	13.7903	1.74545	10.1692	3.85696	0	0	0	0	0	0	0	0	0	0	0	0	0	0
05.500,00.000	19.5	5.5	-200	0	4.5	201.486	71.0487	100.194	14.2104	1.76043	10.1932	4.07971	0	0	0	0	0	0	0	0	0	0	0	0	0	0
05.500,00.000	19.6	5.5	-200	0	4.5	205.046	71.2041	102.349	14.8834	1.87354	10.2433	4.49216	0	0	0	0	0	0	0	0	0	0	0	0	0	0
05.500,00.000	19.7	5.5	-200	0	4.5	205.826	71.2366	102.811	14.9177	2.01977	10.2552	4.585	0	0	0	0	0	0	0	0	0	0	0	0	0	0
05.500,00.000	19.8	5.5	-200	0	4.5	210.982	71.4068	105.881	15.441	2.73083	10.3411	5.18167	0	0	0	0	0	0	0	0	0	0	0	0	0	0
05.500,00.000	19.9	5.5	-200	0	4.5	212.345	71.448	106.635	15.6113	2.95236	10.3641	5.33377	0	0	0	0	0	0	0	0	0	0	0	0	0	0
05.500,00.000	20	5.5	-200	0	4.5	215.038	71.5195	108.121	15.9646	3.36846	10.4196	5.64493	0	0	0	0	0	0	0	0	0	0	0	0	0	0
05.500,00.000	20.1	5.5	-200	0	4.5	217.461	71.5786	109.442	16.2813	3.75719	10.4735	5.92905	0	0	0	0	0	0	0	0	0	0	0	0	0	0
05.500,00.000	20.2	5.5	-200	0	4.5	219.374	71.6196	110.519	16.4912	4.06752	10.5203	6.15572	0	0	0	0	0	0	0	0	0	0	0	0	0	0
05.500,00.000	20.3	5.5	-200	0	4.5	221.222	71.6542	111.553	16.6986	4.3701	10.5699	6.37607	0	0	0	0	0	0	0	0	0	0	0	0	0	0
05.500,00.000	20.4	5.5	-200	0	4.5	223.075	71.6845	112.582	16.9118	4.67578	10.6236	6.59722	0	0	0	0	0	0	0	0	0	0	0	0	0	0
05.500,00.000	20.5	5.5	-200	0	4.5	224.963	71.7114	113.619	17.1357	4.99052	10.6825	6.82407	0	0	0	0	0	0	0	0	0	0	0	0	0	0
05.500,00.000	20.6	5.5	-200	0	4.5	228.78	71.8515	115.625	17.5943	5.62084	10.8064	7.28177	0	0	0	0	0	0	0	0	0	0	0	0	0	0
05.500,00.000	20.7	5.5	-200	0	4.5	238.753	72.5018	120.614	18.9481	7.2063	11.144	8.33853	0	0	0	0	0	0	0	0	0	0	0	0	0	0
05.500,00.000	20.8	5.5	-200	0	4.5	240.433	72.6924	121.478	19.2357	7.48291	11.2055	8.33853	0	0	0	0	0	0	0	0	0	0	0	0	0	0
05.500,00.000	20.9	5.5	-200	0	4.5	240.562	72.7047	121.545	19.2589	7.50438	11.2109	8.33853	0	0	0	0	0	0	0	0	0	0	0	0	0	0
05.500,00.000	21	5.5	-200	0	4.5	242.665	72.9301	122.599	19.6413	7.85278	11.3034	8.33853	0	0	0	0	0	0	0	0	0	0	0	0	0	0
05.500,00.000	21.1	5.5	-200	0	4.5	246.515	73.3866	124.502	20.3509	8.45621	11.4805	8.33853	0	0	0	0	0	0	0	0	0	0	0	0	0	0
05.500,00.000	21.2	5.5	-200	0	4.5	248.86	73.691	125.635	20.7862	8.81599	11.5935	8.33853	0	0	0	0	0	0	0	0	0	0	0	0	0	0
05.500,00.000	21.3	5.5	-200	0	4.5	250.753	73.9243	126.555	21.1374	9.10786	11.6899	8.33853	0	0	0	0	0	0	0	0	0	0	0	0	0	0
05.500,00.000	21.4	5.5	-200	0	4.5	253.61	74.2699	127.931	21.6665	9.56339	11.8413	8.33853	0	0	0	0	0	0	0	0	0	0	0	0	0	0
05.500,00.000	21.5	5.5	-200	0	4.5	254.358	74.3729	128.282	21.8028	9.68067	11.8812	8.33853	0	0	0	0	0	0	0	0	0	0	0	0	0	0
05.500,00.000	21.6	5.5	-200	0	4.5	256.557	74.6575	129.282	22.2206	10.0492	12.0098	8.33853	0	0	0	0	0	0	0	0	0	0	0	0	0	0
05.500,00.000	21.7	5.5	-200	0	4.5	258.646	74.9637	130.201	22.615	10.3924	12.1355	8.33853	0	0	0	0	0	0	0	0	0	0	0	0	0	0
05.500,00.000	21.8	5.5	-200	0	4.5	260.565	75.2419	131.017	22.9973	10.7135	12.2575	8.33858	0	0	0	0	0	0	0	0	0	0	0	0	0	0
05.500,00.000	21.9	5.5	-200	0	4.5	265.864	76.1087	133.089	24.0801	11.6422	12.6039	8.34033	0	0	0	0	0	0	0	0	0	0	0	0	0	0
05.500,00.000	22	5.5	-200	0	4.5	267.049	76.3944	133.495	24.3169	11.8469	12.655	8.34104	0	0	0	0	0	0	0	0	0	0	0	0	0	0
05.500,00.000	22.1	5.5	-200	0	4.5	270.941	77.1764	134.897	25.1039	12.5337	12.8835	8.34597	0	0	0	0	0	0	0	0	0	0	0	0	0	0
05.500,00.000	22.2	5.5	-200	0	4.5	273.563	77.7355	135.791	25.6937	12.9844	13.0079	8.35036	0	0	0	0	0	0	0	0	0	0	0	0	0	0
05.500,00.000	22.3	5.5	-200	0	4.5	275.536	78.1376	136.465	26.143	13.3261	13.1086	8.35567	0	0	0	0	0	0	0	0	0	0	0	0	0	0
05.500,00.000	22.4	5.5	-200	0	4.5	277.667	78.6029	137.159	26.6461	13.6802	13.2157	8.3625	0	0	0	0	0	0	0	0	0	0	0	0	0	0
05.500,00.000	22.5	5.5	-200	0	4.5	279.824	79.0617	137.838	27.1902	14.0357	13.3262	8.37211	0	0	0	0	0	0	0	0	0	0	0	0	0	0
05.500,00.000	22.6	5.5	-200	0	4.5	289.835	81.1547	141.002	29.7081	14.9856	14.547	8.43777	0	0	0	0	0	0	0	0	0	0	0	0	0	0
05.500,00.000	22.7	5.5	-200	0	4.5	295.433	82.3512	142.79	31.1112	15.2957	15.4034	8.48135	0	0	0	0	0	0	0	0	0	0	0	0	0	0
05.500,00.000	22.8	5.5	-200	0	4.5	297.791	83.0063	143.481	31.6447	15.4145	15.746	8.49851	0	0	0	0	0	0	0	0	0	0	0	0	0	0
05.500,00.000	22.9	5.5	-200	0	4.5	297.869	83.0263	143.505	31.6634	15.4184	15.7572	8.49915	0	0	0	0	0	0	0	0	0	0	0	0	0	0
05.500,00.000	23	5.5	-200	0	4.5	307.147	85.8007	146.178	33.7399	15.8412	17.0027	8.58443	0	0	0	0	0	0	0	0	0	0	0	0	0	0
05.500,00.000	23.1	5.5	-200	0	4.5	313.959	87.7295	148.06	35.4465	16.1587	17.9105	8.65338	0	0	0	0	0	0	0	0	0	0	0	0	0	0
05.500,00.000	23.2	5.5	-200	0	4.5	316.99	88.5913	148.904	36.1953	16.2978	18.3136	8.68848	0	0	0	0	0	0	0	0	0	0	0	0	0	0
05.500,00.000	23.3	5.5	-200	0	4.5	319.584	89.322	149.632	36.8312	16.4167	18.6599	8.72231	0	0	0	0	0	0	0	0	0	0	0	0	0	0
05.500,00.000	23.4	5.5	-200	0	4.5	328.604	91.8603	152.149	39.0586	16.8353	19.8438	8.85666	0	0	0	0	0	0	0	0	0	0	0	0	0	0
05.500,00.000	23.5	5.5	-200	0	4.5	330.688	92.2984	152.83	39.6245	16.9387	20.106	8.89053	0	0	0	0	0	0	0	0	0	0	0	0	0	0
05.500,00.000	23.6	5.5	-200	0	4.5	345.283	94.8972	157.886	43.5644	17.6695	22.1002	9.16505	0	0	0	0	0	0	0	0	0	0	0	0	0	0
05.500,00.000	23.7	5.5	-200	0	4.5	353.415	96.1562	160.799	45.8084	18.0964	23.2292	9.32616	0	0	0	0	0	0	0	0	0	0	0	0	0	0
05.500,00.000	23.8	5.5	-200	0	4.5	359.791	97.2115	163.092	47.5041	18.4317	24.1051	9.44686	0	0	0	0	0	0	0	0	0	0	0	0	0	0
05.500,00.000	23.9	5.5	-200	0	4.5	360.343	97.3013	163.3	47.6561	18.4611	24.1737	9.45157	0	0	0	0	0	0	0	0	0	0	0	0	0	0
05.500,00.000	24	5.5	-200	0	4.5	378.772	100.236	170.185	52.5314	19.4609	26.5725	9.78674	0	0	0	0	0	0	0	0	0	0	0	0	0	0
05.500,00.000	24.1	5.5	-200	0	4.5	387.38	101.559	173.245	54.6758	20.0445	28.0114	9.84426	0	0	0	0	0	0	0	0	0	0	0	0	0	0
05.500,00.000	24.2	5.5	-200	0	4.5	390.383	101.982	174.32	55.4104	20.2532	28.535	9.88224	0	0	0	0	0	0	0	0	0	0	0	0	0	0
05.500,00.000	24.3	5.5	-200	0	4.5	393.463	102.413	175.417	56.157	20.4723	29.081	9.92242	0	0	0	0	0	0	0	0	0	0	0	0	0	0
05.500,00.000	24.4	5.5	-200	0	4.5	417.449	106.155	183.323	62.1204	22.2283	32.4283	11.1948	0	0	0	0	0	0	0	0	0	0	0	0	0	0
05.500,00.000	24.5	5.5	-200	0	4.5	424.72	107.349	185.727	64.0001	22.7615	33.1636	11.7192	0	0	0	0	0	0	0	0	0	0	0	0	0	0
05.500,00.000	24.6	5.5	-200	0	4.5	436.136	108.82	189.506	66.912	23.6996	34.3609	12.8368	0	0	0	0	0	0	0	0	0	0	0	0	0	0
05.500,00.000	24.7	5.5	-200	0	4.5	445.421	110.336	192.568	69.1525	24.4477	34.7709	14.1457	0	0	0	0	0	0	0	0	0	0	0	0	0	0
05.500,00.000	24.8	5.5	-200	0	4.5	464.931	113.104	197.849	75.153	26.1237	35.7793	16.9224	0	0	0	0	0	0	0	0	0	0	0	0	0	0
05.500,00.000	24.9	5.5	-200	0	4.5	468.429	113.649	198.796	76.2643	26.4297	35.9391	17.3503	0	0	0	0	0	0	0	0	0	0	0	0	0	0
05.500,00.000	25	5.5	-200	0	4.5	470.472	113.967	199.375	76.8872	26.6136	36.0382	17.5913	0	0	0	0	0	0	0	0	0	0	0	0	0	0
05.500,00.000	25.1	5.5	-200	0	4.5	483.232	116.228	202.83	80.6306	27.7125	36.6918	19.1387	0	0	0	0	0	0	0	0	0	0	0	0	0	0
05.500,00.000	25.2	5.5	-200	0	4.5	489.846	117.591	204.658	82.4386	28.2662	37.0149	19.8769	0	0	0	0	0	0	0	0	0	0	0	0	0	0
05.500,00.000	25.3	5.5	-200	0	4.5	493.991	118.484	205.781	83.5554	28.6039	37.2285	20.3379	0	0	0	0	0	0	0	0	0	0	0	0	0	0
05.500,00.000	25.4	5.5	-200	0	4.5	517.805	123.733	212.148	89.8893	30.6412	38.4794	22.9138	0	0	0	0	0	0	0	0	0	0	0	0	0	0
05.500,00.000	25.5	5.5	-200	0	4.5	528.733	126.21	214.951	92.8316	31.6735	39.0144	24.0528	0	0	0	0	0	0	0	0	0	0	0	0	0	0
05.500,00.000	25.6	5.5	-200	0	4.5	533.158	127.16	216.119	94.023	32.0855	39.2433	24.5281	0	0	0	0	0	0	0	0	0	0	0	0	0	0
05.500,00.000	25.7	5.5	-200	0	4.5	537.398	127.942	217.222	95.2284	32.4989	39.4855	25.0203	0	0	0	0	0	0	0	0	0	0	0	0	0	0
05.500,00.000	25.8	5.5	-200	0	4.5	569.141	135.039	225.421	103.64	35.4256	41.2829	27.9901	0.342193	0	0	0	0	0	0	0	0	0	0	0	0	0
05.500,00.000	25.9	5.5	-200	0	4.5	575.099	136.007	227.227	105.295	36.0182	41.6022	28.3323	0.617355	0	0	0	0	0	0	0	0	0	0	0	0	0
05.500,00.000	26	5.5	-200	0	4.5	575.432	136.065	227.331	105.383	36.0483	41.622	28.351	0.631844	0	0	0	0	0	0	0	0	0	0	0	0	0
05.500,00.000	26.1	5.5	-200	0	4.5	589.984	138.065	232.448	109.207	37.3555	42.5004	29.1512	1.25731	0	0	0	0	0	0	0	0	0	0	0	0	0
05.500,00.000	26.2	5.5	-200	0	4.5	598.362	139.079	235.561	111.374	38.116	43.0056	29.5993	1.62789	0	0	0	0	0	0	0	0	0	0	0	0	0
05.500,00.000	26.3	5.5	-200	0	4.5	603.422	139.709	237.474	112.65	38.559	43.3238	29.8661	1.83989	0	0	0	0	0	0	0	0	0	0	0	0	0
05.500,00.000	26.4	5.5	-200	0	4.5	635.957	143.825	250.009	119.871	42.0861	45.4316	31.4138	3.32108	0	0	0	0	0	0	0	0	0	0	0	0	0
05.500,00.000	26.5	5.5	-200	0	4.5	650.325	145.668	255.583	122.592	44.0144	46.378	31.6319	4.45669	0	0	0	0	0	0	0	0	0	0	0	0	0
05.500,00.000	26.6	5.5	-200	0	4.5	655.646	146.376	257.65	123.649	44.6221	46.7499	31.7215	4.87644	0	0	0	0	0	0	0	0	0	0	0	0	0
05.500,00.000	26.7	5.5	-200	0	4.5	660.616	147.082	259.626	124.646	45.0689	47.1159	31.8103	5.26564	0	0	0	0	0	0	0	0	0	0	0	0	0
05.500,00.000	26.8	5.5	-200	0	4.5	680.421	149.873	267.448	128.618	46.9183	48.5959	32.177	6.79058	0	0	0	0	0	0	0	0	0	0	0	0	0
05.500,00.000	26.9	5.5	-200	0	4.5	684.986	150.539	269.238	129.491	47.3683	48.942	32.2621	7.14563	0	0	0	0	0	0	0	0	0	0	0	0	0
05.500,00.000	27	5.5	-200	0	4.5	685.355	150.592	269.383	129.564	47.4038	48.9705	32.2695	7.17257	0	0	0	0	0	0	0	0	0	0	0	0	0
05.500,00.000	27.1	5.5	-200	0	4.5	701.259	152.915	275.546	132.739	48.9346	50.2156	32.5992	8.30879	0	0	0	0	0	0	0	0	0	0	0	0	0
05.500,00.000	27.2	5.5	-200	0	4.5	707.364	153.848	277.715	134.021	49.5876	50.7081	32.7308	8.75329	0	0	0	0	0	0	0	0	0	0	0	0	0
05.500,00.000	27.3	5.5	-200	0	4.5	707.974	153.945	277.922	134.153	49.6531	50.7585	32.745	8.7968	0	0	0	0	0	0	0	0	0	0	0	0	0
05.500,00.000	27.4	5.5	-200	0	4.5	708.135	153.971	277.976	134.188	49.6708	50.7719	32.7489	8.8083	0	0	0	0	0	0	0	0	0	0	0	0	0
05.500,00.000	27.5	5.5	-200	0	4.5	741.735	159.485	288.963	141.676	53.3725	53.6151	33.4883	11.135	0	0	0	0	0	0	0	0	0	0	0	0	0
05.500,00.000	27.6	5.5	-200	0	4.5	752.035	161.255	291.852	144.219	54.6309	54.4632	33.7296	11.8847	0	0	0	0	0	0	0	0	0	0	0	0	0
05.500,00.000	27.7	5.5	-200	0	4.5	770.634	164.651	297.049	148.679	56.8434	55.9808	34.2762	13.1552	0	0	0	0	0	0	0	0	0	0	0	0	0
05.500,00.000	27.8	5.5	-200	0	4.5	795.041	169.486	303.638	154.519	59.731	57.8111	35.07	14.5997	0.186317	0	0	0	0	0	0	0	0	0	0	0	0
05.500,00.000	27.9	5.5	-200	0	4.5	800.595	170.673	305.054	155.852	60.4095	58.2039	35.2544	14.7494	0.398083	0	0	0	0	0	0	0	0	0	0	0	0
05.500,00.000	28	5.5	-200	0	4.5	800.991	170.757	305.156	155.946	60.4577	58.2333	35.2686	14.763	0.409341	0	0	0	0	0	0	0	0	0	0	0	0
05.500,00.000	28.1	5.5	-200	0	4.5	801.845	170.941	305.369	156.15	60.5642	58.2948	35.3007	14.7891	0.435878	0	0	0	0	0	0	0	0	0	0	0	0
05.500,00.000	28.2	5.5	-200	0	4.5	802.662	171.115	305.57	156.347	60.6676	58.3538	35.3325	14.8137	0.461618	0	0	0	0	0	0	0	0	0	0	0	0
05.500,00.000	28.3	5.5	-200	0	4.5	803.143	171.215	305.689	156.463	60.7292	58.3903	35.3525	14.8295	0.475129	0	0	0	0	0	0	0	0	0	0	0	0
05.500,00.000	28.4	5.5	-200	0	4.5	803.222	171.232	305.707	156.482	60.7394	58.396	35.3558	14.8316	0.477957	0	0	0	0	0	0	0	0	0	0	0	0
05.500,00.000	28.5	5.5	-200	0	4.5	841.855	179.178	314.999	165.586	65.9692	61.4053	37.0938	16.0798	1.54335	0	0	0	0	0	0	0	0	0	0	0	0
05.500,00.000	28.6	5.5	-200	0	4.5	861.116	182.946	319.819	170.049	68.7126	62.8883	37.951	16.6629	2.08657	0	0	0	0	0	0	0	0	0	0	0	0
05.500,00.000	28.7	5.5	-200	0	4.5	879.052	186.637	324.152	174.139	71.219	64.3388	38.7938	17.1893	2.58332	0	0	0	0	0	0	0	0	0	0	0	0
05.500,00.000	28.8	5.5	-200	0	4.5	890.553	189.096	326.888	176.718	72.8491	65.2433	39.3417	17.523	2.89425	0	0	0	0	0	0	0	0	0	0	0	0
05.500,00.000	28.9	5.5	-200	0	4.5	891.633	189.332	327.142	176.964	72.9994	65.3258	39.3939	17.5538	2.92258	0	0	0	0	0	0	0	0	0	0	0	0
05.500,00.000	29	5.5	-200	0	4.5	897.871	190.736	328.597	178.333	73.8562	65.8297	39.7082	17.7282	3.08232	0	0	0	0	0	0	0	0	0	0	0	0
05.500,00.000	29.1	5.5	-200	0	4.5	911.609	193.947	331.822	181.213	75.7296	66.9452	40.4138	18.0392	3.49958	0	0	0	0	0	0	0	0	0	0	0	0
05.500,00.000	29.2	5.5	-200	0	4.5	921.015	196.173	334.042	183.114	77.019	67.7159	40.9129	18.0742	3.96416	0	0	0	0	0	0	0	0	0	0	0	0
05.500,00.000	29.3	5.5	-200	0	4.5	928.865	198.035	335.885	184.684	78.0921	68.3726	41.343	18.1136	4.33971	0	0	0	0	0	0	0	0	0	0	0	0
05.500,00.000	29.4	5.5	-200	0	4.5	956.301	204.534	342.233	190.196	81.7857	70.6765	42.9376	18.3133	5.62466	0	0	0	0	0	0	0	0	0	0	0	0
05.500,00.000	29.5	5.5	-200	0	4.5	971.016	208.041	345.565	193.246	83.6846	71.8999	43.8268	18.4438	6.30928	0	0	0	0	0	0	0	0	0	0	0	0
05.500,00.000	29.6	5.5	-200	0	4.5	979.546	210.005	347.477	195.019	84.7915	72.6385	44.3899	18.5229	6.70275	0	0	0	0	0	0	0	0	0	0	0	0
05.500,00.000	29.7	5.5	-200	0	4.5	987.672	211.903	349.322	196.668	85.8287	73.3501	44.9329	18.6014	7.06621	0	0	0	0	0	0	0	0	0	0	0	0
05.500,00.000	29.8	5.5	-200	0	4.5	1017.43	218.74	356.141	202.615	89.6659	75.9968	46.9752	18.9012	8.39548	0	0	0	0	0	0	0	0	0	0	0	0
05.500,00.000	29.9	5.5	-200	0	4.5	1023.63	220.218	357.562	203.804	90.4609	76.5355	47.4219	18.9667	8.66495	0	0	0	0	0	0	0	0	0	0	0	0
05.500,00.000	30	5.5	-200	0	4.5	1024.3	220.375	357.715	203.936	90.5451	76.5947	47.4714	18.9743	8.69328	0	0	0	0	0	0	0	0	0	0	0	0
05.500,00.000	30.1	5.5	-200	0	4.5	1040.37	224.109	361.346	207.121	92.5525	78.0214	48.6791	19.1771	9.36359	0	0	0	0	0	0	0	0	0	0	0	0
05.500,00.000	30.2	5.5	-200	0	4.5	1052.44	226.851	364.041	209.5	94.1242	79.0764	49.6394	19.3533	9.85474	0	0	0	0	0	0	0	0	0	0	0	0
05.500,00.000	30.3	5.5	-200	0	4.5	1061.64	228.965	366.116	211.156	95.3357	79.9034	50.4294	19.4975	10.2318	0	0	0	0	0	0	0	0	0	0	0	0
05.500,00.000	30.4	5.5	-200	0	4.5	1098.15	237.074	374.181	218.229	100.124	83.1693	53.5831	20.0949	11.6949	0	0	0	0	0	0	0	0	0	0	0	0
05.500,00.000	30.5	5.5	-200	0	4.5	1116.71	241.043	378.437	221.844	102.53	84.7927	55.2159	20.4131	12.4328	0	0	0	0	0	0	0	0	0	0	0	0
05.500,00.000	30.6	5.5	-200	0	4.5	1135.99	244.464	383.284	225.678	105.062	86.5247	56.9322	20.8349	13.2094	0	0	0	0	0	0	0	0	0	0	0	0
05.500,00.000	30.7	5.5	-200	0	4.5	1164.02	249.378	390.313	231.182	108.663	89.029	59.5298	21.5983	14.3314	0	0	0	0	0	0	0	0	0	0	0	0
05.500,00.000	30.8	5.5	-200	0	4.5	1168.41	250.199	391.415	232.072	109.185	89.3658	59.9349	21.7332	14.3888	0.116784	0	0	0	0	0	0	0	0	0	0	0
05.500,00.000	30.9	5.5	-200	0	4.5	1168.92	250.296	391.544	232.171	109.247	89.4082	59.9819	21.7486	14.3999	0.125294	0	0	0	0	0	0	0	0	0	0	0
05.500,00.000	31	5.5	-200	0	4.5	1192.63	254.682	397.587	236.77	112.108	91.3733	62.1884	22.4918	14.902	0.530919	0	0	0	0	0	0	0	0	0	0	0
05.500,00.000	31.1	5.5	-200	0	4.5	1207.43	257.147	401.637	239.617	113.883	92.5581	63.5775	23.0075	15.1777	0.822246	0	0	0	0	0	0	0	0	0	0	0
05.500,00.000	31.2	5.5	-200	0	4.5	1217.36	258.777	404.448	241.463	115.039	93.3725	64.5227	23.3632	15.359	1.01384	0	0	0	0	0	0	0	0	0	0	0
05.500,00.000	31.3	5.5	-200	0	4.5	1227.36	260.404	407.307	243.304	116.181	94.1985	65.4798	23.7344	15.541	1.20617	0	0	0	0	0	0	0	0	0	0	0
05.500,00.000	31.4	5.5	-200	0	4.5	1237.33	262.012	410.183	245.121	117.306	95.023	66.4441	24.1228	15.723	1.39844	0	0	0	0	0	0	0	0	0	0	0
05.500,00.000	31.5	5.5	-200	0	4.5	1247.24	263.577	413.06	246.911	118.406	95.8442	67.4177	24.5249	15.9049	1.59063	0	0	0	0	0	0	0	0	0	0	0
05.500,00.000	31.6	5.5	-200	0	4.5	1261.98	265.671	417.332	249.572	120.051	97.1184	68.9664	25.1978	16.1862	1.88788	0	0	0	0	0	0	0	0	0	0	0
05.500,00.000	31.7	5.5	-200	0	4.5	1265.66	266.23	418.385	250.22	120.453	97.4339	69.3583	25.3652	16.256	1.96152	0	0	0	0	0	0	0	0	0	0	0
05.500,00.000	31.8	5.5	-200	0	4.5	1286.66	269.277	424.505	253.91	122.654	99.275	71.6183	26.3825	16.6578	2.38473	0	0	0	0	0	0	0	0	0	0	0
05.500,00.000	31.9	5.5	-200	0	4.5	1291.77	269.987	425.999	254.823	123.179	99.7213	72.1802	26.6321	16.7557	2.48747	0	0	0	0	0	0	0	0	0	0	0
05.500,00.000	32	5.5	-200	0	4.5	1306.05	272.093	430.21	257.361	124.549	100.952	73.7222	27.3514	17.0465	2.76682	0	0	0	0	0	0	0	0	0	0	0
05.500,00.000	32.1	5.5	-200	0	4.5	1317.86	273.833	433.602	259.498	125.632	101.998	75.0214	27.9686	17.308	3.00157	0	0	0	0	0	0	0	0	0	0	0
05.500,00.000	32.2	5.5	-200	0	4.5	1327.45	275.238	436.326	261.219	126.503	102.861	76.0921	28.4887	17.525	3.19378	0	0	0	0	0	0	0	0	0	0	0
05.500,00.000	32.3	5.5	-200	0	4.5	1336.88	276.69	438.988	262.9	127.291	103.715	77.1484	29.0195	17.7407	3.38249	0	0	0	0	0	0	0	0	0	0	0
05.500,00.000	32.4	5.5	-200	0	4.5	1353.95	279.296	443.956	265.844	128.649	105.258	79.0424	30.0483	18.1332	3.72019	0	0	0	0	0	0	0	0	0	0	0
05.500,00.000	32.5	5.5	-200	0	4.5	1366.08	281.147	447.505	267.912	129.556	106.362	80.403	30.8152	18.4174	3.96152	0	0	0	0	0	0	0	0	0	0	0
05.500,00.000	32.6	5.5	-200	0	4.5	1378.4	282.778	451.073	270.059	130.513	107.47	81.8693	31.67	18.6602	4.3024	0	0	0	0	0	0	0	0	0	0	0
05.500,00.000	32.7	5.5	-200	0	4.5	1384.34	283.672	452.773	271.073	130.942	107.982	82.5655	32.0871	18.6873	4.55666	0	0	0	0	0	0	0	0	0	0	0
05.500,00.000	32.8	5.5	-200	0	4.5	1396.63	285.277	456.381	273.173	131.844	109.059	84.0529	33.003	18.791	5.0551	0	0	0	0	0	0	0	0	0	0	0
05.500,00.000	32.9	5.5	-200	0	4.5	1408.24	287.081	459.65	275.095	132.66	110.031	85.431	33.8857	18.8798	5.53095	0	0	0	0	0	0	0	0	0	0	0
05.500,00.000	33	5.5	-200	0	4.5	1412.72	287.805	460.904	275.845	132.966	110.387	85.9621	34.2228	18.9179	5.71013	0	0	0	0	0	0	0	0	0	0	0
05.500,00.000	33.1	5.5	-200	0	4.5	1421.94	289.328	463.438	277.368	133.586	111.124	87.0705	34.9387	18.9998	6.08959	0	0	0	0	0	0	0	0	0	0	0
05.500,00.000	33.2	5.5	-200	0	4.5	1431.77	291.115	466.012	278.967	134.221	111.882	88.2554	35.7168	19.0945	6.50383	0	0	0	0	0	0	0	0	0	0	0
05.500,00.000	33.3	5.5	-200	0	4.5	1440.97	292.853	468.242	280.48	134.81	112.596	89.4103	36.4745	19.1972	6.91139	0	0	0	0	0	0	0	0	0	0	0
05.500,00.000	33.4	5.5	-200	0	4.5	1489.32	301.975	479.917	288.537	137.715	116.329	95.4324	40.4898	19.8772	9.04406	0	0	0	0	0	0	0	0	0	0	0
05.500,00.000	33.5	5.5	-200	0	4.5	1511.27	306.113	485.303	292.041	138.931	117.992	98.1363	42.3234	20.3836	10.0485	0	0	0	0	0	0	0	0	0	0	0
05.500,00.000	33.6	5.5	-200	0	4.5	1534.17	309.496	490.839	295.789	140.405	119.749	101.31	44.4788	20.9158	11.1896	0	0	0	0	0	0	0	0	0	0	0
05.500,00.000	33.7	5.5	-200	0	4.5	1546.37	311.051	493.694	297.799	141.194	120.712	103.105	45.7076	21.2471	11.8579	0	0	0	0	0	0	0	0	0	0	0
05.500,00.000	33.8	5.5	-200	0	4.5	1568.9	315.299	498.862	301.153	142.483	122.279	106.155	47.8522	21.8349	12.983	0	0	0	0	0	0	0	0	0	0	0
05.500,00.000	33.9	5.5	-200	0	4.5	1572.33	315.819	499.702	301.663	142.68	122.525	106.617	48.1955	21.9498	13.177	0	0	0	0	0	0	0	0	0	0	0
05.500,00.000	34	5.5	-200	0	4.5	1572.76	315.889	499.809	301.728	142.704	122.554	106.678	48.2394	21.9639	13.2	0	0	0	0	0	0	0	0	0	0	0
05.500,00.000	34.1	5.5	-200	0	4.5	1598.79	320.334	506.32	305.434	144.047	124.178	110.22	50.8308	22.8634	14.5678	0	0	0	0	0	0	0	0	0	0	0
05.500,00.000	34.2	5.5	-200	0	4.5	1612.96	322.707	509.867	307.399	144.75	125.052	112.161	52.2766	23.4048	15.2449	0.0953559	0	0	0	0	0	0	0	0	0	0
05.500,00.000	34.3	5.5	-200	0	4.5	1620.65	324.006	511.828	308.452	145.116	125.5	113.23	53.0606	23.7102	15.5038	0.246494	0	0	0	0	0	0	0	0	0	0
05.500,00.000	34.4	5.5	-200	0	4.5	1644.1	328.168	517.851	311.549	146.158	126.767	116.433	55.455	24.6996	16.1996	0.818913	0	0	0	0	0	0	0	0	0	0
05.500,00.000	34.5	5.5	-200	0	4.5	1657.15	330.355	521.21	313.309	146.815	127.409	118.074	56.91	25.3206	16.6118	1.1372	0	0	0	0	0	0	0	0	0	0
05.500,00.000	34.6	5.5	-200	0	4.5	1664.83	331.421	523.171	314.369	147.19	127.799	119.101	57.8481	25.7262	16.8648	1.34052	0	0	0	0	0	0	0	0	0	0
05.500,00.000	34.7	5.5	-200	0	4.5	1674.65	332.815	525.385	315.711	147.607	128.304	120.56	59.1075	26.311	17.219	1.62744	0	0	0	0	0	0	0	0	0	0
05.500,00.000	34.8	5.5	-200	0	4.5	1735.63	341.847	540.852	323.516	150.27	131.038	128.959	66.6749	29.8984	19.2896	3.28567	0	0	0	0	0	0	0	0	0	0
05.500,00.000	34.9	5.5	-200	0	4.5	1746.9	343.499	543.551	324.93	150.779	131.509	130.523	68.1234	30.6632	19.725	3.59913	0	0	0	0	0	0	0	0	0	0
05.500,00.000	35	5.5	-200	0	4.5	1749.82	343.941	544.284	325.279	150.903	131.613	130.914	68.4895	30.8798	19.8396	3.67992	0	0	0	0	0	0	0	0	0	0
05.500,00.000	35.1	5.5	-200	0	4.5	1772.74	347.279	550.312	327.945	151.812	132.516	133.928	71.3648	32.5287	20.7402	4.31766	0	0	0	0	0	0	0	0	0	0
05.500,00.000	35.2	5.5	-200	0	4.5	1784.13	348.964	553.303	329.22	152.25	132.95	135.414	72.782	33.3864	21.1626	4.69444	0	0	0	0	0	0	0	0	0	0
05.500,00.000	35.3	5.5	-200	0	4.5	1790.84	349.953	555.11	329.959	152.498	133.193	136.273	73.631	33.8995	21.3009	5.0202	0	0	0	0	0	0	0	0	0	0
05.500,00.000	35.4	5.5	-200	0	4.5	1830.86	355.728	566.043	334.315	154.048	134.541	141.312	78.6818	37.0572	22.0384	7.09648	0	0	0	0	0	0	0	0	0	0
05.500,00.000	35.5	5.5	-200	0	4.5	1842.92	357.524	569.335	335.604	154.552	134.923	142.878	80.1422	37.9391	22.2599	7.76576	0	0	0	0	0	0	0	0	0	0
05.500,00.000	35.6	5.5	-200	0	4.5	1843.18	357.556	569.403	335.632	154.562	134.93	142.913	80.1773	37.9606	22.2652	7.78085	0	0	0	0	0	0	0	0	0	0
05.500,00.000	35.7	5.5	-200	0	4.5	1875.6	361.812	576.768	339.149	155.637	135.748	147.435	85.0516	41.0469	23.0446	9.90536	0	0	0	0	0	0	0	0	0	0
05.500,00.000	35.8	5.5	-200	0	4.5	1918.42	367.184	587.794	343.627	157.284	136.843	152.76	91.1692	45.0959	24.1164	12.5455	0	0	0	0	0	0	0	0	0	0
05.500,00.000	35.9	5.5	-200	0	4.5	1923.89	367.901	589.145	344.205	157.503	136.973	153.387	91.961	45.667	24.2535	12.8976	0	0	0	0	0	0	0	0	0	0
05.500,00.000	36	5.5	-200	0	4.5	1954.1	372.043	596.372	347.38	158.641	137.585	156.93	96.3593	48.8947	25.0322	14.106	0.761112	0	0	0	0	0	0	0	0	0
05.500,00.000	36.1	5.5	-200	0	4.5	1968.29	374.146	599.758	348.948	159.191	137.882	158.484	98.3121	50.4176	25.3552	14.5551	1.245	0	0	0	0	0	0	0	0	0
05.500,00.000	36.2	5.5	-200	0	4.5	1973.89	374.971	601.12	349.544	159.395	137.988	159.087	99.0726	51.008	25.5478	14.7264	1.42959	0	0	0	0	0	0	0	0	0
05.500,00.000	36.3	5.5	-200	0	4.5	1980.01	375.884	602.55	350.214	159.588	138.085	159.746	99.9174	51.6889	25.7822	14.9181	1.63629	0	0	0	0	0	0	0	0	0
05.500,00.000	36.4	5.5	-200	0	4.5	2021.76	381.928	612.876	354.679	160.82	138.677	164.107	105.569	56.3697	27.4831	16.2188	3.03533	0	0	0	0	0	0	0	0	0
05.500,00.000	36.5	5.5	-200	0	4.5	2033.5	383.493	615.718	355.98	161.112	138.842	165.303	107.2	57.7675	28.0277	16.6057	3.44729	0	0	0	0	0	0	0	0	0
05.500,00.000	36.6	5.5	-200	0	4.5	2051.99	385.983	620.171	357.888	161.635	139.021	167.214	109.814	59.9656	28.967	17.2376	4.09866	0	0	0	0	0	0	0	0	0
05.500,00.000	36.7	5.5	-200	0	4.5	2084.74	390.511	627.385	361.424	162.546	139.331	170.329	114.544	64.0841	30.8217	18.2358	5.52668	0	0	0	0	0	0	0	0	0
05.500,00.000	36.8	5.5	-200	0	4.5	2089.64	391.152	628.534	361.989	162.707	139.376	170.771	115.227	64.7219	31.1641	18.2508	5.74825	0	0	0	0	0	0	0	0	0
05.500,00.000	36.9	5.5	-200	0	4.5	2106.86	393.523	632.602	363.839	163.212	139.487	172.352	117.539	66.8878	32.7385	18.3323	6.35305	0	0	0	0	0	0	0	0	0
05.500,00.000	37	5.5	-200	0	4.5	2112.65	394.317	633.825	364.483	163.389	139.527	172.88	118.313	67.6564	33.3431	18.3643	6.55402	0	0	0	0	0	0	0	0	0
05.500,00.000	37.1	5.5	-200	0	4.5	2119.37	395.276	635.33	365.176	163.595	139.564	173.496	119.166	68.536	34.0464	18.4125	6.77614	0	0	0	0	0	0	0	0	0
05.500,00.000	37.2	5.5	-200	0	4.5	2125.61	396.196	636.707	365.819	163.783	139.594	174.064	119.93	69.3585	34.7093	18.4637	6.97923	0	0	0	0	0	0	0	0	0
05.500,00.000	37.3	5.5	-200	0	4.5	2134.9	397.539	638.675	366.78	164.052	139.63	174.929	121.09	70.6268	35.7404	18.5537	7.28351	0	0	0	0	0	0	0	0	0
05.500,00.000	37.4	5.5	-200	0	4.5	2179.07	404.214	648.469	371.022	165.432	139.772	179.079	126.365	76.9767	40.9495	19.0663	7.72468	0	0	0	0	0	0	0	0	0
05.500,00.000	37.5	5.5	-200	0	4.5	2189.9	405.898	650.823	372.154	165.83	139.816	180.136	127.421	78.5865	42.3005	19.207	7.72468	0	0	0	0	0	0	0	0	0
05.500,00.000	37.6	5.5	-200	0	4.5	2213.36	409.573	655.479	374.547	166.492	139.879	182.325	130.128	82.2412	45.3864	19.5841	7.72468	0	0	0	0	0	0	0	0	0
05.500,00.000	37.7	5.5	-200	0	4.5	2229.81	412.382	658.891	376.059	166.992	139.926	183.609	131.967	84.8032	47.5933	19.8615	7.72468	0	0	0	0	0	0	0	0	0
05.500,00.000	37.8	5.5	-200	0	4.5	2231.15	412.647	659.15	376.179	167.032	139.93	183.715	132.109	84.9953	47.7786	19.8887	7.72468	0	0	0	0	0	0	0	0	0
05.500,00.000	37.9	5.5	-200	0	4.5	2231.19	412.654	659.159	376.183	167.033	139.93	183.719	132.114	85.0018	47.7844	19.8898	7.72469	0	0	0	0	0	0	0	0	0
05.500,00.000	38	5.5	-200	0	4.5	2246.89	415.58	662.365	377.524	167.399	139.98	184.905	133.769	87.4073	49.9439	20.2921	7.7284	0	0	0	0	0	0	0	0	0
05.500,00.000	38.1	5.5	-200	0	4.5	2262.62	418.587	665.583	378.791	167.735	140.074	186.079	135.418	89.7962	52.0976	20.716	7.73835	0	0	0	0	0	0	0	0	0
05.500,00.000	38.2	5.5	-200	0	4.5	2264.78	419.005	666.007	378.96	167.782	140.091	186.242	135.648	90.124	52.3996	20.7769	7.74027	0	0	0	0	0	0	0	0	0
05.500,00.000	38.3	5.5	-200	0	4.5	2268.77	419.795	666.757	379.256	167.858	140.112	186.561	136.073	90.7521	52.9547	20.9039	7.74687	0	0	0	0	0	0	0	0	0
05.500,00.000	38.4	5.5	-200	0	4.5	2279.59	421.925	668.849	380.031	168.057	140.18	187.36	137.209	92.4696	54.4677	21.269	7.76999	0	0	0	0	0	0	0	0	0
05.500,00.000	38.5	5.5	-200	0	4.5	2282.11	422.426	669.323	380.208	168.104	140.199	187.553	137.477	92.8831	54.811	21.3537	7.77615	0	0	0	0	0	0	0	0	0
05.500,00.000	38.6	5.5	-200	0	4.5	2282.11	422.425	669.32	380.208	168.104	140.2	187.552	137.477	92.8835	54.8103	21.3537	7.77615	0	0	0	0	0	0	0	0	0
05.500,00.000	38.7	5.5	-200	0	4.5	2282.11	422.425	669.317	380.207	168.105	140.2	187.551	137.478	92.8838	54.8097	21.3537	7.77615	0	0	0	0	0	0	0	0	0
05.500,00.000	38.8	5.5	-200	0	4.5	2288.41	423.715	670.5	380.598	168.204	140.239	188.013	138.077	93.9743	55.7039	21.5827	7.80624	0	0	0	0	0	0	0	0	0
05.500,00.000	38.9	5.5	-200	0	4.5	2290.91	424.216	670.941	380.749	168.242	140.257	188.19	138.322	94.4181	56.0663	21.6866	7.82049	0	0	0	0	0	0	0	0	0
05.500,00.000	39	5.5	-200	0	4.5	2295.14	425.065	671.697	380.991	168.303	140.284	188.441	138.725	95.187	56.6158	21.9829	7.85013	0	0	0	0	0	0	0	0	0
05.500,00.000	39.1	5.5	-200	0	4.5	2302.28	426.567	672.972	381.409	168.405	140.329	188.893	139.372	96.4966	57.3793	22.5573	7.8982	0	0	0	0	0	0	0	0	0
05.500,00.000	39.2	5.5	-200	0	4.5	2309.68	428.139	674.268	381.825	168.504	140.376	189.378	140.019	97.8669	58.1588	23.1895	7.95226	0	0	0	0	0	0	0	0	0
05.500,00.000	39.3	5.5	-200	0	4.5	2312.47	428.709	674.736	381.97	168.539	140.393	189.547	140.274	98.3966	58.4829	23.4499	7.97676	0	0	0	0	0	0	0	0	0
05.500,00.000	39.4	5.5	-200	0	4.5	2318.8	430.11	675.81	382.303	168.613	140.433	189.944	140.796	99.5952	59.1506	24.0137	8.02958	0	0	0	0	0	0	0	0	0
05.500,00.000	39.5	5.5	-200	0	4.5	2323.8	431.165	676.623	382.552	168.669	140.467	190.209	141.238	100.547	59.7495	24.5033	8.07955	0	0	0	0	0	0	0	0	0
05.500,00.000	39.6	5.5	-200	0	4.5	2324.45	431.298	676.724	382.583	168.676	140.471	190.241	141.295	100.673	59.8292	24.5671	8.08631	0	0	0	0	0	0	0	0	0
05.500,00.000	39.7	5.5	-200	0	4.5	2324.44	431.298	676.722	382.583	168.676	140.472	190.241	141.295	100.673	59.8285	24.5671	8.08631	0	0	0	0	0	0	0	0	0
05.500,00.000	39.8	5.5	-200	0	4.5	2330.06	432.49	677.627	382.836	168.725	140.503	190.539	141.742	101.763	60.5472	25.1326	8.15225	0	0	0	0	0	0	0	0	0
05.500,00.000	39.9	5.5	-200	0	4.5	2334.95	433.52	678.401	383.046	168.765	140.531	190.791	142.122	102.698	61.1898	25.6707	8.21862	0	0	0	0	0	0	0	0	0
05.500,00.000	40	5.5	-200	0	4.5	2337.32	434.057	678.785	383.154	168.784	140.546	190.92	142.293	103.144	61.4557	25.9314	8.24626	0	0	0	0	0	0	0	0	0
05.500,00.000	40.1	5.5	-200	0	4.5	2343.39	435.428	679.795	383.417	168.83	140.581	191.253	142.719	104.307	62.1841	26.5658	8.31073	0	0	0	0	0	0	0	0	0
05.500,00.000	40.2	5.5	-200	0	4.5	2346.98	436.205	680.35	383.565	168.854	140.601	191.429	142.97	104.993	62.6773	26.9739	8.3646	0	0	0	0	0	0	0	0	0
05.500,00.000	40.3	5.5	-200	0	4.5	2350.61	436.958	680.918	383.703	168.875	140.619	191.578	143.21	105.708	63.179	27.4292	8.43089	0	0	0	0	0	0	0	0	0
05.500,00.000	40.4	5.5	-200	0	4.5	2356.1	438.222	681.826	383.924	168.905	140.647	191.837	143.572	106.747	63.852	28.0665	8.50255	0	0	0	0	0	0	0	0	0
05.500,00.000	40.5	5.5	-200	0	4.5	2357.38	438.496	682.023	383.972	168.912	140.654	191.894	143.657	106.995	64.0275	28.2287	8.52565	0	0	0	0	0	0	0	0	0
05.500,00.000	40.6	5.5	-200	0	4.5	2357.37	438.493	682.018	383.971	168.912	140.654	191.893	143.657	106.992	64.0267	28.2287	8.52565	0	0	0	0	0	0	0	0	0
05.500,00.000	40.7	5.5	-200	0	4.5	2360.8	439.206	682.559	384.083	168.927	140.669	192.021	143.853	107.67	64.5217	28.6899	8.59637	0	0	0	0	0	0	0	0	0
05.500,00.000	40.8	5.5	-200	0	4.5	2365.01	440.136	683.263	384.224	168.946	140.688	192.193	144.101	108.47	65.0967	29.2296	8.66577	0	0	0	0	0	0	0	0	0
05.500,00.000	40.9	5.5	-200	0	4.5	2368.52	440.909	683.855	384.339	168.961	140.704	192.332	144.287	109.1	65.6002	29.7075	8.72806	0	0	0	0	0	0	0	0	0
05.500,00.000	41	5.5	-200	0	4.5	2372.02	441.635	684.415	384.446	168.975	140.717	192.463	144.46	109.751	66.1355	30.2149	8.80707	0	0	0	0	0	0	0	0	0
05.500,00.000	41.1	5.5	-200	0	4.5	2375.54	442.413	684.959	384.547	168.987	140.73	192.586	144.627	110.396	66.6728	30.7319	8.88953	0	0	0	0	0	0	0	0	0
05.500,00.000	41.2	5.5	-200	0	4.5	2378.85	443.192	685.499	384.644	169	140.743	192.701	144.783	110.97	67.1542	31.2117	8.95726	0	0	0	0	0	0	0	0	0
05.500,00.000	41.3	5.5	-200	0	4.5	2382.09	443.93	686.018	384.733	169.011	140.755	192.805	144.924	111.535	67.6516	31.6985	9.0275	0	0	0	0	0	0	0	0	0
05.500,00.000	41.4	5.5	-200	0	4.5	2385.36	444.657	686.514	384.815	169.022	140.766	192.904	145.061	112.117	68.1757	32.2139	9.11389	0	0	0	0	0	0	0	0	0
05.500,00.000	41.5	5.5	-200	0	4.5	2388.57	445.359	686.993	384.892	169.032	140.777	192.997	145.185	112.689	68.7217	32.7332	9.1896	0	0	0	0	0	0	0	0	0
05.500,00.000	41.6	5.5	-200	0	4.5	2391.63	446.019	687.491	384.965	169.041	140.788	193.079	145.296	113.201	69.2331	33.2506	9.26999	0	0	0	0	0	0	0	0	0
05.500,00.000	41.7	5.5	-200	0	4.5	2394.67	446.58	688.045	385.033	169.05	140.798	193.155	145.401	113.724	69.7429	33.7762	9.36279	0	0	0	0	0	0	0	0	0
05.500,00.000	41.8	5.5	-200	0	4.5	2397.67	447.108	688.577	385.096	169.059	140.807	193.226	145.501	114.237	70.2803	34.3137	9.46286	0	0	0	0	0	0	0	0	0
05.500,00.000	41.9	5.5	-200	0	4.5	2400.68	447.63	689.112	385.158	169.067	140.815	193.294	145.601	114.736	70.8551	34.8567	9.55295	0	0	0	0	0	0	0	0	0
05.500,00.000	42	5.5	-200	0	4.5	2403.55	448.132	689.622	385.216	169.075	140.823	193.357	145.694	115.199	71.3825	35.3984	9.64476	0	0	0	0	0	0	0	0	0