
label	time(d)	x	depth	z	radius	total	0-10	10-20	20-30	30-40	40-50	50-60	60-70	70-80	80-90	90-100	100-110	110-120	120-130	130-140	140-150	150-160	160-170	170-180	180-190	190-200
05.500,00.000	0	5.5	-200	0	4.5	0	0	0	0	0	0	0	0	0	0	0	0	0	0	0	0	0	0	0	0	0
05.500,00.000	0.1	5.5	-200	0	4.5	0	0	0	0	0	0	0	0	0	0	0	0	0	0	0	0	0	0	0	0	0
05.500,00.000	0.2	5.5	-200	0	4.5	0	0	0	0	0	0	0	0	0	0	0	0	0	0	0	0	0	0	0	0	0
05.500,00.000	0.3	5.5	-200	0	4.5	0	0	0	0	0	0	0	0	0	0	0	0	0	0	0	0	0	0	0	0	0
05.500,00.000	0.4	5.5	-200	0	4.5	0	0	0	0	0	0	0	0	0	0	0	0	0	0	0	0	0	0	0	0	0
05.500,00.000	0.5	5.5	-200	0	4.5	0	0	0	0	0	0	0	0	0	0	0	0	0	0	0	0	0	0	0	0	0
05.500,00.000	0.6	5.5	-200	0	4.5	0	0	0	0	0	0	0	0	0	0	0	0	0	0	0	0	0	0	0	0	0
05.500,00.000	0.7	5.5	-200	0	4.5	0	0	0	0	0	0	0	0	0	0	0	0	0	0	0	0	0	0	0	0	0
05.500,00.000	0.8	5.5	-200	0	4.5	0	0	0	0	0	0	0	0	0	0	0	0	0	0	0	0	0	0	0	0	0
05.500,00.000	0.9	5.5	-200	0	4.5	0	0	0	0	0	0	0	0	0	0	0	0	0	0	0	0	0	0	0	0	0
05.500,00.000	1	5.5	-200	0	4.5	0	0	0	0	0	0	0	0	0	0	0	0	0	0	0	0	0	0	0	0	0
05.500,00.000	1.1	5.5	-200	0	4.5	0	0	0	0	0	0	0	0	0	0	0	0	0	0	0	0	0	0	0	0	0
05.500,00.000	1.2	5.5	-200	0	4.5	0	0	0	0	0	0	0	0	0	0	0	0	0	0	0	0	0	0	0	0	0
05.500,00.000	1.3	5.5	-200	0	4.5	0	0	0	0	0	0	0	0	0	0	0	0	0	0	0	0	0	0	0	0	0
05.500,00.000	1.4	5.5	-200	0	4.5	0	0	0	0	0	0	0	0	0	0	0	0	0	0	0	0	0	0	0	0	0
05.500,00.000	1.5	5.5	-200	0	4.5	0	0	0	0	0	0	0	0	0	0	0	0	0	0	0	0	0	0	0	0	0
05.500,00.000	1.6	5.5	-200	0	4.5	0	0	0	0	0	0	0	0	0	0	0	0	0	0	0	0	0	0	0	0	0
05.500,00.000	1.7	5.5	-200	0	4.5	0	0	0	0	0	0	0	0	0	0	0	0	0	0	0	0	0	0	0	0	0
05.500,00.000	1.8	5.5	-200	0	4.5	0	0	0	0	0	0	0	0	0	0	0	0	0	0	0	0	0	0	0	0	0
05.500,00.000	1.9	5.5	-200	0	4.5	0	0	0	0	0	0	0	0	0	0	0	0	0	0	0	0	0	0	0	0	0
05.500,00.000	2	5.5	-200	0	4.5	0	0	0	0	0	0	0	0	0	0	0	0	0	0	0	0	0	0	0	0	0
05.500,00.000	2.1	5.5	-200	0	4.5	0	0	0	0	0	0	0	0	0	0	0	0	0	0	0	0	0	0	0	0	0
05.500,00.000	2.2	5.5	-200	0	4.5	0	0	0	0	0	0	0	0	0	0	0	0	0	0	0	0	0	0	0	0	0
05.500,00.000	2.3	5.5	-200	0	4.5	0	0	0	0	0	0	0	0	0	0	0	0	0	0	0	0	0	0	0	0	0
05.500,00.000	2.4	5.5	-200	0	4.5	0	0	0	0	0	0	0	0	0	0	0	0	0	0	0	0	0	0	0	0	0
05.500,00.000	2.5	5.5	-200	0	4.5	0	0	0	0	0	0	0	0	0	0	0	0	0	0	0	0	0	0	0	0	0
05.500,00.000	2.6	5.5	-200	0	4.5	0	0	0	0	0	0	0	0	0	0	0	0	0	0	0	0	0	0	0	0	0
05.500,00.000	2.7	5.5	-200	0	4.5	0	0	0	0	0	0	0	0	0	0	0	0	0	0	0	0	0	0	0	0	0
05.500,00.000	2.8	5.5	-200	0	4.5	0	0	0	0	0	0	0	0	0	0	0	0	0	0	0	0	0	0	0	0	0
05.500,00.000	2.9	5.5	-200	0	4.5	0	0	0	0	0	0	0	0	0	0	0	0	0	0	0	0	0	0	0	0	0
05.500,00.000	3	5.5	-200	0	4.5	0	0	0	0	0	0	0	0	0	0	0	0	0	0	0	0	0	0	0	0	0
05.500,00.000	3.1	5.5	-200	0	4.5	0	0	0	0	0	0	0	0	0	0	0	0	0	0	0	0	0	0	0	0	0
05.500,00.000	3.2	5.5	-200	0	4.5	0.191498	0.191498	0	0	0	0	0	0	0	0	0	0	0	0	0	0	0	0	0	0	0
05.500,00.000	3.3	5.5	-200	0	4.5	0.45475	0.45475	0	0	0	0	0	0	0	0	0	0	0	0	0	0	0	0	0	0	0
05.500,00.000	3.4	5.5	-200	0	4.5	0.732774	0.732774	0	0	0	0	0	0	0	0	0	0	0	0	0	0	0	0	0	0	0
05.500,00.000	3.5	5.5	-200	0	4.5	1.01105	1.01105	0	0	0	0	0	0	0	0	0	0	0	0	0	0	0	0	0	0	0
05.500,00.000	3.6	5.5	-200	0	4.5	1.28829	1.28829	0	0	0	0	0	0	0	0	0	0	0	0	0	0	0	0	0	0	0
05.500,00.000	3.7	5.5	-200	0	4.5	1.56508	1.56508	0	0	0	0	0	0	0	0	0	0	0	0	0	0	0	0	0	0	0
05.500,00.000	3.8	5.5	-200	0	4.5	1.84167	1.84167	0	0	0	0	0	0	0	0	0	0	0	0	0	0	0	0	0	0	0
05.500,00.000	3.9	5.5	-200	0	4.5	2.11831	2.11831	0	0	0	0	0	0	0	0	0	0	0	0	0	0	0	0	0	0	0
05.500,00.000	4	5.5	-200	0	4.5	2.39631	2.39631	0	0	0	0	0	0	0	0	0	0	0	0	0	0	0	0	0	0	0
05.500,00.000	4.1	5.5	-200	0	4.5	2.6748	2.6748	0	0	0	0	0	0	0	0	0	0	0	0	0	0	0	0	0	0	0
05.500,00.000	4.2	5.5	-200	0	4.5	2.95402	2.95402	0	0	0	0	0	0	0	0	0	0	0	0	0	0	0	0	0	0	0
05.500,00.000	4.3	5.5	-200	0	4.5	3.23352	3.23352	0	0	0	0	0	0	0	0	0	0	0	0	0	0	0	0	0	0	0
05.500,00.000	4.4	5.5	-200	0	4.5	3.51282	3.51282	0	0	0	0	0	0	0	0	0	0	0	0	0	0	0	0	0	0	0
05.500,00.000	4.5	5.5	-200	0	4.5	3.79164	3.79164	0	0	0	0	0	0	0	0	0	0	0	0	0	0	0	0	0	0	0
05.500,00.000	4.6	5.5	-200	0	4.5	4.06997	4.06997	0	0	0	0	0	0	0	0	0	0	0	0	0	0	0	0	0	0	0
05.500,00.000	4.7	5.5	-200	0	4.5	4.34767	4.34767	0	0	0	0	0	0	0	0	0	0	0	0	0	0	0	0	0	0	0
05.500,00.000	4.8	5.5	-200	0	4.5	4.62497	4.62497	0	0	0	0	0	0	0	0	0	0	0	0	0	0	0	0	0	0	0
05.500,00.000	4.9	5.5	-200	0	4.5	4.90181	4.90181	0	0	0	0	0	0	0	0	0	0	0	0	0	0	0	0	0	0	0
05.500,00.000	5	5.5	-200	0	4.5	5.17824	5.17824	0	0	0	0	0	0	0	0	0	0	0	0	0	0	0	0	0	0	0
05.500,00.000	5.1	5.5	-200	0	4.5	5.45471	5.45471	0	0	0	0	0	0	0	0	0	0	0	0	0	0	0	0	0	0	0
05.500,00.000	5.2	5.5	-200	0	4.5	5.73154	5.63285	0.0986843	0	0	0	0	0	0	0	0	0	0	0	0	0	0	0	0	0	0
05.500,00.000	5.3	5.5	-200	0	4.5	6.00768	5.63434	0.373346	0	0	0	0	0	0	0	0	0	0	0	0	0	0	0	0	0	0
05.500,00.000	5.4	5.5	-200	0	4.5	6.28347	5.63467	0.648803	0	0	0	0	0	0	0	0	0	0	0	0	0	0	0	0	0	0
05.500,00.000	5.5	5.5	-200	0	4.5	6.46532	5.63467	0.83065	0	0	0	0	0	0	0	0	0	0	0	0	0	0	0	0	0	0
05.500,00.000	5.6	5.5	-200	0	4.5	6.47501	5.63467	0.840341	0	0	0	0	0	0	0	0	0	0	0	0	0	0	0	0	0	0
05.500,00.000	5.7	5.5	-200	0	4.5	6.47381	5.63467	0.839141	0	0	0	0	0	0	0	0	0	0	0	0	0	0	0	0	0	0
05.500,00.000	5.8	5.5	-200	0	4.5	6.47381	5.63467	0.839141	0	0	0	0	0	0	0	0	0	0	0	0	0	0	0	0	0	0
05.500,00.000	5.9	5.5	-200	0	4.5	6.47381	5.63467	0.839141	0	0	0	0	0	0	0	0	0	0	0	0	0	0	0	0	0	0
05.500,00.000	6	5.5	-200	0	4.5	6.47381	5.63467	0.839141	0	0	0	0	0	0	0	0	0	0	0	0	0	0	0	0	0	0
05.500,00.000	6.1	5.5	-200	0	4.5	6.47381	5.63467	0.839141	0	0	0	0	0	0	0	0	0	0	0	0	0	0	0	0	0	0
05.500,00.000	6.2	5.5	-200	0	4.5	6.47381	5.63467	0.839141	0	0	0	0	0	0	0	0	0	0	0	0	0	0	0	0	0	0
05.500,00.000	6.3	5.5	-200	0	4.5	6.47381	5.63467	0.839141	0	0	0	0	0	0	0	0	0	0	0	0	0	0	0	0	0	0
05.500,00.000	6.4	5.5	-200	0	4.5	6.47381	5.63467	0.839141	0	0	0	0	0	0	0	0	0	0	0	0	0	0	0	0	0	0
05.500,00.000	6.5	5.5	-200	0	4.5	6.47381	5.63467	0.839141	0	0	0	0	0	0	0	0	0	0	0	0	0	0	0	0	0	0
05.500,00.000	6.6	5.5	-200	0	4.5	6.47381	5.63467	0.839141	0	0	0	0	0	0	0	0	0	0	0	0	0	0	0	0	0	0
05.500,00.000	6.7	5.5	-200	0	4.5	6.47381	5.63467	0.839141	0	0	0	0	0	0	0	0	0	0	0	0	0	0	0	0	0	0
05.500,00.000	6.8	5.5	-200	0	4.5	6.47381	5.63467	0.839141	0	0	0	0	0	0	0	0	0	0	0	0	0	0	0	0	0	0
05.500,00.000	6.9	5.5	-200	0	4.5	6.47381	5.63467	0.839141	0	0	0	0	0	0	0	0	0	0	0	0	0	0	0	0	0	0
05.500,00.000	7	5.5	-200	0	4.5	6.47381	5.63467	0.839141	0	0	0	0	0	0	0	0	0	0	0	0	0	0	0	0	0	0
05.500,00.000	7.1	5.5	-200	0	4.5	6.47381	5.63467	0.839141	0	0	0	0	0	0	0	0	0	0	0	0	0	0	0	0	0	0
05.500,00.000	7.2	5.5	-200	0	4.5	6.47436	5.63522	0.839141	0	0	0	0	0	0	0	0	0	0	0	0	0	0	0	0	0	0
05.500,00.000	7.3	5.5	-200	0	4.5	6.48053	5.64139	0.839141	0	0	0	0	0	0	0	0	0	0	0	0	0	0	0	0	0	0
05.500,00.000	7.4	5.5	-200	0	4.5	6.49163	5.65249	0.839141	0	0	0	0	0	0	0	0	0	0	0	0	0	0	0	0	0	0
05.500,00.000	7.5	5.5	-200	0	4.5	6.50788	5.66874	0.839141	0	0	0	0	0	0	0	0	0	0	0	0	0	0	0	0	0	0
05.500,00.000	7.6	5.5	-200	0	4.5	6.5318	5.69266	0.839141	0	0	0	0	0	0	0	0	0	0	0	0	0	0	0	0	0	0
05.500,00.000	7.7	5.5	-200	0	4.5	6.5644	5.72526	0.839141	0	0	0	0	0	0	0	0	0	0	0	0	0	0	0	0	0	0
05.500,00.000	7.8	5.5	-200	0	4.5	6.60604	5.7669	0.839141	0	0	0	0	0	0	0	0	0	0	0	0	0	0	0	0	0	0
05.500,00.000	7.9	5.5	-200	0	4.5	6.65998	5.82084	0.839141	0	0	0	0	0	0	0	0	0	0	0	0	0	0	0	0	0	0
05.500,00.000	8	5.5	-200	0	4.5	6.72697	5.88783	0.839141	0	0	0	0	0	0	0	0	0	0	0	0	0	0	0	0	0	0
05.500,00.000	8.1	5.5	-200	0	4.5	6.81023	5.97109	0.839141	0	0	0	0	0	0	0	0	0	0	0	0	0	0	0	0	0	0
05.500,00.000	8.2	5.5	-200	0	4.5	6.90961	6.07047	0.839141	0	0	0	0	0	0	0	0	0	0	0	0	0	0	0	0	0	0
05.500,00.000	8.3	5.5	-200	0	4.5	7.02827	6.18913	0.839141	0	0	0	0	0	0	0	0	0	0	0	0	0	0	0	0	0	0
05.500,00.000	8.4	5.5	-200	0	4.5	7.16929	6.33015	0.839141	0	0	0	0	0	0	0	0	0	0	0	0	0	0	0	0	0	0
05.500,00.000	8.5	5.5	-200	0	4.5	7.32607	6.48693	0.839141	0	0	0	0	0	0	0	0	0	0	0	0	0	0	0	0	0	0
05.500,00.000	8.6	5.5	-200	0	4.5	7.50203	6.66289	0.839141	0	0	0	0	0	0	0	0	0	0	0	0	0	0	0	0	0	0
05.500,00.000	8.7	5.5	-200	0	4.5	7.67826	6.83912	0.839141	0	0	0	0	0	0	0	0	0	0	0	0	0	0	0	0	0	0
05.500,00.000	8.8	5.5	-200	0	4.5	7.87839	7.03925	0.839141	0	0	0	0	0	0	0	0	0	0	0	0	0	0	0	0	0	0
05.500,00.000	8.9	5.5	-200	0	4.5	8.09201	7.25287	0.839141	0	0	0	0	0	0	0	0	0	0	0	0	0	0	0	0	0	0
05.500,00.000	9	5.5	-200	0	4.5	8.32912	7.48997	0.839141	0	0	0	0	0	0	0	0	0	0	0	0	0	0	0	0	0	0
05.500,00.000	9.1	5.5	-200	0	4.5	8.58474	7.7456	0.839141	0	0	0	0	0	0	0	0	0	0	0	0	0	0	0	0	0	0
05.500,00.000	9.2	5.5	-200	0	4.5	8.8491	8.00996	0.839141	0	0	0	0	0	0	0	0	0	0	0	0	0	0	0	0	0	0
05.500,00.000	9.3	5.5	-200	0	4.5	9.13702	8.2976	0.839425	0	0	0	0	0	0	0	0	0	0	0	0	0	0	0	0	0	0
05.500,00.000	9.4	5.5	-200	0	4.5	9.45137	8.60858	0.84279	0	0	0	0	0	0	0	0	0	0	0	0	0	0	0	0	0	0
05.500,00.000	9.5	5.5	-200	0	4.5	9.78728	8.93896	0.848316	0	0	0	0	0	0	0	0	0	0	0	0	0	0	0	0	0	0
05.500,00.000	9.6	5.5	-200	0	4.5	10.138	9.2796	0.858355	0	0	0	0	0	0	0	0	0	0	0	0	0	0	0	0	0	0
05.500,00.000	9.7	5.5	-200	0	4.5	10.5103	9.63839	0.871905	0	0	0	0	0	0	0	0	0	0	0	0	0	0	0	0	0	0
05.500,00.000	9.8	5.5	-200	0	4.5	10.9035	10.0146	0.888938	0	0	0	0	0	0	0	0	0	0	0	0	0	0	0	0	0	0
05.500,00.000	9.9	5.5	-200	0	4.5	11.3217	10.4117	0.909971	0	0	0	0	0	0	0	0	0	0	0	0	0	0	0	0	0	0
05.500,00.000	10	5.5	-200	0	4.5	11.7616	10.8266	0.934976	0	0	0	0	0	0	0	0	0	0	0	0	0	0	0	0	0	0
05.500,00.000	10.1	5.5	-200	0	4.5	12.2236	11.2597	0.963904	0	0	0	0	0	0	0	0	0	0	0	0	0	0	0	0	0	0
05.500,00.000	10.2	5.5	-200	0	4.5	12.7073	11.7106	0.996786	0	0	0	0	0	0	0	0	0	0	0	0	0	0	0	0	0	0
05.500,00.000	10.3	5.5	-200	0	4.5	13.2124	12.1789	1.03352	0	0	0	0	0	0	0	0	0	0	0	0	0	0	0	0	0	0
05.500,00.000	10.4	5.5	-200	0	4.5	13.7443	12.6706	1.07371	0	0	0	0	0	0	0	0	0	0	0	0	0	0	0	0	0	0
05.500,00.000	10.5	5.5	-200	0	4.5	14.2927	13.1768	1.11588	0	0	0	0	0	0	0	0	0	0	0	0	0	0	0	0	0	0
05.500,00.000	10.6	5.5	-200	0	4.5	14.8472	13.691	1.15621	0	0	0	0	0	0	0	0	0	0	0	0	0	0	0	0	0	0
05.500,00.000	10.7	5.5	-200	0	4.5	15.4232	14.2187	1.20447	0	0	0	0	0	0	0	0	0	0	0	0	0	0	0	0	0	0
05.500,00.000	10.8	5.5	-200	0	4.5	16.0241	14.7687	1.25543	0	0	0	0	0	0	0	0	0	0	0	0	0	0	0	0	0	0
05.500,00.000	10.9	5.5	-200	0	4.5	16.6702	15.3614	1.30882	0	0	0	0	0	0	0	0	0	0	0	0	0	0	0	0	0	0
05.500,00.000	11	5.5	-200	0	4.5	17.3463	15.9817	1.36463	0	0	0	0	0	0	0	0	0	0	0	0	0	0	0	0	0	0
05.500,00.000	11.1	5.5	-200	0	4.5	18.0435	16.6208	1.42269	0	0	0	0	0	0	0	0	0	0	0	0	0	0	0	0	0	0
05.500,00.000	11.2	5.5	-200	0	4.5	18.7908	17.3079	1.48297	0	0	0	0	0	0	0	0	0	0	0	0	0	0	0	0	0	0
05.500,00.000	11.3	5.5	-200	0	4.5	19.5481	18.0024	1.54569	0	0	0	0	0	0	0	0	0	0	0	0	0	0	0	0	0	0
05.500,00.000	11.4	5.5	-200	0	4.5	20.3526	18.7417	1.61089	0	0	0	0	0	0	0	0	0	0	0	0	0	0	0	0	0	0
05.500,00.000	11.5	5.5	-200	0	4.5	21.1903	19.504	1.68633	0	0	0	0	0	0	0	0	0	0	0	0	0	0	0	0	0	0
05.500,00.000	11.6	5.5	-200	0	4.5	22.0216	20.2713	1.75034	0	0	0	0	0	0	0	0	0	0	0	0	0	0	0	0	0	0
05.500,00.000	11.7	5.5	-200	0	4.5	22.8588	21.0382	1.82057	0	0	0	0	0	0	0	0	0	0	0	0	0	0	0	0	0	0
05.500,00.000	11.8	5.5	-200	0	4.5	23.7308	21.8165	1.91428	0	0	0	0	0	0	0	0	0	0	0	0	0	0	0	0	0	0
05.500,00.000	11.9	5.5	-200	0	4.5	24.6428	22.6219	2.02093	0	0	0	0	0	0	0	0	0	0	0	0	0	0	0	0	0	0
05.500,00.000	12	5.5	-200	0	4.5	25.6169	23.4782	2.13874	0	0	0	0	0	0	0	0	0	0	0	0	0	0	0	0	0	0
05.500,00.000	12.1	5.5	-200	0	4.5	26.621	24.3604	2.26058	0	0	0	0	0	0	0	0	0	0	0	0	0	0	0	0	0	0
05.500,00.000	12.2	5.5	-200	0	4.5	27.6297	25.2484	2.38135	0	0	0	0	0	0	0	0	0	0	0	0	0	0	0	0	0	0
05.500,00.000	12.3	5.5	-200	0	4.5	28.6662	26.1598	2.50642	0	0	0	0	0	0	0	0	0	0	0	0	0	0	0	0	0	0
05.500,00.000	12.4	5.5	-200	0	4.5	29.739	27.1078	2.63117	0	0	0	0	0	0	0	0	0	0	0	0	0	0	0	0	0	0
05.500,00.000	12.5	5.5	-200	0	4.5	31.1303	28.3489	2.78148	0	0	0	0	0	0	0	0	0	0	0	0	0	0	0	0	0	0
05.500,00.000	12.6	5.5	-200	0	4.5	32.4057	29.4826	2.92308	0	0	0	0	0	0	0	0	0	0	0	0	0	0	0	0	0	0
05.500,00.000	12.7	5.5	-200	0	4.5	33.5296	30.4814	3.04818	0	0	0	0	0	0	0	0	0	0	0	0	0	0	0	0	0	0
05.500,00.000	12.8	5.5	-200	0	4.5	34.6062	31.4446	3.16156	0	0	0	0	0	0	0	0	0	0	0	0	0	0	0	0	0	0
05.500,00.000	12.9	5.5	-200	0	4.5	35.5697	32.3153	3.25437	0	0	0	0	0	0	0	0	0	0	0	0	0	0	0	0	0	0
05.500,00.000	13	5.5	-200	0	4.5	36.9096	33.534	3.37557	0	0	0	0	0	0	0	0	0	0	0	0	0	0	0	0	0	0
05.500,00.000	13.1	5.5	-200	0	4.5	38.2136	34.7007	3.51282	0	0	0	0	0	0	0	0	0	0	0	0	0	0	0	0	0	0
05.500,00.000	13.2	5.5	-200	0	4.5	39.5218	35.8227	3.69914	0	0	0	0	0	0	0	0	0	0	0	0	0	0	0	0	0	0
05.500,00.000	13.3	5.5	-200	0	4.5	40.8505	36.9578	3.89274	0	0	0	0	0	0	0	0	0	0	0	0	0	0	0	0	0	0
05.500,00.000	13.4	5.5	-200	0	4.5	42.2147	38.1208	4.09391	0	0	0	0	0	0	0	0	0	0	0	0	0	0	0	0	0	0
05.500,00.000	13.5	5.5	-200	0	4.5	44.0455	39.6575	4.38793	0	0	0	0	0	0	0	0	0	0	0	0	0	0	0	0	0	0
05.500,00.000	13.6	5.5	-200	0	4.5	45.6364	40.9915	4.64493	0	0	0	0	0	0	0	0	0	0	0	0	0	0	0	0	0	0
05.500,00.000	13.7	5.5	-200	0	4.5	47.2347	42.3396	4.8951	0	0	0	0	0	0	0	0	0	0	0	0	0	0	0	0	0	0
05.500,00.000	13.8	5.5	-200	0	4.5	48.829	43.686	5.14307	0	0	0	0	0	0	0	0	0	0	0	0	0	0	0	0	0	0
05.500,00.000	13.9	5.5	-200	0	4.5	49.9242	44.6127	5.31151	0	0	0	0	0	0	0	0	0	0	0	0	0	0	0	0	0	0
05.500,00.000	14	5.5	-200	0	4.5	51.8361	46.2321	5.60398	0	0	0	0	0	0	0	0	0	0	0	0	0	0	0	0	0	0
05.500,00.000	14.1	5.5	-200	0	4.5	53.6347	47.7543	5.88038	0	0	0	0	0	0	0	0	0	0	0	0	0	0	0	0	0	0
05.500,00.000	14.2	5.5	-200	0	4.5	55.3139	49.1625	6.15138	0	0	0	0	0	0	0	0	0	0	0	0	0	0	0	0	0	0
05.500,00.000	14.3	5.5	-200	0	4.5	57.0131	50.5783	6.43475	0	0	0	0	0	0	0	0	0	0	0	0	0	0	0	0	0	0
05.500,00.000	14.4	5.5	-200	0	4.5	58.7556	52.0256	6.73003	0	0	0	0	0	0	0	0	0	0	0	0	0	0	0	0	0	0
05.500,00.000	14.5	5.5	-200	0	4.5	61.8401	54.5461	7.29395	0	0	0	0	0	0	0	0	0	0	0	0	0	0	0	0	0	0
05.500,00.000	14.6	5.5	-200	0	4.5	62.8693	55.3719	7.49743	0	0	0	0	0	0	0	0	0	0	0	0	0	0	0	0	0	0
05.500,00.000	14.7	5.5	-200	0	4.5	64.3679	56.5764	7.79154	0	0	0	0	0	0	0	0	0	0	0	0	0	0	0	0	0	0
05.500,00.000	14.8	5.5	-200	0	4.5	65.0446	57.1175	7.9271	0	0	0	0	0	0	0	0	0	0	0	0	0	0	0	0	0	0
05.500,00.000	14.9	5.5	-200	0	4.5	65.6818	57.6265	8.05531	0	0	0	0	0	0	0	0	0	0	0	0	0	0	0	0	0	0
05.500,00.000	15	5.5	-200	0	4.5	67.7832	59.2615	8.52169	0	0	0	0	0	0	0	0	0	0	0	0	0	0	0	0	0	0
05.500,00.000	15.1	5.5	-200	0	4.5	69.6208	60.6007	9.02013	0	0	0	0	0	0	0	0	0	0	0	0	0	0	0	0	0	0
05.500,00.000	15.2	5.5	-200	0	4.5	71.22	61.7643	9.45574	0	0	0	0	0	0	0	0	0	0	0	0	0	0	0	0	0	0
05.500,00.000	15.3	5.5	-200	0	4.5	72.7957	62.9018	9.89393	0	0	0	0	0	0	0	0	0	0	0	0	0	0	0	0	0	0
05.500,00.000	15.4	5.5	-200	0	4.5	74.2898	64.0208	10.2689	0	0	0	0	0	0	0	0	0	0	0	0	0	0	0	0	0	0
05.500,00.000	15.5	5.5	-200	0	4.5	78.4923	67.0798	11.4125	0	0	0	0	0	0	0	0	0	0	0	0	0	0	0	0	0	0
05.500,00.000	15.6	5.5	-200	0	4.5	79.2755	67.6062	11.6693	0	0	0	0	0	0	0	0	0	0	0	0	0	0	0	0	0	0
05.500,00.000	15.7	5.5	-200	0	4.5	79.7756	67.9553	11.8203	0	0	0	0	0	0	0	0	0	0	0	0	0	0	0	0	0	0
05.500,00.000	15.8	5.5	-200	0	4.5	79.7871	67.9631	11.824	0	0	0	0	0	0	0	0	0	0	0	0	0	0	0	0	0	0
05.500,00.000	15.9	5.5	-200	0	4.5	83.3027	70.3091	12.9937	0	0	0	0	0	0	0	0	0	0	0	0	0	0	0	0	0	0
05.500,00.000	16	5.5	-200	0	4.5	85.3774	71.6828	13.6947	0	0	0	0	0	0	0	0	0	0	0	0	0	0	0	0	0	0
05.500,00.000	16.1	5.5	-200	0	4.5	86.6666	72.5385	14.1282	0	0	0	0	0	0	0	0	0	0	0	0	0	0	0	0	0	0
05.500,00.000	16.2	5.5	-200	0	4.5	87.9336	73.3744	14.5592	0	0	0	0	0	0	0	0	0	0	0	0	0	0	0	0	0	0
05.500,00.000	16.3	5.5	-200	0	4.5	89.1885	74.1822	15.0063	0	0	0	0	0	0	0	0	0	0	0	0	0	0	0	0	0	0
05.500,00.000	16.4	5.5	-200	0	4.5	90.418	74.9713	15.4467	0	0	0	0	0	0	0	0	0	0	0	0	0	0	0	0	0	0
05.500,00.000	16.5	5.5	-200	0	4.5	95.1688	77.9405	17.2282	0	0	0	0	0	0	0	0	0	0	0	0	0	0	0	0	0	0
05.500,00.000	16.6	5.5	-200	0	4.5	96.1539	78.5205	17.6334	0	0	0	0	0	0	0	0	0	0	0	0	0	0	0	0	0	0
05.500,00.000	16.7	5.5	-200	0	4.5	104.901	83.4975	21.4031	0	0	0	0	0	0	0	0	0	0	0	0	0	0	0	0	0	0
05.500,00.000	16.8	5.5	-200	0	4.5	107.258	84.7212	22.5017	0.0352033	0	0	0	0	0	0	0	0	0	0	0	0	0	0	0	0	0
05.500,00.000	16.9	5.5	-200	0	4.5	111.808	87.1362	24.5016	0.170214	0	0	0	0	0	0	0	0	0	0	0	0	0	0	0	0	0
05.500,00.000	17	5.5	-200	0	4.5	114.037	88.2851	25.4664	0.285229	0	0	0	0	0	0	0	0	0	0	0	0	0	0	0	0	0
05.500,00.000	17.1	5.5	-200	0	4.5	115.108	88.8397	25.9321	0.336296	0	0	0	0	0	0	0	0	0	0	0	0	0	0	0	0	0
05.500,00.000	17.2	5.5	-200	0	4.5	116.14	89.3669	26.3832	0.390079	0	0	0	0	0	0	0	0	0	0	0	0	0	0	0	0	0
05.500,00.000	17.3	5.5	-200	0	4.5	117.148	89.8842	26.8186	0.444717	0	0	0	0	0	0	0	0	0	0	0	0	0	0	0	0	0
05.500,00.000	17.4	5.5	-200	0	4.5	118.125	90.3834	27.2408	0.501161	0	0	0	0	0	0	0	0	0	0	0	0	0	0	0	0	0
05.500,00.000	17.5	5.5	-200	0	4.5	122.536	92.5477	29.2098	0.778795	0	0	0	0	0	0	0	0	0	0	0	0	0	0	0	0	0
05.500,00.000	17.6	5.5	-200	0	4.5	123.5	92.9794	29.6191	0.901804	0	0	0	0	0	0	0	0	0	0	0	0	0	0	0	0	0
05.500,00.000	17.7	5.5	-200	0	4.5	131.992	96.7436	33.56	1.688	0	0	0	0	0	0	0	0	0	0	0	0	0	0	0	0	0
05.500,00.000	17.8	5.5	-200	0	4.5	133.975	97.6376	34.4435	1.89423	0	0	0	0	0	0	0	0	0	0	0	0	0	0	0	0	0
05.500,00.000	17.9	5.5	-200	0	4.5	138.841	99.489	36.9548	2.39721	0	0	0	0	0	0	0	0	0	0	0	0	0	0	0	0	0
05.500,00.000	18	5.5	-200	0	4.5	141.294	100.227	38.4224	2.64427	0	0	0	0	0	0	0	0	0	0	0	0	0	0	0	0	0
05.500,00.000	18.1	5.5	-200	0	4.5	142.301	100.554	38.9831	2.76424	0	0	0	0	0	0	0	0	0	0	0	0	0	0	0	0	0
05.500,00.000	18.2	5.5	-200	0	4.5	143.204	100.839	39.4894	2.87586	0	0	0	0	0	0	0	0	0	0	0	0	0	0	0	0	0
05.500,00.000	18.3	5.5	-200	0	4.5	144.318	101.178	40.1227	3.01778	0	0	0	0	0	0	0	0	0	0	0	0	0	0	0	0	0
05.500,00.000	18.4	5.5	-200	0	4.5	145.293	101.466	40.681	3.14556	0	0	0	0	0	0	0	0	0	0	0	0	0	0	0	0	0
05.500,00.000	18.5	5.5	-200	0	4.5	152.374	103.609	44.7421	4.02294	0	0	0	0	0	0	0	0	0	0	0	0	0	0	0	0	0
05.500,00.000	18.6	5.5	-200	0	4.5	153.894	104.076	45.6196	4.19813	0	0	0	0	0	0	0	0	0	0	0	0	0	0	0	0	0
05.500,00.000	18.7	5.5	-200	0	4.5	170.153	107.999	55.9545	6.19899	0	0	0	0	0	0	0	0	0	0	0	0	0	0	0	0	0
05.500,00.000	18.8	5.5	-200	0	4.5	174.332	109.134	58.423	6.77524	0	0	0	0	0	0	0	0	0	0	0	0	0	0	0	0	0
05.500,00.000	18.9	5.5	-200	0	4.5	181.119	111.225	62.3353	7.55856	0	0	0	0	0	0	0	0	0	0	0	0	0	0	0	0	0
05.500,00.000	19	5.5	-200	0	4.5	184.119	112.235	64.0732	7.81052	0	0	0	0	0	0	0	0	0	0	0	0	0	0	0	0	0
05.500,00.000	19.1	5.5	-200	0	4.5	185.539	112.7	64.8944	7.9438	0	0	0	0	0	0	0	0	0	0	0	0	0	0	0	0	0
05.500,00.000	19.2	5.5	-200	0	4.5	186.916	113.16	65.6773	8.07849	0	0	0	0	0	0	0	0	0	0	0	0	0	0	0	0	0
05.500,00.000	19.3	5.5	-200	0	4.5	188.267	113.614	66.4317	8.22166	0	0	0	0	0	0	0	0	0	0	0	0	0	0	0	0	0
05.500,00.000	19.4	5.5	-200	0	4.5	189.619	114.068	67.1827	8.36767	0	0	0	0	0	0	0	0	0	0	0	0	0	0	0	0	0
05.500,00.000	19.5	5.5	-200	0	4.5	191.042	114.537	67.9843	8.52161	0	0	0	0	0	0	0	0	0	0	0	0	0	0	0	0	0
05.500,00.000	19.6	5.5	-200	0	4.5	192.347	114.972	68.7131	8.66197	0	0	0	0	0	0	0	0	0	0	0	0	0	0	0	0	0
05.500,00.000	19.7	5.5	-200	0	4.5	193.66	115.429	69.4288	8.80226	0	0	0	0	0	0	0	0	0	0	0	0	0	0	0	0	0
05.500,00.000	19.8	5.5	-200	0	4.5	195.052	115.958	70.1486	8.94488	0	0	0	0	0	0	0	0	0	0	0	0	0	0	0	0	0
05.500,00.000	19.9	5.5	-200	0	4.5	203.007	119.066	74.0961	9.84544	0	0	0	0	0	0	0	0	0	0	0	0	0	0	0	0	0
05.500,00.000	20	5.5	-200	0	4.5	204.761	119.785	74.9318	10.0445	0	0	0	0	0	0	0	0	0	0	0	0	0	0	0	0	0
05.500,00.000	20.1	5.5	-200	0	4.5	210.064	121.969	77.3975	10.697	0	0	0	0	0	0	0	0	0	0	0	0	0	0	0	0	0
05.500,00.000	20.2	5.5	-200	0	4.5	212.999	123.158	78.7536	11.0878	0	0	0	0	0	0	0	0	0	0	0	0	0	0	0	0	0
05.500,00.000	20.3	5.5	-200	0	4.5	214.531	123.806	79.4374	11.2884	0	0	0	0	0	0	0	0	0	0	0	0	0	0	0	0	0
05.500,00.000	20.4	5.5	-200	0	4.5	218.368	125.435	81.1593	11.7745	0	0	0	0	0	0	0	0	0	0	0	0	0	0	0	0	0
05.500,00.000	20.5	5.5	-200	0	4.5	219.269	125.826	81.5533	11.889	0	0	0	0	0	0	0	0	0	0	0	0	0	0	0	0	0
05.500,00.000	20.6	5.5	-200	0	4.5	221.955	126.974	82.7521	12.2283	0	0	0	0	0	0	0	0	0	0	0	0	0	0	0	0	0
05.500,00.000	20.7	5.5	-200	0	4.5	233.432	131.795	87.8525	13.7836	0	0	0	0	0	0	0	0	0	0	0	0	0	0	0	0	0
05.500,00.000	20.8	5.5	-200	0	4.5	237.493	133.513	89.6461	14.3343	0	0	0	0	0	0	0	0	0	0	0	0	0	0	0	0	0
05.500,00.000	20.9	5.5	-200	0	4.5	237.506	133.518	89.6517	14.3359	0	0	0	0	0	0	0	0	0	0	0	0	0	0	0	0	0
05.500,00.000	21	5.5	-200	0	4.5	247.603	137.921	94.1991	15.4458	0.0377415	0	0	0	0	0	0	0	0	0	0	0	0	0	0	0	0
05.500,00.000	21.1	5.5	-200	0	4.5	252.364	139.947	96.3607	15.9734	0.0828111	0	0	0	0	0	0	0	0	0	0	0	0	0	0	0	0
05.500,00.000	21.2	5.5	-200	0	4.5	254.118	140.715	97.1474	16.1593	0.0967326	0	0	0	0	0	0	0	0	0	0	0	0	0	0	0	0
05.500,00.000	21.3	5.5	-200	0	4.5	255.91	141.503	97.9475	16.3477	0.111854	0	0	0	0	0	0	0	0	0	0	0	0	0	0	0	0
05.500,00.000	21.4	5.5	-200	0	4.5	261.221	143.813	100.328	16.9235	0.156835	0	0	0	0	0	0	0	0	0	0	0	0	0	0	0	0
05.500,00.000	21.5	5.5	-200	0	4.5	262.454	144.295	100.882	17.0819	0.195138	0	0	0	0	0	0	0	0	0	0	0	0	0	0	0	0
05.500,00.000	21.6	5.5	-200	0	4.5	266.221	145.789	102.566	17.5924	0.274144	0	0	0	0	0	0	0	0	0	0	0	0	0	0	0	0
05.500,00.000	21.7	5.5	-200	0	4.5	277.789	150.252	107.623	19.3713	0.542564	0	0	0	0	0	0	0	0	0	0	0	0	0	0	0	0
05.500,00.000	21.8	5.5	-200	0	4.5	289.471	154.683	112.57	21.3396	0.878195	0	0	0	0	0	0	0	0	0	0	0	0	0	0	0	0
05.500,00.000	21.9	5.5	-200	0	4.5	290.794	155.118	113.137	21.5941	0.944481	0	0	0	0	0	0	0	0	0	0	0	0	0	0	0	0
05.500,00.000	22	5.5	-200	0	4.5	306.371	160.818	119.622	24.493	1.4381	0	0	0	0	0	0	0	0	0	0	0	0	0	0	0	0
05.500,00.000	22.1	5.5	-200	0	4.5	313.436	163.245	122.36	26.0155	1.8151	0	0	0	0	0	0	0	0	0	0	0	0	0	0	0	0
05.500,00.000	22.2	5.5	-200	0	4.5	315.775	164.102	123.254	26.5138	1.90508	0	0	0	0	0	0	0	0	0	0	0	0	0	0	0	0
05.500,00.000	22.3	5.5	-200	0	4.5	318.213	165.005	124.171	27.0353	2.00117	0	0	0	0	0	0	0	0	0	0	0	0	0	0	0	0
05.500,00.000	22.4	5.5	-200	0	4.5	325.8	167.847	126.99	28.6685	2.2938	0	0	0	0	0	0	0	0	0	0	0	0	0	0	0	0
05.500,00.000	22.5	5.5	-200	0	4.5	327.417	168.469	127.488	29.039	2.4218	0	0	0	0	0	0	0	0	0	0	0	0	0	0	0	0
05.500,00.000	22.6	5.5	-200	0	4.5	332.783	170.464	129.428	30.1994	2.69136	0	0	0	0	0	0	0	0	0	0	0	0	0	0	0	0
05.500,00.000	22.7	5.5	-200	0	4.5	347.237	175.292	134.836	33.6493	3.46004	0	0	0	0	0	0	0	0	0	0	0	0	0	0	0	0
05.500,00.000	22.8	5.5	-200	0	4.5	363.218	180.677	140.791	37.3224	4.35855	0.070207	0	0	0	0	0	0	0	0	0	0	0	0	0	0	0
05.500,00.000	22.9	5.5	-200	0	4.5	364.978	181.253	141.413	37.709	4.5084	0.0952378	0	0	0	0	0	0	0	0	0	0	0	0	0	0	0
05.500,00.000	23	5.5	-200	0	4.5	385.64	188.281	149.016	42.2965	5.76874	0.278035	0	0	0	0	0	0	0	0	0	0	0	0	0	0	0
05.500,00.000	23.1	5.5	-200	0	4.5	395.069	191.392	152.444	44.3248	6.47341	0.435503	0	0	0	0	0	0	0	0	0	0	0	0	0	0	0
05.500,00.000	23.2	5.5	-200	0	4.5	398.19	192.519	153.565	44.979	6.66013	0.467929	0	0	0	0	0	0	0	0	0	0	0	0	0	0	0
05.500,00.000	23.3	5.5	-200	0	4.5	401.516	193.756	154.743	45.6535	6.86084	0.503243	0	0	0	0	0	0	0	0	0	0	0	0	0	0	0
05.500,00.000	23.4	5.5	-200	0	4.5	408.531	196.441	157.222	47.03	7.26806	0.570226	0	0	0	0	0	0	0	0	0	0	0	0	0	0	0
05.500,00.000	23.5	5.5	-200	0	4.5	410.246	197.079	157.823	47.3449	7.40192	0.596699	0	0	0	0	0	0	0	0	0	0	0	0	0	0	0
05.500,00.000	23.6	5.5	-200	0	4.5	425.177	202.698	163.06	50.2619	8.41891	0.738258	0	0	0	0	0	0	0	0	0	0	0	0	0	0	0
05.500,00.000	23.7	5.5	-200	0	4.5	429.195	204.197	164.356	51.0646	8.77479	0.803296	0	0	0	0	0	0	0	0	0	0	0	0	0	0	0
05.500,00.000	23.8	5.5	-200	0	4.5	430.993	204.909	164.946	51.4032	8.91095	0.823037	0	0	0	0	0	0	0	0	0	0	0	0	0	0	0
05.500,00.000	23.9	5.5	-200	0	4.5	444.005	210.151	169.195	53.8052	9.89874	0.955645	0	0	0	0	0	0	0	0	0	0	0	0	0	0	0
05.500,00.000	24	5.5	-200	0	4.5	447.257	211.414	170.223	54.4039	10.2086	1.00743	0	0	0	0	0	0	0	0	0	0	0	0	0	0	0
05.500,00.000	24.1	5.5	-200	0	4.5	456.756	215.325	173.252	56.09	10.9819	1.10779	0	0	0	0	0	0	0	0	0	0	0	0	0	0	0
05.500,00.000	24.2	5.5	-200	0	4.5	462.988	217.858	175.222	57.1927	11.5267	1.18858	0	0	0	0	0	0	0	0	0	0	0	0	0	0	0
05.500,00.000	24.3	5.5	-200	0	4.5	467.183	219.57	176.55	57.9454	11.8805	1.23651	0	0	0	0	0	0	0	0	0	0	0	0	0	0	0
05.500,00.000	24.4	5.5	-200	0	4.5	471.397	221.286	177.87	58.711	12.2416	1.28782	0	0	0	0	0	0	0	0	0	0	0	0	0	0	0
05.500,00.000	24.5	5.5	-200	0	4.5	475.552	222.96	179.176	59.4758	12.5992	1.34075	0	0	0	0	0	0	0	0	0	0	0	0	0	0	0
05.500,00.000	24.6	5.5	-200	0	4.5	479.688	224.616	180.453	60.2456	12.9651	1.40824	0	0	0	0	0	0	0	0	0	0	0	0	0	0	0
05.500,00.000	24.7	5.5	-200	0	4.5	483.758	226.242	181.682	61.0111	13.3329	1.48982	0	0	0	0	0	0	0	0	0	0	0	0	0	0	0
05.500,00.000	24.8	5.5	-200	0	4.5	487.816	227.875	182.887	61.7737	13.7073	1.57366	0	0	0	0	0	0	0	0	0	0	0	0	0	0	0
05.500,00.000	24.9	5.5	-200	0	4.5	503.893	234.487	187.596	64.6607	15.2385	1.91126	0	0	0	0	0	0	0	0	0	0	0	0	0	0	0
05.500,00.000	25	5.5	-200	0	4.5	507.561	236.039	188.646	65.2489	15.6299	1.99838	0	0	0	0	0	0	0	0	0	0	0	0	0	0	0
05.500,00.000	25.1	5.5	-200	0	4.5	518.26	240.575	191.705	67.0407	16.7032	2.23644	0	0	0	0	0	0	0	0	0	0	0	0	0	0	0
05.500,00.000	25.2	5.5	-200	0	4.5	524.913	243.386	193.591	68.1458	17.3911	2.39913	0	0	0	0	0	0	0	0	0	0	0	0	0	0	0
05.500,00.000	25.3	5.5	-200	0	4.5	529.164	245.275	194.736	68.8339	17.819	2.49931	0	0	0	0	0	0	0	0	0	0	0	0	0	0	0
05.500,00.000	25.4	5.5	-200	0	4.5	544.982	252.33	198.91	71.3671	19.4921	2.88205	0	0	0	0	0	0	0	0	0	0	0	0	0	0	0
05.500,00.000	25.5	5.5	-200	0	4.5	549.887	254.504	200.182	72.1502	20.0379	3.01234	0	0	0	0	0	0	0	0	0	0	0	0	0	0	0
05.500,00.000	25.6	5.5	-200	0	4.5	549.985	254.548	200.207	72.1664	20.0488	3.01501	0	0	0	0	0	0	0	0	0	0	0	0	0	0	0
05.500,00.000	25.7	5.5	-200	0	4.5	551.094	255.045	200.479	72.3461	20.1771	3.04722	0	0	0	0	0	0	0	0	0	0	0	0	0	0	0
05.500,00.000	25.8	5.5	-200	0	4.5	564.11	261.01	203.612	74.4388	21.6436	3.40633	0	0	0	0	0	0	0	0	0	0	0	0	0	0	0
05.500,00.000	25.9	5.5	-200	0	4.5	577.164	266.798	206.902	76.5445	23.1399	3.77919	0	0	0	0	0	0	0	0	0	0	0	0	0	0	0
05.500,00.000	26	5.5	-200	0	4.5	579.061	267.643	207.377	76.8464	23.3603	3.8344	0	0	0	0	0	0	0	0	0	0	0	0	0	0	0
05.500,00.000	26.1	5.5	-200	0	4.5	587.472	271.442	209.405	78.1846	24.347	4.09324	0	0	0	0	0	0	0	0	0	0	0	0	0	0	0
05.500,00.000	26.2	5.5	-200	0	4.5	590.458	272.758	210.145	78.665	24.7031	4.18732	0	0	0	0	0	0	0	0	0	0	0	0	0	0	0
05.500,00.000	26.3	5.5	-200	0	4.5	590.923	272.968	210.255	78.7391	24.7591	4.20255	0	0	0	0	0	0	0	0	0	0	0	0	0	0	0
05.500,00.000	26.4	5.5	-200	0	4.5	591	273.002	210.273	78.7513	24.7686	4.20513	0	0	0	0	0	0	0	0	0	0	0	0	0	0	0
05.500,00.000	26.5	5.5	-200	0	4.5	591.154	273.072	210.308	78.7758	24.788	4.21061	0	0	0	0	0	0	0	0	0	0	0	0	0	0	0
05.500,00.000	26.6	5.5	-200	0	4.5	591.359	273.163	210.354	78.8086	24.8146	4.21823	0	0	0	0	0	0	0	0	0	0	0	0	0	0	0
05.500,00.000	26.7	5.5	-200	0	4.5	612.523	281.646	216.084	82.1198	27.5834	5.09016	0	0	0	0	0	0	0	0	0	0	0	0	0	0	0
05.500,00.000	26.8	5.5	-200	0	4.5	622.525	285.378	218.975	83.6326	28.8635	5.67627	0	0	0	0	0	0	0	0	0	0	0	0	0	0	0
05.500,00.000	26.9	5.5	-200	0	4.5	625.68	286.59	219.881	84.1047	29.2651	5.83957	0	0	0	0	0	0	0	0	0	0	0	0	0	0	0
05.500,00.000	27	5.5	-200	0	4.5	626.148	286.771	220.014	84.1729	29.3244	5.8651	0	0	0	0	0	0	0	0	0	0	0	0	0	0	0
05.500,00.000	27.1	5.5	-200	0	4.5	628.355	287.621	220.646	84.4921	29.6053	5.99104	0	0	0	0	0	0	0	0	0	0	0	0	0	0	0
05.500,00.000	27.2	5.5	-200	0	4.5	629.522	288.066	220.98	84.6616	29.7548	6.05921	0	0	0	0	0	0	0	0	0	0	0	0	0	0	0
05.500,00.000	27.3	5.5	-200	0	4.5	629.952	288.228	221.104	84.725	29.8102	6.08471	0	0	0	0	0	0	0	0	0	0	0	0	0	0	0
05.500,00.000	27.4	5.5	-200	0	4.5	630.024	288.255	221.125	84.7357	29.8192	6.08964	0	0	0	0	0	0	0	0	0	0	0	0	0	0	0
05.500,00.000	27.5	5.5	-200	0	4.5	644.09	293.579	225.186	86.7462	31.5692	7.00862	4.68514e-14	0	0	0	0	0	0	0	0	0	0	0	0	0	0
05.500,00.000	27.6	5.5	-200	0	4.5	650.055	295.823	226.842	87.5637	32.3519	7.43525	0.0388174	0	0	0	0	0	0	0	0	0	0	0	0	0	0
05.500,00.000	27.7	5.5	-200	0	4.5	651.319	296.292	227.195	87.7393	32.5115	7.53295	0.0477093	0	0	0	0	0	0	0	0	0	0	0	0	0	0
05.500,00.000	27.8	5.5	-200	0	4.5	660.708	299.841	229.845	89.0391	33.6399	8.2261	0.11634	0	0	0	0	0	0	0	0	0	0	0	0	0	0
05.500,00.000	27.9	5.5	-200	0	4.5	663.495	300.889	230.651	89.4285	33.976	8.41422	0.136462	0	0	0	0	0	0	0	0	0	0	0	0	0	0
05.500,00.000	28	5.5	-200	0	4.5	663.878	301.031	230.763	89.4813	34.0221	8.44066	0.139497	0	0	0	0	0	0	0	0	0	0	0	0	0	0
05.500,00.000	28.1	5.5	-200	0	4.5	664.279	301.18	230.88	89.5366	34.0701	8.46921	0.142826	0	0	0	0	0	0	0	0	0	0	0	0	0	0
05.500,00.000	28.2	5.5	-200	0	4.5	664.626	301.308	230.982	89.5845	34.1111	8.49437	0.145841	0	0	0	0	0	0	0	0	0	0	0	0	0	0
05.500,00.000	28.3	5.5	-200	0	4.5	664.923	301.417	231.069	89.6256	34.146	8.51637	0.148561	0	0	0	0	0	0	0	0	0	0	0	0	0	0
05.500,00.000	28.4	5.5	-200	0	4.5	664.971	301.434	231.084	89.6322	34.1515	8.51996	0.148994	0	0	0	0	0	0	0	0	0	0	0	0	0	0
05.500,00.000	28.5	5.5	-200	0	4.5	689.226	310.418	238.212	93.0814	36.8136	10.3165	0.384796	0	0	0	0	0	0	0	0	0	0	0	0	0	0
05.500,00.000	28.6	5.5	-200	0	4.5	700.148	313.91	241.763	94.7098	37.9129	11.2089	0.643537	0	0	0	0	0	0	0	0	0	0	0	0	0	0
05.500,00.000	28.7	5.5	-200	0	4.5	729.271	323.895	248.342	101.019	40.8623	13.6301	1.52328	0	0	0	0	0	0	0	0	0	0	0	0	0	0
05.500,00.000	28.8	5.5	-200	0	4.5	735.984	326.397	249.744	102.384	41.4668	14.172	1.81988	0	0	0	0	0	0	0	0	0	0	0	0	0	0
05.500,00.000	28.9	5.5	-200	0	4.5	744.862	329.791	251.542	104.235	42.1968	14.8795	2.21779	0	0	0	0	0	0	0	0	0	0	0	0	0	0
05.500,00.000	29	5.5	-200	0	4.5	752.638	332.944	253.073	105.79	42.7973	15.4718	2.56173	0	0	0	0	0	0	0	0	0	0	0	0	0	0
05.500,00.000	29.1	5.5	-200	0	4.5	758.107	335.249	254.145	106.815	43.1996	15.8873	2.81049	0	0	0	0	0	0	0	0	0	0	0	0	0	0
05.500,00.000	29.2	5.5	-200	0	4.5	761.861	336.909	254.936	107.375	43.4716	16.1791	2.99002	0	0	0	0	0	0	0	0	0	0	0	0	0	0
05.500,00.000	29.3	5.5	-200	0	4.5	765.186	338.4	255.651	107.863	43.6945	16.4292	3.1495	0	0	0	0	0	0	0	0	0	0	0	0	0	0
05.500,00.000	29.4	5.5	-200	0	4.5	774.459	342.63	257.696	109.154	44.2675	17.1351	3.57661	0	0	0	0	0	0	0	0	0	0	0	0	0	0
05.500,00.000	29.5	5.5	-200	0	4.5	780.107	345.133	258.986	110.019	44.588	17.5765	3.80371	0	0	0	0	0	0	0	0	0	0	0	0	0	0
05.500,00.000	29.6	5.5	-200	0	4.5	783.642	346.69	259.799	110.565	44.7755	17.8497	3.96341	0	0	0	0	0	0	0	0	0	0	0	0	0	0
05.500,00.000	29.7	5.5	-200	0	4.5	786.998	348.06	260.6	111.109	44.9568	18.1334	4.1379	0	0	0	0	0	0	0	0	0	0	0	0	0	0
05.500,00.000	29.8	5.5	-200	0	4.5	832.691	368.127	270.945	117.954	46.9018	21.3937	6.25156	0	0	1.11808	0	0	0	0	0	0	0	0	0	0	0
05.500,00.000	29.9	5.5	-200	0	4.5	841.895	371.918	273.096	119.35	47.3218	22.0465	6.64398	0	0	1.25926	0.25971	0	0	0	0	0	0	0	0	0	0
05.500,00.000	30	5.5	-200	0	4.5	844.079	372.814	273.649	119.665	47.4068	22.195	6.73536	0	0	1.26286	0.349591	0	0	0	0	0	0	0	0	0	0
05.500,00.000	30.1	5.5	-200	0	4.5	861.529	380.116	278.192	122.127	47.9901	23.3172	7.44659	0	0	1.30709	1.03384	0	0	0	0	0	0	0	0	0	0
05.500,00.000	30.2	5.5	-200	0	4.5	869.601	383.025	280.795	123.24	48.2562	23.8422	7.76635	0	0	1.30709	1.36822	0	0	0	0	0	0	0	0	0	0
05.500,00.000	30.3	5.5	-200	0	4.5	873.595	384.499	282.084	123.777	48.3687	24.0996	7.92395	0	0	1.30709	1.53539	0	0	0	0	0	0	0	0	0	0
05.500,00.000	30.4	5.5	-200	0	4.5	896.996	393.42	289.589	126.993	48.9442	25.3957	8.85409	0	0	1.30709	2.49321	0	0	0	0	0	0	0	0	0	0
05.500,00.000	30.5	5.5	-200	0	4.5	904.319	395.991	292.062	128.062	49.1316	25.7914	9.1773	0	0	1.30709	2.79547	0	0	0	0	0	0	0	0	0	0
05.500,00.000	30.6	5.5	-200	0	4.5	908.821	397.618	293.571	128.697	49.2235	26.0483	9.36589	0	0	1.30709	2.98963	0	0	0	0	0	0	0	0	0	0
05.500,00.000	30.7	5.5	-200	0	4.5	956.699	415.391	307.728	135.817	50.1531	29.2068	11.5978	0.19121	0	1.30709	5.30656	0	0	0	0	0	0	0	0	0	0
05.500,00.000	30.8	5.5	-200	0	4.5	967.057	419.305	310.733	137.331	50.3691	29.852	12.0726	0.319294	0	1.30709	5.7676	0	0	0	0	0	0	0	0	0	0
05.500,00.000	30.9	5.5	-200	0	4.5	1000.34	432.482	320.451	142.076	50.8242	31.8278	13.3935	0.839605	0	1.30709	7.14256	0	0	0	0	0	0	0	0	0	0
05.500,00.000	31	5.5	-200	0	4.5	1010.37	436.15	323.581	143.411	50.9397	32.4003	13.8488	1.19916	0	1.30709	7.53685	0	0	0	0	0	0	0	0	0	0
05.500,00.000	31.1	5.5	-200	0	4.5	1029.79	444.059	329.349	146.014	51.1167	33.4587	14.5519	1.68566	0	1.30709	8.24969	0	0	0	0	0	0	0	0	0	0
05.500,00.000	31.2	5.5	-200	0	4.5	1039.65	448.112	332.262	147.285	51.2027	33.9936	14.9106	1.9787	0	1.30709	8.48462	0.118198	0	0	0	0	0	0	0	0	0
05.500,00.000	31.3	5.5	-200	0	4.5	1044.4	450.147	333.633	147.903	51.2383	34.2423	15.061	2.1068	0	1.30709	8.5205	0.243941	0	0	0	0	0	0	0	0	0
05.500,00.000	31.4	5.5	-200	0	4.5	1049.43	452.323	335.112	148.537	51.2705	34.4961	15.2062	2.24763	0	1.30709	8.5205	0.406732	0	0	0	0	0	0	0	0	0
05.500,00.000	31.5	5.5	-200	0	4.5	1054.64	454.609	336.653	149.165	51.304	34.7526	15.3464	2.40964	0	1.30709	8.5205	0.569712	0	0	0	0	0	0	0	0	0
05.500,00.000	31.6	5.5	-200	0	4.5	1059.82	456.821	338.183	149.81	51.3398	35.0212	15.496	2.58275	0	1.30709	8.5205	0.740897	0	0	0	0	0	0	0	0	0
05.500,00.000	31.7	5.5	-200	0	4.5	1071.93	462.295	341.633	151.267	51.4121	35.6054	15.8069	2.96712	0	1.30709	8.5205	1.11641	0	0	0	0	0	0	0	0	0
05.500,00.000	31.8	5.5	-200	0	4.5	1096.77	473.581	348.542	154.144	51.548	36.793	16.4887	3.91357	0	1.31965	8.5205	1.92384	0	0	0	0	0	0	0	0	0
05.500,00.000	31.9	5.5	-200	0	4.5	1101.34	475.681	349.865	154.629	51.5974	36.9882	16.6459	4.01983	0	1.32649	8.5205	2.06313	0	0	0	0	0	0	0	0	0
05.500,00.000	32	5.5	-200	0	4.5	1101.73	475.864	349.978	154.675	51.6017	37.0053	16.6558	4.03183	0	1.32723	8.5205	2.07529	0	0	0	0	0	0	0	0	0
05.500,00.000	32.1	5.5	-200	0	4.5	1124.57	486.695	356.381	157.085	51.8375	37.9557	17.195	4.73445	0	1.39628	8.52078	2.76512	0	0	0	0	0	0	0	0	0
05.500,00.000	32.2	5.5	-200	0	4.5	1136.5	492.011	359.679	158.34	51.9594	38.8384	17.4999	5.0724	2.68674e-14	1.45674	8.52217	3.11639	0	0	0	0	0	0	0	0	0
05.500,00.000	32.3	5.5	-200	0	4.5	1141.57	494.271	361.076	158.879	52.0097	39.2047	17.6139	5.22391	0.0145674	1.49007	8.52416	3.26481	0	0	0	0	0	0	0	0	0
05.500,00.000	32.4	5.5	-200	0	4.5	1154.49	500.121	364.616	160.195	52.1368	40.1192	17.8756	5.61783	0.0527904	1.58194	8.53218	3.6397	0	0	0	0	0	0	0	0	0
05.500,00.000	32.5	5.5	-200	0	4.5	1157.49	501.457	365.448	160.5	52.1785	40.3278	17.9457	5.70067	0.0618907	1.61011	8.53469	3.72756	0	0	0	0	0	0	0	0	0
05.500,00.000	32.6	5.5	-200	0	4.5	1166.83	505.595	368.071	161.48	52.3082	40.9877	18.1183	5.99543	0.0926369	1.69169	8.54808	3.94141	0	0	0	0	0	0	0	0	0
05.500,00.000	32.7	5.5	-200	0	4.5	1231.9	534.832	386.281	167.642	53.5478	45.757	19.4904	8.81223	0.344852	2.43153	8.69007	4.06826	0	0	0	0	0	0	0	0	0
05.500,00.000	32.8	5.5	-200	0	4.5	1245.88	540.878	390.252	169.05	53.9018	46.6728	19.8133	9.41149	0.494081	2.60826	8.72863	4.06826	0	0	0	0	0	0	0	0	0
05.500,00.000	32.9	5.5	-200	0	4.5	1279.89	556.216	399.83	172.402	54.7283	48.8163	20.4511	10.7705	0.716042	2.98199	8.91035	4.06826	0	0	0	0	0	0	0	0	0
05.500,00.000	33	5.5	-200	0	4.5	1288.53	559.981	402.348	173.23	54.9453	49.359	20.6197	11.0768	0.846875	3.09588	8.96292	4.06826	0	0	0	0	0	0	0	0	0
05.500,00.000	33.1	5.5	-200	0	4.5	1322.32	575.395	411.917	176.447	55.7671	51.3499	21.1522	12.2419	1.21469	3.49291	9.26891	4.06826	0	0	0	0	0	0	0	0	0
05.500,00.000	33.2	5.5	-200	0	4.5	1338.42	582.678	416.278	178.122	56.1462	52.2642	21.3963	12.8577	1.47443	3.70075	9.43067	4.06826	0	0	0	0	0	0	0	0	0
05.500,00.000	33.3	5.5	-200	0	4.5	1345.03	585.777	418.097	178.712	56.2984	52.626	21.4819	13.1064	1.56988	3.78165	9.51683	4.06826	0	0	0	0	0	0	0	0	0
05.500,00.000	33.4	5.5	-200	0	4.5	1371.83	598.35	425.475	181.144	56.9035	54.0342	21.7867	14.0799	1.95388	4.11093	9.92648	4.06826	0	0	0	0	0	0	0	0	0
05.500,00.000	33.5	5.5	-200	0	4.5	1377.51	600.974	427.035	181.66	57.029	54.3218	21.8494	14.2964	2.06604	4.18832	10.0178	4.06826	0	0	0	0	0	0	0	0	0
05.500,00.000	33.6	5.5	-200	0	4.5	1398.63	610.545	433.023	183.585	57.4942	55.2496	22.1674	15.1042	2.47768	4.46687	10.4515	4.06826	0	0	0	0	0	0	0	0	0
05.500,00.000	33.7	5.5	-200	0	4.5	1454.01	635.59	448.147	188.484	58.7823	56.5232	24.1649	17.2834	3.807	5.38571	11.7626	4.07522	0	0	0	0	0	0	0	0	0
05.500,00.000	33.8	5.5	-200	0	4.5	1464.22	640.223	450.933	189.346	59.0362	56.7319	24.514	17.656	4.12428	5.58183	11.9933	4.08076	0	0	0	0	0	0	0	0	0
05.500,00.000	33.9	5.5	-200	0	4.5	1464.23	640.223	450.935	189.343	59.0445	56.7315	24.5146	17.6562	4.12477	5.58523	11.9916	4.08076	0	0	0	0	0	0	0	0	0
05.500,00.000	34	5.5	-200	0	4.5	1497.11	655.113	459.894	192.059	59.8531	57.3108	25.5332	18.7316	5.28352	6.26148	12.9035	4.165	0	0	0	0	0	0	0	0	0
05.500,00.000	34.1	5.5	-200	0	4.5	1513.43	662.578	464.166	193.42	60.2781	57.5871	26.0236	19.2466	5.93205	6.62604	13.3559	4.214	0	0	0	0	0	0	0	0	0
05.500,00.000	34.2	5.5	-200	0	4.5	1521.22	666.186	466.217	194.058	60.4707	57.7124	26.2498	19.4802	6.22991	6.79051	13.5813	4.24664	0	0	0	0	0	0	0	0	0
05.500,00.000	34.3	5.5	-200	0	4.5	1532.26	671.335	469.108	194.957	60.736	57.8844	26.5636	19.8032	6.65243	7.026	13.8913	4.30299	0	0	0	0	0	0	0	0	0
05.500,00.000	34.4	5.5	-200	0	4.5	1557.11	682.834	475.589	197.008	61.3204	58.2555	27.2524	20.5945	7.62377	7.5635	14.6177	4.45436	0	0	0	0	0	0	0	0	0
05.500,00.000	34.5	5.5	-200	0	4.5	1561.92	685.056	476.829	197.41	61.4345	58.3265	27.3824	20.7569	7.82832	7.67747	14.7312	4.48581	0	0	0	0	0	0	0	0	0
05.500,00.000	34.6	5.5	-200	0	4.5	1587.61	696.755	483.586	199.52	62.015	58.7055	28.0767	21.5751	8.92669	8.26748	15.483	4.70047	0	0	0	0	0	0	0	0	0
05.500,00.000	34.7	5.5	-200	0	4.5	1647.97	723.43	499.005	204.283	63.4303	59.7599	29.7973	23.8723	12.0064	9.82778	17.2935	5.26791	0	0	0	0	0	0	0	0	0
05.500,00.000	34.8	5.5	-200	0	4.5	1658.27	728.159	501.445	205.062	63.6742	59.9715	30.0903	24.3168	12.5767	10.1389	17.5036	5.32852	0	0	0	0	0	0	0	0	0
05.500,00.000	34.9	5.5	-200	0	4.5	1658.32	728.184	501.459	205.066	63.6754	59.9727	30.0918	24.3189	12.5795	10.1405	17.5053	5.32902	0	0	0	0	0	0	0	0	0
05.500,00.000	35	5.5	-200	0	4.5	1673.51	735.052	505.125	206.196	64.0038	60.3015	30.4988	24.8972	13.4157	10.5932	17.9608	5.46988	0	0	0	0	0	0	0	0	0
05.500,00.000	35.1	5.5	-200	0	4.5	1689.72	742.435	508.969	207.402	64.3501	60.6612	30.9319	25.5187	14.3261	11.0911	18.4144	5.61879	0	0	0	0	0	0	0	0	0
05.500,00.000	35.2	5.5	-200	0	4.5	1696.45	745.46	510.592	207.898	64.4924	60.8146	31.1109	25.7724	14.7158	11.3093	18.605	5.68307	0	0	0	0	0	0	0	0	0
05.500,00.000	35.3	5.5	-200	0	4.5	1705.54	749.542	512.804	208.565	64.678	61.0242	31.3469	26.1004	15.2025	11.6089	18.887	5.78311	0	0	0	0	0	0	0	0	0
05.500,00.000	35.4	5.5	-200	0	4.5	1725.5	758.497	517.764	210.034	65.0813	61.5037	31.8626	26.8268	16.1278	12.2841	19.5076	6.01065	0	0	0	0	0	0	0	0	0
05.500,00.000	35.5	5.5	-200	0	4.5	1729.07	760.107	518.671	210.303	65.1567	61.5953	31.959	26.9797	16.2673	12.4136	19.5757	6.04309	0	0	0	0	0	0	0	0	0
05.500,00.000	35.6	5.5	-200	0	4.5	1747.27	768.047	523.098	211.627	65.5024	62.0666	32.4174	27.6632	17.4123	13.0558	20.129	6.25248	0	0	0	0	0	0	0	0	0
05.500,00.000	35.7	5.5	-200	0	4.5	1768.09	776.692	528.21	213.138	65.9884	62.6062	32.9652	28.4685	18.8231	13.9156	20.7575	6.52194	0	0	0	0	0	0	0	0	0
05.500,00.000	35.8	5.5	-200	0	4.5	1780.23	781.675	531.182	214.026	66.3098	62.9528	33.2762	28.9127	19.6243	14.4649	21.1159	6.68784	0	0	0	0	0	0	0	0	0
05.500,00.000	35.9	5.5	-200	0	4.5	1780.99	781.985	531.365	214.084	66.3304	62.9764	33.2803	28.9575	19.6773	14.5047	21.1276	6.69798	0	0	0	0	0	0	0	0	0
05.500,00.000	36	5.5	-200	0	4.5	1787.67	784.72	532.95	214.595	66.5011	63.1888	33.2877	29.3517	20.1166	14.8287	21.3324	6.79818	0	0	0	0	0	0	0	0	0
05.500,00.000	36.1	5.5	-200	0	4.5	1796.28	788.281	534.905	215.284	66.719	63.4735	33.2928	29.8619	20.6863	15.2658	21.5796	6.92957	0	0	0	0	0	0	0	0	0
05.500,00.000	36.2	5.5	-200	0	4.5	1802.76	790.975	536.34	215.81	66.889	63.6986	33.2962	30.2368	21.1083	15.5958	21.783	7.03161	0	0	0	0	0	0	0	0	0
05.500,00.000	36.3	5.5	-200	0	4.5	1811.34	794.515	538.238	216.512	67.1086	64.0044	33.2995	30.7132	21.6482	16.0364	22.0849	7.17637	0	0	0	0	0	0	0	0	0
05.500,00.000	36.4	5.5	-200	0	4.5	1821.32	798.63	540.442	217.344	67.3668	64.3546	33.3023	31.2571	22.2697	16.5562	22.4475	7.35175	0	0	0	0	0	0	0	0	0
05.500,00.000	36.5	5.5	-200	0	4.5	1824.54	799.955	541.143	217.615	67.4488	64.4772	33.303	31.4311	22.4695	16.7306	22.5501	7.41296	0	0	0	0	0	0	0	0	0
05.500,00.000	36.6	5.5	-200	0	4.5	1833.95	803.839	543.193	218.391	67.6739	64.8212	33.3048	31.9259	23.0356	17.2307	22.9335	7.59939	0	0	0	0	0	0	0	0	0
05.500,00.000	36.7	5.5	-200	0	4.5	1853.18	811.706	547.359	219.963	68.1383	65.5895	33.3114	32.9321	24.1824	18.2756	23.7133	8.0069	0	0	0	0	0	0	0	0	0
05.500,00.000	36.8	5.5	-200	0	4.5	1859.51	814.245	548.809	220.478	68.2831	65.8315	33.3156	33.2576	24.5704	18.6313	23.9398	8.14685	0	0	0	0	0	0	0	0	0
05.500,00.000	36.9	5.5	-200	0	4.5	1859.54	814.257	548.816	220.48	68.2837	65.8327	33.3156	33.2591	24.5721	18.6329	23.9413	8.14752	0	0	0	0	0	0	0	0	0
05.500,00.000	37	5.5	-200	0	4.5	1859.64	814.298	548.839	220.489	68.2859	65.8371	33.3157	33.2642	24.5779	18.6388	23.946	8.14996	0	0	0	0	0	0	0	0	0
05.500,00.000	37.1	5.5	-200	0	4.5	1874.02	820.024	552.063	221.708	68.5796	66.3969	33.3431	33.9584	25.3675	19.4914	24.6047	8.4839	0	0	0	0	0	0	0	0	0
05.500,00.000	37.2	5.5	-200	0	4.5	1881.79	823.159	553.74	222.372	68.7356	66.7075	33.3607	34.3326	25.8019	19.9991	24.9115	8.67273	0	0	0	0	0	0	0	0	0
05.500,00.000	37.3	5.5	-200	0	4.5	1888.68	825.888	555.203	222.972	68.8656	67.0177	33.3812	34.6504	26.1588	20.4447	25.2455	8.84974	0	0	0	0	0	0	0	0	0
05.500,00.000	37.4	5.5	-200	0	4.5	1897.6	829.433	557.086	223.768	69.0229	67.3977	33.4126	35.0583	26.6089	21.0373	25.6896	9.08896	0	0	0	0	0	0	0	0	0
05.500,00.000	37.5	5.5	-200	0	4.5	1902.73	831.465	558.146	224.226	69.1123	67.6383	33.4338	35.2894	26.861	21.3859	25.9433	9.23152	0	0	0	0	0	0	0	0	0
05.500,00.000	37.6	5.5	-200	0	4.5	1914.1	836.034	560.435	225.262	69.2974	68.1169	33.487	35.7904	27.3915	22.1644	26.5648	9.5586	0	0	0	0	0	0	0	0	0
05.500,00.000	37.7	5.5	-200	0	4.5	1926.95	841.212	562.976	226.431	69.4998	68.7031	33.5518	36.3527	27.9793	23.0779	27.2675	9.90308	0	0	0	0	0	0	0	0	0
05.500,00.000	37.8	5.5	-200	0	4.5	1928.58	841.858	563.309	226.585	69.5251	68.7765	33.5619	36.4245	28.0557	23.2056	27.3344	9.94681	0	0	0	0	0	0	0	0	0
05.500,00.000	37.9	5.5	-200	0	4.5	1933.22	843.683	564.24	227	69.5915	69.0064	33.5936	36.6193	28.2471	23.5346	27.6161	10.0906	0	0	0	0	0	0	0	0	0
05.500,00.000	38	5.5	-200	0	4.5	1934.32	844.112	564.466	227.102	69.6072	69.0599	33.602	36.6663	28.2943	23.6195	27.6677	10.125	0	0	0	0	0	0	0	0	0
05.500,00.000	38.1	5.5	-200	0	4.5	1939.56	846.153	565.508	227.569	69.6766	69.3327	33.6527	36.8799	28.4961	23.9951	27.9981	10.3038	0	0	0	0	0	0	0	0	0
05.500,00.000	38.2	5.5	-200	0	4.5	1946.84	848.94	566.938	228.231	69.8029	69.7382	33.7232	37.1715	28.7714	24.5174	28.4459	10.5616	0	0	0	0	0	0	0	0	0
05.500,00.000	38.3	5.5	-200	0	4.5	1952.65	851.159	568.079	228.768	69.901	70.0573	33.7812	37.4015	28.9855	24.9353	28.8055	10.7812	0	0	0	0	0	0	0	0	0
05.500,00.000	38.4	5.5	-200	0	4.5	1959.73	853.817	569.454	229.419	70.0172	70.4836	33.8669	37.6781	29.2331	25.4384	29.2655	11.0586	0	0	0	0	0	0	0	0	0
05.500,00.000	38.5	5.5	-200	0	4.5	1962.66	854.896	570.031	229.692	70.0649	70.6606	33.9027	37.7942	29.3351	25.6537	29.4498	11.1798	0	0	0	0	0	0	0	0	0
05.500,00.000	38.6	5.5	-200	0	4.5	1970.75	857.902	571.603	230.412	70.1905	71.1209	34.0071	38.1107	29.5895	26.2433	30.0425	11.5312	0	0	0	0	0	0	0	0	0
05.500,00.000	38.7	5.5	-200	0	4.5	1975.71	859.79	572.566	230.854	70.265	71.4395	34.0763	38.3017	29.7235	26.5651	30.3849	11.7473	0	0	0	0	0	0	0	0	0
05.500,00.000	38.8	5.5	-200	0	4.5	1979.48	861.217	573.278	231.19	70.3184	71.6708	34.1349	38.4461	29.8212	26.8107	30.6724	11.9237	0	0	0	0	0	0	0	0	0
05.500,00.000	38.9	5.5	-200	0	4.5	1983.96	862.887	574.108	231.588	70.3785	71.9824	34.2077	38.6154	29.9276	27.1002	31.0163	12.1467	0	0	0	0	0	0	0	0	0
05.500,00.000	39	5.5	-200	0	4.5	1988.37	864.517	574.91	231.976	70.435	72.3026	34.2867	38.7814	30.026	27.3923	31.3634	12.3824	0	0	0	0	0	0	0	0	0
05.500,00.000	39.1	5.5	-200	0	4.5	1991.31	865.602	575.441	232.231	70.4711	72.507	34.3481	38.8928	30.0872	27.5848	31.5999	12.5474	0	0	0	0	0	0	0	0	0
05.500,00.000	39.2	5.5	-200	0	4.5	1997.41	867.821	576.513	232.75	70.5412	72.9759	34.4769	39.1218	30.2072	27.983	32.1255	12.8905	0	0	0	0	0	0	0	0	0
05.500,00.000	39.3	5.5	-200	0	4.5	2001.54	869.317	577.285	233.101	70.5869	73.3112	34.5619	39.2781	30.2916	28.2078	32.474	13.1299	0	0	0	0	0	0	0	0	0
05.500,00.000	39.4	5.5	-200	0	4.5	2006.44	871.064	578.171	233.498	70.6367	73.7196	34.6892	39.4623	30.3789	28.4767	32.914	13.4249	0	0	0	0	0	0	0	0	0
05.500,00.000	39.5	5.5	-200	0	4.5	2010.12	872.383	578.83	233.797	70.6721	74.0422	34.7745	39.6013	30.441	28.6725	33.2479	13.6573	0	0	0	0	0	0	0	0	0
05.500,00.000	39.6	5.5	-200	0	4.5	2014.06	873.797	579.515	234.105	70.7082	74.3675	34.8857	39.75	30.5126	28.8742	33.6297	13.917	0	0	0	0	0	0	0	0	0
05.500,00.000	39.7	5.5	-200	0	4.5	2017.84	875.151	580.157	234.399	70.741	74.7161	34.9823	39.8933	30.5761	29.0612	33.9971	14.1693	0	0	0	0	0	0	0	0	0
05.500,00.000	39.8	5.5	-200	0	4.5	2021.54	876.392	580.859	234.681	70.7718	75.0749	35.0868	40.0365	30.6361	29.2397	34.3682	14.3981	0	0	0	0	0	0	0	0	0
05.500,00.000	39.9	5.5	-200	0	4.5	2025.24	877.478	581.69	234.957	70.801	75.4421	35.2174	40.1821	30.6884	29.4137	34.7463	14.6264	0	0	0	0	0	0	0	0	0
05.500,00.000	40	5.5	-200	0	4.5	2028.85	878.453	582.541	235.216	70.8485	75.8247	35.3495	40.325	30.7327	29.5802	35.1156	14.8636	0	0	0	0	0	0	0	0	0
05.500,00.000	40.1	5.5	-200	0	4.5	2032.38	879.386	583.409	235.463	70.8941	76.2082	35.4643	40.4673	30.7718	29.7383	35.4758	15.1037	0	0	0	0	0	0	0	0	0
05.500,00.000	40.2	5.5	-200	0	4.5	2035.85	880.278	584.251	235.697	70.9378	76.6196	35.6016	40.6092	30.8097	29.8854	35.8138	15.3493	0	0	0	0	0	0	0	0	0
05.500,00.000	40.3	5.5	-200	0	4.5	2039.24	881.134	585.072	235.918	70.9807	77.0192	35.7582	40.7501	30.8444	30.0247	36.138	15.6034	0	0	0	0	0	0	0	0	0
05.500,00.000	40.4	5.5	-200	0	4.5	2042.46	881.945	585.851	236.12	71.0201	77.427	35.8814	40.8877	30.8747	30.1497	36.4339	15.8651	0	0	0	0	0	0	0	0	0
05.500,00.000	40.5	5.5	-200	0	4.5	2045.55	882.717	586.602	236.309	71.0583	77.852	36.0129	40.9975	30.8996	30.2676	36.6978	16.1354	0	0	0	0	0	0	0	0	0
05.500,00.000	40.6	5.5	-200	0	4.5	2048.49	883.468	587.327	236.488	71.0962	78.2534	36.184	40.9989	30.9189	30.3806	36.9679	16.4114	0	0	0	0	0	0	0	0	0
05.500,00.000	40.7	5.5	-200	0	4.5	2051.27	884.16	588.022	236.65	71.1294	78.6637	36.3174	41.0001	30.9337	30.4827	37.2223	16.6841	0	0	0	0	0	0	0	0	0
05.500,00.000	40.8	5.5	-200	0	4.5	2054.02	884.818	588.694	236.801	71.1626	79.0909	36.4973	41.0018	30.9431	30.5814	37.4682	16.959	0	0	0	0	0	0	0	0	0
05.500,00.000	40.9	5.5	-200	0	4.5	2056.71	885.44	589.35	236.938	71.194	79.5182	36.6911	41.0038	30.9492	30.6757	37.7018	17.2514	0	0	0	0	0	0	0	0	0
05.500,00.000	41	5.5	-200	0	4.5	2059.29	886.029	589.995	237.064	71.2234	79.9436	36.8413	41.0053	30.9537	30.7617	37.9283	17.546	0	0	0	0	0	0	0	0	0
05.500,00.000	41.1	5.5	-200	0	4.5	2061.8	886.575	590.619	237.177	71.252	80.393	37.0015	41.0065	30.9572	30.8383	38.1459	17.8381	0	0	0	0	0	0	0	0	0
05.500,00.000	41.2	5.5	-200	0	4.5	2064.25	887.087	591.223	237.277	71.2794	80.8329	37.2076	41.0071	30.9602	30.9048	38.3526	18.1134	0	0	0	0	0	0	0	0	0
05.500,00.000	41.3	5.5	-200	0	4.5	2066.62	887.557	591.806	237.365	71.3057	81.2744	37.4222	41.0076	30.9625	30.9617	38.5598	18.4024	0	0	0	0	0	0	0	0	0
05.500,00.000	41.4	5.5	-200	0	4.5	2068.94	888.002	592.382	237.442	71.3317	81.7435	37.5898	41.008	30.9632	31.0119	38.7661	18.7006	0	0	0	0	0	0	0	0	0
05.500,00.000	41.5	5.5	-200	0	4.5	2071.15	888.404	592.929	237.507	71.3559	82.2001	37.7679	41.0083	30.9633	31.0571	38.9603	18.9922	0	0	0	0	0	0	0	0	0
05.500,00.000	41.6	5.5	-200	0	4.5	2073.33	888.78	593.473	237.563	71.3774	82.6209	37.998	41.0084	30.9634	31.0963	39.1453	19.3029	0	0	0	0	0	0	0	0	0
05.500,00.000	41.7	5.5	-200	0	4.5	2075.39	889.127	593.999	237.61	71.399	83.0639	38.1765	41.0085	30.9634	31.1294	39.3214	19.5898	0	0	0	0	0	0	0	0	0
05.500,00.000	41.8	5.5	-200	0	4.5	2077.41	889.452	594.505	237.65	71.4197	83.5108	38.3648	41.0085	30.9634	31.1574	39.4886	19.8851	0	0	0	0	0	0	0	0	0
05.500,00.000	41.9	5.5	-200	0	4.5	2079.39	889.757	594.995	237.684	71.439	83.9524	38.6032	41.0085	30.9634	31.1807	39.6405	20.1664	0	0	0	0	0	0	0	0	0
05.500,00.000	42	5.5	-200	0	4.5	2081.29	890.045	595.464	237.715	71.4573	84.3995	38.8582	41.0085	30.9634	31.1998	39.7835	20.3915	0	0	0	0	0	0	0	0	0