
label	time(d)	x	depth	z	radius	total	0-10	10-20	20-30	30-40	40-50	50-60	60-70	70-80	80-90	90-100	100-110	110-120	120-130	130-140	140-150	150-160	160-170	170-180	180-190	190-200
00.000,00.000	0	0	-200	0	4.5	0	0	0	0	0	0	0	0	0	0	0	0	0	0	0	0	0	0	0	0	0
00.000,00.000	0.1	0	-200	0	4.5	0.293975	0.293975	0	0	0	0	0	0	0	0	0	0	0	0	0	0	0	0	0	0	0
00.000,00.000	0.2	0	-200	0	4.5	0.590923	0.590923	0	0	0	0	0	0	0	0	0	0	0	0	0	0	0	0	0	0	0
00.000,00.000	0.3	0	-200	0	4.5	0.889985	0.889985	0	0	0	0	0	0	0	0	0	0	0	0	0	0	0	0	0	0	0
00.000,00.000	0.4	0	-200	0	4.5	1.19139	1.19139	0	0	0	0	0	0	0	0	0	0	0	0	0	0	0	0	0	0	0
00.000,00.000	0.5	0	-200	0	4.5	1.49517	1.49517	0	0	0	0	0	0	0	0	0	0	0	0	0	0	0	0	0	0	0
00.000,00.000	0.6	0	-200	0	4.5	1.80104	1.80104	0	0	0	0	0	0	0	0	0	0	0	0	0	0	0	0	0	0	0
00.000,00.000	0.7	0	-200	0	4.5	2.10883	2.10883	0	0	0	0	0	0	0	0	0	0	0	0	0	0	0	0	0	0	0
00.000,00.000	0.8	0	-200	0	4.5	2.41869	2.41869	0	0	0	0	0	0	0	0	0	0	0	0	0	0	0	0	0	0	0
00.000,00.000	0.9	0	-200	0	4.5	2.72995	2.72995	0	0	0	0	0	0	0	0	0	0	0	0	0	0	0	0	0	0	0
00.000,00.000	1	0	-200	0	4.5	3.04116	3.04116	0	0	0	0	0	0	0	0	0	0	0	0	0	0	0	0	0	0	0
00.000,00.000	1.1	0	-200	0	4.5	3.35764	3.35764	0	0	0	0	0	0	0	0	0	0	0	0	0	0	0	0	0	0	0
00.000,00.000	1.2	0	-200	0	4.5	3.68286	3.68286	0	0	0	0	0	0	0	0	0	0	0	0	0	0	0	0	0	0	0
00.000,00.000	1.3	0	-200	0	4.5	4.01858	4.01858	0	0	0	0	0	0	0	0	0	0	0	0	0	0	0	0	0	0	0
00.000,00.000	1.4	0	-200	0	4.5	4.3659	4.3659	0	0	0	0	0	0	0	0	0	0	0	0	0	0	0	0	0	0	0
00.000,00.000	1.5	0	-200	0	4.5	4.72556	4.72556	0	0	0	0	0	0	0	0	0	0	0	0	0	0	0	0	0	0	0
00.000,00.000	1.6	0	-200	0	4.5	5.09776	5.09776	0	0	0	0	0	0	0	0	0	0	0	0	0	0	0	0	0	0	0
00.000,00.000	1.7	0	-200	0	4.5	5.48362	5.48362	0	0	0	0	0	0	0	0	0	0	0	0	0	0	0	0	0	0	0
00.000,00.000	1.8	0	-200	0	4.5	5.88285	5.88285	0	0	0	0	0	0	0	0	0	0	0	0	0	0	0	0	0	0	0
00.000,00.000	1.9	0	-200	0	4.5	6.32008	6.32008	0	0	0	0	0	0	0	0	0	0	0	0	0	0	0	0	0	0	0
00.000,00.000	2	0	-200	0	4.5	6.80448	6.80448	0	0	0	0	0	0	0	0	0	0	0	0	0	0	0	0	0	0	0
00.000,00.000	2.1	0	-200	0	4.5	7.36739	7.36739	0	0	0	0	0	0	0	0	0	0	0	0	0	0	0	0	0	0	0
00.000,00.000	2.2	0	-200	0	4.5	8.07876	8.07876	0	0	0	0	0	0	0	0	0	0	0	0	0	0	0	0	0	0	0
00.000,00.000	2.3	0	-200	0	4.5	8.93644	8.66988	0.266561	0	0	0	0	0	0	0	0	0	0	0	0	0	0	0	0	0	0
00.000,00.000	2.4	0	-200	0	4.5	9.92646	9.37947	0.546988	0	0	0	0	0	0	0	0	0	0	0	0	0	0	0	0	0	0
00.000,00.000	2.5	0	-200	0	4.5	11.0269	10.1996	0.827336	0	0	0	0	0	0	0	0	0	0	0	0	0	0	0	0	0	0
00.000,00.000	2.6	0	-200	0	4.5	12.2326	11.1263	1.10636	0	0	0	0	0	0	0	0	0	0	0	0	0	0	0	0	0	0
00.000,00.000	2.7	0	-200	0	4.5	13.5503	12.1654	1.38487	0	0	0	0	0	0	0	0	0	0	0	0	0	0	0	0	0	0
00.000,00.000	2.8	0	-200	0	4.5	15.0042	13.3404	1.66373	0	0	0	0	0	0	0	0	0	0	0	0	0	0	0	0	0	0
00.000,00.000	2.9	0	-200	0	4.5	16.6296	14.6836	1.94606	0	0	0	0	0	0	0	0	0	0	0	0	0	0	0	0	0	0
00.000,00.000	3	0	-200	0	4.5	18.4079	16.1741	2.2338	0	0	0	0	0	0	0	0	0	0	0	0	0	0	0	0	0	0
00.000,00.000	3.1	0	-200	0	4.5	20.2679	17.7418	2.52609	0	0	0	0	0	0	0	0	0	0	0	0	0	0	0	0	0	0
00.000,00.000	3.2	0	-200	0	4.5	22.0922	19.274	2.81817	0	0	0	0	0	0	0	0	0	0	0	0	0	0	0	0	0	0
00.000,00.000	3.3	0	-200	0	4.5	23.9073	20.797	3.11026	0	0	0	0	0	0	0	0	0	0	0	0	0	0	0	0	0	0
00.000,00.000	3.4	0	-200	0	4.5	25.7058	22.3034	3.4024	0	0	0	0	0	0	0	0	0	0	0	0	0	0	0	0	0	0
00.000,00.000	3.5	0	-200	0	4.5	27.4696	23.7763	3.69327	0	0	0	0	0	0	0	0	0	0	0	0	0	0	0	0	0	0
00.000,00.000	3.6	0	-200	0	4.5	29.1983	25.2161	3.98218	0	0	0	0	0	0	0	0	0	0	0	0	0	0	0	0	0	0
00.000,00.000	3.7	0	-200	0	4.5	30.903	26.6334	4.26964	0	0	0	0	0	0	0	0	0	0	0	0	0	0	0	0	0	0
00.000,00.000	3.8	0	-200	0	4.5	32.5958	28.0398	4.55593	0	0	0	0	0	0	0	0	0	0	0	0	0	0	0	0	0	0
00.000,00.000	3.9	0	-200	0	4.5	34.2873	29.4463	4.84095	0	0	0	0	0	0	0	0	0	0	0	0	0	0	0	0	0	0
00.000,00.000	4	0	-200	0	4.5	35.9872	30.8615	5.12572	0	0	0	0	0	0	0	0	0	0	0	0	0	0	0	0	0	0
00.000,00.000	4.1	0	-200	0	4.5	37.6927	32.2818	5.41091	0	0	0	0	0	0	0	0	0	0	0	0	0	0	0	0	0	0
00.000,00.000	4.2	0	-200	0	4.5	39.4023	33.7052	5.69717	0	0	0	0	0	0	0	0	0	0	0	0	0	0	0	0	0	0
00.000,00.000	4.3	0	-200	0	4.5	41.1147	35.1302	5.98451	0	0	0	0	0	0	0	0	0	0	0	0	0	0	0	0	0	0
00.000,00.000	4.4	0	-200	0	4.5	42.8081	36.5352	6.27293	0	0	0	0	0	0	0	0	0	0	0	0	0	0	0	0	0	0
00.000,00.000	4.5	0	-200	0	4.5	44.1951	37.6341	6.56096	0	0	0	0	0	0	0	0	0	0	0	0	0	0	0	0	0	0
00.000,00.000	4.6	0	-200	0	4.5	45.5624	38.7144	6.848	0	0	0	0	0	0	0	0	0	0	0	0	0	0	0	0	0	0
00.000,00.000	4.7	0	-200	0	4.5	46.9161	39.7825	7.13362	0	0	0	0	0	0	0	0	0	0	0	0	0	0	0	0	0	0
00.000,00.000	4.8	0	-200	0	4.5	48.0679	40.4598	7.60819	0	0	0	0	0	0	0	0	0	0	0	0	0	0	0	0	0	0
00.000,00.000	4.9	0	-200	0	4.5	49.1325	40.9796	8.15292	0	0	0	0	0	0	0	0	0	0	0	0	0	0	0	0	0	0
00.000,00.000	5	0	-200	0	4.5	50.1914	41.1472	9.04422	0	0	0	0	0	0	0	0	0	0	0	0	0	0	0	0	0	0
00.000,00.000	5.1	0	-200	0	4.5	51.0515	41.171	9.8805	0	0	0	0	0	0	0	0	0	0	0	0	0	0	0	0	0	0
00.000,00.000	5.2	0	-200	0	4.5	51.8607	41.2	10.6607	0	0	0	0	0	0	0	0	0	0	0	0	0	0	0	0	0	0
00.000,00.000	5.3	0	-200	0	4.5	52.6814	41.2354	11.446	0	0	0	0	0	0	0	0	0	0	0	0	0	0	0	0	0	0
00.000,00.000	5.4	0	-200	0	4.5	53.3972	41.2767	12.1205	0	0	0	0	0	0	0	0	0	0	0	0	0	0	0	0	0	0
00.000,00.000	5.5	0	-200	0	4.5	53.9644	41.3228	12.6415	0	0	0	0	0	0	0	0	0	0	0	0	0	0	0	0	0	0
00.000,00.000	5.6	0	-200	0	4.5	54.3213	41.3745	12.9468	0	0	0	0	0	0	0	0	0	0	0	0	0	0	0	0	0	0
00.000,00.000	5.7	0	-200	0	4.5	54.6565	41.4316	13.2249	0	0	0	0	0	0	0	0	0	0	0	0	0	0	0	0	0	0
00.000,00.000	5.8	0	-200	0	4.5	54.9976	41.495	13.5026	0	0	0	0	0	0	0	0	0	0	0	0	0	0	0	0	0	0
00.000,00.000	5.9	0	-200	0	4.5	55.3465	41.5664	13.6851	0.0949346	0	0	0	0	0	0	0	0	0	0	0	0	0	0	0	0	0
00.000,00.000	6	0	-200	0	4.5	55.7015	41.6447	13.6846	0.372184	0	0	0	0	0	0	0	0	0	0	0	0	0	0	0	0	0
00.000,00.000	6.1	0	-200	0	4.5	56.0646	41.7319	13.6844	0.648299	0	0	0	0	0	0	0	0	0	0	0	0	0	0	0	0	0
00.000,00.000	6.2	0	-200	0	4.5	56.4371	41.8293	13.6844	0.923406	0	0	0	0	0	0	0	0	0	0	0	0	0	0	0	0	0
00.000,00.000	6.3	0	-200	0	4.5	56.8194	41.9361	13.6853	1.19794	0	0	0	0	0	0	0	0	0	0	0	0	0	0	0	0	0
00.000,00.000	6.4	0	-200	0	4.5	57.2124	42.0537	13.6869	1.47178	0	0	0	0	0	0	0	0	0	0	0	0	0	0	0	0	0
00.000,00.000	6.5	0	-200	0	4.5	57.6162	42.1818	13.6899	1.7445	0	0	0	0	0	0	0	0	0	0	0	0	0	0	0	0	0
00.000,00.000	6.6	0	-200	0	4.5	58.0373	42.3255	13.6949	2.01689	0	0	0	0	0	0	0	0	0	0	0	0	0	0	0	0	0
00.000,00.000	6.7	0	-200	0	4.5	58.4784	42.4882	13.7013	2.28877	0	0	0	0	0	0	0	0	0	0	0	0	0	0	0	0	0
00.000,00.000	6.8	0	-200	0	4.5	58.9437	42.6736	13.7101	2.55993	0	0	0	0	0	0	0	0	0	0	0	0	0	0	0	0	0
00.000,00.000	6.9	0	-200	0	4.5	59.4404	42.8881	13.7217	2.83066	0	0	0	0	0	0	0	0	0	0	0	0	0	0	0	0	0
00.000,00.000	7	0	-200	0	4.5	59.9711	43.1349	13.7355	3.10062	0	0	0	0	0	0	0	0	0	0	0	0	0	0	0	0	0
00.000,00.000	7.1	0	-200	0	4.5	60.5437	43.4214	13.7524	3.36992	0	0	0	0	0	0	0	0	0	0	0	0	0	0	0	0	0
00.000,00.000	7.2	0	-200	0	4.5	61.171	43.7597	13.7728	3.63851	0	0	0	0	0	0	0	0	0	0	0	0	0	0	0	0	0
00.000,00.000	7.3	0	-200	0	4.5	61.8529	44.1499	13.7967	3.90636	0	0	0	0	0	0	0	0	0	0	0	0	0	0	0	0	0
00.000,00.000	7.4	0	-200	0	4.5	62.5942	44.5952	13.8255	4.17354	0	0	0	0	0	0	0	0	0	0	0	0	0	0	0	0	0
00.000,00.000	7.5	0	-200	0	4.5	63.3818	45.0831	13.8589	4.43976	0	0	0	0	0	0	0	0	0	0	0	0	0	0	0	0	0
00.000,00.000	7.6	0	-200	0	4.5	64.2299	45.6273	13.8973	4.70534	0	0	0	0	0	0	0	0	0	0	0	0	0	0	0	0	0
00.000,00.000	7.7	0	-200	0	4.5	65.1399	46.2292	13.9405	4.97031	0	0	0	0	0	0	0	0	0	0	0	0	0	0	0	0	0
00.000,00.000	7.8	0	-200	0	4.5	66.1164	46.8924	13.9894	5.23467	0	0	0	0	0	0	0	0	0	0	0	0	0	0	0	0	0
00.000,00.000	7.9	0	-200	0	4.5	67.1821	47.6388	14.0447	5.4986	0	0	0	0	0	0	0	0	0	0	0	0	0	0	0	0	0
00.000,00.000	8	0	-200	0	4.5	68.3305	48.4618	14.1068	5.76189	0	0	0	0	0	0	0	0	0	0	0	0	0	0	0	0	0
00.000,00.000	8.1	0	-200	0	4.5	69.5711	49.3715	14.1749	6.0246	0	0	0	0	0	0	0	0	0	0	0	0	0	0	0	0	0
00.000,00.000	8.2	0	-200	0	4.5	70.8366	50.3932	14.2506	6.19284	0	0	0	0	0	0	0	0	0	0	0	0	0	0	0	0	0
00.000,00.000	8.3	0	-200	0	4.5	72.0625	51.5358	14.3338	6.19284	0	0	0	0	0	0	0	0	0	0	0	0	0	0	0	0	0
00.000,00.000	8.4	0	-200	0	4.5	73.4048	52.7857	14.4263	6.19284	0	0	0	0	0	0	0	0	0	0	0	0	0	0	0	0	0
00.000,00.000	8.5	0	-200	0	4.5	74.8224	54.1036	14.526	6.19284	0	0	0	0	0	0	0	0	0	0	0	0	0	0	0	0	0
00.000,00.000	8.6	0	-200	0	4.5	76.3313	55.5041	14.6344	6.19284	0	0	0	0	0	0	0	0	0	0	0	0	0	0	0	0	0
00.000,00.000	8.7	0	-200	0	4.5	77.9297	56.9856	14.7513	6.19284	0	0	0	0	0	0	0	0	0	0	0	0	0	0	0	0	0
00.000,00.000	8.8	0	-200	0	4.5	79.6315	58.5607	14.8779	6.19284	0	0	0	0	0	0	0	0	0	0	0	0	0	0	0	0	0
00.000,00.000	8.9	0	-200	0	4.5	81.4767	60.2683	15.0155	6.19284	0	0	0	0	0	0	0	0	0	0	0	0	0	0	0	0	0
00.000,00.000	9	0	-200	0	4.5	83.4775	62.1189	15.1658	6.19284	0	0	0	0	0	0	0	0	0	0	0	0	0	0	0	0	0
00.000,00.000	9.1	0	-200	0	4.5	85.6389	64.1167	15.3293	6.19284	0	0	0	0	0	0	0	0	0	0	0	0	0	0	0	0	0
00.000,00.000	9.2	0	-200	0	4.5	87.9654	66.2582	15.5143	6.19284	0	0	0	0	0	0	0	0	0	0	0	0	0	0	0	0	0
00.000,00.000	9.3	0	-200	0	4.5	90.4565	68.5445	15.7191	6.19284	0	0	0	0	0	0	0	0	0	0	0	0	0	0	0	0	0
00.000,00.000	9.4	0	-200	0	4.5	93.0978	70.9582	15.9467	6.19284	0	0	0	0	0	0	0	0	0	0	0	0	0	0	0	0	0
00.000,00.000	9.5	0	-200	0	4.5	95.8324	73.444	16.1955	6.19284	0	0	0	0	0	0	0	0	0	0	0	0	0	0	0	0	0
00.000,00.000	9.6	0	-200	0	4.5	98.6669	76.0075	16.4665	6.19284	0	0	0	0	0	0	0	0	0	0	0	0	0	0	0	0	0
00.000,00.000	9.7	0	-200	0	4.5	101.61	78.6557	16.7615	6.19284	0	0	0	0	0	0	0	0	0	0	0	0	0	0	0	0	0
00.000,00.000	9.8	0	-200	0	4.5	104.686	81.4102	17.083	6.19284	0	0	0	0	0	0	0	0	0	0	0	0	0	0	0	0	0
00.000,00.000	9.9	0	-200	0	4.5	107.954	84.3276	17.4331	6.19284	0	0	0	0	0	0	0	0	0	0	0	0	0	0	0	0	0
00.000,00.000	10	0	-200	0	4.5	111.419	87.4113	17.8144	6.19284	0	0	0	0	0	0	0	0	0	0	0	0	0	0	0	0	0
00.000,00.000	10.1	0	-200	0	4.5	115.083	90.6598	18.23	6.19284	0	0	0	0	0	0	0	0	0	0	0	0	0	0	0	0	0
00.000,00.000	10.2	0	-200	0	4.5	118.936	94.0651	18.6775	6.19302	0	0	0	0	0	0	0	0	0	0	0	0	0	0	0	0	0
00.000,00.000	10.3	0	-200	0	4.5	122.98	97.6324	19.1532	6.19466	0	0	0	0	0	0	0	0	0	0	0	0	0	0	0	0	0
00.000,00.000	10.4	0	-200	0	4.5	127.197	101.337	19.6606	6.19881	0	0	0	0	0	0	0	0	0	0	0	0	0	0	0	0	0
00.000,00.000	10.5	0	-200	0	4.5	131.503	105.104	20.1941	6.20492	0	0	0	0	0	0	0	0	0	0	0	0	0	0	0	0	0
00.000,00.000	10.6	0	-200	0	4.5	135.909	108.942	20.7514	6.21608	0	0	0	0	0	0	0	0	0	0	0	0	0	0	0	0	0
00.000,00.000	10.7	0	-200	0	4.5	140.416	112.851	21.3269	6.23766	0	0	0	0	0	0	0	0	0	0	0	0	0	0	0	0	0
00.000,00.000	10.8	0	-200	0	4.5	145.065	116.875	21.9244	6.26565	0	0	0	0	0	0	0	0	0	0	0	0	0	0	0	0	0
00.000,00.000	10.9	0	-200	0	4.5	149.955	121.109	22.5453	6.30084	0	0	0	0	0	0	0	0	0	0	0	0	0	0	0	0	0
00.000,00.000	11	0	-200	0	4.5	155.084	125.55	23.1913	6.3432	0	0	0	0	0	0	0	0	0	0	0	0	0	0	0	0	0
00.000,00.000	11.1	0	-200	0	4.5	160.441	130.184	23.8631	6.39328	0	0	0	0	0	0	0	0	0	0	0	0	0	0	0	0	0
00.000,00.000	11.2	0	-200	0	4.5	166.079	135.061	24.5663	6.45148	0	0	0	0	0	0	0	0	0	0	0	0	0	0	0	0	0
00.000,00.000	11.3	0	-200	0	4.5	171.976	140.151	25.3071	6.51839	0	0	0	0	0	0	0	0	0	0	0	0	0	0	0	0	0
00.000,00.000	11.4	0	-200	0	4.5	178.089	145.411	26.0846	6.59398	0	0	0	0	0	0	0	0	0	0	0	0	0	0	0	0	0
00.000,00.000	11.5	0	-200	0	4.5	184.288	150.757	26.853	6.6784	0	0	0	0	0	0	0	0	0	0	0	0	0	0	0	0	0
00.000,00.000	11.6	0	-200	0	4.5	190.58	156.166	27.6427	6.7714	0	0	0	0	0	0	0	0	0	0	0	0	0	0	0	0	0
00.000,00.000	11.7	0	-200	0	4.5	196.984	161.663	28.4492	6.87216	0	0	0	0	0	0	0	0	0	0	0	0	0	0	0	0	0
00.000,00.000	11.8	0	-200	0	4.5	203.551	167.311	29.258	6.98149	0	0	0	0	0	0	0	0	0	0	0	0	0	0	0	0	0
00.000,00.000	11.9	0	-200	0	4.5	210.411	173.222	30.0892	7.09976	0	0	0	0	0	0	0	0	0	0	0	0	0	0	0	0	0
00.000,00.000	12	0	-200	0	4.5	217.549	179.368	30.9533	7.22693	0	0	0	0	0	0	0	0	0	0	0	0	0	0	0	0	0
00.000,00.000	12.1	0	-200	0	4.5	224.97	185.753	31.8517	7.36536	0	0	0	0	0	0	0	0	0	0	0	0	0	0	0	0	0
00.000,00.000	12.2	0	-200	0	4.5	232.519	192.223	32.7808	7.51454	0	0	0	0	0	0	0	0	0	0	0	0	0	0	0	0	0
00.000,00.000	12.3	0	-200	0	4.5	240.135	198.736	33.7252	7.67319	0	0	0	0	0	0	0	0	0	0	0	0	0	0	0	0	0
00.000,00.000	12.4	0	-200	0	4.5	247.857	205.329	34.6861	7.84211	0	0	0	0	0	0	0	0	0	0	0	0	0	0	0	0	0
00.000,00.000	12.5	0	-200	0	4.5	255.635	211.941	35.672	8.02249	0	0	0	0	0	0	0	0	0	0	0	0	0	0	0	0	0
00.000,00.000	12.6	0	-200	0	4.5	263.35	218.478	36.6607	8.21138	0	0	0	0	0	0	0	0	0	0	0	0	0	0	0	0	0
00.000,00.000	12.7	0	-200	0	4.5	271.06	224.986	37.6649	8.40923	0	0	0	0	0	0	0	0	0	0	0	0	0	0	0	0	0
00.000,00.000	12.8	0	-200	0	4.5	278.856	231.317	38.9239	8.61581	0	0	0	0	0	0	0	0	0	0	0	0	0	0	0	0	0
00.000,00.000	12.9	0	-200	0	4.5	286.786	237.645	40.311	8.82983	0	0	0	0	0	0	0	0	0	0	0	0	0	0	0	0	0
00.000,00.000	13	0	-200	0	4.5	294.947	243.94	41.9537	9.05314	0	0	0	0	0	0	0	0	0	0	0	0	0	0	0	0	0
00.000,00.000	13.1	0	-200	0	4.5	303.312	250.02	44.0068	9.28511	0	0	0	0	0	0	0	0	0	0	0	0	0	0	0	0	0
00.000,00.000	13.2	0	-200	0	4.5	311.879	256.236	46.1185	9.52479	0	0	0	0	0	0	0	0	0	0	0	0	0	0	0	0	0
00.000,00.000	13.3	0	-200	0	4.5	320.636	262.573	48.2897	9.77296	0	0	0	0	0	0	0	0	0	0	0	0	0	0	0	0	0
00.000,00.000	13.4	0	-200	0	4.5	329.519	268.987	50.5021	10.0305	0	0	0	0	0	0	0	0	0	0	0	0	0	0	0	0	0
00.000,00.000	13.5	0	-200	0	4.5	338.453	275.405	52.7497	10.2984	0	0	0	0	0	0	0	0	0	0	0	0	0	0	0	0	0
00.000,00.000	13.6	0	-200	0	4.5	347.288	281.741	54.9701	10.577	0	0	0	0	0	0	0	0	0	0	0	0	0	0	0	0	0
00.000,00.000	13.7	0	-200	0	4.5	356.104	288.069	57.1693	10.8659	0	0	0	0	0	0	0	0	0	0	0	0	0	0	0	0	0
00.000,00.000	13.8	0	-200	0	4.5	365.053	294.428	59.4598	11.1645	0	0	0	0	0	0	0	0	0	0	0	0	0	0	0	0	0
00.000,00.000	13.9	0	-200	0	4.5	374.062	300.86	61.73	11.4727	0	0	0	0	0	0	0	0	0	0	0	0	0	0	0	0	0
00.000,00.000	14	0	-200	0	4.5	383.273	307.43	64.0389	11.8038	0	0	0	0	0	0	0	0	0	0	0	0	0	0	0	0	0
00.000,00.000	14.1	0	-200	0	4.5	392.637	314.101	66.3908	12.1458	0	0	0	0	0	0	0	0	0	0	0	0	0	0	0	0	0
00.000,00.000	14.2	0	-200	0	4.5	402.067	320.77	68.8004	12.4966	0	0	0	0	0	0	0	0	0	0	0	0	0	0	0	0	0
00.000,00.000	14.3	0	-200	0	4.5	411.549	327.43	71.2605	12.8591	0	0	0	0	0	0	0	0	0	0	0	0	0	0	0	0	0
00.000,00.000	14.4	0	-200	0	4.5	421.041	334.062	73.7456	13.2336	0	0	0	0	0	0	0	0	0	0	0	0	0	0	0	0	0
00.000,00.000	14.5	0	-200	0	4.5	430.433	340.559	76.2533	13.6207	0	0	0	0	0	0	0	0	0	0	0	0	0	0	0	0	0
00.000,00.000	14.6	0	-200	0	4.5	439.749	346.92	78.8038	14.0247	0	0	0	0	0	0	0	0	0	0	0	0	0	0	0	0	0
00.000,00.000	14.7	0	-200	0	4.5	448.873	353.099	81.3333	14.4399	0	0	0	0	0	0	0	0	0	0	0	0	0	0	0	0	0
00.000,00.000	14.8	0	-200	0	4.5	457.823	359.086	83.867	14.8701	0	0	0	0	0	0	0	0	0	0	0	0	0	0	0	0	0
00.000,00.000	14.9	0	-200	0	4.5	466.773	364.987	86.4734	15.3124	0	0	0	0	0	0	0	0	0	0	0	0	0	0	0	0	0
00.000,00.000	15	0	-200	0	4.5	475.706	370.829	89.1087	15.7687	0	0	0	0	0	0	0	0	0	0	0	0	0	0	0	0	0
00.000,00.000	15.1	0	-200	0	4.5	484.509	376.578	91.6953	16.2358	0	0	0	0	0	0	0	0	0	0	0	0	0	0	0	0	0
00.000,00.000	15.2	0	-200	0	4.5	493.235	382.27	94.258	16.7074	0	0	0	0	0	0	0	0	0	0	0	0	0	0	0	0	0
00.000,00.000	15.3	0	-200	0	4.5	501.871	387.787	96.8968	17.1866	0	0	0	0	0	0	0	0	0	0	0	0	0	0	0	0	0
00.000,00.000	15.4	0	-200	0	4.5	510.423	393.196	99.5488	17.6787	0	0	0	0	0	0	0	0	0	0	0	0	0	0	0	0	0
00.000,00.000	15.5	0	-200	0	4.5	518.838	398.442	102.241	18.1541	0	0	0	0	0	0	0	0	0	0	0	0	0	0	0	0	0
00.000,00.000	15.6	0	-200	0	4.5	530.467	405.544	106.084	18.8387	0	0	0	0	0	0	0	0	0	0	0	0	0	0	0	0	0
00.000,00.000	15.7	0	-200	0	4.5	539.472	410.949	109.137	19.3859	0	0	0	0	0	0	0	0	0	0	0	0	0	0	0	0	0
00.000,00.000	15.8	0	-200	0	4.5	544.876	414.19	110.965	19.721	0	0	0	0	0	0	0	0	0	0	0	0	0	0	0	0	0
00.000,00.000	15.9	0	-200	0	4.5	553.853	419.558	114.011	20.284	0	0	0	0	0	0	0	0	0	0	0	0	0	0	0	0	0
00.000,00.000	16	0	-200	0	4.5	562.117	424.458	116.846	20.813	0	0	0	0	0	0	0	0	0	0	0	0	0	0	0	0	0
00.000,00.000	16.1	0	-200	0	4.5	569.75	428.931	119.463	21.3569	0	0	0	0	0	0	0	0	0	0	0	0	0	0	0	0	0
00.000,00.000	16.2	0	-200	0	4.5	577.315	433.316	121.846	22.1528	0	0	0	0	0	0	0	0	0	0	0	0	0	0	0	0	0
00.000,00.000	16.3	0	-200	0	4.5	584.8	437.563	124.283	22.9544	0	0	0	0	0	0	0	0	0	0	0	0	0	0	0	0	0
00.000,00.000	16.4	0	-200	0	4.5	592.217	441.716	126.733	23.7669	0	0	0	0	0	0	0	0	0	0	0	0	0	0	0	0	0
00.000,00.000	16.5	0	-200	0	4.5	602.24	447.24	130.127	24.8731	0	0	0	0	0	0	0	0	0	0	0	0	0	0	0	0	0
00.000,00.000	16.6	0	-200	0	4.5	612.22	452.649	133.579	25.9919	0	0	0	0	0	0	0	0	0	0	0	0	0	0	0	0	0
00.000,00.000	16.7	0	-200	0	4.5	615.791	454.558	134.664	26.5684	0	0	0	0	0	0	0	0	0	0	0	0	0	0	0	0	0
00.000,00.000	16.8	0	-200	0	4.5	618.876	456.2	135.597	27.0783	0	0	0	0	0	0	0	0	0	0	0	0	0	0	0	0	0
00.000,00.000	16.9	0	-200	0	4.5	624.184	459.038	137.141	28.0047	0	0	0	0	0	0	0	0	0	0	0	0	0	0	0	0	0
00.000,00.000	17	0	-200	0	4.5	632.101	463.247	139.166	29.6869	0	0	0	0	0	0	0	0	0	0	0	0	0	0	0	0	0
00.000,00.000	17.1	0	-200	0	4.5	638.864	466.817	140.916	31.1309	0	0	0	0	0	0	0	0	0	0	0	0	0	0	0	0	0
00.000,00.000	17.2	0	-200	0	4.5	645.125	470.12	142.531	32.4734	0	0	0	0	0	0	0	0	0	0	0	0	0	0	0	0	0
00.000,00.000	17.3	0	-200	0	4.5	651.347	473.403	144.134	33.81	0	0	0	0	0	0	0	0	0	0	0	0	0	0	0	0	0
00.000,00.000	17.4	0	-200	0	4.5	657.482	476.676	145.657	35.1489	0	0	0	0	0	0	0	0	0	0	0	0	0	0	0	0	0
00.000,00.000	17.5	0	-200	0	4.5	668.426	482.46	148.36	37.6062	0	0	0	0	0	0	0	0	0	0	0	0	0	0	0	0	0
00.000,00.000	17.6	0	-200	0	4.5	676.376	486.553	150.412	39.4113	0	0	0	0	0	0	0	0	0	0	0	0	0	0	0	0	0
00.000,00.000	17.7	0	-200	0	4.5	678.412	487.584	150.954	39.8737	0	0	0	0	0	0	0	0	0	0	0	0	0	0	0	0	0
00.000,00.000	17.8	0	-200	0	4.5	679.956	488.348	151.376	40.2314	0	0	0	0	0	0	0	0	0	0	0	0	0	0	0	0	0
00.000,00.000	17.9	0	-200	0	4.5	683.1	489.968	152.207	40.9251	0	0	0	0	0	0	0	0	0	0	0	0	0	0	0	0	0
00.000,00.000	18	0	-200	0	4.5	691.071	494.033	154.279	42.7586	0	0	0	0	0	0	0	0	0	0	0	0	0	0	0	0	0
00.000,00.000	18.1	0	-200	0	4.5	697.473	497.288	155.94	44.2446	0	0	0	0	0	0	0	0	0	0	0	0	0	0	0	0	0
00.000,00.000	18.2	0	-200	0	4.5	703.103	500.16	157.375	45.5689	0	0	0	0	0	0	0	0	0	0	0	0	0	0	0	0	0
00.000,00.000	18.3	0	-200	0	4.5	708.758	503.051	158.813	46.8932	0	0	0	0	0	0	0	0	0	0	0	0	0	0	0	0	0
00.000,00.000	18.4	0	-200	0	4.5	714.436	505.964	160.259	48.2127	0	0	0	0	0	0	0	0	0	0	0	0	0	0	0	0	0
00.000,00.000	18.5	0	-200	0	4.5	725.981	511.832	163.218	50.9299	0	0	0	0	0	0	0	0	0	0	0	0	0	0	0	0	0
00.000,00.000	18.6	0	-200	0	4.5	733.172	515.541	165.128	52.5033	0	0	0	0	0	0	0	0	0	0	0	0	0	0	0	0	0
00.000,00.000	18.7	0	-200	0	4.5	734.093	516.031	165.381	52.6812	0	0	0	0	0	0	0	0	0	0	0	0	0	0	0	0	0
00.000,00.000	18.8	0	-200	0	4.5	734.977	516.489	165.622	52.8667	0	0	0	0	0	0	0	0	0	0	0	0	0	0	0	0	0
00.000,00.000	18.9	0	-200	0	4.5	738.685	518.509	166.576	53.5998	0	0	0	0	0	0	0	0	0	0	0	0	0	0	0	0	0
00.000,00.000	19	0	-200	0	4.5	746.609	522.809	168.68	55.1209	0	0	0	0	0	0	0	0	0	0	0	0	0	0	0	0	0
00.000,00.000	19.1	0	-200	0	4.5	752.886	526.222	170.352	56.312	0	0	0	0	0	0	0	0	0	0	0	0	0	0	0	0	0
00.000,00.000	19.2	0	-200	0	4.5	758.428	529.241	171.836	57.351	0	0	0	0	0	0	0	0	0	0	0	0	0	0	0	0	0
00.000,00.000	19.3	0	-200	0	4.5	764.029	532.281	173.335	58.4125	0	0	0	0	0	0	0	0	0	0	0	0	0	0	0	0	0
00.000,00.000	19.4	0	-200	0	4.5	769.666	535.345	174.853	59.4678	0	0	0	0	0	0	0	0	0	0	0	0	0	0	0	0	0
00.000,00.000	19.5	0	-200	0	4.5	775.287	538.382	176.385	60.5197	0	0	0	0	0	0	0	0	0	0	0	0	0	0	0	0	0
00.000,00.000	19.6	0	-200	0	4.5	786.612	544.262	179.621	62.7036	0.0253082	0	0	0	0	0	0	0	0	0	0	0	0	0	0	0	0
00.000,00.000	19.7	0	-200	0	4.5	797.33	549.765	182.763	64.2254	0.576184	0	0	0	0	0	0	0	0	0	0	0	0	0	0	0	0
00.000,00.000	19.8	0	-200	0	4.5	798.824	550.545	183.198	64.4304	0.651382	0	0	0	0	0	0	0	0	0	0	0	0	0	0	0	0
00.000,00.000	19.9	0	-200	0	4.5	799.218	550.758	183.31	64.48	0.66994	0	0	0	0	0	0	0	0	0	0	0	0	0	0	0	0
00.000,00.000	20	0	-200	0	4.5	810.438	556.673	186.712	65.8587	1.19416	0	0	0	0	0	0	0	0	0	0	0	0	0	0	0	0
00.000,00.000	20.1	0	-200	0	4.5	818.479	559.967	190.12	66.8276	1.5649	0	0	0	0	0	0	0	0	0	0	0	0	0	0	0	0
00.000,00.000	20.2	0	-200	0	4.5	824.485	562.428	192.681	67.5413	1.83467	0	0	0	0	0	0	0	0	0	0	0	0	0	0	0	0
00.000,00.000	20.3	0	-200	0	4.5	830.568	564.939	195.284	68.2416	2.10277	0	0	0	0	0	0	0	0	0	0	0	0	0	0	0	0
00.000,00.000	20.4	0	-200	0	4.5	836.766	567.501	197.957	68.9368	2.37049	0	0	0	0	0	0	0	0	0	0	0	0	0	0	0	0
00.000,00.000	20.5	0	-200	0	4.5	843.035	569.87	200.9	69.4587	2.80605	0	0	0	0	0	0	0	0	0	0	0	0	0	0	0	0
00.000,00.000	20.6	0	-200	0	4.5	869.133	578.19	214.167	71.522	5.25389	0	0	0	0	0	0	0	0	0	0	0	0	0	0	0	0
00.000,00.000	20.7	0	-200	0	4.5	874.874	580.21	216.953	71.9457	5.76567	0	0	0	0	0	0	0	0	0	0	0	0	0	0	0	0
00.000,00.000	20.8	0	-200	0	4.5	875.217	580.34	217.114	71.9689	5.79444	0	0	0	0	0	0	0	0	0	0	0	0	0	0	0	0
00.000,00.000	20.9	0	-200	0	4.5	876.688	580.86	217.84	72.0703	5.91818	0	0	0	0	0	0	0	0	0	0	0	0	0	0	0	0
00.000,00.000	21	0	-200	0	4.5	890.229	586.45	223.935	72.9044	6.93933	0	0	0	0	0	0	0	0	0	0	0	0	0	0	0	0
00.000,00.000	21.1	0	-200	0	4.5	899.012	589.961	228.153	73.4834	7.41418	0	0	0	0	0	0	0	0	0	0	0	0	0	0	0	0
00.000,00.000	21.2	0	-200	0	4.5	905.739	592.688	231.417	73.9321	7.70144	0	0	0	0	0	0	0	0	0	0	0	0	0	0	0	0
00.000,00.000	21.3	0	-200	0	4.5	912.709	595.583	234.755	74.3922	7.97854	0	0	0	0	0	0	0	0	0	0	0	0	0	0	0	0
00.000,00.000	21.4	0	-200	0	4.5	919.869	598.615	238.141	74.8683	8.24479	0	0	0	0	0	0	0	0	0	0	0	0	0	0	0	0
00.000,00.000	21.5	0	-200	0	4.5	927.145	601.688	241.584	75.3609	8.51181	0	0	0	0	0	0	0	0	0	0	0	0	0	0	0	0
00.000,00.000	21.6	0	-200	0	4.5	934.316	604.515	245.104	75.8879	8.80968	0	0	0	0	0	0	0	0	0	0	0	0	0	0	0	0
00.000,00.000	21.7	0	-200	0	4.5	959.658	613.995	257.828	77.8664	9.96801	0	0	0	0	0	0	0	0	0	0	0	0	0	0	0	0
00.000,00.000	21.8	0	-200	0	4.5	965.231	616.22	260.471	78.2833	10.2569	0	0	0	0	0	0	0	0	0	0	0	0	0	0	0	0
00.000,00.000	21.9	0	-200	0	4.5	965.731	616.414	260.716	78.3227	10.2782	0	0	0	0	0	0	0	0	0	0	0	0	0	0	0	0
00.000,00.000	22	0	-200	0	4.5	983.976	625.04	268.443	79.5739	10.9184	0	0	0	0	0	0	0	0	0	0	0	0	0	0	0	0
00.000,00.000	22.1	0	-200	0	4.5	997.333	630.89	274.428	80.5835	11.4322	0	0	0	0	0	0	0	0	0	0	0	0	0	0	0	0
00.000,00.000	22.2	0	-200	0	4.5	1006.03	634.668	278.339	81.2672	11.7513	0	0	0	0	0	0	0	0	0	0	0	0	0	0	0	0
00.000,00.000	22.3	0	-200	0	4.5	1014.62	638.521	282.109	81.9453	12.0482	0	0	0	0	0	0	0	0	0	0	0	0	0	0	0	0
00.000,00.000	22.4	0	-200	0	4.5	1023.85	642.656	286.148	82.6917	12.3577	0	0	0	0	0	0	0	0	0	0	0	0	0	0	0	0
00.000,00.000	22.5	0	-200	0	4.5	1033.13	646.772	290.226	83.4704	12.6664	0	0	0	0	0	0	0	0	0	0	0	0	0	0	0	0
00.000,00.000	22.6	0	-200	0	4.5	1042.03	650.421	294.314	84.3138	12.9865	0	0	0	0	0	0	0	0	0	0	0	0	0	0	0	0
00.000,00.000	22.7	0	-200	0	4.5	1086.13	664.087	314.797	92.0771	15.1731	0	0	0	0	0	0	0	0	0	0	0	0	0	0	0	0
00.000,00.000	22.8	0	-200	0	4.5	1106.69	672.434	321.952	96.2707	16.0315	0	0	0	0	0	0	0	0	0	0	0	0	0	0	0	0
00.000,00.000	22.9	0	-200	0	4.5	1106.72	672.447	321.96	96.2753	16.0324	0	0	0	0	0	0	0	0	0	0	0	0	0	0	0	0
00.000,00.000	23	0	-200	0	4.5	1161.23	695.596	341.495	106.189	17.7868	0.164677	0	0	0	0	0	0	0	0	0	0	0	0	0	0	0
00.000,00.000	23.1	0	-200	0	4.5	1184.57	705.884	349.664	110.152	18.1647	0.700003	0	0	0	0	0	0	0	0	0	0	0	0	0	0	0
00.000,00.000	23.2	0	-200	0	4.5	1194.44	710.319	353.032	111.851	18.3281	0.908458	0	0	0	0	0	0	0	0	0	0	0	0	0	0	0
00.000,00.000	23.3	0	-200	0	4.5	1205.34	714.904	357.028	113.761	18.5122	1.13222	0	0	0	0	0	0	0	0	0	0	0	0	0	0	0
00.000,00.000	23.4	0	-200	0	4.5	1216.4	719.241	361.39	115.706	18.7055	1.35365	0	0	0	0	0	0	0	0	0	0	0	0	0	0	0
00.000,00.000	23.5	0	-200	0	4.5	1227.03	722.862	365.859	117.793	18.9234	1.59489	0	0	0	0	0	0	0	0	0	0	0	0	0	0	0
00.000,00.000	23.6	0	-200	0	4.5	1248.6	730.953	374.427	121.821	19.3563	2.0432	0	0	0	0	0	0	0	0	0	0	0	0	0	0	0
00.000,00.000	23.7	0	-200	0	4.5	1269.2	737.02	383.533	126.259	19.8593	2.53306	0	0	0	0	0	0	0	0	0	0	0	0	0	0	0
00.000,00.000	23.8	0	-200	0	4.5	1303.59	749.096	397.783	132.817	20.6391	3.25258	0	0	0	0	0	0	0	0	0	0	0	0	0	0	0
00.000,00.000	23.9	0	-200	0	4.5	1308.5	750.376	400.222	133.78	20.761	3.35919	0	0	0	0	0	0	0	0	0	0	0	0	0	0	0
00.000,00.000	24	0	-200	0	4.5	1358.18	767.173	422.426	142.461	21.8816	4.23709	0	0	0	0	0	0	0	0	0	0	0	0	0	0	0
00.000,00.000	24.1	0	-200	0	4.5	1381.95	774.058	433.872	146.861	22.4749	4.68337	0	0	0	0	0	0	0	0	0	0	0	0	0	0	0
00.000,00.000	24.2	0	-200	0	4.5	1393.43	777.066	439.658	149.04	22.776	4.89362	0	0	0	0	0	0	0	0	0	0	0	0	0	0	0
00.000,00.000	24.3	0	-200	0	4.5	1405.72	780.693	445.59	151.243	23.0904	5.10242	0	0	0	0	0	0	0	0	0	0	0	0	0	0	0
00.000,00.000	24.4	0	-200	0	4.5	1418.55	784.429	451.831	153.544	23.4315	5.31723	0	0	0	0	0	0	0	0	0	0	0	0	0	0	0
00.000,00.000	24.5	0	-200	0	4.5	1431.4	788.026	458.168	155.715	23.9546	5.53251	0	0	0	0	0	0	0	0	0	0	0	0	0	0	0
00.000,00.000	24.6	0	-200	0	4.5	1474.68	795.856	481.321	163.858	27.1596	6.48614	0	0	0	0	0	0	0	0	0	0	0	0	0	0	0
00.000,00.000	24.7	0	-200	0	4.5	1534.32	815.003	507.421	172.4	31.8717	7.62544	0	0	0	0	0	0	0	0	0	0	0	0	0	0	0
00.000,00.000	24.8	0	-200	0	4.5	1540.56	816.283	510.615	173.456	32.4486	7.7611	0	0	0	0	0	0	0	0	0	0	0	0	0	0	0
00.000,00.000	24.9	0	-200	0	4.5	1541.19	816.473	510.897	173.553	32.4982	7.77231	0	0	0	0	0	0	0	0	0	0	0	0	0	0	0
00.000,00.000	25	0	-200	0	4.5	1556.22	820.544	517.987	175.94	33.7095	8.03715	0	0	0	0	0	0	0	0	0	0	0	0	0	0	0
00.000,00.000	25.1	0	-200	0	4.5	1585.13	827.693	532.161	180.656	36.0764	8.54854	0	0	0	0	0	0	0	0	0	0	0	0	0	0	0
00.000,00.000	25.2	0	-200	0	4.5	1601.1	832.387	539.342	183.226	37.3346	8.81547	0	0	0	0	0	0	0	0	0	0	0	0	0	0	0
00.000,00.000	25.3	0	-200	0	4.5	1614.68	836.658	545.281	185.358	38.3531	9.02624	0	0	0	0	0	0	0	0	0	0	0	0	0	0	0
00.000,00.000	25.4	0	-200	0	4.5	1629.02	841.113	551.623	187.626	39.4178	9.24178	0	0	0	0	0	0	0	0	0	0	0	0	0	0	0
00.000,00.000	25.5	0	-200	0	4.5	1643.07	845.628	557.695	189.838	40.4599	9.39166	0.0568695	0	0	0	0	0	0	0	0	0	0	0	0	0	0
00.000,00.000	25.6	0	-200	0	4.5	1678.42	853.634	574.139	196.538	43.967	9.39951	0.746554	0	0	0	0	0	0	0	0	0	0	0	0	0	0
00.000,00.000	25.7	0	-200	0	4.5	1710.82	865.001	586.376	201.654	47.0201	9.39951	1.36475	0	0	0	0	0	0	0	0	0	0	0	0	0	0
00.000,00.000	25.8	0	-200	0	4.5	1722.07	867.511	591.646	203.782	48.1498	9.39951	1.58205	0	0	0	0	0	0	0	0	0	0	0	0	0	0
00.000,00.000	25.9	0	-200	0	4.5	1722.42	867.653	591.771	203.834	48.1784	9.39951	1.58732	0	0	0	0	0	0	0	0	0	0	0	0	0	0
00.000,00.000	26	0	-200	0	4.5	1787.25	893.058	614.875	214.09	53.3181	9.40147	2.50417	0	0	0	0	0	0	0	0	0	0	0	0	0	0
00.000,00.000	26.1	0	-200	0	4.5	1815.94	903.229	625.892	218.965	55.6604	9.40866	2.78144	0	0	0	0	0	0	0	0	0	0	0	0	0	0
00.000,00.000	26.2	0	-200	0	4.5	1830.29	908.714	631.325	221.248	56.7572	9.41879	2.8276	0	0	0	0	0	0	0	0	0	0	0	0	0	0
00.000,00.000	26.3	0	-200	0	4.5	1846.97	915.083	637.71	223.884	57.9921	9.43543	2.8604	0	0	0	0	0	0	0	0	0	0	0	0	0	0
00.000,00.000	26.4	0	-200	0	4.5	1864.46	921.624	644.601	226.656	59.2582	9.45762	2.8604	0	0	0	0	0	0	0	0	0	0	0	0	0	0
00.000,00.000	26.5	0	-200	0	4.5	1882.32	928.264	651.657	229.52	60.5347	9.4859	2.8604	0	0	0	0	0	0	0	0	0	0	0	0	0	0
00.000,00.000	26.6	0	-200	0	4.5	1935.04	947.54	672.472	238.091	64.4802	9.59692	2.8604	0	0	0	0	0	0	0	0	0	0	0	0	0	0
00.000,00.000	26.7	0	-200	0	4.5	1982.58	965.262	690.904	245.844	67.4613	10.2491	2.8604	0	0	0	0	0	0	0	0	0	0	0	0	0	0
00.000,00.000	26.8	0	-200	0	4.5	1987.66	967.054	692.986	246.663	67.7667	10.3337	2.8604	0	0	0	0	0	0	0	0	0	0	0	0	0	0
00.000,00.000	26.9	0	-200	0	4.5	1989.57	967.728	693.776	246.974	67.8735	10.3625	2.8604	0	0	0	0	0	0	0	0	0	0	0	0	0	0
00.000,00.000	27	0	-200	0	4.5	2038.63	984.38	714.396	255.292	70.1283	11.5718	2.8604	0	0	0	0	0	0	0	0	0	0	0	0	0	0
00.000,00.000	27.1	0	-200	0	4.5	2068.89	993.668	727.981	260.574	71.4272	12.3768	2.8604	0	0	0	0	0	0	0	0	0	0	0	0	0	0
00.000,00.000	27.2	0	-200	0	4.5	2090	999.973	737.504	264.401	72.3442	12.9205	2.8604	0	0	0	0	0	0	0	0	0	0	0	0	0	0
00.000,00.000	27.3	0	-200	0	4.5	2111.64	1006.55	746.955	268.502	73.3022	13.4766	2.8604	0	0	0	0	0	0	0	0	0	0	0	0	0	0
00.000,00.000	27.4	0	-200	0	4.5	2133.8	1013.33	756.436	272.839	74.2969	14.0424	2.8604	0	0	0	0	0	0	0	0	0	0	0	0	0	0
00.000,00.000	27.5	0	-200	0	4.5	2156.35	1020.27	765.913	277.354	75.3319	14.6204	2.8604	0	0	0	0	0	0	0	0	0	0	0	0	0	0
00.000,00.000	27.6	0	-200	0	4.5	2225.28	1041.17	794.52	291.54	78.363	16.4047	2.8604	0	0	0.415812	0	0	0	0	0	0	0	0	0	0	0
00.000,00.000	27.7	0	-200	0	4.5	2243.5	1046.78	801.975	295.266	79.1657	16.8739	2.8604	0	0	0.579716	0	0	0	0	0	0	0	0	0	0	0
00.000,00.000	27.8	0	-200	0	4.5	2259.01	1051.63	808.149	298.491	79.8987	17.2632	2.8604	0	0	0.71177	0	0	0	0	0	0	0	0	0	0	0
00.000,00.000	27.9	0	-200	0	4.5	2262.58	1052.78	809.533	299.238	80.0731	17.3532	2.8604	0	0	0.741766	0	0	0	0	0	0	0	0	0	0	0
00.000,00.000	28	0	-200	0	4.5	2319.31	1071.33	830.774	311.364	83.0237	18.7665	2.8604	0	0	1.20036	0	0	0	0	0	0	0	0	0	0	0
00.000,00.000	28.1	0	-200	0	4.5	2356.03	1083.55	844.342	319.105	84.9421	19.7405	2.8604	0	0	1.49404	0	0	0	0	0	0	0	0	0	0	0
00.000,00.000	28.2	0	-200	0	4.5	2382.11	1092.22	853.925	324.614	86.3765	20.4252	2.8604	0	0	1.6936	0	0	0	0	0	0	0	0	0	0	0
00.000,00.000	28.3	0	-200	0	4.5	2408.86	1101.19	863.639	330.261	87.9015	21.1232	2.8604	0	0	1.89133	0	0	0	0	0	0	0	0	0	0	0
00.000,00.000	28.4	0	-200	0	4.5	2436.17	1110.43	873.451	336.002	89.5044	21.8347	2.8604	0	0	2.08668	0	0	0	0	0	0	0	0	0	0	0
00.000,00.000	28.5	0	-200	0	4.5	2464	1119.93	883.377	341.805	91.1814	22.5636	2.8604	0	0	2.27993	0	0	0	0	0	0	0	0	0	0	0
00.000,00.000	28.6	0	-200	0	4.5	2521.68	1139.5	903.868	353.991	94.6851	24.0938	2.8604	0	0	2.67571	0	0	0	0	0	0	0	0	0	0	0
00.000,00.000	28.7	0	-200	0	4.5	2558.33	1152.21	916.754	361.676	96.9097	25.0036	2.8604	0	0	2.92053	0	0	0	0	0	0	0	0	0	0	0
00.000,00.000	28.8	0	-200	0	4.5	2562.57	1153.72	918.246	362.559	97.1674	25.0698	2.8604	0	0	2.94846	0	0	0	0	0	0	0	0	0	0	0
00.000,00.000	28.9	0	-200	0	4.5	2565.63	1154.82	919.309	363.181	97.359	25.1262	2.8604	0	0	2.96735	0	0	0	0	0	0	0	0	0	0	0
00.000,00.000	29	0	-200	0	4.5	2612.34	1171.64	935.468	372.632	100.399	26.1011	2.8604	0	0	3.24641	0	0	0	0	0	0	0	0	0	0	0
00.000,00.000	29.1	0	-200	0	4.5	2649.77	1185.24	948.466	380.009	102.86	26.8648	2.8604	0	0	3.46586	0	0	0	0	0	0	0	0	0	0	0
00.000,00.000	29.2	0	-200	0	4.5	2681.16	1196.57	959.355	386.174	104.998	27.5596	2.8604	0	0	3.6458	0	0	0	0	0	0	0	0	0	0	0
00.000,00.000	29.3	0	-200	0	4.5	2712.65	1207.88	970.3	392.282	107.23	28.2733	2.8604	0	0	3.82266	0	0	0	0	0	0	0	0	0	0	0
00.000,00.000	29.4	0	-200	0	4.5	2744.41	1219.34	981.324	398.375	109.502	29.009	2.86044	0	0	3.99715	0	0	0	0	0	0	0	0	0	0	0
00.000,00.000	29.5	0	-200	0	4.5	2776.59	1230.95	992.443	404.547	111.849	29.7674	2.86089	0	0	4.16982	0	0	0	0	0	0	0	0	0	0	0
00.000,00.000	29.6	0	-200	0	4.5	2852.47	1257.64	1018.57	419.484	117.693	31.6382	2.86492	0	0	4.58018	0	0	0	0	0	0	0	0	0	0	0
00.000,00.000	29.7	0	-200	0	4.5	2880.36	1267.54	1028.15	424.89	119.851	32.3338	2.86779	0	0	4.72907	0	0	0	0	0	0	0	0	0	0	0
00.000,00.000	29.8	0	-200	0	4.5	2897.28	1273.64	1033.89	428.13	121.182	32.7548	2.87094	0	0	4.81507	0	0	0	0	0	0	0	0	0	0	0
00.000,00.000	29.9	0	-200	0	4.5	2901.34	1275.12	1035.26	428.88	121.506	32.8562	2.87186	0	0	4.8353	0	0	0	0	0	0	0	0	0	0	0
00.000,00.000	30	0	-200	0	4.5	2961.89	1297.43	1055.57	440.046	126.439	34.3846	2.89108	0	0	5.12561	0	0	0	0	0	0	0	0	0	0	0
00.000,00.000	30.1	0	-200	0	4.5	3006.16	1313.95	1070.2	448.1	130.137	35.524	2.90886	0	0	5.33673	0	0	0	0	0	0	0	0	0	0	0
00.000,00.000	30.2	0	-200	0	4.5	3040.15	1326.72	1081.29	454.301	133.029	36.412	2.9274	0	0	5.47098	0	0	0	0	0	0	0	0	0	0	0
00.000,00.000	30.3	0	-200	0	4.5	3074.37	1339.65	1092.43	460.514	135.972	37.3663	2.95183	0	0	5.48443	0	0	0	0	0	0	0	0	0	0	0
00.000,00.000	30.4	0	-200	0	4.5	3108.94	1352.72	1103.66	466.764	138.97	38.3573	2.98246	0	0	5.48728	0	0	0	0	0	0	0	0	0	0	0
00.000,00.000	30.5	0	-200	0	4.5	3143.71	1365.87	1114.94	473.022	142	39.3686	3.01964	0	0	5.48723	0	0	0	0	0	0	0	0	0	0	0
00.000,00.000	30.6	0	-200	0	4.5	3207.35	1389.22	1135.73	484.733	147.809	41.0381	3.34813	0	0	5.47251	0	0	0	0	0	0	0	0	0	0	0
00.000,00.000	30.7	0	-200	0	4.5	3253.29	1406.2	1150.63	493.093	152.066	42.0893	3.73981	0	0	5.47251	0	0	0	0	0	0	0	0	0	0	0
00.000,00.000	30.8	0	-200	0	4.5	3259.34	1408.49	1152.56	494.16	152.643	42.231	3.79189	0	0	5.47251	0	0	0	0	0	0	0	0	0	0	0
00.000,00.000	30.9	0	-200	0	4.5	3266.24	1411.13	1154.75	495.356	153.29	42.3938	3.85083	0	0	5.47251	0	0	0	0	0	0	0	0	0	0	0
00.000,00.000	31	0	-200	0	4.5	3319.35	1431.47	1171.57	504.58	158.253	43.6887	4.3095	0	0	5.47251	0	0	0	0	0	0	0	0	0	0	0
00.000,00.000	31.1	0	-200	0	4.5	3361.86	1447.78	1184.95	511.953	162.246	44.776	4.68173	0	0	5.47251	0	0	0	0	0	0	0	0	0	0	0
00.000,00.000	31.2	0	-200	0	4.5	3397.91	1461.83	1196.07	518.137	165.691	45.7147	4.9966	0	0	5.47251	0	0	0	0	0	0	0	0	0	0	0
00.000,00.000	31.3	0	-200	0	4.5	3435.01	1476.35	1207.48	524.452	169.239	46.6934	5.32129	0	0	5.47251	0	0	0	0	0	0	0	0	0	0	0
00.000,00.000	31.4	0	-200	0	4.5	3472.46	1491.04	1218.95	530.773	172.846	47.7195	5.64921	0	0	5.47251	0	0	0	0	0	0	0	0	0	0	0
00.000,00.000	31.5	0	-200	0	4.5	3510	1505.85	1230.36	537.079	176.482	48.772	5.98034	0	0	5.47251	0	0	0	0	0	0	0	0	0	0	0
00.000,00.000	31.6	0	-200	0	4.5	3589.37	1535.69	1255.31	550.667	184.514	51.0083	6.71551	0	0	5.47251	0	0	0	0	0	0	0	0	0	0	0
00.000,00.000	31.7	0	-200	0	4.5	3613.08	1544.42	1262.95	554.64	186.972	51.6819	6.93825	0	0	5.47251	0	0	0	0	0	0	0	0	0	0	0
00.000,00.000	31.8	0	-200	0	4.5	3651.33	1558.72	1275.17	561.044	190.815	52.8125	7.29237	0	0	5.47251	0	0	0	0	0	0	0	0	0	0	0
00.000,00.000	31.9	0	-200	0	4.5	3660.38	1562.19	1277.99	562.507	191.764	53.0795	7.37806	0	0	5.47251	0	0	0	0	0	0	0	0	0	0	0
00.000,00.000	32	0	-200	0	4.5	3722.55	1585.78	1297.44	572.76	198.075	55.0493	7.9652	0	0	5.47251	0	0	0	0	0	0	0	0	0	0	0
00.000,00.000	32.1	0	-200	0	4.5	3769.01	1603.35	1311.95	580.332	202.921	56.5828	8.41065	0	0	5.47251	0	0	0	0	0	0	0	0	0	0	0
00.000,00.000	32.2	0	-200	0	4.5	3805.44	1616.78	1323.48	586.368	206.712	57.8651	8.76291	0	0	5.47251	0	0	0	0	0	0	0	0	0	0	0
00.000,00.000	32.3	0	-200	0	4.5	3841.26	1629.85	1334.91	592.287	210.457	59.1641	9.11462	0	0	5.47251	0	0	0	0	0	0	0	0	0	0	0
00.000,00.000	32.4	0	-200	0	4.5	3876.94	1642.9	1346.21	598.203	214.193	60.4859	9.47073	0	0	5.47251	0	0	0	0	0	0	0	0	0	0	0
00.000,00.000	32.5	0	-200	0	4.5	3912.55	1655.87	1357.44	604.114	217.941	61.876	9.83148	0	0	5.47251	0	0	0	0	0	0	0	0	0	0	0
00.000,00.000	32.6	0	-200	0	4.5	3985.7	1681.64	1380.4	616.663	225.95	64.9855	10.5923	0	0	5.47251	0	0	0	0	0	0	0	0	0	0	0
00.000,00.000	32.7	0	-200	0	4.5	4036.67	1699.88	1395.99	625.241	231.631	67.3225	11.1328	0	0	5.47251	0	0	0	0	0	0	0	0	0	0	0
00.000,00.000	32.8	0	-200	0	4.5	4042.26	1701.93	1397.67	626.149	232.251	67.5906	11.1923	0	0	5.47251	0	0	0	0	0	0	0	0	0	0	0
00.000,00.000	32.9	0	-200	0	4.5	4044.19	1702.64	1398.25	626.464	232.459	67.6839	11.213	0	0	5.47251	0	0	0	0	0	0	0	0	0	0	0
00.000,00.000	33	0	-200	0	4.5	4104.75	1725.13	1416.24	636.442	238.917	70.678	11.8769	0	0	5.47251	0	0	0	0	0	0	0	0	0	0	0
00.000,00.000	33.1	0	-200	0	4.5	4148.48	1741.62	1429.12	643.445	243.603	72.8539	12.3599	0	0	5.47251	0	0	0	0	0	0	0	0	0	0	0
00.000,00.000	33.2	0	-200	0	4.5	4182.07	1754.41	1438.94	648.803	247.162	74.545	12.7311	0	0	5.47251	0	0	0	0	0	0	0	0	0	0	0
00.000,00.000	33.3	0	-200	0	4.5	4215.59	1767.3	1448.66	654.084	250.694	76.2801	13.106	0	0	5.47251	0	0	0	0	0	0	0	0	0	0	0
00.000,00.000	33.4	0	-200	0	4.5	4248.83	1780.19	1458.26	659.179	254.184	78.0495	13.4856	0	0	5.47251	0	0	0	0	0	0	0	0	0	0	0
00.000,00.000	33.5	0	-200	0	4.5	4282.28	1793.19	1467.89	664.259	257.726	79.8665	13.8757	0	0	5.47251	0	0	0	0	0	0	0	0	0	0	0
00.000,00.000	33.6	0	-200	0	4.5	4346.69	1817.45	1486.36	674.209	264.932	83.5929	14.6744	0	0	5.47251	0	0	0	0	0	0	0	0	0	0	0
00.000,00.000	33.7	0	-200	0	4.5	4378.6	1830.08	1495.26	678.899	268.425	85.3946	15.0613	0	0	5.47251	0	0	0	0	0	0	0	0	0	0	0
00.000,00.000	33.8	0	-200	0	4.5	4389.46	1834.41	1498.25	680.483	269.621	86.0204	15.1997	0	0	5.47251	0	0	0	0	0	0	0	0	0	0	0
00.000,00.000	33.9	0	-200	0	4.5	4392	1835.47	1498.93	680.834	269.898	86.1624	15.2308	0	0	5.47251	0	0	0	0	0	0	0	0	0	0	0
00.000,00.000	34	0	-200	0	4.5	4441.72	1856.1	1512.24	687.785	275.219	89.0247	15.8719	0	0	5.47251	0	0	0	0	0	0	0	0	0	0	0
00.000,00.000	34.1	0	-200	0	4.5	4480.52	1872.41	1522.44	693.16	279.362	91.2872	16.3884	0	0	5.47251	0	0	0	0	0	0	0	0	0	0	0
00.000,00.000	34.2	0	-200	0	4.5	4511.87	1885.72	1530.54	697.506	282.697	93.1166	16.8173	0	0	5.47251	0	0	0	0	0	0	0	0	0	0	0
00.000,00.000	34.3	0	-200	0	4.5	4543.16	1899.09	1538.54	701.855	286.004	94.9447	17.2485	0	0	5.47251	0	0	0	0	0	0	0	0	0	0	0
00.000,00.000	34.4	0	-200	0	4.5	4574.27	1912.53	1546.37	706.136	289.299	96.7839	17.6731	0	0	5.47251	0	0	0	0	0	0	0	0	0	0	0
00.000,00.000	34.5	0	-200	0	4.5	4605.03	1925.95	1553.97	710.336	292.577	98.6211	18.1038	0	0	5.47251	0	0	0	0	0	0	0	0	0	0	0
00.000,00.000	34.6	0	-200	0	4.5	4662.39	1950.1	1568.21	718.348	298.961	102.31	18.5543	0.429499	0	5.47251	0	0	0	0	0	0	0	0	0	0	0
00.000,00.000	34.7	0	-200	0	4.5	4703.58	1967.61	1578.39	723.96	303.515	104.987	18.8604	0.772643	0	5.47271	0	0	0	0	0	0	0	0	0	0	0
00.000,00.000	34.8	0	-200	0	4.5	4708.63	1969.9	1579.6	724.605	304.042	105.3	18.899	0.813614	0	5.47283	0	0	0	0	0	0	0	0	0	0	0
00.000,00.000	34.9	0	-200	0	4.5	4739.05	1983.98	1586.68	728.394	307.137	107.198	19.1396	1.04995	0	5.47377	0	0	0	0	0	0	0	0	0	0	0
00.000,00.000	35	0	-200	0	4.5	4782.24	2004.03	1596.53	733.757	311.585	109.965	19.496	1.39267	6.95e-14	5.49135	0	0	0	0	0	0	0	0	0	0	0
00.000,00.000	35.1	0	-200	0	4.5	4814.08	2018.91	1603.76	737.626	314.854	111.967	19.7696	1.64592	0.0305457	5.50674	0	0	0	0	0	0	0	0	0	0	0
00.000,00.000	35.2	0	-200	0	4.5	4842.84	2032.5	1610.29	741.019	317.79	113.739	20.0458	1.87568	0.0588372	5.51995	0	0	0	0	0	0	0	0	0	0	0
00.000,00.000	35.3	0	-200	0	4.5	4871.59	2046.21	1616.72	744.365	320.707	115.531	20.3269	2.10682	0.0878378	5.53375	0	0	0	0	0	0	0	0	0	0	0
00.000,00.000	35.4	0	-200	0	4.5	4900.17	2059.91	1623.07	747.632	323.605	117.341	20.6116	2.33778	0.117353	5.54823	0	0	0	0	0	0	0	0	0	0	0
00.000,00.000	35.5	0	-200	0	4.5	4928.71	2073.54	1629.44	750.81	326.5	119.151	20.9527	2.5696	0.186233	5.56397	0	0	0	0	0	0	0	0	0	0	0
00.000,00.000	35.6	0	-200	0	4.5	4990.81	2099.19	1644.24	758.657	333.838	123.806	21.8676	3.17447	0.431828	5.60508	0	0	0	0	0	0	0	0	0	0	0
00.000,00.000	35.7	0	-200	0	4.5	5028.05	2117.47	1651.85	762.737	337.522	126.283	22.3744	3.49924	0.680568	5.6311	0	0	0	0	0	0	0	0	0	0	0
00.000,00.000	35.8	0	-200	0	4.5	5030.64	2118.73	1652.38	763.027	337.769	126.459	22.4143	3.52274	0.699409	5.63344	0	0	0	0	0	0	0	0	0	0	0
00.000,00.000	35.9	0	-200	0	4.5	5046.9	2126.09	1656.13	764.839	339.414	127.619	22.6733	3.67277	0.817295	5.64659	0	0	0	0	0	0	0	0	0	0	0
00.000,00.000	36	0	-200	0	4.5	5082.01	2143.72	1663.43	768.389	342.556	130.006	23.1976	3.97131	1.05429	5.67396	0	0	0	0	0	0	0	0	0	0	0
00.000,00.000	36.1	0	-200	0	4.5	5115.46	2160.44	1670.39	771.744	345.543	132.377	23.7222	4.26042	1.28499	5.70188	0	0	0	0	0	0	0	0	0	0	0
00.000,00.000	36.2	0	-200	0	4.5	5142.95	2173.99	1676.2	774.486	348.027	134.365	24.1806	4.5024	1.47803	5.72675	0	0	0	0	0	0	0	0	0	0	0
00.000,00.000	36.3	0	-200	0	4.5	5167.26	2186.34	1681.15	776.751	350.254	136.077	24.5751	4.71097	1.64492	5.74943	0	0	0	0	0	0	0	0	0	0	0
00.000,00.000	36.4	0	-200	0	4.5	5194.3	2200.16	1686.64	779.194	352.731	137.986	25.0429	4.94448	1.83214	5.77636	0	0	0	0	0	0	0	0	0	0	0
00.000,00.000	36.5	0	-200	0	4.5	5220.93	2213.68	1692.03	781.565	355.16	139.875	25.5905	5.17815	2.05156	5.80506	0	0	0	0	0	0	0	0	0	0	0
00.000,00.000	36.6	0	-200	0	4.5	5280.64	2238.76	1705.32	787.854	361.936	145.102	27.256	5.8497	2.68007	5.8904	0	0	0	0	0	0	0	0	0	0	0
00.000,00.000	36.7	0	-200	0	4.5	5301.6	2248	1709.84	789.97	364.216	146.823	27.8372	6.08133	2.90323	5.92375	0	0	0	0	0	0	0	0	0	0	0
00.000,00.000	36.8	0	-200	0	4.5	5302.43	2248.44	1710	790.036	364.293	146.882	27.8577	6.08917	2.91071	5.92489	0	0	0	0	0	0	0	0	0	0	0
00.000,00.000	36.9	0	-200	0	4.5	5316.72	2255.89	1712.83	791.131	365.569	147.891	28.2161	6.20387	3.03768	5.94537	0	0	0	0	0	0	0	0	0	0	0
00.000,00.000	37	0	-200	0	4.5	5354.14	2274.79	1720.62	794.109	369.041	150.749	29.2409	6.19998	3.39163	6.00544	0	0	0	0	0	0	0	0	0	0	0
00.000,00.000	37.1	0	-200	0	4.5	5378.35	2287.63	1725.49	795.899	371.06	152.524	29.8872	6.19998	3.62142	6.0416	0	0	0	0	0	0	0	0	0	0	0
00.000,00.000	37.2	0	-200	0	4.5	5403.12	2300.7	1730.54	797.672	373.093	154.397	30.5799	6.19998	3.86207	6.07668	0	0	0	0	0	0	0	0	0	0	0
00.000,00.000	37.3	0	-200	0	4.5	5427.49	2313.44	1735.62	799.383	375.08	156.3	31.2567	6.19998	4.10338	6.11283	0	0	0	0	0	0	0	0	0	0	0
00.000,00.000	37.4	0	-200	0	4.5	5450.03	2325.38	1740.25	800.904	376.886	158.054	31.8826	6.19998	4.32437	6.14703	0	0	0	0	0	0	0	0	0	0	0
00.000,00.000	37.5	0	-200	0	4.5	5473.4	2337.69	1745.09	802.437	378.752	159.929	32.5697	6.19998	4.55534	6.18447	0	0	0	0	0	0	0	0	0	0	0
00.000,00.000	37.6	0	-200	0	4.5	5514.44	2354.06	1754.82	805.804	383.18	164.634	34.3506	6.19998	5.11934	6.26958	0	0	0	0	0	0	0	0	0	0	0
00.000,00.000	37.7	0	-200	0	4.5	5543.52	2365.71	1761.63	808.154	386.209	168.046	35.718	6.19998	5.52665	6.32551	0	0	0	0	0	0	0	0	0	0	0
00.000,00.000	37.8	0	-200	0	4.5	5546.71	2367.29	1762.29	808.368	386.46	168.363	35.8391	6.19998	5.56429	6.32955	0	0	0	0	0	0	0	0	0	0	0
00.000,00.000	37.9	0	-200	0	4.5	5594.93	2393.42	1771.37	811.197	389.901	172.76	37.6232	6.19998	6.04116	6.4147	0	0	0	0	0	0	0	0	0	0	0
00.000,00.000	38	0	-200	0	4.5	5623.36	2408.05	1777.14	812.961	391.914	175.546	38.7543	6.19998	6.33813	6.46792	0	0	0	0	0	0	0	0	0	0	0
00.000,00.000	38.1	0	-200	0	4.5	5640.21	2417.13	1780.39	813.928	393.004	177.109	39.4416	6.19998	6.49684	6.50044	0	0	0	0	0	0	0	0	0	0	0
00.000,00.000	38.2	0	-200	0	4.5	5661.64	2428.85	1784.5	815.131	394.317	179.078	40.3286	6.19998	6.69274	6.5436	0	0	0	0	0	0	0	0	0	0	0
00.000,00.000	38.3	0	-200	0	4.5	5683.66	2440.6	1788.88	816.368	395.654	181.17	41.2997	6.19998	6.89597	6.59059	0	0	0	0	0	0	0	0	0	0	0
00.000,00.000	38.4	0	-200	0	4.5	5701.98	2450.69	1792.41	817.32	396.697	182.868	42.1084	6.19998	7.05594	6.62965	0	0	0	0	0	0	0	0	0	0	0
00.000,00.000	38.5	0	-200	0	4.5	5723.1	2461.77	1796.52	818.434	397.986	185.071	43.1731	6.19998	7.25588	6.68265	0	0	0	0	0	0	0	0	0	0	0
00.000,00.000	38.6	0	-200	0	4.5	5753.61	2474.5	1802.99	820.356	400.44	189.312	45.3493	6.22579	7.63203	6.80822	0	0	0	0	0	0	0	0	0	0	0
00.000,00.000	38.7	0	-200	0	4.5	5771.37	2482.41	1806.29	821.379	401.83	191.78	46.6698	6.27818	7.82278	6.91344	0	0	0	0	0	0	0	0	0	0	0
00.000,00.000	38.8	0	-200	0	4.5	5772.98	2483.23	1806.58	821.459	401.931	191.965	46.7762	6.2847	7.83661	6.92214	0	0	0	0	0	0	0	0	0	0	0
00.000,00.000	38.9	0	-200	0	4.5	5792.06	2493.98	1809.63	822.243	402.966	194.023	47.8993	6.33347	7.97874	7.01332	0	0	0	0	0	0	0	0	0	0	0
00.000,00.000	39	0	-200	0	4.5	5825.12	2511.42	1815.6	823.659	404.792	197.818	49.9831	6.44123	8.22935	7.18722	0	0	0	0	0	0	0	0	0	0	0
00.000,00.000	39.1	0	-200	0	4.5	5838.82	2518.13	1818.39	824.283	405.571	199.412	50.9211	6.49854	8.33756	7.26695	0	0	0	0	0	0	0	0	0	0	0
00.000,00.000	39.2	0	-200	0	4.5	5848.01	2523.27	1819.94	824.61	406.016	200.427	51.4985	6.53319	8.39928	7.31622	0	0	0	0	0	0	0	0	0	0	0
00.000,00.000	39.3	0	-200	0	4.5	5871.03	2533.74	1824.79	825.605	407.305	203.572	53.3149	6.65633	8.57812	7.4719	0	0	0	0	0	0	0	0	0	0	0
00.000,00.000	39.4	0	-200	0	4.5	5882.25	2539.19	1827.06	826.062	407.85	205.008	54.1546	6.72585	8.65839	7.54616	0	0	0	0	0	0	0	0	0	0	0
00.000,00.000	39.5	0	-200	0	4.5	5892.73	2544.84	1828.73	826.378	408.328	206.373	54.9395	6.7977	8.72909	7.61833	0	0	0	0	0	0	0	0	0	0	0
00.000,00.000	39.6	0	-200	0	4.5	5905.96	2552.15	1830.53	826.725	408.91	208.147	56.0223	6.94157	8.81871	7.71717	0	0	0	0	0	0	0	0	0	0	0
00.000,00.000	39.7	0	-200	0	4.5	5962.13	2581.27	1838.19	828.004	411.769	216.413	61.3583	7.69981	9.22629	8.20512	0	0	0	0	0	0	0	0	0	0	0
00.000,00.000	39.8	0	-200	0	4.5	5973.9	2587.59	1839.88	828.33	412.379	217.974	62.2884	7.85523	9.30179	8.2996	0	0	0	0	0	0	0	0	0	0	0
00.000,00.000	39.9	0	-200	0	4.5	5982.95	2592.84	1840.97	828.489	412.793	219.152	62.9974	7.98803	9.35019	8.36924	0	0	0	0	0	0	0	0	0	0	0
00.000,00.000	40	0	-200	0	4.5	6008.56	2607.86	1844.11	828.943	413.833	222.452	64.9429	8.37902	9.47519	8.56211	0	0	0	0	0	0	0	0	0	0	0
00.000,00.000	40.1	0	-200	0	4.5	6022.71	2615.43	1846.1	829.235	414.446	224.515	66.1021	8.64237	9.54843	8.68416	0	0	0	0	0	0	0	0	0	0	0
00.000,00.000	40.2	0	-200	0	4.5	6033.31	2621.21	1847.61	829.423	414.876	226.02	66.9451	8.85511	9.59793	8.7748	0	0	0	0	0	0	0	0	0	0	0
00.000,00.000	40.3	0	-200	0	4.5	6043.74	2626.95	1848.96	829.577	415.296	227.55	67.7995	9.08969	9.64375	8.86664	0	0	0	0	0	0	0	0	0	0	0
00.000,00.000	40.4	0	-200	0	4.5	6078.74	2647.4	1853.62	830.001	416.399	232.113	70.4274	9.86472	9.76952	9.14861	0	0	0	0	0	0	0	0	0	0	0
00.000,00.000	40.5	0	-200	0	4.5	6084.99	2650.78	1854.65	830.087	416.595	233.004	70.8253	10.0512	9.79281	9.20357	0	0	0	0	0	0	0	0	0	0	0
00.000,00.000	40.6	0	-200	0	4.5	6168.39	2696.13	1867.33	830.956	419.19	244.355	77.8272	12.5296	10.0718	10.0045	0	0	0	0	0	0	0	0	0	0	0
00.000,00.000	40.7	0	-200	0	4.5	6186.27	2705.18	1870.81	831.156	419.855	246.702	79.0922	13.1515	10.1311	10.1906	0	0	0	0	0	0	0	0	0	0	0
00.000,00.000	40.8	0	-200	0	4.5	6186.36	2705.22	1870.83	831.156	419.857	246.714	79.0996	13.1547	10.1313	10.1914	0	0	0	0	0	0	0	0	0	0	0
00.000,00.000	40.9	0	-200	0	4.5	6210.57	2717.95	1875.06	831.362	420.516	249.843	81.0739	14.1521	10.1854	10.4241	0	0	0	0	0	0	0	0	0	0	0
00.000,00.000	41	0	-200	0	4.5	6247.48	2737.87	1881.52	831.653	421.501	254.303	83.9421	15.6671	10.2565	10.7674	0	0	0	0	0	0	0	0	0	0	0
00.000,00.000	41.1	0	-200	0	4.5	6254.1	2741.41	1882.79	831.708	421.682	255.075	84.3974	15.9401	10.2685	10.8328	0	0	0	0	0	0	0	0	0	0	0
00.000,00.000	41.2	0	-200	0	4.5	6265.92	2748.15	1884.85	831.773	421.928	256.326	85.2619	16.4215	10.282	10.9313	0	0	0	0	0	0	0	0	0	0	0
00.000,00.000	41.3	0	-200	0	4.5	6280.41	2756.3	1887.55	831.846	422.228	257.828	86.2853	17.0326	10.2952	11.052	0	0	0	0	0	0	0	0	0	0	0
00.000,00.000	41.4	0	-200	0	4.5	6325.83	2779.15	1897.06	832.061	423.173	263.083	90.0063	19.4961	10.3301	11.4687	0	0	0	0	0	0	0	0	0	0	0
00.000,00.000	41.5	0	-200	0	4.5	6333.29	2782.59	1898.96	832.099	423.341	263.934	90.486	20.0068	10.3834	11.4996	0	0	0	0	0	0	0	0	0	0	0
00.000,00.000	41.6	0	-200	0	4.5	6407.14	2819.13	1916.34	832.359	424.482	270.906	96.3885	24.941	10.7571	11.8399	0	0	0	0	0	0	0	0	0	0	0
00.000,00.000	41.7	0	-200	0	4.5	6424.29	2827.43	1920.5	832.453	424.778	272.673	97.7433	25.9344	10.8788	11.8968	0	0	0	0	0	0	0	0	0	0	0
00.000,00.000	41.8	0	-200	0	4.5	6439.53	2835.42	1923.89	832.513	425.013	273.965	98.9472	26.8814	10.9469	11.9606	0	0	0	0	0	0	0	0	0	0	0
00.000,00.000	41.9	0	-200	0	4.5	6443.84	2837.56	1924.93	832.53	425.096	274.34	99.2957	27.1324	10.9708	11.9789	0	0	0	0	0	0	0	0	0	0	0
00.000,00.000	42	0	-200	0	4.5	6451.07	2841.01	1926.72	832.554	425.211	274.969	99.9461	27.6402	11.0026	12.0139	0	0	0	0	0	0	0	0	0	0	0