
label	time(d)	x	depth	z	radius	total	0-10	10-20	20-30	30-40	40-50	50-60	60-70	70-80	80-90	90-100	100-110	110-120	120-130	130-140	140-150	150-160	160-170	170-180	180-190	190-200
00.000,00.000	0	0	-200	0	4.5	0	0	0	0	0	0	0	0	0	0	0	0	0	0	0	0	0	0	0	0	0
00.000,00.000	0.1	0	-200	0	4.5	0.293975	0.293975	0	0	0	0	0	0	0	0	0	0	0	0	0	0	0	0	0	0	0
00.000,00.000	0.2	0	-200	0	4.5	0.590923	0.590923	0	0	0	0	0	0	0	0	0	0	0	0	0	0	0	0	0	0	0
00.000,00.000	0.3	0	-200	0	4.5	0.890001	0.890001	0	0	0	0	0	0	0	0	0	0	0	0	0	0	0	0	0	0	0
00.000,00.000	0.4	0	-200	0	4.5	1.19141	1.19141	0	0	0	0	0	0	0	0	0	0	0	0	0	0	0	0	0	0	0
00.000,00.000	0.5	0	-200	0	4.5	1.49517	1.49517	0	0	0	0	0	0	0	0	0	0	0	0	0	0	0	0	0	0	0
00.000,00.000	0.6	0	-200	0	4.5	1.801	1.801	0	0	0	0	0	0	0	0	0	0	0	0	0	0	0	0	0	0	0
00.000,00.000	0.7	0	-200	0	4.5	2.10884	2.10884	0	0	0	0	0	0	0	0	0	0	0	0	0	0	0	0	0	0	0
00.000,00.000	0.8	0	-200	0	4.5	2.41852	2.41852	0	0	0	0	0	0	0	0	0	0	0	0	0	0	0	0	0	0	0
00.000,00.000	0.9	0	-200	0	4.5	2.72945	2.72945	0	0	0	0	0	0	0	0	0	0	0	0	0	0	0	0	0	0	0
00.000,00.000	1	0	-200	0	4.5	3.04066	3.04066	0	0	0	0	0	0	0	0	0	0	0	0	0	0	0	0	0	0	0
00.000,00.000	1.1	0	-200	0	4.5	3.35739	3.35739	0	0	0	0	0	0	0	0	0	0	0	0	0	0	0	0	0	0	0
00.000,00.000	1.2	0	-200	0	4.5	3.68279	3.68279	0	0	0	0	0	0	0	0	0	0	0	0	0	0	0	0	0	0	0
00.000,00.000	1.3	0	-200	0	4.5	4.01834	4.01834	0	0	0	0	0	0	0	0	0	0	0	0	0	0	0	0	0	0	0
00.000,00.000	1.4	0	-200	0	4.5	4.36554	4.36554	0	0	0	0	0	0	0	0	0	0	0	0	0	0	0	0	0	0	0
00.000,00.000	1.5	0	-200	0	4.5	4.72569	4.72569	0	0	0	0	0	0	0	0	0	0	0	0	0	0	0	0	0	0	0
00.000,00.000	1.6	0	-200	0	4.5	5.09882	5.09882	0	0	0	0	0	0	0	0	0	0	0	0	0	0	0	0	0	0	0
00.000,00.000	1.7	0	-200	0	4.5	5.48465	5.48465	0	0	0	0	0	0	0	0	0	0	0	0	0	0	0	0	0	0	0
00.000,00.000	1.8	0	-200	0	4.5	5.88351	5.88351	0	0	0	0	0	0	0	0	0	0	0	0	0	0	0	0	0	0	0
00.000,00.000	1.9	0	-200	0	4.5	6.3222	6.3222	0	0	0	0	0	0	0	0	0	0	0	0	0	0	0	0	0	0	0
00.000,00.000	2	0	-200	0	4.5	6.80826	6.80826	0	0	0	0	0	0	0	0	0	0	0	0	0	0	0	0	0	0	0
00.000,00.000	2.1	0	-200	0	4.5	7.37214	7.37214	0	0	0	0	0	0	0	0	0	0	0	0	0	0	0	0	0	0	0
00.000,00.000	2.2	0	-200	0	4.5	8.08829	8.08829	0	0	0	0	0	0	0	0	0	0	0	0	0	0	0	0	0	0	0
00.000,00.000	2.3	0	-200	0	4.5	8.9505	8.72431	0.226186	0	0	0	0	0	0	0	0	0	0	0	0	0	0	0	0	0	0
00.000,00.000	2.4	0	-200	0	4.5	9.94479	9.4383	0.50649	0	0	0	0	0	0	0	0	0	0	0	0	0	0	0	0	0	0
00.000,00.000	2.5	0	-200	0	4.5	11.0501	10.2635	0.786639	0	0	0	0	0	0	0	0	0	0	0	0	0	0	0	0	0	0
00.000,00.000	2.6	0	-200	0	4.5	12.2614	11.1956	1.06581	0	0	0	0	0	0	0	0	0	0	0	0	0	0	0	0	0	0
00.000,00.000	2.7	0	-200	0	4.5	13.5851	12.2408	1.34431	0	0	0	0	0	0	0	0	0	0	0	0	0	0	0	0	0	0
00.000,00.000	2.8	0	-200	0	4.5	15.0473	13.4242	1.62317	0	0	0	0	0	0	0	0	0	0	0	0	0	0	0	0	0	0
00.000,00.000	2.9	0	-200	0	4.5	16.6849	14.7793	1.90556	0	0	0	0	0	0	0	0	0	0	0	0	0	0	0	0	0	0
00.000,00.000	3	0	-200	0	4.5	18.4754	16.282	2.19342	0	0	0	0	0	0	0	0	0	0	0	0	0	0	0	0	0	0
00.000,00.000	3.1	0	-200	0	4.5	20.3482	17.8622	2.48602	0	0	0	0	0	0	0	0	0	0	0	0	0	0	0	0	0	0
00.000,00.000	3.2	0	-200	0	4.5	22.1815	19.4033	2.77821	0	0	0	0	0	0	0	0	0	0	0	0	0	0	0	0	0	0
00.000,00.000	3.3	0	-200	0	4.5	24.0051	20.9347	3.07036	0	0	0	0	0	0	0	0	0	0	0	0	0	0	0	0	0	0
00.000,00.000	3.4	0	-200	0	4.5	25.81	22.4474	3.36259	0	0	0	0	0	0	0	0	0	0	0	0	0	0	0	0	0	0
00.000,00.000	3.5	0	-200	0	4.5	27.5763	23.9228	3.65351	0	0	0	0	0	0	0	0	0	0	0	0	0	0	0	0	0	0
00.000,00.000	3.6	0	-200	0	4.5	29.3039	25.3614	3.94257	0	0	0	0	0	0	0	0	0	0	0	0	0	0	0	0	0	0
00.000,00.000	3.7	0	-200	0	4.5	31.0051	26.775	4.2301	0	0	0	0	0	0	0	0	0	0	0	0	0	0	0	0	0	0
00.000,00.000	3.8	0	-200	0	4.5	32.6948	28.1784	4.51644	0	0	0	0	0	0	0	0	0	0	0	0	0	0	0	0	0	0
00.000,00.000	3.9	0	-200	0	4.5	34.2512	29.4496	4.80159	0	0	0	0	0	0	0	0	0	0	0	0	0	0	0	0	0	0
00.000,00.000	4	0	-200	0	4.5	35.6311	30.5447	5.0864	0	0	0	0	0	0	0	0	0	0	0	0	0	0	0	0	0	0
00.000,00.000	4.1	0	-200	0	4.5	37.0147	31.6431	5.37157	0	0	0	0	0	0	0	0	0	0	0	0	0	0	0	0	0	0
00.000,00.000	4.2	0	-200	0	4.5	38.2143	32.5566	5.65775	0	0	0	0	0	0	0	0	0	0	0	0	0	0	0	0	0	0
00.000,00.000	4.3	0	-200	0	4.5	39.0406	33.0955	5.94509	0	0	0	0	0	0	0	0	0	0	0	0	0	0	0	0	0	0
00.000,00.000	4.4	0	-200	0	4.5	39.7221	33.4888	6.23332	0	0	0	0	0	0	0	0	0	0	0	0	0	0	0	0	0	0
00.000,00.000	4.5	0	-200	0	4.5	40.2574	33.7361	6.5213	0	0	0	0	0	0	0	0	0	0	0	0	0	0	0	0	0	0
00.000,00.000	4.6	0	-200	0	4.5	40.781	33.9726	6.80836	0	0	0	0	0	0	0	0	0	0	0	0	0	0	0	0	0	0
00.000,00.000	4.7	0	-200	0	4.5	41.2972	34.2032	7.09402	0	0	0	0	0	0	0	0	0	0	0	0	0	0	0	0	0	0
00.000,00.000	4.8	0	-200	0	4.5	41.8082	34.4299	7.37829	0	0	0	0	0	0	0	0	0	0	0	0	0	0	0	0	0	0
00.000,00.000	4.9	0	-200	0	4.5	42.2977	34.6364	7.66126	0	0	0	0	0	0	0	0	0	0	0	0	0	0	0	0	0	0
00.000,00.000	5	0	-200	0	4.5	42.6	34.6571	7.94298	0	0	0	0	0	0	0	0	0	0	0	0	0	0	0	0	0	0
00.000,00.000	5.1	0	-200	0	4.5	42.9017	34.678	8.22374	0	0	0	0	0	0	0	0	0	0	0	0	0	0	0	0	0	0
00.000,00.000	5.2	0	-200	0	4.5	43.2066	34.7029	8.50364	0	0	0	0	0	0	0	0	0	0	0	0	0	0	0	0	0	0
00.000,00.000	5.3	0	-200	0	4.5	43.5173	34.7343	8.78295	0	0	0	0	0	0	0	0	0	0	0	0	0	0	0	0	0	0
00.000,00.000	5.4	0	-200	0	4.5	43.8343	34.7724	9.06191	0	0	0	0	0	0	0	0	0	0	0	0	0	0	0	0	0	0
00.000,00.000	5.5	0	-200	0	4.5	44.1569	34.8165	9.34045	0	0	0	0	0	0	0	0	0	0	0	0	0	0	0	0	0	0
00.000,00.000	5.6	0	-200	0	4.5	44.4869	34.8681	9.61885	0	0	0	0	0	0	0	0	0	0	0	0	0	0	0	0	0	0
00.000,00.000	5.7	0	-200	0	4.5	44.8241	34.927	9.89702	0	0	0	0	0	0	0	0	0	0	0	0	0	0	0	0	0	0
00.000,00.000	5.8	0	-200	0	4.5	45.1682	34.9934	10.1748	0	0	0	0	0	0	0	0	0	0	0	0	0	0	0	0	0	0
00.000,00.000	5.9	0	-200	0	4.5	45.5203	35.0681	10.2033	0.248864	0	0	0	0	0	0	0	0	0	0	0	0	0	0	0	0	0
00.000,00.000	6	0	-200	0	4.5	45.8838	35.1552	10.2032	0.525478	0	0	0	0	0	0	0	0	0	0	0	0	0	0	0	0	0
00.000,00.000	6.1	0	-200	0	4.5	46.2596	35.2553	10.2032	0.801146	0	0	0	0	0	0	0	0	0	0	0	0	0	0	0	0	0
00.000,00.000	6.2	0	-200	0	4.5	46.6507	35.3715	10.2032	1.07609	0	0	0	0	0	0	0	0	0	0	0	0	0	0	0	0	0
00.000,00.000	6.3	0	-200	0	4.5	47.058	35.5035	10.2042	1.35032	0	0	0	0	0	0	0	0	0	0	0	0	0	0	0	0	0
00.000,00.000	6.4	0	-200	0	4.5	47.4846	35.655	10.2056	1.62393	0	0	0	0	0	0	0	0	0	0	0	0	0	0	0	0	0
00.000,00.000	6.5	0	-200	0	4.5	47.9312	35.8262	10.2084	1.89663	0	0	0	0	0	0	0	0	0	0	0	0	0	0	0	0	0
00.000,00.000	6.6	0	-200	0	4.5	48.4034	36.0223	10.2123	2.16884	0	0	0	0	0	0	0	0	0	0	0	0	0	0	0	0	0
00.000,00.000	6.7	0	-200	0	4.5	48.9091	36.2492	10.2194	2.44048	0	0	0	0	0	0	0	0	0	0	0	0	0	0	0	0	0
00.000,00.000	6.8	0	-200	0	4.5	49.4453	36.5053	10.2285	2.71147	0	0	0	0	0	0	0	0	0	0	0	0	0	0	0	0	0
00.000,00.000	6.9	0	-200	0	4.5	50.0268	36.8041	10.2408	2.98193	0	0	0	0	0	0	0	0	0	0	0	0	0	0	0	0	0
00.000,00.000	7	0	-200	0	4.5	50.658	37.1491	10.2572	3.2517	0	0	0	0	0	0	0	0	0	0	0	0	0	0	0	0	0
00.000,00.000	7.1	0	-200	0	4.5	51.345	37.5472	10.2771	3.52079	0	0	0	0	0	0	0	0	0	0	0	0	0	0	0	0	0
00.000,00.000	7.2	0	-200	0	4.5	52.0984	38.0071	10.3021	3.78913	0	0	0	0	0	0	0	0	0	0	0	0	0	0	0	0	0
00.000,00.000	7.3	0	-200	0	4.5	52.9149	38.5267	10.3313	4.05679	0	0	0	0	0	0	0	0	0	0	0	0	0	0	0	0	0
00.000,00.000	7.4	0	-200	0	4.5	53.7971	39.1074	10.3659	4.32377	0	0	0	0	0	0	0	0	0	0	0	0	0	0	0	0	0
00.000,00.000	7.5	0	-200	0	4.5	54.7264	39.7321	10.4047	4.58971	0	0	0	0	0	0	0	0	0	0	0	0	0	0	0	0	0
00.000,00.000	7.6	0	-200	0	4.5	55.7158	40.4119	10.4489	4.85505	0	0	0	0	0	0	0	0	0	0	0	0	0	0	0	0	0
00.000,00.000	7.7	0	-200	0	4.5	56.7659	41.1473	10.4989	5.11977	0	0	0	0	0	0	0	0	0	0	0	0	0	0	0	0	0
00.000,00.000	7.8	0	-200	0	4.5	57.8793	41.9413	10.5541	5.38392	0	0	0	0	0	0	0	0	0	0	0	0	0	0	0	0	0
00.000,00.000	7.9	0	-200	0	4.5	59.0773	42.8137	10.616	5.64765	0	0	0	0	0	0	0	0	0	0	0	0	0	0	0	0	0
00.000,00.000	8	0	-200	0	4.5	60.3512	43.7564	10.6841	5.91069	0	0	0	0	0	0	0	0	0	0	0	0	0	0	0	0	0
00.000,00.000	8.1	0	-200	0	4.5	61.7092	44.7779	10.7581	6.17316	0	0	0	0	0	0	0	0	0	0	0	0	0	0	0	0	0
00.000,00.000	8.2	0	-200	0	4.5	63.184	45.9096	10.8394	6.43504	0	0	0	0	0	0	0	0	0	0	0	0	0	0	0	0	0
00.000,00.000	8.3	0	-200	0	4.5	64.7876	47.1613	10.9299	6.69631	0	0	0	0	0	0	0	0	0	0	0	0	0	0	0	0	0
00.000,00.000	8.4	0	-200	0	4.5	66.4973	48.5112	11.0291	6.95697	0	0	0	0	0	0	0	0	0	0	0	0	0	0	0	0	0
00.000,00.000	8.5	0	-200	0	4.5	68.2686	49.9148	11.1371	7.21669	0	0	0	0	0	0	0	0	0	0	0	0	0	0	0	0	0
00.000,00.000	8.6	0	-200	0	4.5	70.1149	51.3841	11.2549	7.47588	0	0	0	0	0	0	0	0	0	0	0	0	0	0	0	0	0
00.000,00.000	8.7	0	-200	0	4.5	72.0349	52.9181	11.3824	7.73448	0	0	0	0	0	0	0	0	0	0	0	0	0	0	0	0	0
00.000,00.000	8.8	0	-200	0	4.5	74.0413	54.5297	11.519	7.99265	0	0	0	0	0	0	0	0	0	0	0	0	0	0	0	0	0
00.000,00.000	8.9	0	-200	0	4.5	76.1819	56.2655	11.6658	8.25059	0	0	0	0	0	0	0	0	0	0	0	0	0	0	0	0	0
00.000,00.000	9	0	-200	0	4.5	78.4618	58.1308	11.8229	8.50806	0	0	0	0	0	0	0	0	0	0	0	0	0	0	0	0	0
00.000,00.000	9.1	0	-200	0	4.5	80.8822	60.1246	11.9925	8.7651	0	0	0	0	0	0	0	0	0	0	0	0	0	0	0	0	0
00.000,00.000	9.2	0	-200	0	4.5	83.438	62.2414	12.1749	9.02171	0	0	0	0	0	0	0	0	0	0	0	0	0	0	0	0	0
00.000,00.000	9.3	0	-200	0	4.5	86.1299	64.4819	12.3701	9.27791	0	0	0	0	0	0	0	0	0	0	0	0	0	0	0	0	0
00.000,00.000	9.4	0	-200	0	4.5	88.9412	66.8289	12.5786	9.53376	0	0	0	0	0	0	0	0	0	0	0	0	0	0	0	0	0
00.000,00.000	9.5	0	-200	0	4.5	91.8106	69.223	12.7987	9.78892	0	0	0	0	0	0	0	0	0	0	0	0	0	0	0	0	0
00.000,00.000	9.6	0	-200	0	4.5	94.7483	71.6741	13.0302	10.044	0	0	0	0	0	0	0	0	0	0	0	0	0	0	0	0	0
00.000,00.000	9.7	0	-200	0	4.5	97.6689	74.192	13.2722	10.0675	0.137299	0	0	0	0	0	0	0	0	0	0	0	0	0	0	0	0
00.000,00.000	9.8	0	-200	0	4.5	100.814	76.8048	13.5255	10.0907	0.393173	0	0	0	0	0	0	0	0	0	0	0	0	0	0	0	0
00.000,00.000	9.9	0	-200	0	4.5	103.86	79.5844	13.7921	10.0907	0.393173	0	0	0	0	0	0	0	0	0	0	0	0	0	0	0	0
00.000,00.000	10	0	-200	0	4.5	107.086	82.5293	14.0726	10.0907	0.393173	0	0	0	0	0	0	0	0	0	0	0	0	0	0	0	0
00.000,00.000	10.1	0	-200	0	4.5	110.488	85.6354	14.3684	10.0909	0.393173	0	0	0	0	0	0	0	0	0	0	0	0	0	0	0	0
00.000,00.000	10.2	0	-200	0	4.5	114.056	88.8908	14.6799	10.092	0.393173	0	0	0	0	0	0	0	0	0	0	0	0	0	0	0	0
00.000,00.000	10.3	0	-200	0	4.5	117.794	92.299	15.0069	10.0948	0.393173	0	0	0	0	0	0	0	0	0	0	0	0	0	0	0	0
00.000,00.000	10.4	0	-200	0	4.5	121.68	95.8377	15.3488	10.1	0.393173	0	0	0	0	0	0	0	0	0	0	0	0	0	0	0	0
00.000,00.000	10.5	0	-200	0	4.5	125.63	99.4269	15.7028	10.1075	0.393173	0	0	0	0	0	0	0	0	0	0	0	0	0	0	0	0
00.000,00.000	10.6	0	-200	0	4.5	129.651	103.072	16.0681	10.1174	0.393173	0	0	0	0	0	0	0	0	0	0	0	0	0	0	0	0
00.000,00.000	10.7	0	-200	0	4.5	133.757	106.79	16.4439	10.1304	0.393173	0	0	0	0	0	0	0	0	0	0	0	0	0	0	0	0
00.000,00.000	10.8	0	-200	0	4.5	137.96	110.589	16.8302	10.1476	0.393173	0	0	0	0	0	0	0	0	0	0	0	0	0	0	0	0
00.000,00.000	10.9	0	-200	0	4.5	142.384	114.593	17.2284	10.1689	0.393173	0	0	0	0	0	0	0	0	0	0	0	0	0	0	0	0
00.000,00.000	11	0	-200	0	4.5	147.042	118.815	17.6397	10.1948	0.393173	0	0	0	0	0	0	0	0	0	0	0	0	0	0	0	0
00.000,00.000	11.1	0	-200	0	4.5	151.913	123.228	18.0655	10.2256	0.393173	0	0	0	0	0	0	0	0	0	0	0	0	0	0	0	0
00.000,00.000	11.2	0	-200	0	4.5	157.044	127.879	18.508	10.263	0.393173	0	0	0	0	0	0	0	0	0	0	0	0	0	0	0	0
00.000,00.000	11.3	0	-200	0	4.5	162.41	132.742	18.9684	10.3068	0.393173	0	0	0	0	0	0	0	0	0	0	0	0	0	0	0	0
00.000,00.000	11.4	0	-200	0	4.5	167.954	137.758	19.4462	10.357	0.393173	0	0	0	0	0	0	0	0	0	0	0	0	0	0	0	0
00.000,00.000	11.5	0	-200	0	4.5	173.54	142.797	19.9369	10.4134	0.393173	0	0	0	0	0	0	0	0	0	0	0	0	0	0	0	0
00.000,00.000	11.6	0	-200	0	4.5	179.178	147.867	20.4393	10.4783	0.393173	0	0	0	0	0	0	0	0	0	0	0	0	0	0	0	0
00.000,00.000	11.7	0	-200	0	4.5	184.906	153.009	20.9528	10.5513	0.393173	0	0	0	0	0	0	0	0	0	0	0	0	0	0	0	0
00.000,00.000	11.8	0	-200	0	4.5	190.779	158.275	21.4784	10.6324	0.393173	0	0	0	0	0	0	0	0	0	0	0	0	0	0	0	0
00.000,00.000	11.9	0	-200	0	4.5	196.966	163.831	22.0192	10.7227	0.393173	0	0	0	0	0	0	0	0	0	0	0	0	0	0	0	0
00.000,00.000	12	0	-200	0	4.5	203.417	169.622	22.579	10.8231	0.393173	0	0	0	0	0	0	0	0	0	0	0	0	0	0	0	0
00.000,00.000	12.1	0	-200	0	4.5	210.113	175.625	23.1611	10.9341	0.393173	0	0	0	0	0	0	0	0	0	0	0	0	0	0	0	0
00.000,00.000	12.2	0	-200	0	4.5	216.906	181.664	23.7925	11.0562	0.393173	0	0	0	0	0	0	0	0	0	0	0	0	0	0	0	0
00.000,00.000	12.3	0	-200	0	4.5	223.709	187.696	24.4311	11.1883	0.393173	0	0	0	0	0	0	0	0	0	0	0	0	0	0	0	0
00.000,00.000	12.4	0	-200	0	4.5	230.6	193.79	25.0844	11.333	0.393173	0	0	0	0	0	0	0	0	0	0	0	0	0	0	0	0
00.000,00.000	12.5	0	-200	0	4.5	237.515	199.877	25.7551	11.4901	0.393173	0	0	0	0	0	0	0	0	0	0	0	0	0	0	0	0
00.000,00.000	12.6	0	-200	0	4.5	244.377	205.892	26.4328	11.6582	0.393173	0	0	0	0	0	0	0	0	0	0	0	0	0	0	0	0
00.000,00.000	12.7	0	-200	0	4.5	251.263	211.912	27.1204	11.8376	0.393173	0	0	0	0	0	0	0	0	0	0	0	0	0	0	0	0
00.000,00.000	12.8	0	-200	0	4.5	258.235	217.994	27.8193	12.028	0.393173	0	0	0	0	0	0	0	0	0	0	0	0	0	0	0	0
00.000,00.000	12.9	0	-200	0	4.5	265.312	224.164	28.5256	12.2293	0.393173	0	0	0	0	0	0	0	0	0	0	0	0	0	0	0	0
00.000,00.000	13	0	-200	0	4.5	272.61	230.522	29.2506	12.4442	0.393173	0	0	0	0	0	0	0	0	0	0	0	0	0	0	0	0
00.000,00.000	13.1	0	-200	0	4.5	280.004	236.636	30.3021	12.6719	0.393173	0	0	0	0	0	0	0	0	0	0	0	0	0	0	0	0
00.000,00.000	13.2	0	-200	0	4.5	287.623	242.723	31.5946	12.9122	0.393173	0	0	0	0	0	0	0	0	0	0	0	0	0	0	0	0
00.000,00.000	13.3	0	-200	0	4.5	295.434	248.968	32.9073	13.1657	0.393173	0	0	0	0	0	0	0	0	0	0	0	0	0	0	0	0
00.000,00.000	13.4	0	-200	0	4.5	303.34	255.272	34.2407	13.4341	0.393173	0	0	0	0	0	0	0	0	0	0	0	0	0	0	0	0
00.000,00.000	13.5	0	-200	0	4.5	311.273	261.566	35.5951	13.7183	0.393173	0	0	0	0	0	0	0	0	0	0	0	0	0	0	0	0
00.000,00.000	13.6	0	-200	0	4.5	319.115	267.554	37.1526	14.0151	0.393173	0	0	0	0	0	0	0	0	0	0	0	0	0	0	0	0
00.000,00.000	13.7	0	-200	0	4.5	326.867	273.433	38.7149	14.3252	0.393173	0	0	0	0	0	0	0	0	0	0	0	0	0	0	0	0
00.000,00.000	13.8	0	-200	0	4.5	334.647	279.321	40.2824	14.6502	0.393173	0	0	0	0	0	0	0	0	0	0	0	0	0	0	0	0
00.000,00.000	13.9	0	-200	0	4.5	342.523	285.294	41.8477	14.9881	0.393173	0	0	0	0	0	0	0	0	0	0	0	0	0	0	0	0
00.000,00.000	14	0	-200	0	4.5	350.507	291.339	43.4315	15.3432	0.393173	0	0	0	0	0	0	0	0	0	0	0	0	0	0	0	0
00.000,00.000	14.1	0	-200	0	4.5	358.594	297.455	45.0313	15.714	0.393173	0	0	0	0	0	0	0	0	0	0	0	0	0	0	0	0
00.000,00.000	14.2	0	-200	0	4.5	366.674	303.536	46.6436	16.1008	0.393173	0	0	0	0	0	0	0	0	0	0	0	0	0	0	0	0
00.000,00.000	14.3	0	-200	0	4.5	374.745	309.583	48.2647	16.5035	0.393173	0	0	0	0	0	0	0	0	0	0	0	0	0	0	0	0
00.000,00.000	14.4	0	-200	0	4.5	382.803	315.596	49.8922	16.9219	0.393173	0	0	0	0	0	0	0	0	0	0	0	0	0	0	0	0
00.000,00.000	14.5	0	-200	0	4.5	390.733	321.454	51.5278	17.3577	0.393173	0	0	0	0	0	0	0	0	0	0	0	0	0	0	0	0
00.000,00.000	14.6	0	-200	0	4.5	398.531	327.161	53.1653	17.8112	0.393173	0	0	0	0	0	0	0	0	0	0	0	0	0	0	0	0
00.000,00.000	14.7	0	-200	0	4.5	406.133	332.685	54.7797	18.275	0.393173	0	0	0	0	0	0	0	0	0	0	0	0	0	0	0	0
00.000,00.000	14.8	0	-200	0	4.5	413.595	338.063	56.3855	18.7533	0.393173	0	0	0	0	0	0	0	0	0	0	0	0	0	0	0	0
00.000,00.000	14.9	0	-200	0	4.5	421	343.378	57.9833	19.2458	0.393173	0	0	0	0	0	0	0	0	0	0	0	0	0	0	0	0
00.000,00.000	15	0	-200	0	4.5	428.395	348.683	59.5733	19.7455	0.393173	0	0	0	0	0	0	0	0	0	0	0	0	0	0	0	0
00.000,00.000	15.1	0	-200	0	4.5	435.734	353.916	61.1607	20.2586	0.399528	0	0	0	0	0	0	0	0	0	0	0	0	0	0	0	0
00.000,00.000	15.2	0	-200	0	4.5	442.946	359.006	62.7437	20.7865	0.409819	0	0	0	0	0	0	0	0	0	0	0	0	0	0	0	0
00.000,00.000	15.3	0	-200	0	4.5	450.069	363.999	64.3211	21.3288	0.420641	0	0	0	0	0	0	0	0	0	0	0	0	0	0	0	0
00.000,00.000	15.4	0	-200	0	4.5	457.004	368.883	65.8026	21.8857	0.432424	0	0	0	0	0	0	0	0	0	0	0	0	0	0	0	0
00.000,00.000	15.5	0	-200	0	4.5	463.61	373.613	67.094	22.4586	0.444643	0	0	0	0	0	0	0	0	0	0	0	0	0	0	0	0
00.000,00.000	15.6	0	-200	0	4.5	472.374	379.817	68.8369	23.2598	0.460698	0	0	0	0	0	0	0	0	0	0	0	0	0	0	0	0
00.000,00.000	15.7	0	-200	0	4.5	479.246	384.629	70.2193	23.9227	0.474946	0	0	0	0	0	0	0	0	0	0	0	0	0	0	0	0
00.000,00.000	15.8	0	-200	0	4.5	483.57	387.624	71.0995	24.3617	0.484619	0	0	0	0	0	0	0	0	0	0	0	0	0	0	0	0
00.000,00.000	15.9	0	-200	0	4.5	490.342	392.296	72.4702	25.0758	0.49975	0	0	0	0	0	0	0	0	0	0	0	0	0	0	0	0
00.000,00.000	16	0	-200	0	4.5	496.573	396.56	73.7384	25.7597	0.514855	0	0	0	0	0	0	0	0	0	0	0	0	0	0	0	0
00.000,00.000	16.1	0	-200	0	4.5	502.32	400.466	74.9091	26.4161	0.529234	0	0	0	0	0	0	0	0	0	0	0	0	0	0	0	0
00.000,00.000	16.2	0	-200	0	4.5	508.029	404.327	76.0674	27.0904	0.543644	0	0	0	0	0	0	0	0	0	0	0	0	0	0	0	0
00.000,00.000	16.3	0	-200	0	4.5	513.682	408.132	77.2101	27.7816	0.55863	0	0	0	0	0	0	0	0	0	0	0	0	0	0	0	0
00.000,00.000	16.4	0	-200	0	4.5	519.263	411.873	78.334	28.4822	0.573832	0	0	0	0	0	0	0	0	0	0	0	0	0	0	0	0
00.000,00.000	16.5	0	-200	0	4.5	526.452	416.656	79.7875	29.4142	0.594387	0	0	0	0	0	0	0	0	0	0	0	0	0	0	0	0
00.000,00.000	16.6	0	-200	0	4.5	534.03	421.642	81.3267	30.4407	0.617621	0.00221885	0	0	0	0	0	0	0	0	0	0	0	0	0	0	0
00.000,00.000	16.7	0	-200	0	4.5	537.127	423.578	81.9346	30.8432	0.62758	0.144099	0	0	0	0	0	0	0	0	0	0	0	0	0	0	0
00.000,00.000	16.8	0	-200	0	4.5	539.65	425.133	82.428	31.1895	0.635815	0.263467	0	0	0	0	0	0	0	0	0	0	0	0	0	0	0
00.000,00.000	16.9	0	-200	0	4.5	544.202	427.949	83.1426	31.991	0.651903	0.46676	0	0	0	0	0	0	0	0	0	0	0	0	0	0	0
00.000,00.000	17	0	-200	0	4.5	550.415	431.783	83.999	33.2113	0.674895	0.746841	0	0	0	0	0	0	0	0	0	0	0	0	0	0	0
00.000,00.000	17.1	0	-200	0	4.5	555.772	435.089	84.724	34.2711	0.695747	0.991979	0	0	0	0	0	0	0	0	0	0	0	0	0	0	0
00.000,00.000	17.2	0	-200	0	4.5	560.562	438.206	85.3833	35.0346	0.715903	1.22197	0	0	0	0	0	0	0	0	0	0	0	0	0	0	0
00.000,00.000	17.3	0	-200	0	4.5	565.317	441.355	86.0248	35.7487	0.736798	1.45238	0	0	0	0	0	0	0	0	0	0	0	0	0	0	0
00.000,00.000	17.4	0	-200	0	4.5	570.03	444.491	86.6513	36.4462	0.758666	1.68257	0	0	0	0	0	0	0	0	0	0	0	0	0	0	0
00.000,00.000	17.5	0	-200	0	4.5	577.875	449.669	87.7268	37.6245	0.796545	2.05832	0	0	0	0	0	0	0	0	0	0	0	0	0	0	0
00.000,00.000	17.6	0	-200	0	4.5	584.056	453.703	88.6217	38.5215	0.828845	2.38069	0	0	0	0	0	0	0	0	0	0	0	0	0	0	0
00.000,00.000	17.7	0	-200	0	4.5	585.855	454.863	88.8877	38.788	0.838904	2.47695	0	0	0	0	0	0	0	0	0	0	0	0	0	0	0
00.000,00.000	17.8	0	-200	0	4.5	587.078	455.638	89.0711	38.9804	0.845899	2.543	0	0	0	0	0	0	0	0	0	0	0	0	0	0	0
00.000,00.000	17.9	0	-200	0	4.5	589.913	457.472	89.4821	39.406	0.861979	2.68573	0.0054586	0	0	0	0	0	0	0	0	0	0	0	0	0	0
00.000,00.000	18	0	-200	0	4.5	595.868	461.361	90.3383	40.2694	0.896343	2.68573	0.316683	0	0	0	0	0	0	0	0	0	0	0	0	0	0
00.000,00.000	18.1	0	-200	0	4.5	600.725	464.572	91.0474	40.922	0.925654	2.68573	0.572405	0	0	0	0	0	0	0	0	0	0	0	0	0	0
00.000,00.000	18.2	0	-200	0	4.5	605.118	467.499	91.5925	41.5889	0.952128	2.68573	0.80013	0	0	0	0	0	0	0	0	0	0	0	0	0	0
00.000,00.000	18.3	0	-200	0	4.5	609.564	470.473	92.0187	42.3802	0.979309	2.68573	1.02726	0	0	0	0	0	0	0	0	0	0	0	0	0	0
00.000,00.000	18.4	0	-200	0	4.5	614.052	473.486	92.4525	43.1654	1.00737	2.68573	1.2545	0	0	0	0	0	0	0	0	0	0	0	0	0	0
00.000,00.000	18.5	0	-200	0	4.5	622.551	479.171	93.2901	44.6749	1.06185	2.68573	1.66788	0	0	0	0	0	0	0	0	0	0	0	0	0	0
00.000,00.000	18.6	0	-200	0	4.5	628.64	483.199	93.9068	45.764	1.10293	2.68573	1.98151	0	0	0	0	0	0	0	0	0	0	0	0	0	0
00.000,00.000	18.7	0	-200	0	4.5	629.758	483.937	94.0235	45.9613	1.11087	2.68573	2.03916	0	0	0	0	0	0	0	0	0	0	0	0	0	0
00.000,00.000	18.8	0	-200	0	4.5	630.594	484.486	94.1121	46.1111	1.11677	2.68573	2.0823	0	0	0	0	0	0	0	0	0	0	0	0	0	0
00.000,00.000	18.9	0	-200	0	4.5	634.225	486.928	94.4906	46.7188	1.14131	2.68573	2.26066	0	0	0	0	0	0	0	0	0	0	0	0	0	0
00.000,00.000	19	0	-200	0	4.5	640.722	491.307	95.2008	47.772	1.18487	2.68573	2.57174	0	0	0	0	0	0	0	0	0	0	0	0	0	0
00.000,00.000	19.1	0	-200	0	4.5	646.073	494.915	95.8051	48.6223	1.22106	2.68573	2.82388	0	0	0	0	0	0	0	0	0	0	0	0	0	0
00.000,00.000	19.2	0	-200	0	4.5	650.922	498.169	96.3671	49.3952	1.25543	2.68573	3.04945	0	0	0	0	0	0	0	0	0	0	0	0	0	0
00.000,00.000	19.3	0	-200	0	4.5	655.811	501.438	96.9539	50.1687	1.29045	2.68573	3.27445	0	0	0	0	0	0	0	0	0	0	0	0	0	0
00.000,00.000	19.4	0	-200	0	4.5	660.751	504.732	97.5704	50.9379	1.3262	2.68573	3.49905	0	0	0	0	0	0	0	0	0	0	0	0	0	0
00.000,00.000	19.5	0	-200	0	4.5	665.696	508.003	98.2149	51.7049	1.36283	2.68573	3.72472	0	0	0	0	0	0	0	0	0	0	0	0	0	0
00.000,00.000	19.6	0	-200	0	4.5	675.29	514.222	99.5465	53.22	1.43759	2.68573	4.17769	0	0	0	0	0	0	0	0	0	0	0	0	0	0
00.000,00.000	19.7	0	-200	0	4.5	679.974	517.272	100.214	53.9313	1.47443	2.68573	4.39681	0	0	0	0	0	0	0	0	0	0	0	0	0	0
00.000,00.000	19.8	0	-200	0	4.5	682.733	519.054	100.625	54.3464	1.49658	2.68573	4.52544	0	0	0	0	0	0	0	0	0	0	0	0	0	0
00.000,00.000	19.9	0	-200	0	4.5	683.401	519.491	100.725	54.4408	1.50185	2.68573	4.55551	0	0	0	0	0	0	0	0	0	0	0	0	0	0
00.000,00.000	20	0	-200	0	4.5	691.854	524.985	102.062	55.6184	1.56973	2.68573	4.93315	0	0	0	0	0	0	0	0	0	0	0	0	0	0
00.000,00.000	20.1	0	-200	0	4.5	698.127	528.776	103.324	56.4963	1.6224	2.68573	5.22208	0	0	0	0	0	0	0	0	0	0	0	0	0	0
00.000,00.000	20.2	0	-200	0	4.5	703.116	531.705	104.458	57.1577	1.66405	2.68573	5.44577	0	0	0	0	0	0	0	0	0	0	0	0	0	0
00.000,00.000	20.3	0	-200	0	4.5	708.213	534.654	105.663	57.8031	1.73962	2.68573	5.66835	0	0	0	0	0	0	0	0	0	0	0	0	0	0
00.000,00.000	20.4	0	-200	0	4.5	713.408	537.356	107.225	58.434	1.81659	2.68573	5.89074	0	0	0	0	0	0	0	0	0	0	0	0	0	0
00.000,00.000	20.5	0	-200	0	4.5	718.664	539.855	109.061	59.0537	1.89526	2.68573	6.11376	0	0	0	0	0	0	0	0	0	0	0	0	0	0
00.000,00.000	20.6	0	-200	0	4.5	733.537	546.368	114.636	60.9071	2.14035	2.68573	6.80002	0	0	0	0	0	0	0	0	0	0	0	0	0	0
00.000,00.000	20.7	0	-200	0	4.5	739.59	549.167	116.813	61.6178	2.23777	2.68573	7.0683	0	0	0	0	0	0	0	0	0	0	0	0	0	0
00.000,00.000	20.8	0	-200	0	4.5	739.849	549.292	116.9	61.6486	2.2422	2.68573	7.08019	0	0	0	0	0	0	0	0	0	0	0	0	0	0
00.000,00.000	20.9	0	-200	0	4.5	740.254	549.502	117.028	61.6915	2.24861	2.68573	7.09711	0	0	0	0	0	0	0	0	0	0	0	0	0	0
00.000,00.000	21	0	-200	0	4.5	750.959	555.069	120.448	62.793	2.42078	2.68573	7.54273	0	0	0	0	0	0	0	0	0	0	0	0	0	0
00.000,00.000	21.1	0	-200	0	4.5	757.987	558.85	122.537	63.5133	2.55606	2.68573	7.84546	0	0	0	0	0	0	0	0	0	0	0	0	0	0
00.000,00.000	21.2	0	-200	0	4.5	763.28	561.759	124.122	63.9833	2.66656	2.68573	8.06357	0	0	0	0	0	0	0	0	0	0	0	0	0	0
00.000,00.000	21.3	0	-200	0	4.5	768.794	564.816	125.764	64.4666	2.778	2.68573	8.28332	0	0	0	0	0	0	0	0	0	0	0	0	0	0
00.000,00.000	21.4	0	-200	0	4.5	774.527	568.016	127.481	64.9482	2.89038	2.68586	8.50519	0	0	0	0	0	0	0	0	0	0	0	0	0	0
00.000,00.000	21.5	0	-200	0	4.5	780.354	571.266	129.248	65.4235	3.00283	2.68688	8.72743	0	0	0	0	0	0	0	0	0	0	0	0	0	0
00.000,00.000	21.6	0	-200	0	4.5	786.474	574.557	131.21	65.9183	3.12696	2.68858	8.97355	0	0	0	0	0	0	0	0	0	0	0	0	0	0
00.000,00.000	21.7	0	-200	0	4.5	805.48	584.273	137.637	67.4392	3.66813	2.69927	9.76325	0	0	0	0	0	0	0	0	0	0	0	0	0	0
00.000,00.000	21.8	0	-200	0	4.5	809.588	586.457	138.955	67.7448	3.80576	2.70257	9.923	0	0	0	0	0	0	0	0	0	0	0	0	0	0
00.000,00.000	21.9	0	-200	0	4.5	809.957	586.654	139.075	67.7704	3.81755	2.70311	9.93667	0	0	0	0	0	0	0	0	0	0	0	0	0	0
00.000,00.000	22	0	-200	0	4.5	825.874	596.314	143.509	68.6682	4.23334	2.72838	10.1303	0.290153	0	0	0	0	0	0	0	0	0	0	0	0	0
00.000,00.000	22.1	0	-200	0	4.5	837.136	602.809	146.934	69.343	4.50133	2.76057	10.1122	0.675457	0	0	0	0	0	0	0	0	0	0	0	0	0
00.000,00.000	22.2	0	-200	0	4.5	844.19	606.898	149.105	69.7496	4.62748	2.79888	10.1122	0.899243	0	0	0	0	0	0	0	0	0	0	0	0	0
00.000,00.000	22.3	0	-200	0	4.5	851.221	611.046	151.225	70.1326	4.75568	2.83885	10.1123	1.11016	0	0	0	0	0	0	0	0	0	0	0	0	0
00.000,00.000	22.4	0	-200	0	4.5	858.758	615.508	153.523	70.3692	5.02872	2.88622	10.1129	1.33004	0	0	0	0	0	0	0	0	0	0	0	0	0
00.000,00.000	22.5	0	-200	0	4.5	866.627	620.126	155.959	70.5634	5.3669	2.9403	10.1142	1.55794	0	0	0	0	0	0	0	0	0	0	0	0	0
00.000,00.000	22.6	0	-200	0	4.5	873.78	624.148	158.307	70.7358	5.68967	3.00474	10.117	1.77687	0	0	0	0	0	0	0	0	0	0	0	0	0
00.000,00.000	22.7	0	-200	0	4.5	910.035	641.261	171.941	72.2971	7.91714	3.39749	10.143	3.07825	0	0	0	0	0	0	0	0	0	0	0	0	0
00.000,00.000	22.8	0	-200	0	4.5	918.403	645.946	174.235	72.8799	8.34383	3.50628	10.1511	3.34039	0	0	0	0	0	0	0	0	0	0	0	0	0
00.000,00.000	22.9	0	-200	0	4.5	918.657	646.083	174.312	72.8954	8.35762	3.50899	10.1516	3.34818	0	0	0	0	0	0	0	0	0	0	0	0	0
00.000,00.000	23	0	-200	0	4.5	928.272	652.2	176.649	73.2963	8.77689	3.60068	10.1706	3.57835	0	0	0	0	0	0	0	0	0	0	0	0	0
00.000,00.000	23.1	0	-200	0	4.5	948.206	664.252	181.958	74.0812	9.79198	3.80943	10.2206	4.09194	0	0	0	0	0	0	0	0	0	0	0	0	0
00.000,00.000	23.2	0	-200	0	4.5	959.088	670.674	184.975	74.5014	10.3787	3.9302	10.2535	4.3757	0	0	0	0	0	0	0	0	0	0	0	0	0
00.000,00.000	23.3	0	-200	0	4.5	967.314	675.526	187.302	74.7964	10.8043	4.01884	10.2829	4.58338	0	0	0	0	0	0	0	0	0	0	0	0	0
00.000,00.000	23.4	0	-200	0	4.5	976.023	680.694	189.762	75.0865	11.2456	4.11586	10.3183	4.79993	0	0	0	0	0	0	0	0	0	0	0	0	0
00.000,00.000	23.5	0	-200	0	4.5	984.564	685.755	192.146	75.3809	11.6908	4.21416	10.3592	5.01729	0	0	0	0	0	0	0	0	0	0	0	0	0
00.000,00.000	23.6	0	-200	0	4.5	992.679	690.243	194.659	75.682	12.1441	4.30732	10.406	5.23763	0	0	0	0	0	0	0	0	0	0	0	0	0
00.000,00.000	23.7	0	-200	0	4.5	1001.78	695.414	197.414	76.0032	12.6176	4.40766	10.4608	5.46695	0	0	0	0	0	0	0	0	0	0	0	0	0
00.000,00.000	23.8	0	-200	0	4.5	1014.51	702.23	201.556	76.4897	13.3137	4.56036	10.5497	5.80692	0	0	0	0	0	0	0	0	0	0	0	0	0
00.000,00.000	23.9	0	-200	0	4.5	1042.46	717.184	210.769	77.5329	14.8203	4.88829	10.752	6.51566	0	0	0	0	0	0	0	0	0	0	0	0	0
00.000,00.000	24	0	-200	0	4.5	1047.57	719.514	212.831	77.7268	15.1057	4.95155	10.7915	6.64585	0	0	0	0	0	0	0	0	0	0	0	0	0
00.000,00.000	24.1	0	-200	0	4.5	1071.35	731.01	221.883	78.6496	16.3364	5.24522	10.9964	7.22802	0	0	0	0	0	0	0	0	0	0	0	0	0
00.000,00.000	24.2	0	-200	0	4.5	1084.85	737.707	226.778	79.1988	17.0548	5.42088	11.1235	7.5682	0	0	0	0	0	0	0	0	0	0	0	0	0
00.000,00.000	24.3	0	-200	0	4.5	1093.35	741.996	229.747	79.5583	17.4953	5.55844	11.2122	7.78004	0	0	0	0	0	0	0	0	0	0	0	0	0
00.000,00.000	24.4	0	-200	0	4.5	1102.03	746.367	232.795	79.9313	17.9343	5.70212	11.3086	7.99303	0	0	0	0	0	0	0	0	0	0	0	0	0
00.000,00.000	24.5	0	-200	0	4.5	1110.78	750.712	235.909	80.3192	18.3685	5.85006	11.4124	8.20698	0	0	0	0	0	0	0	0	0	0	0	0	0
00.000,00.000	24.6	0	-200	0	4.5	1140.66	761.876	248.979	82.0293	20.2312	6.50213	11.8942	9.1522	0	0	0	0	0	0	0	0	0	0	0	0	0
00.000,00.000	24.7	0	-200	0	4.5	1175.02	778.643	261.052	83.7368	21.9886	7.1473	12.3907	9.66171	0.396793	0	0	0	0	0	0	0	0	0	0	0	0
00.000,00.000	24.8	0	-200	0	4.5	1177.96	779.87	262.201	83.9149	22.1629	7.21533	12.4435	9.66171	0.487618	0	0	0	0	0	0	0	0	0	0	0	0
00.000,00.000	24.9	0	-200	0	4.5	1178.5	780.141	262.39	83.9438	22.1882	7.22594	12.4523	9.66171	0.501178	0	0	0	0	0	0	0	0	0	0	0	0
00.000,00.000	25	0	-200	0	4.5	1192.78	786.758	267.643	84.7655	22.8516	7.52287	12.7077	9.66171	0.865379	0	0	0	0	0	0	0	0	0	0	0	0
00.000,00.000	25.1	0	-200	0	4.5	1210.28	794.972	274.001	85.7876	23.6357	7.88786	13.0298	9.66171	1.30374	0	0	0	0	0	0	0	0	0	0	0	0
00.000,00.000	25.2	0	-200	0	4.5	1221.17	800.549	277.625	86.3953	24.0644	8.09992	13.2214	9.66171	1.54806	0	0	0	0	0	0	0	0	0	0	0	0
00.000,00.000	25.3	0	-200	0	4.5	1231.11	805.63	280.968	86.963	24.4366	8.29337	13.394	9.66179	1.76517	0	0	0	0	0	0	0	0	0	0	0	0
00.000,00.000	25.4	0	-200	0	4.5	1241.08	810.715	284.325	87.5439	24.7953	8.48935	13.5675	9.66246	1.97868	0	0	0	0	0	0	0	0	0	0	0	0
00.000,00.000	25.5	0	-200	0	4.5	1251.12	815.952	287.616	88.1294	25.1373	8.68482	13.7457	9.66377	2.18699	0	0	0	0	0	0	0	0	0	0	0	0
00.000,00.000	25.6	0	-200	0	4.5	1276.9	827.359	297.254	90.0424	25.7973	9.63572	14.3132	9.67057	2.82403	0	0	0	0	0	0	0	0	0	0	0	0
00.000,00.000	25.7	0	-200	0	4.5	1290.83	833.886	302.107	91.1335	26.0337	10.2147	14.6162	9.67686	3.16169	0	0	0	0	0	0	0	0	0	0	0	0
00.000,00.000	25.8	0	-200	0	4.5	1303.28	839.567	306.561	92.138	26.223	10.7538	14.9023	9.68616	3.44888	0	0	0	0	0	0	0	0	0	0	0	0
00.000,00.000	25.9	0	-200	0	4.5	1305.26	840.591	307.185	92.2879	26.2493	10.8264	14.9408	9.68793	3.49004	0	0	0	0	0	0	0	0	0	0	0	0
00.000,00.000	26	0	-200	0	4.5	1342.39	860.497	318.504	94.9401	26.6613	12.1693	15.6933	9.73535	4.19053	0	0	0	0	0	0	0	0	0	0	0	0
00.000,00.000	26.1	0	-200	0	4.5	1362.33	871.232	324.528	96.4079	26.8794	12.8503	16.0942	9.76703	4.56741	0	0	0	0	0	0	0	0	0	0	0	0
00.000,00.000	26.2	0	-200	0	4.5	1373.87	877.566	327.943	97.2488	26.9941	13.2312	16.3274	9.7921	4.77028	0	0	0	0	0	0	0	0	0	0	0	0
00.000,00.000	26.3	0	-200	0	4.5	1386.22	884.34	331.621	98.1482	27.1109	13.6299	16.5621	9.82438	4.98033	0	0	0	0	0	0	0	0	0	0	0	0
00.000,00.000	26.4	0	-200	0	4.5	1398.48	890.867	335.428	99.0745	27.2266	14.0251	16.8014	9.86338	5.18905	0	0	0	0	0	0	0	0	0	0	0	0
00.000,00.000	26.5	0	-200	0	4.5	1410.59	897.106	339.319	100.059	27.3423	14.4222	17.0387	9.9093	5.39776	0	0	0	0	0	0	0	0	0	0	0	0
00.000,00.000	26.6	0	-200	0	4.5	1448.77	916.238	351.865	103.236	27.7096	15.7245	17.8382	10.081	6.07744	0	0	0	0	0	0	0	0	0	0	0	0
00.000,00.000	26.7	0	-200	0	4.5	1461.28	922.445	355.993	104.327	27.8308	16.1502	18.0842	10.1441	6.30179	0	0	0	0	0	0	0	0	0	0	0	0
00.000,00.000	26.8	0	-200	0	4.5	1465.22	924.443	357.264	104.659	27.8666	16.2795	18.1713	10.1662	6.36781	0	0	0	0	0	0	0	0	0	0	0	0
00.000,00.000	26.9	0	-200	0	4.5	1466.1	924.885	357.55	104.736	27.8744	16.3074	18.1897	10.1716	6.38204	0	0	0	0	0	0	0	0	0	0	0	0
00.000,00.000	27	0	-200	0	4.5	1500.13	942.016	368.505	107.845	28.1719	17.3688	18.9088	10.3962	6.9183	0	0	0	0	0	0	0	0	0	0	0	0
00.000,00.000	27.1	0	-200	0	4.5	1520.83	952.427	375.081	109.833	28.3547	18.0314	19.3271	10.5394	7.24016	0	0	0	0	0	0	0	0	0	0	0	0
00.000,00.000	27.2	0	-200	0	4.5	1534.54	959.346	379.394	111.16	28.4738	18.4628	19.6156	10.6397	7.44508	0	0	0	0	0	0	0	0	0	0	0	0
00.000,00.000	27.3	0	-200	0	4.5	1548.63	966.482	383.77	112.572	28.5961	18.8992	19.9145	10.7481	7.65136	0	0	0	0	0	0	0	0	0	0	0	0
00.000,00.000	27.4	0	-200	0	4.5	1563.05	973.782	388.196	114.067	28.7223	19.3372	20.2227	10.8643	7.85756	0	0	0	0	0	0	0	0	0	0	0	0
00.000,00.000	27.5	0	-200	0	4.5	1577.66	981.235	392.643	115.561	28.8534	19.7764	20.5389	10.9884	8.06384	0	0	0	0	0	0	0	0	0	0	0	0
00.000,00.000	27.6	0	-200	0	4.5	1623.59	1004.47	406.627	120.411	29.2774	21.1431	21.5508	11.3996	8.71513	0	0	0	0	0	0	0	0	0	0	0	0
00.000,00.000	27.7	0	-200	0	4.5	1633.03	1009.24	409.438	121.431	29.3991	21.4291	21.7547	11.4876	8.84934	0	0	0	0	0	0	0	0	0	0	0	0
00.000,00.000	27.8	0	-200	0	4.5	1648.51	1017.23	413.934	123.089	29.5967	21.8709	22.098	11.6375	9.05712	0	0	0	0	0	0	0	0	0	0	0	0
00.000,00.000	27.9	0	-200	0	4.5	1652.2	1019.15	414.975	123.5	29.6405	21.9768	22.1781	11.6739	9.10584	0	0	0	0	0	0	0	0	0	0	0	0
00.000,00.000	28	0	-200	0	4.5	1689.72	1038.88	425.521	127.528	30.1377	23.0103	23.0123	12.0588	9.58098	0	0	0	0	0	0	0	0	0	0	0	0
00.000,00.000	28.1	0	-200	0	4.5	1713.75	1051.62	432.116	130.16	30.4709	23.6711	23.516	12.3126	9.8817	0	0	0	0	0	0	0	0	0	0	0	0
00.000,00.000	28.2	0	-200	0	4.5	1730.47	1060.55	436.652	131.985	30.7196	24.1145	23.8701	12.4961	9.94765	0.135839	0	0	0	0	0	0	0	0	0	0	0
00.000,00.000	28.3	0	-200	0	4.5	1747.47	1069.68	441.203	133.857	30.9689	24.5563	24.233	12.6888	9.96022	0.323232	0	0	0	0	0	0	0	0	0	0	0
00.000,00.000	28.4	0	-200	0	4.5	1764.71	1079.05	445.699	135.785	31.2044	24.9958	24.6055	12.8903	9.96022	0.520803	0	0	0	0	0	0	0	0	0	0	0
00.000,00.000	28.5	0	-200	0	4.5	1782.14	1088.64	450.09	137.741	31.4704	25.4317	24.9861	13.1012	9.96022	0.71621	0	0	0	0	0	0	0	0	0	0	0
00.000,00.000	28.6	0	-200	0	4.5	1820.29	1109.6	459.637	142.065	32.1029	26.3708	25.8341	13.5814	9.96029	1.14191	0	0	0	0	0	0	0	0	0	0	0
00.000,00.000	28.7	0	-200	0	4.5	1842.45	1121.89	465.016	144.585	32.5332	26.9006	26.3197	13.8641	9.96079	1.38073	0	0	0	0	0	0	0	0	0	0	0
00.000,00.000	28.8	0	-200	0	4.5	1844.7	1123.16	465.533	144.844	32.5781	26.9532	26.3687	13.8936	9.96087	1.40446	0	0	0	0	0	0	0	0	0	0	0
00.000,00.000	28.9	0	-200	0	4.5	1846.14	1123.98	465.862	145.004	32.6072	26.9858	26.4008	13.9128	9.96095	1.41885	0	0	0	0	0	0	0	0	0	0	0
00.000,00.000	29	0	-200	0	4.5	1876.17	1141.28	472.625	148.296	33.2323	27.6541	27.0805	14.3227	9.96375	1.71016	0	0	0	0	0	0	0	0	0	0	0
00.000,00.000	29.1	0	-200	0	4.5	1899.78	1155.01	477.829	150.86	33.7337	28.1708	27.6155	14.6536	9.96851	1.93658	0	0	0	0	0	0	0	0	0	0	0
00.000,00.000	29.2	0	-200	0	4.5	1918.93	1166.16	482.041	152.926	34.1626	28.5413	28.0661	14.9338	9.97468	2.11847	0	0	0	0	0	0	0	0	0	0	0
00.000,00.000	29.3	0	-200	0	4.5	1938.04	1177.37	486.161	154.961	34.6226	28.9043	28.5226	15.2209	9.983	2.29631	0	0	0	0	0	0	0	0	0	0	0
00.000,00.000	29.4	0	-200	0	4.5	1957.34	1188.76	490.237	157.018	35.0972	29.2605	28.9771	15.5182	9.99428	2.47232	0	0	0	0	0	0	0	0	0	0	0
00.000,00.000	29.5	0	-200	0	4.5	1976.61	1200.3	494.227	158.992	35.5852	29.6129	29.4192	15.8255	10.0083	2.64645	0	0	0	0	0	0	0	0	0	0	0
00.000,00.000	29.6	0	-200	0	4.5	2023.13	1227.8	503.92	163.879	36.8093	30.4976	30.5043	16.5983	10.0517	3.071	0	0	0	0	0	0	0	0	0	0	0
00.000,00.000	29.7	0	-200	0	4.5	2041.27	1238.57	507.655	165.729	37.2974	30.889	30.9192	16.9085	10.0715	3.23572	0	0	0	0	0	0	0	0	0	0	0
00.000,00.000	29.8	0	-200	0	4.5	2047.95	1242.56	508.991	166.422	37.4774	31.0208	31.0825	17.0244	10.0803	3.29351	0	0	0	0	0	0	0	0	0	0	0
00.000,00.000	29.9	0	-200	0	4.5	2049.51	1243.51	509.292	166.575	37.5202	31.0533	31.1189	17.0521	10.0826	3.30679	0	0	0	0	0	0	0	0	0	0	0
00.000,00.000	30	0	-200	0	4.5	2085.86	1265.68	516.155	170.255	38.5383	31.7142	32.047	17.7176	10.1446	3.60802	0	0	0	0	0	0	0	0	0	0	0
00.000,00.000	30.1	0	-200	0	4.5	2111.77	1281.57	520.857	172.906	39.3105	31.9675	32.9326	18.2074	10.1931	3.82253	0	0	0	0	0	0	0	0	0	0	0
00.000,00.000	30.2	0	-200	0	4.5	2131.49	1293.68	524.445	174.884	39.9174	32.1597	33.6022	18.5895	10.2338	3.98164	0	0	0	0	0	0	0	0	0	0	0
00.000,00.000	30.3	0	-200	0	4.5	2151.33	1305.89	527.984	176.89	40.5416	32.3403	34.2821	18.984	10.2782	4.13886	0	0	0	0	0	0	0	0	0	0	0
00.000,00.000	30.4	0	-200	0	4.5	2171.09	1318.02	531.443	178.909	41.1894	32.5429	34.9713	19.3909	10.3263	4.29402	0	0	0	0	0	0	0	0	0	0	0
00.000,00.000	30.5	0	-200	0	4.5	2190.6	1329.87	534.865	180.973	41.8543	32.7348	35.6689	19.8103	10.3782	4.44726	0	0	0	0	0	0	0	0	0	0	0
00.000,00.000	30.6	0	-200	0	4.5	2227.48	1351.8	541.364	185.095	43.1863	33.0915	37.0565	20.6558	10.4869	4.74529	0	0	0	0	0	0	0	0	0	0	0
00.000,00.000	30.7	0	-200	0	4.5	2250.55	1365.1	545.552	187.812	44.0821	33.3181	37.9662	21.2247	10.5624	4.93798	0	0	0	0	0	0	0	0	0	0	0
00.000,00.000	30.8	0	-200	0	4.5	2253.32	1366.7	546.046	188.138	44.1971	33.3456	38.0749	21.2952	10.572	4.961	0	0	0	0	0	0	0	0	0	0	0
00.000,00.000	30.9	0	-200	0	4.5	2255.29	1367.85	546.384	188.364	44.2773	33.3626	38.1498	21.3452	10.5792	4.97631	0	0	0	0	0	0	0	0	0	0	0
00.000,00.000	31	0	-200	0	4.5	2283.9	1384.83	551.247	191.651	45.4266	33.5892	39.2334	22.0442	10.6876	5.19292	0	0	0	0	0	0	0	0	0	0	0
00.000,00.000	31.1	0	-200	0	4.5	2306.14	1397.91	555.05	194.292	46.3439	33.7658	40.0667	22.5796	10.7778	5.3633	0	0	0	0	0	0	0	0	0	0	0
00.000,00.000	31.2	0	-200	0	4.5	2324.5	1408.78	558.109	196.454	47.1124	33.9019	40.7416	23.044	10.8569	5.50024	0	0	0	0	0	0	0	0	0	0	0
00.000,00.000	31.3	0	-200	0	4.5	2343.31	1420.04	561.154	198.629	47.9149	34.0356	41.4193	23.5323	10.9423	5.63775	0	0	0	0	0	0	0	0	0	0	0
00.000,00.000	31.4	0	-200	0	4.5	2362.16	1431.43	564.124	200.781	48.7335	34.164	42.085	24.0322	11.0322	5.77277	0	0	0	0	0	0	0	0	0	0	0
00.000,00.000	31.5	0	-200	0	4.5	2381.02	1442.88	567.017	202.938	49.5716	34.2879	42.7436	24.5428	11.1273	5.9054	0	0	0	0	0	0	0	0	0	0	0
00.000,00.000	31.6	0	-200	0	4.5	2421.42	1467.05	573.223	207.734	51.4605	34.5537	44.1789	25.6884	11.3467	6.19241	0	0	0	0	0	0	0	0	0	0	0
00.000,00.000	31.7	0	-200	0	4.5	2431.05	1472.89	574.573	208.895	51.9243	34.618	44.5161	25.9691	11.4016	6.26113	0	0	0	0	0	0	0	0	0	0	0
00.000,00.000	31.8	0	-200	0	4.5	2454.28	1487.24	577.801	211.535	53.0439	34.7661	45.2992	26.6438	11.5396	6.41678	0	0	0	0	0	0	0	0	0	0	0
00.000,00.000	31.9	0	-200	0	4.5	2459.83	1490.67	578.554	212.162	53.3204	34.8021	45.4838	26.8099	11.5742	6.45439	0	0	0	0	0	0	0	0	0	0	0
00.000,00.000	32	0	-200	0	4.5	2491.53	1510.52	582.734	215.659	54.9224	35.0001	46.5036	27.7523	11.7823	6.65813	0	0	0	0	0	0	0	0	0	0	0
00.000,00.000	32.1	0	-200	0	4.5	2515.63	1525.62	585.924	218.284	56.1756	35.1533	47.3349	28.3772	11.9477	6.81196	0	0	0	0	0	0	0	0	0	0	0
00.000,00.000	32.2	0	-200	0	4.5	2534.51	1537.42	588.384	220.333	57.1952	35.2779	47.9817	28.8947	12.0865	6.93181	0	0	0	0	0	0	0	0	0	0	0
00.000,00.000	32.3	0	-200	0	4.5	2553.01	1549.02	590.769	222.328	58.1983	35.4053	48.6053	29.4134	12.23	7.04805	0	0	0	0	0	0	0	0	0	0	0
00.000,00.000	32.4	0	-200	0	4.5	2571.49	1560.61	593.102	224.309	59.2324	35.5377	49.2155	29.9405	12.3805	7.16249	0	0	0	0	0	0	0	0	0	0	0
00.000,00.000	32.5	0	-200	0	4.5	2589.84	1572.13	595.372	226.271	60.2939	35.6757	49.8154	30.476	12.5384	7.27515	0	0	0	0	0	0	0	0	0	0	0
00.000,00.000	32.6	0	-200	0	4.5	2650.29	1608.94	603.007	232.998	64.0132	36.1883	51.9857	32.3761	13.1123	7.66018	0	0	0	0	0	0	0	0	0	0	0
00.000,00.000	32.7	0	-200	0	4.5	2662.4	1616.4	604.441	234.366	64.7739	36.3098	52.4027	32.7345	13.2295	7.73625	0	0	0	0	0	0	0	0	0	0	0
00.000,00.000	32.8	0	-200	0	4.5	2671.73	1622.2	605.532	235.346	65.4033	36.3984	52.7201	33.0079	13.3248	7.7923	0	0	0	0	0	0	0	0	0	0	0
00.000,00.000	32.9	0	-200	0	4.5	2674.89	1624.2	605.884	235.666	65.622	36.4306	52.8284	33.0889	13.3577	7.811	0	0	0	0	0	0	0	0	0	0	0
00.000,00.000	33	0	-200	0	4.5	2707.8	1645.05	609.593	238.882	67.8826	36.7622	53.8778	34.0452	13.7151	7.99729	0	0	0	0	0	0	0	0	0	0	0
00.000,00.000	33.1	0	-200	0	4.5	2731.52	1660.02	612.384	241.105	69.54	37.0148	54.6268	34.7168	13.9818	8.13044	0	0	0	0	0	0	0	0	0	0	0
00.000,00.000	33.2	0	-200	0	4.5	2749.61	1671.5	614.494	242.76	70.8016	37.2137	55.171	35.2429	14.1923	8.2289	0	0	0	0	0	0	0	0	0	0	0
00.000,00.000	33.3	0	-200	0	4.5	2767.69	1683.01	616.606	244.392	72.0505	37.423	55.6983	35.7749	14.4123	8.32566	0	0	0	0	0	0	0	0	0	0	0
00.000,00.000	33.4	0	-200	0	4.5	2785.79	1694.57	618.72	245.95	73.3297	37.6434	56.2091	36.3093	14.6409	8.42053	0	0	0	0	0	0	0	0	0	0	0
00.000,00.000	33.5	0	-200	0	4.5	2803.78	1706.14	620.806	247.45	74.5941	37.8733	56.7028	36.8195	14.8777	8.51333	0	0	0	0	0	0	0	0	0	0	0
00.000,00.000	33.6	0	-200	0	4.5	2840.74	1729.44	625.181	250.626	77.2803	38.4225	57.7479	37.9233	15.416	8.71191	0	0	0	0	0	0	0	0	0	0	0
00.000,00.000	33.7	0	-200	0	4.5	2870.26	1748.26	628.64	253.05	79.3068	38.8879	58.5451	38.8497	15.8536	8.86524	0	0	0	0	0	0	0	0	0	0	0
00.000,00.000	33.8	0	-200	0	4.5	2873.65	1750.45	629.037	253.324	79.5237	38.9487	58.6361	38.9496	15.9059	8.88285	0	0	0	0	0	0	0	0	0	0	0
00.000,00.000	33.9	0	-200	0	4.5	2875.78	1751.86	629.266	253.479	79.6589	38.9866	58.6866	39.0107	15.9389	8.89287	0	0	0	0	0	0	0	0	0	0	0
00.000,00.000	34	0	-200	0	4.5	2906.69	1772.34	632.535	255.706	81.752	39.5515	59.4014	39.9416	16.4325	9.03611	0	0	0	0	0	0	0	0	0	0	0
00.000,00.000	34.1	0	-200	0	4.5	2928.99	1787.18	634.871	257.287	83.2265	39.9746	59.9062	40.6504	16.7565	9.13853	0	0	0	0	0	0	0	0	0	0	0
00.000,00.000	34.2	0	-200	0	4.5	2946.59	1798.94	636.69	258.49	84.4077	40.3208	60.2876	41.2067	17.0242	9.2171	0	0	0	0	0	0	0	0	0	0	0
00.000,00.000	34.3	0	-200	0	4.5	2964.16	1810.78	638.46	259.656	85.5986	40.6815	60.6565	41.7363	17.301	9.29395	0	0	0	0	0	0	0	0	0	0	0
00.000,00.000	34.4	0	-200	0	4.5	2981.69	1822.66	640.176	260.78	86.7954	41.0562	61.0115	42.2509	17.5886	9.36883	0	0	0	0	0	0	0	0	0	0	0
00.000,00.000	34.5	0	-200	0	4.5	2999.11	1834.53	641.828	261.856	88.0051	41.4455	61.3535	42.7608	17.8895	9.44176	0	0	0	0	0	0	0	0	0	0	0
00.000,00.000	34.6	0	-200	0	4.5	3031.92	1856.42	644.948	263.918	90.4567	42.2636	62.0204	43.7813	18.5255	9.58542	0	0	0	0	0	0	0	0	0	0	0
00.000,00.000	34.7	0	-200	0	4.5	3055.2	1871.93	647.162	265.369	92.2111	42.8741	62.4265	44.5554	18.9897	9.6865	0	0	0	0	0	0	0	0	0	0	0
00.000,00.000	34.8	0	-200	0	4.5	3057.93	1873.79	647.417	265.537	92.4136	42.9481	62.4224	44.6917	19.0207	9.69817	0	0	0	0	0	0	0	0	0	0	0
00.000,00.000	34.9	0	-200	0	4.5	3059.57	1874.94	647.55	265.623	92.5251	42.9912	62.4267	44.7588	19.043	9.70425	0	0	0	0	0	0	0	0	0	0	0
00.000,00.000	35	0	-200	0	4.5	3087.78	1894.69	649.88	267.094	94.5305	43.7871	62.6426	45.8125	19.5424	9.80963	0	0	0	0	0	0	0	0	0	0	0
00.000,00.000	35.1	0	-200	0	4.5	3107.96	1908.8	651.528	268.12	96.0112	44.3801	62.7814	46.5778	19.8846	9.88385	0	0	0	0	0	0	0	0	0	0	0
00.000,00.000	35.2	0	-200	0	4.5	3124.34	1920.3	652.813	268.921	97.2048	44.8825	62.8873	47.1959	20.1954	9.94176	0	0	0	0	0	0	0	0	0	0	0
00.000,00.000	35.3	0	-200	0	4.5	3140.84	1931.9	654.084	269.719	98.4073	45.4123	62.9871	47.8139	20.5177	9.99851	0	0	0	0	0	0	0	0	0	0	0
00.000,00.000	35.4	0	-200	0	4.5	3157.27	1943.47	655.351	270.473	99.6016	45.9637	63.0791	48.4256	20.8485	10.0533	0	0	0	0	0	0	0	0	0	0	0
00.000,00.000	35.5	0	-200	0	4.5	3173.51	1954.93	656.589	271.176	100.788	46.5357	63.1633	49.0271	21.1893	10.1061	0	0	0	0	0	0	0	0	0	0	0
00.000,00.000	35.6	0	-200	0	4.5	3200.31	1972.79	658.797	272.402	103.06	47.6793	63.3271	50.1745	21.8739	10.1874	0.017397	0	0	0	0	0	0	0	0	0	0
00.000,00.000	35.7	0	-200	0	4.5	3228	1990.49	661.179	273.738	105.541	49.0814	63.5221	51.4556	22.6766	10.1957	0.117524	0	0	0	0	0	0	0	0	0	0
00.000,00.000	35.8	0	-200	0	4.5	3232.66	1993.75	661.518	273.938	105.852	49.2945	63.5519	51.6348	22.7921	10.1821	0.146359	0	0	0	0	0	0	0	0	0	0
00.000,00.000	35.9	0	-200	0	4.5	3249.95	2005.94	662.719	274.605	107.042	50.0917	63.6456	52.2764	23.2422	10.1859	0.194416	0	0	0	0	0	0	0	0	0	0
00.000,00.000	36	0	-200	0	4.5	3271.92	2021.59	664.189	275.404	108.475	51.1628	63.7615	53.0734	23.821	10.1817	0.261817	0	0	0	0	0	0	0	0	0	0
00.000,00.000	36.1	0	-200	0	4.5	3288.53	2033.46	665.231	275.962	109.423	52.2263	63.8437	53.6461	24.2585	10.1817	0.306097	0	0	0	0	0	0	0	0	0	0
00.000,00.000	36.2	0	-200	0	4.5	3303.96	2044.54	666.16	276.456	110.302	53.2159	63.9184	54.1648	24.6755	10.1817	0.345039	0	0	0	0	0	0	0	0	0	0
00.000,00.000	36.3	0	-200	0	4.5	3319.18	2055.51	667.071	276.924	111.176	54.1765	63.9926	54.6665	25.0995	10.1817	0.381654	0	0	0	0	0	0	0	0	0	0
00.000,00.000	36.4	0	-200	0	4.5	3334.24	2066.39	667.953	277.368	112.037	54.9099	64.301	55.1531	25.5306	10.1817	0.416064	0	0	0	0	0	0	0	0	0	0
00.000,00.000	36.5	0	-200	0	4.5	3349.15	2077.15	668.799	277.794	112.877	55.645	64.6357	55.6396	25.9763	10.1817	0.448848	0	0	0	0	0	0	0	0	0	0
00.000,00.000	36.6	0	-200	0	4.5	3380.22	2097.29	670.834	278.865	115.005	57.7495	65.5552	56.9756	27.229	10.1817	0.533015	0	0	0	0	0	0	0	0	0	0
00.000,00.000	36.7	0	-200	0	4.5	3389.88	2104.22	671.355	279.115	115.492	58.2897	65.7969	57.3179	27.5595	10.1817	0.554113	0	0	0	0	0	0	0	0	0	0
00.000,00.000	36.8	0	-200	0	4.5	3397.34	2108.91	671.828	279.357	116.03	58.8686	66.0427	57.6489	27.9002	10.1817	0.573201	0	0	0	0	0	0	0	0	0	0
00.000,00.000	36.9	0	-200	0	4.5	3399.71	2110.64	671.944	279.411	116.138	59.0025	66.1032	57.7275	27.9828	10.1817	0.577612	0	0	0	0	0	0	0	0	0	0
00.000,00.000	37	0	-200	0	4.5	3427.21	2130.97	673.097	279.983	117.463	60.6377	66.7821	58.5565	28.9176	10.1817	0.620354	0	0	0	0	0	0	0	0	0	0
00.000,00.000	37.1	0	-200	0	4.5	3443.62	2143.04	673.768	280.375	118.229	61.6135	67.2095	59.0577	29.5034	10.1817	0.64506	0	0	0	0	0	0	0	0	0	0
00.000,00.000	37.2	0	-200	0	4.5	3456.35	2152.49	674.265	280.68	118.771	62.3877	67.5369	59.422	29.9533	10.1817	0.661496	0	0	0	0	0	0	0	0	0	0
00.000,00.000	37.3	0	-200	0	4.5	3470.1	2162.75	674.766	280.987	119.341	63.2471	67.8976	59.8037	30.4477	10.1817	0.677274	0	0	0	0	0	0	0	0	0	0
00.000,00.000	37.4	0	-200	0	4.5	3483.72	2172.94	675.243	281.272	119.886	64.1254	68.2636	60.1716	30.9487	10.1817	0.690967	0	0	0	0	0	0	0	0	0	0
00.000,00.000	37.5	0	-200	0	4.5	3497.11	2182.94	675.682	281.538	120.41	65.0276	68.6375	60.5279	31.4595	10.1817	0.702625	0	0	0	0	0	0	0	0	0	0
00.000,00.000	37.6	0	-200	0	4.5	3519.82	2197.23	676.624	282.159	121.69	67.3686	69.6217	61.4141	32.8027	10.1817	0.727074	0	0	0	0	0	0	0	0	0	0
00.000,00.000	37.7	0	-200	0	4.5	3529.38	2203.27	677.007	282.418	122.288	68.2546	70.0505	61.7842	33.3854	10.1817	0.735874	0	0	0	0	0	0	0	0	0	0
00.000,00.000	37.8	0	-200	0	4.5	3529.77	2203.57	677.017	282.424	122.303	68.2805	70.0623	61.7937	33.4013	10.1817	0.736037	0	0	0	0	0	0	0	0	0	0
00.000,00.000	37.9	0	-200	0	4.5	3548.39	2217.52	677.482	282.727	122.983	69.6302	70.6646	62.2455	34.2101	10.1817	0.740408	0	0	0	0	0	0	0	0	0	0
00.000,00.000	38	0	-200	0	4.5	3564.46	2229.28	677.917	282.992	123.562	70.9247	71.2366	62.6529	34.9739	10.1817	0.742084	0	0	0	0	0	0	0	0	0	0
00.000,00.000	38.1	0	-200	0	4.5	3576.11	2238.08	678.187	283.157	123.925	71.8096	71.6266	62.9128	35.4907	10.1817	0.742084	0	0	0	0	0	0	0	0	0	0
00.000,00.000	38.2	0	-200	0	4.5	3589.03	2247.77	678.455	283.545	124.279	72.7666	72.0552	63.1785	36.0514	10.1817	0.742084	0	0	0	0	0	0	0	0	0	0
00.000,00.000	38.3	0	-200	0	4.5	3601.56	2256.96	678.709	284.016	124.638	73.7393	72.5041	63.4388	36.6308	10.1817	0.742084	0	0	0	0	0	0	0	0	0	0
00.000,00.000	38.4	0	-200	0	4.5	3614.23	2266.5	678.92	284.451	124.953	74.6831	72.9394	63.6741	37.183	10.1817	0.742084	0	0	0	0	0	0	0	0	0	0
00.000,00.000	38.5	0	-200	0	4.5	3626.31	2275.59	679.102	284.86	125.24	75.6112	73.3703	63.8908	37.7192	10.1817	0.742084	0	0	0	0	0	0	0	0	0	0
00.000,00.000	38.6	0	-200	0	4.5	3642.98	2285.53	679.483	285.756	125.838	77.776	74.3821	64.3637	38.9276	10.1817	0.742084	0	0	0	0	0	0	0	0	0	0
00.000,00.000	38.7	0	-200	0	4.5	3655.51	2292.9	679.749	286.433	126.274	79.4759	75.1858	64.7083	39.863	10.1817	0.742084	0	0	0	0	0	0	0	0	0	0
00.000,00.000	38.8	0	-200	0	4.5	3657.07	2293.9	679.775	286.506	126.319	79.6653	75.2763	64.743	39.9645	10.1817	0.742084	0	0	0	0	0	0	0	0	0	0
00.000,00.000	38.9	0	-200	0	4.5	3676.17	2307.37	680.034	287.227	126.733	81.5974	76.2058	65.0854	40.9933	10.1817	0.742084	0	0	0	0	0	0	0	0	0	0
00.000,00.000	39	0	-200	0	4.5	3690.27	2316.94	680.233	288.072	127.058	83.046	76.9133	65.3285	41.7544	10.1817	0.742084	0	0	0	0	0	0	0	0	0	0
00.000,00.000	39.1	0	-200	0	4.5	3700.32	2323.95	680.365	288.376	127.508	84.0158	77.4089	65.5116	42.2633	10.1817	0.742084	0	0	0	0	0	0	0	0	0	0
00.000,00.000	39.2	0	-200	0	4.5	3711.6	2332.02	680.496	288.702	127.973	85.049	77.9458	65.699	42.7931	10.1817	0.742084	0	0	0	0	0	0	0	0	0	0
00.000,00.000	39.3	0	-200	0	4.5	3723.07	2340.29	680.618	289.017	128.425	86.0956	78.4975	65.8811	43.3221	10.1817	0.742084	0	0	0	0	0	0	0	0	0	0
00.000,00.000	39.4	0	-200	0	4.5	3733.68	2347.81	680.728	289.317	128.847	87.1246	79.0473	66.0524	43.8335	10.1817	0.742084	0	0	0	0	0	0	0	0	0	0
00.000,00.000	39.5	0	-200	0	4.5	3743.4	2354.33	680.831	289.63	129.281	88.1452	79.6482	66.2304	44.378	10.1817	0.742084	0	0	0	0	0	0	0	0	0	0
00.000,00.000	39.6	0	-200	0	4.5	3760.9	2365.07	680.985	290.287	130.185	90.3192	80.9716	66.6058	45.551	10.1817	0.742084	0	0	0	0	0	0	0	0	0	0
00.000,00.000	39.7	0	-200	0	4.5	3766.27	2368.46	681.029	290.481	130.44	90.9487	81.3757	66.7137	45.8969	10.1817	0.742084	0	0	0	0	0	0	0	0	0	0
00.000,00.000	39.8	0	-200	0	4.5	3766.69	2368.73	681.032	290.495	130.459	90.997	81.4064	66.7216	45.9222	10.1817	0.742084	0	0	0	0	0	0	0	0	0	0
00.000,00.000	39.9	0	-200	0	4.5	3774.03	2373.45	681.084	290.742	130.78	91.8639	81.9688	66.8552	46.366	10.1817	0.742084	0	0	0	0	0	0	0	0	0	0
00.000,00.000	40	0	-200	0	4.5	3784.26	2380.26	681.153	291.087	130.938	93.0649	82.6558	67.1891	46.9884	10.1817	0.742084	0	0	0	0	0	0	0	0	0	0
00.000,00.000	40.1	0	-200	0	4.5	3792.99	2386.25	681.204	291.371	131.005	94.0243	83.1188	67.5514	47.5395	10.1817	0.742084	0	0	0	0	0	0	0	0	0	0
00.000,00.000	40.2	0	-200	0	4.5	3801.13	2391.83	681.249	291.603	131.112	94.9019	83.5718	67.8165	48.1265	10.1817	0.742084	0	0	0	0	0	0	0	0	0	0
00.000,00.000	40.3	0	-200	0	4.5	3809.29	2397.4	681.289	291.622	131.427	95.7859	84.0483	68.0826	48.7193	10.1817	0.742084	0	0	0	0	0	0	0	0	0	0
00.000,00.000	40.4	0	-200	0	4.5	3816.95	2402.51	681.324	291.637	131.734	96.6509	84.5361	68.3419	49.2953	10.1817	0.742084	0	0	0	0	0	0	0	0	0	0
00.000,00.000	40.5	0	-200	0	4.5	3824.71	2407.75	681.352	291.65	132.038	97.5265	85.0464	68.5475	49.875	10.1817	0.742084	0	0	0	0	0	0	0	0	0	0
00.000,00.000	40.6	0	-200	0	4.5	3843.43	2419.52	681.395	291.679	132.926	100.116	86.6301	68.6464	51.5938	10.1817	0.742084	0	0	0	0	0	0	0	0	0	0
00.000,00.000	40.7	0	-200	0	4.5	3847.2	2421.93	681.405	291.684	133.105	100.596	86.9619	68.65	51.9415	10.1817	0.742084	0	0	0	0	0	0	0	0	0	0
00.000,00.000	40.8	0	-200	0	4.5	3850.08	2423.74	681.411	291.687	133.241	100.985	87.2347	68.6539	52.2091	10.1817	0.742084	0	0	0	0	0	0	0	0	0	0
00.000,00.000	40.9	0	-200	0	4.5	3854.01	2426.23	681.418	291.691	133.418	101.501	87.6132	68.6577	52.5508	10.1817	0.742084	0	0	0	0	0	0	0	0	0	0
00.000,00.000	41	0	-200	0	4.5	3862.5	2431.55	681.431	291.699	133.809	102.665	88.4557	68.6651	53.2994	10.1817	0.742084	0	0	0	0	0	0	0	0	0	0
00.000,00.000	41.1	0	-200	0	4.5	3868.97	2435.7	681.44	291.703	134.089	103.509	89.0944	68.6701	53.8468	10.1817	0.742084	0	0	0	0	0	0	0	0	0	0
00.000,00.000	41.2	0	-200	0	4.5	3874.89	2439.36	681.54	291.707	134.346	104.283	89.7173	68.6762	54.3334	10.1817	0.742084	0	0	0	0	0	0	0	0	0	0
00.000,00.000	41.3	0	-200	0	4.5	3880.92	2443.17	681.681	291.71	134.596	105.018	90.3407	68.6835	54.7995	10.1817	0.742084	0	0	0	0	0	0	0	0	0	0
00.000,00.000	41.4	0	-200	0	4.5	3893.8	2450.63	682.245	291.715	135.151	106.705	91.8643	68.7042	55.8527	10.1817	0.742084	0	0	0	0	0	0	0	0	0	0
00.000,00.000	41.5	0	-200	0	4.5	3896.44	2452.05	682.498	291.716	135.269	107.038	92.1724	68.7089	56.0695	10.1817	0.742084	0	0	0	0	0	0	0	0	0	0
00.000,00.000	41.6	0	-200	0	4.5	3909.13	2458.79	683.329	291.721	135.87	108.695	93.895	68.7469	57.1577	10.1817	0.742084	0	0	0	0	0	0	0	0	0	0
00.000,00.000	41.7	0	-200	0	4.5	3933.47	2471.78	684.765	291.737	137.058	111.644	97.4233	68.8386	59.3088	10.1817	0.742084	0	0	0	0	0	0	0	0	0	0
00.000,00.000	41.8	0	-200	0	4.5	3937.22	2473.68	684.97	291.742	137.256	112.059	98.0656	68.8677	59.6611	10.1817	0.742084	0	0	0	0	0	0	0	0	0	0
00.000,00.000	41.9	0	-200	0	4.5	3937.45	2473.79	684.983	291.742	137.268	112.088	98.1081	68.8697	59.6824	10.1817	0.742084	0	0	0	0	0	0	0	0	0	0
00.000,00.000	42	0	-200	0	4.5	3951.79	2481.17	685.637	291.799	137.986	113.647	100.741	69.0089	60.8798	10.1817	0.742084	0	0	0	0	0	0	0	0	0	0